2000
-8023 -8978
-9946 -1052
-3097 7478
2006 -7543
8064 7037
-437 -5217
5776 2230
1846 -3016
-7907 5861
-8321 8528
9931 2179
-1629 -3501
-220 4291
3994 4509
2587 -9004
-7982 1657
-5674 4564
2041 -4207
-1749 1229
1987 -2233
2550 35
-7736 -8451
-1467 -1675
-2093 4110
6359 4347
246 -414
6086 -9991
8021 -7663
6846 -414
582 2014
-2609 3153
-2284 6322
-7886 1717
-3333 -6523
1245 4086
-5879 8654
-9798 -2485
9562 106
-2063 2456
523 -2532
7054 -5705
-5696 -9231
-3173 6860
-3554 -7676
8059 -2606
-9454 -9252
7070 -830
-9113 1984
5461 -7095
6991 -2446
-72 -3295
7942 -8889
1218 130
-3694 7503
-5030 9155
-2830 6829
-8682 -4256
-7396 5195
-8761 -1854
9261 -950
-202 -6982
2188 9807
1790 589
3494 6796
-5651 972
-8603 484
5317 7998
-1873 9339
6841 -3466
-591 8154
4983 -4469
4997 6579
1773 6301
-1833 7601
371 6733
9751 -2573
955 -6111
4478 1938
-1266 -3535
7437 -2029
-7824 6804
4802 8835
8173 7493
-5974 -3351
-5197 8735
-2014 3435
3734 -6494
-6473 -7018
-5697 -773
-4041 5416
-3437 4674
8564 -4291
-8633 7518
-6017 6762
-5267 3822
626 -4860
-6026 -3091
-1878 -852
9518 -4132
-1677 2148
-697 -5680
1547 6309
-6988 -6964
5984 5075
490 1036
-4290 -8058
1372 7053
8292 -2006
-5245 2739
-3439 -4005
1135 3209
-6162 -9093
3776 8831
-1581 1960
-2172 3293
-8666 6742
6771 7131
-6113 2881
1676 -6497
4540 9871
-4467 -7835
-7061 -9751
1964 6905
3365 -8770
-2775 6719
3649 -6354
-1726 -7920
-9090 7487
-553 -7951
5342 3050
-209 7275
8127 6676
-443 283
3786 -7987
-4395 -8768
-2881 -1675
2295 1138
1764 58
5009 -2021
-1581 -4872
2495 -7767
-1966 -7933
9554 -9232
-7183 2666
-4285 -1000
-4 8159
8556 9228
3231 -1878
3856 1833
6786 -2984
9063 9461
599 -6096
7683 5078
-6943 -3917
1211 2691
8645 1476
7264 -2574
-1806 400
-6935 6817
-462 1011
2890 2501
1728 9534
1376 1445
-6723 -5042
5696 -4769
-5308 -9937
-2312 8479
7277 9012
-4906 -908
-8218 -9667
5530 -9975
-2549 -5852
4548 6514
3331 5645
376 -8667
3834 -3411
-3878 -3014
8432 -717
7962 7498
-7272 -4571
-787 3657
5856 1141
152 6902
-4007 3133
7187 8967
8992 1496
9365 6438
2951 -3558
-4193 7633
8966 2
6591 9904
-3110 6521
-4197 -3567
-6070 -958
4471 -6236
-8858 380
-4759 -2595
-1973 6998
3851 5394
4360 7741
-764 1038
1196 7073
-2765 2322
-46 -5854
4149 3043
6667 2641
-839 4460
-9107 -6444
6319 4964
-7552 -1456
-7356 4511
-8085 -6410
-5691 -2114
-6721 -58
-2318 8160
-803 -8641
8432 -9362
2960 -9608
-1740 -4333
-7570 -3365
9276 -3871
-9412 -7183
95 2157
-2880 -8519
3747 -3587
-9077 3289
6880 6391
-5724 -7162
6501 -8812
9348 1276
2636 -2097
-1458 2266
6379 4788
-5825 -4778
1857 -5362
4488 326
3144 4853
-2991 5077
-9722 -6762
-349 7850
1139 7746
4137 575
7134 1739
6648 8413
-311 7356
-4742 9716
1981 -3955
-5447 7521
-7257 2081
-9561 -1271
9055 8321
6895 4928
3725 2198
5436 -2376
-805 7724
5470 -1192
-6897 -5946
5793 -394
1739 -6043
-8688 2440
2155 -4852
1193 292
-2188 -2143
9938 5747
-1804 4276
6318 -9624
9025 -2750
-6831 6933
-5444 2749
473 8605
1133 3751
7805 -337
9269 4236
8194 7318
3478 1007
6156 -6774
3518 -4367
7211 1069
536 -4949
-6953 -9132
-8756 8732
-297 -6915
-6262 -9731
6739 2872
5197 -1705
-4234 932
-9406 -3670
-9435 -2708
-5391 -6417
8312 -7521
-4294 -8192
1162 4467
-744 -7056
-2005 -1628
-760 9793
-7756 4764
-8431 4205
8195 1947
-5182 -4692
3603 4934
-414 -9985
-3655 -6911
4102 181
3764 631
3111 -7568
-5760 2075
262 8817
-8240 5402
-6227 -6761
-3248 3477
1961 6734
938 -1004
-5336 3530
8838 -867
-2213 -518
3218 6161
-7029 7373
-2447 -6717
7636 7073
9505 -4962
-9167 746
3283 -6256
9146 1096
4335 8764
5961 -3361
-2907 -8914
3803 -2079
-8549 8032
885 8467
1670 -5991
-9830 8672
9765 -1392
1892 -6859
-9787 -2682
6077 -473
-6007 -6561
-2817 6910
1726 7276
9760 50
-9591 -3940
867 5721
-6359 -2497
-4466 -1609
578 -1187
2823 -9861
8811 -7753
856 2993
9855 8575
-387 -3532
9716 -9933
-2773 -590
-3680 -6292
-5296 4411
-1819 8046
-2173 -5537
-9817 -1410
6093 -7586
4526 -2454
6359 -4653
-4514 -4896
1072 -819
-4106 -1983
313 -8073
2116 -4252
-463 -6354
3057 1831
5539 6764
1174 -6903
-5137 -6037
-1573 -6925
1666 2690
8826 2331
-6403 1479
-9453 3351
8455 9957
-863 -246
7772 -473
5175 5032
-9221 1805
5451 -2709
-7158 4037
801 2228
5325 -7898
-3935 -4305
-1229 -9812
6599 8213
4265 -5843
5636 5424
-1225 7862
7818 6183
-4063 950
-5803 676
-572 -2571
9234 9373
384 3928
-2035 8405
633 3226
5328 8766
-5540 -322
-134 -4886
-6674 6952
-8892 -3535
-4391 -8689
9174 6745
6648 8105
-945 6991
1387 -3695
7455 6973
-9935 -9186
4743 -9592
8814 449
-2604 -7293
-8528 3167
-3435 -3556
1558 -347
-3395 6432
-3383 8606
9917 1434
-1822 5947
4052 -7190
-6478 -1453
8573 -3173
-6201 4909
5724 6028
6436 -6135
8035 466
3173 8970
5857 -4570
5596 8366
1739 -7578
-7426 874
3200 -7936
3499 2912
-1142 6838
9648 -4603
3944 -7091
3457 -6831
8079 2517
2265 7257
-5158 3802
-2012 2421
1391 -7124
2028 -5119
-6754 968
7111 1344
-7783 8706
-9230 9685
2596 5418
2255 7990
-6614 -4825
-1916 5623
8793 -8949
3568 -4738
-7482 -9409
4393 -447
-8027 1081
7678 -7620
-2739 3364
-1947 -295
-8952 4228
6654 -4837
-5152 -3013
-7596 -8856
9134 -8836
-3661 8380
4002 -7480
-2708 8145
-6594 6515
7106 -9141
412 -355
-9275 5219
-8681 6106
3191 8403
1829 2301
-3472 -8757
-3594 6598
-6416 -3097
-1953 4975
9861 -291
1809 902
3422 -3801
-5657 -468
-233 -9287
-4707 1470
-8886 -3127
-7909 9426
9252 -8161
-6037 -2868
9433 2442
3685 9513
6110 -318
6585 -6188
8787 -6585
6845 -1648
9254 8647
-1433 2375
-4373 6396
7109 6631
-1899 5394
-7734 -3878
-732 -785
4776 -1921
5211 -1480
-9039 -7541
-8029 8364
-1955 8368
-7821 -8199
-1063 -5371
2982 -5314
-2946 -497
-8123 2235
-1369 9342
5972 -2496
-7103 -540
9304 -5928
7009 -1115
-9316 2292
-5468 5505
7964 9616
7979 -785
-2418 -6345
-4544 -3976
4374 3482
8168 8115
-2383 1076
-6689 -1058
-1717 3215
-5561 5663
-1157 -2024
2048 1057
-6338 1867
-5841 2777
-1719 -5654
-6039 2412
-8374 -3756
3620 -4339
1685 -792
-7311 -7203
-9089 -3942
7135 -5422
7241 2249
-816 -5834
-6451 -755
7221 3623
-5321 6113
-2020 2989
-4234 -1658
6409 5860
1992 7768
-5988 -5909
-248 3619
-7174 -8648
-5851 -8564
1215 -763
7536 -4940
-8971 2070
9957 4776
-5980 213
-2444 -2774
-6661 -8760
7951 2236
-5702 5040
4620 -6284
-8517 -5573
-1482 -3389
-9771 -784
569 8270
-6574 -3223
6014 4718
-6501 8363
4153 3549
2045 -1751
8463 4110
-8665 6066
-8974 -3982
-8026 -1605
-6566 8977
-3587 -7
4421 -8226
2107 -2103
-9167 -3341
-5071 2336
-7167 1402
-159 2076
4159 -7433
9837 7061
-4691 -1688
-7579 1882
1668 -2508
3511 -2523
5873 2694
5392 9206
-801 -6973
-1477 -8196
-299 -2660
3999 -9371
6686 4256
-4343 -7352
8446 9520
-7914 9219
10000 2604
-9085 -8077
3805 -4691
2801 -2943
4535 -4528
-8114 32
-762 4128
-9125 7278
9083 -7843
-503 -602
27 2504
-3241 -2784
-135 -3287
-47 6138
9077 -1690
-9087 2039
7683 9077
-1894 -4450
6328 1487
-9321 -9094
4660 4583
-1290 -3713
-2715 -2382
-225 3307
-7296 -3633
-7408 -7008
208 6453
-3114 3072
2930 -9928
2103 6839
-1123 2007
1083 6738
-3992 -3440
-8233 -7091
-6185 -7665
6919 -3832
6176 -7805
-187 -651
-7345 -6540
-172 9588
-3700 -4640
-4467 6141
-788 6509
-9699 2419
-743 -7858
7870 6126
2863 -8146
-1586 2673
5582 8871
-8795 3903
-9930 9397
-8408 -8156
1194 6246
-6574 5126
4714 3849
-7071 3254
3115 -8987
-8758 -1538
-5399 -3952
-1810 -4735
-8610 3858
5713 -3941
8732 4253
6844 -2153
-8251 4313
7430 -8231
-6386 -4460
-4494 -7258
7869 4808
2377 -1067
-4093 6303
-8964 5307
-2511 9023
-4930 -7721
1265 2091
-4052 6981
-3240 2655
-3093 -4619
3229 -788
-2755 -2529
-760 8699
-5761 -1605
1138 2854
1382 3466
-7602 2727
2750 -6241
9066 2027
1049 3786
9786 -3446
8645 9840
-9460 1050
-6296 -1686
3695 -2700
6512 4332
-8198 644
-657 -2523
5872 4764
-2383 7303
768 -2991
-6544 -7280
-3521 6888
-1086 6206
3713 -4456
5819 -6317
-6478 7219
-1731 8185
219 -2217
5083 5694
3747 -2366
8279 5315
-7209 9270
4033 1342
2365 8663
-607 -4629
-1909 -6868
-9981 6570
2776 8291
-2445 2654
6337 209
-2573 -6627
-4722 -6421
1362 9417
8832 5497
-6869 -3556
-4521 2578
5568 -4870
6472 -1730
654 3322
8693 2557
5689 -9954
6616 504
2515 9430
5804 3112
-2959 -9931
-2837 2141
5720 4469
7606 2442
1659 -2918
7247 6437
2735 8511
-6360 -3553
4717 2024
-4655 -6168
6389 -4630
-863 -2242
-8018 5799
8949 -526
-3694 4497
4566 4752
-3108 3348
1537 -4551
-8389 -3667
7136 -858
-700 3271
1781 4382
-9172 -4245
7779 9143
-3305 9267
-1643 -3156
4602 -3195
-7397 -8785
689 6584
1080 -8449
-9977 6995
4063 -634
4816 -3084
3249 -4401
8463 6427
3418 384
-1514 1483
7238 -1080
1783 3036
2302 8738
-4419 8478
-4718 -5621
-4406 -6096
-9513 1606
6878 -9997
-9281 5289
-1625 6902
-6183 4782
-5898 -3089
-2941 -9214
4891 -3715
7768 -9524
3117 -2903
-9868 8726
-8817 -5101
-6623 6155
-5745 -3235
4390 2380
-6014 -151
3574 8598
3886 -9137
7765 4293
2795 -4018
2893 -4698
-191 6897
-3098 -6328
-5851 -1580
5518 -5331
-2884 7266
-4114 9371
5526 -1701
8785 -737
-8358 -6499
3350 3174
1772 -651
213 644
-5064 -622
9081 1698
-9279 7732
8349 5695
9367 4251
-7329 -4749
3641 -2764
-1777 -8091
-8721 -9244
-944 4109
-6629 -9475
-5974 1561
-5265 -1266
8084 -8903
1741 -9773
-395 2017
-2565 -9602
-8150 -1314
-5620 1877
-3872 -9802
-830 -2533
4704 2520
8150 -3468
-2712 -7074
7035 -6851
-6325 -9936
5347 -5874
2860 1422
6240 -9919
-9692 4664
401 1702
2100 3634
-3960 7837
3434 3950
7869 4141
-8392 9562
5802 760
7292 -9968
-7042 3951
-9179 -1700
2086 -6287
-2161 -5504
9639 -2568
1234 -5581
-7196 9600
1301 5263
2617 3205
4762 -2879
-5209 8658
6519 -1804
1478 -7341
7140 8127
8159 1001
-1328 8152
173 -5163
-1450 -507
7710 -7742
3411 -9891
-1750 -8931
-9332 -1635
-2652 4775
1700 5690
-7190 9965
-7658 -3538
8379 -2399
3981 8862
-9292 3577
-5423 1121
2993 -7412
-2575 6971
-3537 -6835
-856 9697
-6474 -5827
-4758 -3725
4640 5497
271 -369
-4680 -8013
-4327 -8029
2154 1851
-6828 -1985
-3124 532
-2171 7153
1994 1306
3894 2407
-623 -1292
1873 -8682
-5265 9561
-6267 -8983
1013 -1738
-6242 2696
-3953 -4347
1361 7751
9722 5088
-3062 7034
-4951 1875
-3873 110
984 5646
-3049 3956
83 -3302
5406 -9156
-4116 9460
-7259 -2721
2017 4340
-7399 195
-7109 -6971
2403 81
-2169 2659
-2253 -6236
-5482 1273
-6853 4685
-1484 3288
-1066 2995
-3050 -6780
-82 9606
-5829 7034
-9787 -955
-9956 55
-5606 -7046
3150 5782
8811 717
-5482 9762
2420 4935
-7581 6070
-2658 -6113
-7707 -3063
-9775 4210
-2796 809
7750 2880
2485 7875
8629 1388
-9568 -9624
431 -7437
-762 -5803
9979 8547
2984 -3892
-410 -7490
7445 7502
3571 -7990
-382 -6416
521 -5367
8843 1911
-3560 4467
1067 -233
-2359 -5811
5578 -2727
-2351 -9
2554 9731
-6072 -8199
-9653 -8209
-2100 -6094
137 7052
8274 7490
-6780 -2419
1165 5565
-9803 6560
-1530 -4593
-6406 -7240
2527 4911
-7180 4662
-8066 -6112
3879 -7882
-8151 -417
5105 153
5666 -502
7125 9173
6224 -6435
-5225 -2738
8564 4497
3782 1717
-1724 3450
8857 3979
6739 -9534
9098 -3829
-9168 2986
6875 -8082
-5964 -3513
9792 4474
-1652 -394
9104 4896
4069 -5987
1299 6229
-2789 292
-1490 9795
1511 -4226
9224 -7709
9992 -6493
-2305 -8200
-2028 -9550
3437 -3208
-1290 2525
9013 4032
2226 6468
-3927 8804
7420 -9427
-5414 -1102
-1153 1488
-4499 9606
9401 6058
-8169 7732
-6257 4632
8140 -8945
-3424 -6266
-5815 -4166
6347 4548
-2927 -8658
5374 -4943
-8476 -194
2330 1320
1894 1318
-9785 -251
-5042 -9800
9807 2783
-1160 4180
1911 9207
3838 672
5448 9375
-3170 5698
-4748 -4256
-9708 1015
6078 -8401
377 1086
-9109 5172
-3509 5622
-3061 6942
-3310 8385
-7694 876
-6342 5369
-452 -7888
-4961 6220
-3109 -4821
-5446 -7403
8296 -3941
1803 1384
-3881 -2732
-1133 5816
622 -4083
-8912 9244
4865 1513
2175 -2421
-4036 -4475
-9879 8866
7955 -1730
4103 -2500
-6281 -2497
6403 9142
-8262 4331
-5890 -9044
6061 -6246
1023 5914
5450 -4100
1817 -6390
-7146 -3928
-8695 2905
-9516 -8561
685 3481
6067 169
-7841 806
-7973 4021
-4756 9983
9124 -4254
-9923 -8353
-3676 -5418
2058 -5813
-6179 -3894
2006 -6920
-3310 -7008
-936 -2456
-5831 3265
8426 4090
1291 -1626
8543 -890
-6363 -2643
-4901 -5578
-5596 -4336
1410 343
5711 -2752
5552 5208
-6884 -7965
-1859 -2391
4410 658
7371 -6133
1411 -5180
8086 155
-5755 9302
-2325 6511
-659 5536
-3386 -61
4361 2978
-7638 5434
-503 -7514
3455 7494
2701 -4792
-2757 -994
-9665 9538
3917 9105
-7029 4745
9566 1287
-8558 8104
7405 -8629
7882 -592
-5057 -4921
5018 943
-6079 5278
711 3100
9307 -3717
-6224 -9792
-4584 2761
-4512 -9802
-6544 6380
5484 -4177
-5711 7373
2381 -7825
-9722 -6146
-1054 3823
-6770 7683
-3517 548
-8510 1894
893 -4779
8321 -4589
5416 -8397
-4468 7627
388 -7088
-3169 4669
4769 9597
-4581 288
1381 252
6149 3429
7283 -6239
-8696 6427
7831 -51
-9504 -1745
-9851 -1966
3255 -8013
1119 1042
6366 1576
2923 -3466
3168 -4381
-9713 -2969
-3373 9999
4007 5057
-971 5768
-804 -891
6591 -4823
-4675 200
-9852 7896
-129 -3124
4910 -9355
-7368 20
-5218 -1836
-6540 7472
-5994 -5131
488 -9896
-2865 -9106
-5387 775
-448 7484
3251 -7659
1450 8582
-2521 -3833
6367 1761
3377 2804
9680 -9764
-9119 -6752
3268 8310
195 -2766
-5295 -8229
-3360 3655
3759 2432
7047 -9152
5344 -5385
-7902 -8340
-5999 -5104
-2802 9070
-4764 9172
932 4677
1202 -4676
-4440 -5691
-2443 4602
2912 162
-8884 -5455
37 -3173
-9519 -4179
-8026 -9603
-8755 7962
-3703 9021
-5599 6590
-4794 2116
1185 2123
1294 2404
801 -9859
-4535 -4053
3977 -7998
6605 1025
-5093 -4746
-201 3237
-9937 -3977
5566 -6443
-6046 -5735
-4053 7540
-9720 -1079
-4490 2244
-1920 -1597
-9475 4437
-3160 9265
9407 5541
-8513 7641
-6636 -5129
9618 5464
-9283 9969
6926 -5476
4269 4237
-8486 -9291
-5026 -166
1094 -810
8111 4643
607 1374
9777 -2659
-8223 8688
7952 -5977
9564 2338
-22 -8922
-329 -8950
-9766 3342
7031 3009
-8747 -5328
-7371 7677
8386 5522
-4645 -5856
3334 -2919
-8277 6449
1544 1444
-7495 2330
4738 5041
9064 -5718
6620 6411
7489 8627
-6603 318
-6340 880
-6112 -6369
2024 -5589
-7912 -4858
-9337 4654
8798 -9527
-2446 -260
-3812 5852
1016 2998
-951 -8548
6494 3521
-8477 -6214
-9804 5557
7905 -8137
2181 -8594
2286 -8699
-1346 9562
-6027 6175
-8684 -9323
9052 -218
255 -4300
5440 7849
3700 -8470
8249 -8372
-6920 -1564
-8044 -2703
4805 -6706
-7428 -6521
-4658 5001
-9873 -9524
-4502 -8756
-9195 2414
-1412 4152
8551 -1501
8281 3625
9325 7602
9172 2257
7508 4765
-9887 6592
-4972 5756
-3226 -3086
209 -3016
4185 -8422
-9701 2781
6978 -6753
-1788 -9573
2841 -7525
-9652 2739
-8763 -4851
8774 8899
-9780 -6761
9217 -8182
-9697 9392
5984 -9556
6200 -9584
1052 -8989
1716 -3306
1993 -5019
7762 -379
6590 6014
6441 8460
-9066 -5199
7540 3002
-8129 -8718
-6099 -7502
-4263 -9356
-3817 -5878
-6487 -1326
-882 -3513
624 -6783
-2051 -962
5733 -8325
-3344 9666
3007 1446
-2541 -1862
-3403 -404
8119 -6101
-9379 -2468
2535 5658
-8124 -7508
-3143 6437
-9442 -2387
-9993 6762
-6752 -2208
1010 -875
8164 3872
5548 8959
-7656 7617
-938 -7797
4063 5352
-1332 6522
-5859 -9341
1912 507
-114 -5237
976 -5553
-5396 1762
-6904 -8446
8316 -1117
6675 -6897
2229 -8437
9156 1405
364 4113
1729 4703
-9373 2708
1780 -9210
7312 4690
9070 -5831
8397 -8547
-63 982
9150 -1718
-9956 -5367
-92 -2526
6357 -3139
-36 -1777
3507 6752
-1843 -4087
-9975 6384
4807 8521
4949 1754
6266 9155
3844 450
8340 3577
8751 6635
1337 6736
-4982 2408
-9238 4207
-8320 -1217
9365 670
-7386 -8243
8509 -672
8963 9842
6225 -3335
-1094 -7292
8184 1032
186 -2424
8026 4449
1746 -2249
-1894 -9915
6821 497
-3375 9443
3649 -4441
4342 -2613
8058 9050
-9194 3706
-3245 -9329
-5767 9315
-299 -562
2146 -9542
5211 -7673
-97 329
-1502 -883
-9412 1649
1734 -9756
4462 -1306
1857 2276
7835 -8914
-1526 -4495
-1725 5898
-397 252
4644 -919
2117 -9922
3237 8877
-6945 -4462
-2135 -896
-6847 8266
1104 -8511
6859 1652
5617 1692
-5893 -1407
-9132 78
1164 5964
-4810 8703
4600 -6642
3610 3465
-3733 -2076
1723 -1747
851 8384
-6079 -1319
7785 3906
5893 5507
6996 -9063
6310 -3004
-7592 3855
-3832 1926
-7997 -3485
-7521 -2964
-541 6889
-6033 1390
-5146 -2220
9425 -8702
3272 1121
3225 4868
-2731 -5878
-8251 7146
2653 -4947
-288 7642
-1642 3369
-2777 -3979
-8332 766
-8998 3391
-5853 -2608
-5720 -2798
8592 7328
-1172 1969
3267 -2834
-7992 1973
561 -3462
661 5233
6100 7831
-7117 6131
3772 2473
-4159 6316
-3942 -4150
6616 6786
3897 -2274
5118 7618
-1460 8045
9093 -6881
5088 -2869
4298 1641
-6387 -1646
8613 6306
5259 7895
5725 2994
-876 1358
-2449 -7671
8645 -3384
2466 3393
178 -5298
6149 2803
4141 -5926
-4161 1267
8107 -7319
-188 -1348
-9708 3194
-4732 -2170
-2144 -2374
-4479 -6120
-9405 -6885
8194 -8755
-6426 -281
-9944 -4255
9138 -4060
4363 2522
-4676 3036
-9170 512
-4501 9466
-7854 -3330
9043 -6395
-9481 5679
-6491 9336
682 -492
7109 1365
4480 6203
7449 7704
1144 6395
-7861 -5257
4404 1200
-6279 -5003
8033 2488
-7001 -954
2232 8863
-747 2219
9545 4378
56 2017
1352 -9937
-429 7286
-1349 -7967
-8043 -3321
-5617 -3149
-6755 -6874
-2131 9248
447 -895
4102 -4006
8482 4168
-3066 5855
4718 -4799
7420 9166
7264 -2309
-6572 6964
-9253 1041
-1674 8501
-5745 318
-9283 6977
-2451 -3788
-662 -1179
-1932 4515
-6380 -9073
-3079 8515
6404 7722
3577 -4598
4324 -6663
-3776 2015
-6574 5464
6148 -6513
4528 576
-924 6895
933 -3425
-2728 3331
9543 1651
-5808 4821
-664 -1120
-192 2261
4496 6677
8119 -9551
-427 899
4237 5416
1151 -6104
9361 -5819
-2332 8299
-1126 5508
6124 -4083
2492 7950
1281 -2944
-7573 9764
8306 823
-6576 -3380
-7399 1362
1759 6953
7402 7097
-2004 -123
-986 695
4592 -4047
134 -9836
8463 7673
6901 -8478
1160 1057
-993 6745
-6199 -2628
-2864 -5992
8552 -51
-9711 -838
-9477 -8025
-7352 -7110
9988 2282
-4121 -6229
4466 1704
7657 4893
8779 2778
4171 1511
6754 7241
2019 1072
-2184 -2086
5286 -8975
-4967 5338
-992 -3858
5304 -2695
-719 -703
2188 9548
5550 5650
9421 5896
1320 -4850
-9958 7608
385 -1024
-5793 8821
9783 -5444
9349 -9040
-1126 1801
6547 885
-56 -2119
4023 -4700
2605 8952
1969 3048
6316 -4394
-8744 -2123
-6228 5587
-9264 -5603
-7996 8813
-2212 -5501
-2959 2390
-9334 5716
-9603 544
-3935 -6265
8341 -729
-9128 -7389
1632 -1716
956 8617
1664 -5764
-157 -7075
802 1700
-2714 4820
9217 8296
7108 1743
9964 -8779
7332 -1383
-1947 725
-5011 7998
-8268 -1550
-8558 1054
7386 -9928
2078 -7686
-9070 2738
6974 -6967
-321 6315
-1985 537
-923 -5798
-7503 9022
4486 -1706
3236 -6675
5663 8170
2615 567
2285 -6284
2166 7604
2378 7738
-8470 3608
5923 3484
-3779 3608
-9638 -9427
6889 -3085
-8827 3762
7964 -1376
-2355 250
-7736 -5819
-2493 -4149
-5980 9221
3508 -6831
-3115 6635
7959 -4208
-2750 9052
6380 336
-6181 -1219
-3891 2302
2876 3761
-9324 -3529
-9767 3485
-7892 -8151
5820 -8083
-3901 3474
9326 8085
-8975 3606
-9505 -2934
-6299 4534
-9675 -2619
153 -4620
5717 -2424
-9923 -3468
-7445 -6744
7018 -3814
6379 9152
2636 7694
-6737 6612
-7751 8465
1938 9083
-9113 -1652
-4326 1263
8330 -8087
-9833 -3830
7272 -4249
1131 -5787
5510 1145
7677 568
3825 5587
-8227 -6048
-3176 4563
5977 8152
8484 9460
-8356 9240
-7958 -9268
2802 3583
-1434 -3349
-1436 8476
-5355 -3105
6367 2452
6665 -4363
6782 1219
-8214 2175
-2239 8180
-7869 9332
3894 3255
5127 -1044
2136 -130
2830 7331
-8216 7502
1084 4873
-8477 4586
3061 9650
266 3808
-3741 -8573
-2936 -3368
-8429 -3356
8819 -2433
-4254 -6642
-3590 301
-6445 1598
-5726 -9696
3895 8683
9734 -9869
7633 446
-4682 -8483
6103 -1284
2086 562
-1910 2885
4312 -7649
2705 8070
-5287 -4904
2663 4276
7634 -6468
7554 -7871
3728 -2235
1790 -8892
-6489 8002
8133 -4316
6130 -6755
-5238 9486
-1799 -4832
5730 -5414
7471 -9713
-7362 -2460
-4391 5503
-5681 5343
3340 323
7576 -9297
-7168 4694
-7542 5129
9958 6560
8283 4248
-6347 -2810
435 -9865
9622 9783
-1328 8918
-6497 1543
5551 -1878
5663 -5306
-9804 -8090
-9027 -5008
5315 -5484
-4781 4313
-993 6611
5460 -1949
-1668 1465
-4287 5418
-7393 335
4191 -634
2869 6763
5680 7533
-924 -4739
3384 -7096
-2402 -5374
-3464 2767
7759 -2205
6032 -2490
-8178 6795
3405 -5029
3022 4550
-3985 -1135
-1997 -4926
9130 5449
-5186 4331
1093 7042
4574 -8597
386 493
3397 -6351
1997 -6231
-9744 -5284
6232 -7747
3484 -8265
8530 2263
7234 9028
3577 5656
-1759 3976
-7229 9592
5040 6244
574 -4379
-7338 -6426
-1301 -4613
5880 7237
-5394 9085
-7147 2998
7714 -9677
-7423 -3170
-1435 7666
-72 6061
5088 -2905
-3529 882
-1422 -1335
1977 4712
4676 5070
-5588 -2983
4312 -1030
4357 -2926
-1969 -6990
-7906 236
-3046 6359
6682 -1332
5498 -5333
-7668 -7021
9041 -5937
4879 5981
583 7849
234 -4930
9782 -7118
7952 -4068
2949 8178
-2853 -7637
3159 981
3992 -8497
5460 -5090
-8732 6086
-5246 -7586
802 7951
-9071 -6028
-1965 6856
2836 -6310
-4740 -3366
1704 -2860
22 5494
-8575 5206
3383 1694
7779 8095
-924 -9471
-4247 937
9568 -3212
-7127 -5066
1069 -9164
-7493 1348
5321 -4409
-7554 -2843
848 -2924
3711 9004
-3857 6108
5322 -865
-5659 9886
1579 -9532
-7717 -8556
-4305 3078
-5986 5080
-8133 5169
-9898 -6418
-1861 -1538
9810 4892
-9517 646
7803 8851
-4073 -7071
-8068 2371
2199 -6642
2493 1796
5402 1242
1710 -9446
-4280 -3019
-9942 7714
2794 1415
304 -2206
5097 8382
-3157 4128
-981 -6765
7602 374
-776 -498
6153 5404
-2225 5151
-7771 -8195
7323 -6306
4936 4723
8998 2724
9705 -3355
-1920 -1562
-6427 -6516
4999 -5406
-7025 3878
-1995 95
7051 3540
-6087 -9256
247 4652
3776 6858
2009 120
1925 -4729
-1034 4238
2681 2968
-4308 -6099
4268 5400
-2442 -883
6322 -7653
-3059 1132
-4991 1320
-4865 3637
897 6735
7479 -7815
-9443 4810
1668 1446
-8435 8055
-2954 -2603
-4645 7212
179 6012
-6366 -8243
-9123 9592
-1291 -8378
-6031 -1565
9567 -4970
6351 4631
1988 -1704
-4970 -4794
1113 -7115
-8585 -3770
7676 5391
3445 6804
-2079 9242
-9827 -5788
-6056 3277
8755 4073
3665 -2422
-800 -6648
1787 -7627
1124 6890
5241 5075
-6630 1195
6402 950
3835 2122
8352 -2486
-7096 5250
5775 6027
8989 -9930
-5718 -6305
-9308 -7118
6956 -1774
9526 -6833
-3481 4341
-9566 -1275
-664 8307
7102 1558
-7247 -1703
9247 -9529
6314 9155
-3332 3081
2052 8386
8134 3293
3363 1547
5242 7122
-6275 7645
-4129 9656
-7178 -5599
8742 -4604
7842 -658
1369 9176
733 898
9196 -1530
2662 7207
6361 -7838
5244 -1024
-2639 -3251
-9958 1016
-3717 -4506
-3663 7126
4771 -8476
-8821 62
8184 -5638
3479 -2277
7065 6925
9821 5041
-4061 -1567
-9377 4274
1481 -1145
1017 3285
-7740 1562
-7968 -19
-5283 -378
8837 -4205
