2000
-3740 -3283
152 -1237
8858 8533
390 -488
8737 -6955
1409 -3515
9136 -8014
6205 -9261
-5393 -545
-4058 4417
-888 9608
-3075 6930
3871 -1719
-4337 -9858
3253 -3421
7018 -7863
4621 -6767
-8235 -2831
-9599 3479
6524 5876
-7640 9138
-5156 1653
6113 -4784
4671 -5231
9186 -5559
-5952 -5666
-5016 2019
-5980 4695
4837 -7424
-845 -317
5541 1810
5043 -107
-9218 162
-6360 6808
6404 -8816
-9679 -6116
5537 -7515
-2299 -1113
3656 1649
9811 -3907
427 6563
-1419 -2420
-7726 5411
7987 2601
-3996 7111
-1079 863
-5524 -8456
1706 -2316
-1787 -4741
164 9067
-7050 -5384
-2899 4206
-6908 -7793
3857 8524
-5384 -9531
7032 7388
-5033 8764
7895 -667
-4346 -2759
-1927 9603
465 1658
6923 -9286
-1602 8662
-6080 2350
1416 6611
-5052 7805
2011 8088
-9706 5770
8014 5103
9293 7872
5260 -3650
-4887 6324
-4344 -9774
1189 -3271
-3669 1310
-3312 9262
9976 -9484
9178 -6389
5961 2094
-1295 -3181
-5377 1097
2905 7374
3143 6634
5458 3200
1071 1157
7507 4750
4795 51
3999 -3659
3070 -9550
5482 -4813
-5552 9401
9917 -4110
-499 -1856
-9763 -7186
-367 -818
-6000 2663
3757 4257
4611 6905
104 -3100
-8223 68
-1461 -5104
4947 -6996
-655 -6667
-2496 2666
7853 -3865
-4465 -3294
2597 -3979
4165 -828
1987 -7903
5001 8124
4507 -4660
9597 -7279
9626 -1736
8885 7929
1717 3451
-7933 -9339
-6335 -9745
-2691 -9266
3401 6732
-7134 4814
-8481 1253
-9005 2123
-4985 4116
9935 5160
7004 7002
-7658 8656
-8624 1511
-6505 -4341
-2692 -5278
-8107 -7621
-6960 9026
9281 -6040
-1584 426
878 311
-4876 -8184
6790 7466
-412 364
-5520 7785
6666 8324
5326 -1865
511 7390
2621 -8612
768 1887
-9671 6116
8495 8077
7102 -7777
-96 -4745
9403 -9898
413 8320
-6144 4001
1466 9258
-378 -9354
-7849 -5226
-6902 7823
-322 -7463
9928 -7856
-2747 -9812
2075 2548
2385 8021
6097 6125
8348 4600
-6424 3198
7022 -1748
292 -3301
-9301 1155
413 4149
8516 5887
-9340 -6245
-8423 -9334
-3075 -2521
-377 1255
5164 -3148
-6880 6876
8618 -2762
-6638 5505
3826 4714
1633 -4569
7404 7402
-5900 2375
-6471 -2305
-4436 -5201
-9315 3942
7697 -5921
-1533 -4933
2546 -7006
7970 5392
-4036 -4110
-3514 3133
-5909 -916
-1690 -4897
-6462 1175
6606 -7865
-6743 5171
-2455 4009
-4576 -2643
5877 4795
-1263 989
8789 -9717
-4650 154
3149 -2745
-3633 -8384
1227 1118
-2028 2331
-4864 -8566
258 2063
-6763 7167
-6978 3796
2687 -6437
-8708 -3721
3636 -6048
8748 -3283
-8574 3233
3516 1205
-8642 -9786
1191 -7414
-5797 8228
3067 7558
3610 9151
-9416 -8962
6822 -7534
9633 4564
-1641 -6220
-2657 -7346
-1067 -5233
-1281 -1364
9074 -3711
9522 1187
-3888 -5780
-5566 3038
5624 -2529
-581 9346
-9376 -6453
-3581 -3794
965 4234
6700 724
-4713 -2213
1567 -9948
-7294 7368
-7866 8910
1266 5360
-8352 4574
-518 4060
8280 -8831
7928 5594
-3215 -3565
-4220 7273
-9181 6205
-3869 125
-5642 959
-8317 7097
-5117 -5222
-5170 -3030
-1942 -9830
-7200 1257
-3384 192
-1513 4067
1847 1985
3155 7969
3562 127
-9718 4803
2075 -5932
-9728 -217
9909 2895
-6147 -3597
-2780 -5734
2766 -743
9949 2103
5994 -8684
2574 -1994
-8081 8795
6582 -7090
4896 406
2095 -1572
-7725 1771
-3427 -4344
-276 -7443
2341 8649
5264 3717
-6159 2249
-9765 -7163
2095 1061
-3115 6722
8039 2043
-6231 -3401
-4607 4333
-9037 -4312
6094 -8026
4124 5859
1350 -1812
7566 6399
8957 7924
-9708 1010
-1552 5018
987 9277
-7887 2289
-2930 4943
1665 7929
3692 7676
-5725 -297
-2244 7462
-6851 3389
9085 -1281
-1701 -7036
4873 3208
-394 9649
-8708 2438
-2831 2283
1021 -4695
-5419 5617
1626 -7993
6951 416
-1656 -7584
-6187 2336
-4241 -7964
-6782 1809
-4803 3515
-4046 -3633
-669 -5719
-8791 4253
7623 -5796
-9638 816
-3181 -7365
1662 -2469
-3132 7841
-6432 9964
379 -7786
-5369 -5761
6575 -7556
-5520 2165
-6027 -7667
5848 -2302
7786 2891
-9107 -4477
-6504 838
8763 -7898
6639 -5161
-2525 9125
377 -2821
-4981 -7143
-7180 -9035
-6820 2308
6548 3200
5644 1532
-6304 3122
5456 -6156
5263 -2331
-5720 5024
-5733 6769
-2394 -4827
997 -2236
2603 -3632
-786 -2365
4814 -6202
-3345 9591
-9445 -6447
5862 -524
-3604 -2544
8988 2409
-4470 -4240
3325 -7317
4073 -5294
-6549 2308
-924 8354
-2753 -2282
5482 6683
-3229 8244
-4121 -1915
5604 5985
9296 -5587
-2033 -7741
5456 9852
-2693 -2451
9958 -4428
1332 16
6420 -792
7636 -1623
-9316 493
2567 -8914
-1196 -240
163 9814
-8222 -1993
9813 -9345
6640 1378
5791 5416
-8605 5936
9508 -2522
5027 6851
-3857 535
-9450 8705
1634 7475
-428 6971
1184 -731
355 256
-6263 -6250
-2716 -7121
886 7621
8276 2783
-5840 4419
-165 8637
4572 -6328
1150 1230
1802 7800
-1666 -102
-1398 7945
9141 -1115
-424 -9765
3225 -1288
-7311 -9241
-1770 -6421
180 147
-2233 9235
2018 -5214
9206 -236
-1600 6178
9850 2761
-2289 -3308
-5509 4721
-5382 -6767
-8822 2825
-4570 6941
-9103 -5961
6472 8727
9486 4122
-8578 9161
3028 1436
4392 1602
-9892 -9205
559 -3591
-3693 -6966
5795 -7321
-629 -122
-1681 -2773
460 3862
-3314 2937
3598 5359
-6882 2117
843 4495
-1383 9591
-7529 4050
-794 39
-4639 5500
-9985 -2682
7448 -810
2225 4295
6974 -6245
7354 1740
-7313 -3656
-9795 -4328
-7671 3148
2227 612
-3551 5927
422 5346
8657 -8987
5063 -7241
2798 -5152
-5932 -2011
5308 -8121
1069 -5917
8378 6476
-6049 -2986
8755 5351
-4585 -8696
697 -4838
8310 -4380
6233 3026
2674 4258
3324 -7319
-6306 -6905
-4146 5701
-9452 -7523
4188 -7628
-2028 -5383
2421 3216
-309 9041
-224 4520
3591 3643
8668 2251
7413 9007
-1653 3086
-3889 9444
3701 -1700
982 8785
-4400 -2976
-7276 8397
-5405 5175
-8733 -3007
5331 8783
5719 -761
2001 1473
-4008 -870
-3507 -8224
4027 9583
-7691 -4839
8247 1439
882 657
8957 -1922
584 -1697
9048 3659
5777 9905
5080 -4508
2486 -9629
-7126 6347
-693 1537
-6991 -7687
1443 -8693
-3196 -999
2305 7937
-3182 -9170
5990 4614
-1009 -1215
6863 593
8896 1669
-952 1167
1072 -8336
-2844 -5176
-1084 -128
-61 9642
1179 5511
7824 9246
-5727 4188
-3090 2988
4645 1077
5628 9215
7549 -8538
247 1618
-4069 261
-8071 830
-4282 -1453
211 4698
-6757 6790
382 7368
7009 2159
1391 -9680
9567 1908
-183 2935
-4078 -6161
4917 -9553
-6618 -9434
-4251 544
-4118 -9070
4912 9717
4268 1813
-9640 -9439
5260 9986
-9505 4292
1659 8503
4382 877
1197 2389
-1983 -4228
8708 4484
8324 7834
8281 -1650
2638 6961
1225 -8338
-3686 8387
-8176 -9172
6362 -5054
-4492 6092
9798 -9558
4735 -9233
-7010 -9708
1169 -3607
8782 7372
-3135 -7635
6850 -3201
-1647 -707
7643 8894
9575 355
5738 280
2388 799
5348 -4228
719 4212
4024 1710
2152 6227
-9286 3821
4113 -3114
7001 -6296
-5204 -998
1367 9503
22 5382
-5326 1937
830 8376
2451 -7683
6318 4125
-1355 -1812
3961 2426
358 -6008
5702 -1600
-5374 -5619
-8078 1575
8461 -939
6486 9756
-1243 9182
8685 -8719
-9616 -6155
5782 -1294
802 -4942
1096 333
-1822 -3027
8883 1135
-6440 6823
-9185 6564
-5037 3919
-7980 -9763
1812 -411
-7630 -2336
-2581 3994
3175 8856
-6143 9898
-6258 5580
-1993 -5759
-700 -6756
7298 8809
-497 -5884
5251 -4524
-7702 -1615
-5052 -7468
-9829 -3166
-2928 -89
-6780 -4088
3576 8884
6598 -4410
-5555 -5284
-1666 -227
-927 -1698
2544 2076
9041 7080
9610 -4436
3401 6339
-4465 -888
7497 -1348
4905 -2167
4668 -7556
2355 5076
-9013 -4540
-1936 9296
-5115 8285
-7000 -5338
8156 3051
-4927 1334
-2870 -2772
-1971 -8663
-3099 -109
-3771 -2362
6750 -9698
2675 1764
-6682 7967
-9590 -2421
-3625 -8294
-2834 6486
5781 -2638
-4354 8951
-6388 -5614
-8843 2367
-2579 -4512
6438 -3770
-2432 8272
-1837 -5534
2104 8190
-7788 4392
-123 -1147
-3181 8608
-93 6916
-7658 950
1156 6282
-6356 3229
2179 657
5043 3011
-901 9513
-5000 9921
-3850 -9760
8513 -8563
-4097 7439
5629 -3325
-5213 -8273
4301 -8439
-9831 8385
9021 -5160
5790 76
-3642 -8638
4591 -3055
7602 3723
454 -3230
-3718 6365
6285 9553
-6486 5003
-9839 -3844
-6406 -7974
2422 -3936
-2208 -7057
-5495 7209
9315 -7908
654 -5326
4750 8335
9698 -3557
7110 -5172
8551 4288
-5222 8432
8518 -995
2278 4781
-216 8523
-5322 5792
-8462 -55
9730 1994
4937 3960
4890 1242
7056 9442
-2164 4204
2538 -2291
7873 -7414
1135 2235
244 4982
7135 -314
-7589 8743
3524 5652
4174 8410
7923 -2972
-9307 -7427
8288 9461
7142 -9578
5386 3224
6387 2031
-3766 2441
-6130 -5778
529 -7508
4728 -8258
6725 -8336
5071 -1308
-2566 3859
3231 -8798
-6668 -5322
1706 1125
7419 -8746
-5564 2399
6543 5706
-1070 -4702
7329 5649
-1911 -963
6980 -2717
-225 5680
7422 -2491
2894 -1777
-9365 4146
1725 1685
2887 -1930
2748 -5045
9802 6219
-8806 -1825
-5706 7220
2926 -4370
928 -5443
-9795 -4424
4613 1977
9260 2015
-2306 1592
-7179 2755
-9022 -4884
-7018 9436
1120 -8387
3404 4708
-6617 -5994
-6054 -127
8048 -3095
-5875 -4860
4491 -3938
620 7051
-3653 -861
-5164 825
-3439 -9041
6272 -5905
-9430 7976
-6909 -7186
-7751 -8452
-3117 -205
-1777 3370
-8904 -5993
3880 5327
-7768 -4958
3903 5648
-8290 -3643
-2872 2114
-8748 2330
-3125 3475
8155 -3912
3904 3436
1412 4426
-9040 8196
-6536 8224
-1982 -6790
6580 347
4355 9962
5289 7676
-3561 1955
-2397 7521
-2402 -9659
6177 -687
-8358 4726
1921 7429
-2762 2238
-4326 75
-1779 -5138
-6943 -9194
-7250 -818
6113 -3478
-9411 4490
4451 2692
4088 8665
4341 -261
980 -5753
-1690 -8057
1256 -7702
7024 -5514
-4365 6619
-1144 2665
-7261 2873
-8544 8251
-7223 4682
-2416 -1766
8477 -4472
-6262 -6304
-9892 -7213
-8549 8189
1649 7917
-7836 9513
-8545 -3651
-1352 474
8681 6432
6771 -608
-7943 -5685
-9091 -4373
-2402 -1483
-6802 -7635
599 376
9625 782
8199 2797
5584 -6638
-4729 8307
6224 -9245
-9732 -9360
-3010 -7892
6303 -8277
-8124 5638
-1250 4983
9298 8647
-2006 807
9325 -9794
-7429 5593
-311 -3757
-9254 6892
3409 -687
6396 8945
-9028 -1008
-253 -8334
-7693 7196
-6976 3736
9181 3018
2376 9327
4309 -8944
9703 -8875
1933 3606
7534 1418
-2990 4978
-5059 -6175
-5563 -9581
-268 -4313
-1647 7846
-3163 -152
1514 -675
241 -9695
4041 7542
559 3265
6312 3221
7998 -7066
-5940 620
-2054 -8579
2839 9714
8412 -4521
-695 -6431
-6012 -6648
2761 3742
1588 3720
-2712 -8887
4159 -7855
-3829 8802
6344 -5601
-8616 -6067
7154 623
3558 7696
2036 8873
-9707 7618
-8949 9982
-818 3132
6701 9463
-7186 8487
5949 -9312
8129 5575
-9592 1257
7124 -4584
-2062 4567
-7314 -6706
-2773 -1998
8626 -5930
-4514 -1898
-3026 2183
3521 7522
7504 988
-5881 4572
7755 -3315
-1108 -5460
-4772 -5711
-6415 -1439
9819 -2923
6214 -6007
8561 6942
-6044 -5849
2154 -8754
-962 1184
9286 779
-3318 4524
2046 -20
-9033 -9798
8495 3270
-6325 -1193
3347 6249
-9463 2567
-8873 -7705
-628 -5878
1837 -5334
-8393 -694
3457 397
5364 -4436
-9532 -669
-9891 -5599
-7354 -6526
3454 512
714 4692
-2039 8142
-3052 2929
2898 5357
-2077 -5985
-3690 7157
-5001 2771
7438 9403
-1292 6836
953 -7235
2050 -4115
5217 38
4439 2518
5992 9047
-441 -9195
5497 3166
5028 -6007
6923 -2822
-7466 -8025
-289 -180
-3024 4178
-3051 6021
9144 1976
2532 -1893
872 -2149
7458 -6515
3523 -7078
9161 2674
1720 1682
2488 5153
2039 -8722
-4728 1705
-7396 -2933
2763 -4085
5735 -4862
-6963 -7526
-7785 -3568
-7872 3707
-8187 -8641
2931 4660
8145 6406
-6952 388
-6939 1667
-2930 -7791
-8918 8503
-6499 9558
1262 3121
-6092 -1227
8409 3866
-7275 6672
-7134 7865
-5704 -517
-6811 -4919
-3560 -3576
-8917 -1277
-1151 9372
3480 -7051
8337 1898
7828 6542
8765 -4594
-5037 8910
5751 -7735
4760 9947
7533 -6620
-6228 3168
1032 -6022
3461 -3362
1719 5328
-4528 -9630
-907 8160
-8749 277
6947 7943
3561 4731
4993 5283
-9311 1388
4018 3757
6023 -627
3040 3489
6869 4503
-2330 573
8272 -9360
-2722 -7577
-8529 1733
2103 -7282
-9123 -3056
-9059 -5083
-3420 -4151
-9421 7888
3170 -9860
5249 5573
3050 7580
-3047 2987
-3525 2793
-2705 -6287
4286 -2935
1426 8687
-8891 2558
-1989 8705
-8578 -7420
3245 -6166
-1249 -3980
1869 4186
2073 9052
9192 6169
5462 -1036
-3457 8161
1147 -1488
-4975 7217
-9070 7623
-1592 2321
4728 8937
5215 9834
8538 5837
-7863 -3054
781 -6320
3421 5383
-432 -6748
-7696 -990
-4821 -4638
8047 -4784
-6623 -9360
-848 -1690
-752 8245
5867 7899
219 178
2835 -5726
-5892 -1333
-5497 1771
-7563 -3634
3768 -3360
-4257 3218
-9809 909
9920 9033
-1885 -3784
1432 -4902
-4262 -3839
4471 8530
6775 8612
6510 -6282
7617 6362
-5643 449
9116 4173
-336 2186
8552 -2661
7700 2101
-960 6040
-3051 -6557
-3804 -769
5447 -3132
5687 4311
-9529 599
-871 -8576
-6244 8663
-7619 -376
-4015 -6014
8156 -6282
-8389 342
-7473 -9009
-1670 1275
-6624 -5200
-9161 -249
3194 6137
-912 1509
-7903 -6890
7421 -5466
8854 7784
-7071 7892
6554 1703
-8674 406
4393 -7345
95 -2688
7654 2548
3540 1706
-7019 -6098
-1298 -4410
5341 78
-3786 3262
-1508 2255
5365 9023
-2723 589
2094 2785
4397 -3870
7834 8744
-851 4672
-8953 9160
-3529 -2738
-6469 1142
-7152 -2154
5469 -9209
102 -450
-6652 -5830
-8848 -4557
-8582 3283
2305 -356
-6046 -9496
7010 9582
-4289 9769
8512 1407
-201 -6456
-3575 1381
8644 846
-8012 6617
-1817 -4105
407 -1443
8107 -6349
-2179 -9492
-328 -4825
8458 2695
-3941 1091
5316 762
343 13
-219 2325
-2548 9775
-2960 2013
-6606 7251
-1903 3465
3802 -4242
1653 3806
-7638 -8015
-4364 -7941
-3712 -5811
-636 7179
-127 5961
772 -2179
8583 5932
-334 -3913
8412 2646
6141 9447
1460 -415
-3165 -6820
-9635 8575
-5668 4932
-1263 4168
6153 9706
-4515 4820
9009 -8212
8967 1773
-2267 -1628
6193 2560
-1508 8505
-1688 8496
4862 -8122
-8676 445
-9971 1003
4183 6505
5079 -3136
-4483 4549
-1284 9411
-7164 7975
2795 -1411
377 -1679
-9906 1803
-6104 3065
-4376 1548
3774 -6191
-3974 7837
9715 -7915
2530 -9113
5611 -5240
-8736 6280
-6856 3515
1784 -9936
9475 2382
356 -5780
2809 -7689
4353 -3129
8675 -3094
9971 4447
-4005 -3709
100 -4405
-2848 9769
-4426 6126
-9266 -3133
5348 8105
4384 -9935
3580 6612
6676 -8752
3630 -4637
3304 9872
-4097 -2293
4578 -3888
3019 -9745
8424 6973
-6737 6710
-7696 -1861
-2093 7085
6931 3178
-9956 3481
5306 -8615
-8549 9113
5724 3411
8380 5031
-5885 6121
9713 5731
-6563 -8861
973 -664
-409 -8265
-7571 -6009
-9300 1735
9874 -4308
-3503 -3274
-6376 1501
-1297 -6572
-5187 -2611
-3499 -2271
-8861 -15
-4984 -7776
-7935 -6760
8971 2852
3991 -8223
4834 -3872
-2137 -5037
2675 -5575
9881 292
9706 7097
-2457 9755
1255 -3798
3351 1167
8556 -6322
1408 -8115
1870 -4944
1001 6268
9508 -9394
7179 6788
-7715 8478
-5395 4891
-6426 7120
-4735 6190
202 9971
-9213 -4855
-1380 -93
9831 -1670
-6783 -6404
-2726 6902
-7493 -4507
4270 8682
4950 4378
8705 -1009
-4222 8178
6656 9605
4495 -1936
-4817 -5019
-5109 8069
-8241 448
9314 5094
-1279 -7454
4597 -2066
1530 2272
2895 7814
-2973 -7476
-8794 5402
3500 -4983
4009 9877
8054 5926
5530 9787
1571 8430
-2868 24
1813 -9526
4643 5744
837 3573
9840 3957
-4389 -6721
9272 4437
5971 -9139
-6615 5887
1289 -7002
-1985 -1688
-1812 -1491
-5566 -4256
-748 -37
2113 -6316
3708 -9178
-4982 9245
4989 -758
-7186 9661
7338 -454
6546 -3626
-9190 -3331
-2470 9539
5425 6782
-6500 916
9228 434
8944 5236
-9020 1137
-5180 -2902
783 232
4775 6933
9899 -1789
7453 9793
-6826 4887
-1847 -6013
362 -5768
902 -5301
-2042 4893
1674 8432
-653 -6618
3817 5174
410 2296
-2847 6481
-2701 5111
-4658 1973
-1095 8082
14 -9884
-6370 -1197
-2590 1187
5175 -3196
1036 5564
-6017 -743
-5851 -4342
-5910 1941
9044 9545
8439 7158
3174 2860
3061 -1152
-2321 -9674
2299 -9640
-7838 3021
6859 -5075
3728 2176
-2916 -9512
1013 -5141
-9578 -4021
5236 -4231
1428 -1874
-6213 -6895
-7351 9239
6396 -7170
5691 -8912
3657 3291
3617 2472
2832 -8664
8078 -4084
4562 8716
4612 4936
9145 -1711
3148 -8305
-2326 3878
-6632 7291
-863 -7091
-264 8517
7755 2924
5755 2385
7194 7871
1161 5166
-2363 851
5908 -1501
4415 -5810
-7095 3985
2642 -1024
-9015 7517
9213 1786
-615 7855
8866 -3114
3517 2753
1269 -1997
-5353 -6748
9358 2744
4335 -5878
9288 6552
1123 -4504
3995 646
4836 -2970
-5265 2130
-5174 -8539
8978 7377
2884 -468
1107 -8090
2518 -7732
5021 -27
-8304 -245
6728 10
-3526 64
4187 6085
6357 -9192
-3696 3474
-2160 1200
-8050 -5981
9870 -7325
-5864 -3314
-2217 -5305
7949 -3165
2466 -9334
-7066 -945
-7252 -5017
4738 -8325
5406 -1835
8230 1465
1271 -8121
-3591 2416
-390 1348
-7452 2713
-9547 7451
-6154 -1781
4905 -9678
-1261 1704
-7741 -3591
-2925 408
9463 4725
9709 3731
9127 -4068
4097 8167
3353 4533
-9868 6047
2183 -1656
9692 -3459
-7025 -4486
-7036 -4040
7901 -2851
1192 531
-4045 6526
-7066 -6349
4059 -1786
-7061 10
-2539 7243
-6826 -3632
-5466 -3413
-5160 -9009
-9241 -8393
-49 -5027
5235 2942
8456 3364
-6956 -8070
-921 -4860
5672 -9056
7471 -6008
-2357 -4653
3562 -5875
4135 -8298
8945 6501
-3411 -8405
1904 -4161
551 1123
6452 6744
-4563 1310
-5748 -3598
-6514 -9328
-3677 -7293
1569 -3469
1196 9124
-6885 961
6308 2387
6513 758
2460 -131
90 4368
5964 5125
-5316 6679
1523 -2133
-1669 5236
-3455 -2026
8097 3769
8162 797
7226 -8417
1835 -5516
-6393 -1206
9755 -3249
9139 -3278
-8799 9783
-348 5651
3739 3661
2507 9742
-9859 -298
-8711 7191
6147 1664
-6642 3342
-2890 -7308
7210 -8546
-3242 -4729
3476 8156
670 -7687
-935 -9196
1247 4145
3928 -1797
-2426 2448
-170 -2700
-2959 -8688
4736 -3943
-3032 903
-7434 9746
3087 -6885
-472 -4076
1100 -6083
2909 458
-1386 -8422
-6108 -3615
910 -6996
7150 2957
-5120 -7844
8326 4798
-7903 6175
-8793 1876
7933 2859
-6238 5943
9410 -5100
1736 -3672
5974 6217
-9866 -8737
1722 794
2372 3043
-6852 -5944
-2940 6264
-780 4058
9936 -5791
-7273 7821
3995 -8019
3857 -5176
7684 5203
4866 5510
-9591 -8555
1494 7996
4213 5867
7130 -2533
-8019 4347
-2611 -1149
6628 4354
4338 4259
2037 -6312
1618 -2721
-4901 1972
3953 4346
9170 -7185
8018 1530
-2961 6853
-7982 6604
4600 1170
-2964 3513
-5300 -1188
-3121 -5835
6738 -3318
-5244 7989
2247 3365
-9227 9094
93 -5716
9977 2392
-3263 5193
8008 7651
-820 -4094
-3520 9746
-9931 9941
1110 -1502
-4269 8390
-2799 -8134
-3969 432
-9166 7801
9511 -3511
-6425 -4410
-1596 1757
9762 -5652
6740 8498
7411 -6541
-8891 -6524
3104 9139
-7396 4010
3950 -6696
5523 -7327
-8937 -1220
646 -8746
1686 1985
3507 -9602
608 2520
-8170 3017
-1506 4183
8532 234
2452 -1744
5436 8992
-3811 3583
2721 6545
4275 9293
-3683 5325
-8281 1946
-9275 -8161
-6907 -3497
8488 5093
5491 4779
1019 5715
-1269 -3902
-5998 2849
-3196 7226
-798 -3746
-4755 -7024
6560 -5363
-5098 1434
4447 -720
-1674 -7103
4843 -9237
-3676 3766
-9732 9290
4382 -583
-2083 -7524
8192 3593
-6589 8936
5506 643
-2132 -2587
3667 -3970
-994 -9210
-852 -7367
4067 -4435
8567 4050
-9332 2235
6719 613
-1901 5511
4800 -6958
2460 -1633
4564 2902
-3506 -5903
-6968 2755
-2881 -94
-8961 -7742
-1712 8708
9499 4707
7340 -8985
301 -1354
-3583 5127
-2639 2588
-6800 -2915
-3684 -2199
843 1299
-6614 -8884
7739 -2977
1120 7951
4426 -5767
7860 7874
-6148 -8456
-6027 8899
3605 5862
6877 -6529
5838 4665
-208 898
-6514 -4025
6781 -9127
-1326 407
-4573 -6903
-2066 -6762
261 2534
484 -4328
-95 -4898
-3304 -1369
3896 1485
384 548
-3591 7869
-4940 -2291
-7626 -2994
7905 -9102
594 5887
6760 -4889
9239 -2625
4193 -845
2393 -5335
7200 -7874
1519 -3626
1476 1404
-6245 -4855
6630 8172
2441 -8628
9241 -2987
4723 -7430
-423 -1978
-1080 7097
2983 1202
-9967 -6766
609 3463
-7383 9272
-2342 -5199
648 5010
-8616 -1422
9982 -7833
-2688 6581
8474 -2542
-1170 -2338
4676 914
3484 1791
9813 3119
3936 -3219
-8297 2453
5688 639
-5899 -8264
-5271 17
4819 -3281
-4551 2387
-9036 -813
5075 554
-2865 -5334
2124 -3893
3770 -4392
6522 -9047
2745 2166
-4716 3726
-9493 2557
-4990 9220
-142 -4069
-2332 -5582
4435 3959
-5602 6118
-1496 2974
-7839 3569
-5878 -532
7855 7236
-2936 1257
-9415 -21
4653 -9167
2999 -9173
4554 -2603
-6325 8283
-8778 8782
-5288 2406
6824 1080
-1241 6101
5939 4979
-2047 6879
447 -5558
7631 3835
1070 8290
3268 5486
-4536 -8146
-7313 3853
4681 -9884
1235 9407
7689 2955
1736 8631
1036 -7369
7432 -9832
9991 1580
-3442 -88
-3210 5929
-5908 8232
2066 -9043
9247 -4557
-9072 -3143
-1289 6235
88 113
3951 1399
805 -1511
-8557 -1094
-2464 2215
8567 6900
-9212 -7708
7593 5999
-4090 -9222
-9572 -2129
-3897 6421
-8902 -1759
3684 8169
-4975 -5935
-9700 4613
-1554 3737
-1144 388
8877 -3883
5023 -6619
9317 -5960
-9061 -7442
-1429 7884
3882 -8273
-3773 -3837
4035 9792
9933 376
8617 -6142
-7974 -8970
-4905 2300
633 773
-1770 -884
-6776 9080
-4804 7086
-5813 -7900
-139 -6060
219 -6496
-8613 800
2528 8791
-1326 5269
8781 -7525
2851 -3571
287 -7567
-6537 1467
-2513 6035
-3193 2279
-4884 8121
-9080 8758
9564 -1660
4162 -163
3777 -6250
-2746 -5978
4823 -2283
-3493 2362
1351 1071
3546 8902
-4669 131
6285 117
-8417 5618
5373 -6532
9469 -930
911 -7821
-5343 -5416
2924 5552
-890 -5780
-2029 -2915
4829 -3393
4324 8946
5029 3372
-5558 -9170
9733 -3621
6511 -8292
5546 -1216
-5599 6516
9985 7129
-81 9775
-4326 9453
-5964 -5449
-9898 332
8273 -9320
1487 -788
5820 -36
2631 -3685
9687 3864
4695 -2341
4038 -2151
3278 8148
-3069 4269
785 -1177
-328 5053
8548 769
221 -6689
1583 -2057
-8005 7978
8658 1686
-5382 -9733
232 144
6459 -5842
-8257 -7138
4242 9866
1435 6438
8306 -1721
-3731 -5288
7256 -1043
-5991 7054
1543 -3073
3960 -3722
4221 -8237
9741 -4458
-9052 6216
6483 -7882
2263 -712
7167 435
7018 -1279
2308 8910
9068 1259
-6741 -6258
-1545 7373
-3671 -472
302 -569
-9921 4060
-9663 -8156
-2672 4039
9581 4558
4494 789
2907 -5750
3538 976
-4868 -4831
7612 704
-386 -7851
3409 -81
3661 -1319
-225 -9612
-84 -4164
5268 9825
7605 -9783
-7939 5347
-615 7942
6220 -611
-9823 2686
6936 713
-4590 6805
-8026 4194
-5102 542
2691 9586
-496 8233
634 -180
208 -3115
2722 -5871
-6046 -6156
-5939 1710
-2944 -8442
-6779 -157
-7048 -9839
6568 9441
3875 -3150
-6345 7225
1418 -6995
3547 -4371
-1065 -9964
-8011 -42
-6501 -7841
-956 6345
-9527 7428
-8728 -4514
7196 -5573
-293 -946
8898 -2028
1854 2928
6089 -4430
2421 -1578
-633 3684
6689 9797
-4575 -5495
-1737 235
-6086 8081
-9761 3973
317 -2587
-5160 -717
8491 791
8939 -167
8888 5686
-2621 2366
-986 -8495
-2925 9233
1375 -4897
8787 -6784
-6988 -9259
-1032 5476
-569 2158
238 7231
1203 3345
-5522 477
-6519 -4759
6032 -681
-7128 -8029
-8623 8691
4778 -8241
-6736 -1244
-2011 -6209
-1106 4061
7277 -6916
-2453 1402
598 -5990
6168 6515
7466 -9972
7095 -3594
-9397 2389
7630 -8428
4612 -2195
-224 7382
9794 7485
-7036 4875
-6370 4571
8362 -3771
-5990 5340
8425 -2744
-7622 -8714
-4704 -308
-73 2976
3004 -4815
5312 -2608
-6499 3819
5392 5915
-2559 -8869
-7767 3724
1208 -9063
5812 -7974
6597 4173
-5878 9443
8503 4959
-4065 -1868
3139 -9353
339 -1687
-4991 -7844
-2659 -9735
1378 8013
5553 -7348
