2000
3980 -5336
-979 -3062
9029 -8957
4521 -8545
2835 -6607
-6009 6404
-6125 6979
6149 -6278
-2550 -9206
-4103 -2302
6305 4796
8089 -2486
6956 -6742
-8068 230
3783 -9858
-1473 -635
6303 1483
6247 7548
9003 9052
-3835 767
891 5558
6258 157
7600 8487
9281 2406
-9897 -1230
-2714 -1102
-9868 -9872
-6614 -4625
5605 -9191
-9049 -4681
4684 3108
-1689 -522
746 4707
7479 -5443
9045 3469
-974 -6357
7521 3656
2142 -996
-8591 5121
-6110 5143
-2239 -4767
-4638 1177
-9728 1614
2423 2469
-8492 9598
2705 7095
293 9913
4619 -5264
-707 -8962
4507 2097
9462 2058
-4287 -2746
6258 6982
2102 -8425
6718 -8612
-3379 9714
4611 -1801
9813 5704
1894 4883
4480 2236
-670 3402
3315 905
9362 -6656
-5618 1654
-6249 -1346
-5568 -7390
3585 -3067
-6086 145
1720 -158
4951 9738
9451 2158
-9644 -8428
-9004 7782
6385 -9832
6125 2890
-3708 864
-4511 -824
2520 -6673
4981 -5150
7225 -9378
-6768 -7548
-615 -8344
5522 6817
380 3300
3037 -2759
-6881 -4670
623 6208
7710 -6525
-2636 1620
-5491 4094
-1322 -6511
6386 4522
7849 4167
-7263 -1095
-473 6551
9003 9962
-4662 6481
7018 -1612
-4592 -9141
1821 -2603
2728 8445
8373 4940
-7865 -2929
8691 6082
175 3220
6709 -3079
-8558 8853
6740 6815
-4281 -6988
-6717 -6803
-3121 8968
9169 -7715
4394 2217
6797 6186
-6417 9802
-8034 -1383
-2723 -9969
-2898 -9662
-9860 3133
-3648 -486
6435 315
2888 -3218
-6404 -8403
-1670 3348
6545 -684
2004 1613
7620 -6577
9361 1172
1078 2013
1815 6157
-1506 4661
8413 3781
7841 5771
2624 -764
8750 7981
2017 8977
-4242 5184
-9499 -1375
-8027 -646
-7610 -1168
-9556 -7762
-617 4394
-714 8064
3798 -1257
-1379 -5915
-7534 -4388
-6887 7115
6607 -9121
115 -9047
-7345 -770
-1794 2585
1489 4672
-6704 3964
-2961 1990
-9179 -1010
1229 -571
-2456 -5013
-3229 -9389
3075 -9450
-5365 -9432
-99 -8305
8811 -2898
1702 3015
7689 5417
-1633 -4463
8122 -9657
8736 6574
4258 3331
-4680 -4247
4743 -4983
8168 -3858
4850 -4029
303 -4289
-18 -8380
-7811 -6622
-4927 8339
-4560 2090
-1175 -2396
-3259 -9138
-3601 235
4299 5109
5403 -1759
-8429 6756
-7492 3381
8399 -3109
6754 7251
-3057 6566
-4003 1603
6945 7246
-5656 5979
8038 9134
4944 3139
-5537 -6523
-5661 -2510
-8555 1205
34 4459
-7301 5744
2499 -843
-7463 -2009
4883 5007
5979 -5344
-5058 5357
681 -7079
-6113 939
639 -2375
-3242 1953
-4909 -1324
5875 -4578
6633 -446
-5521 -6066
-7886 8078
7543 4513
-6331 -1466
6526 3762
2490 -72
4584 5129
485 -1532
1389 -6753
4186 -8835
2511 8997
949 -1455
-9058 -7011
-1588 9761
3036 -9463
-1808 -4956
-3157 7515
5749 306
8841 -5615
8147 -6862
3066 5366
494 4357
-7176 1371
4618 -5301
-414 7934
6931 2524
-5210 -7904
-1193 1600
1361 -547
-10 7219
-4017 -5604
-4369 8182
2209 6547
-5348 -8621
-1761 1049
-3586 -7201
7156 -4975
6396 -9372
-952 -6299
-8366 4734
979 -7646
-1828 -7715
7607 9490
-1058 6979
7918 -1033
7084 -7348
-9167 -2379
-5832 -7286
-2185 6763
-2189 -1180
5340 6054
-8922 7946
-7706 6217
9918 -8805
5929 1343
7418 -4728
1279 628
117 -4411
-7433 -1115
-8428 9059
-4569 -5795
1827 8656
-8631 -14
-3252 5995
-1465 -816
-1042 4560
2505 -6125
-9909 37
1232 4800
-137 -6271
2722 881
-4770 -2720
6591 -6000
6606 5347
8127 -7122
-2916 8178
6833 -6443
3543 8911
8626 -8077
4828 -5988
8572 -2840
1035 -6214
7544 4797
3317 4847
-7704 2496
-2903 -6821
4181 8740
-3540 2327
1395 771
7370 -6934
-5036 -479
6799 -5547
-2916 -8203
-2559 4063
8075 -4291
2870 -4011
-225 -9634
5163 -2375
-3807 1039
-6466 -1520
5380 2210
949 632
-7042 -440
-5949 7410
-9525 4353
-2406 -8579
-405 -4561
957 -1886
-7824 6680
-7612 -7882
-1892 -6029
-5663 8979
325 -8397
2643 -6780
1700 6518
-1273 6177
529 -2920
-9640 9677
7086 7209
1561 -1867
-446 -8719
441 -7124
4711 9149
9549 -8602
-2763 6887
-5422 -4342
-5364 5345
6949 2636
5856 4961
5199 3312
3209 -2444
8357 -6074
-2677 -6262
-9054 -7563
570 -1871
-590 6228
-7176 -9877
-7007 9851
-5031 7535
8142 -3738
1920 2207
-2449 -7281
9076 6557
5238 -1780
-8469 4932
-3792 437
8084 8462
-7801 -1715
722 -4594
3535 -3134
-6907 -8708
-4864 -7056
-3485 -4082
-2827 1850
8113 1485
-6309 -4685
-1966 32
309 4963
-3096 831
-4238 -732
9705 2156
617 1970
-6025 7788
-3086 6537
-6598 4697
5989 -9552
-2887 -3504
6135 -5154
6696 3628
-1167 -6693
2343 4808
-1439 6245
1208 -5902
4929 8870
-1863 -8168
3988 -9310
6381 1562
3070 -5395
-5138 -9645
5052 9984
-5848 -1735
8482 4762
9608 1265
-1386 4616
-8357 6303
4832 7447
3692 3987
8085 -6608
-4018 -1380
4173 6734
7424 7841
-598 -1840
6486 7525
7880 -7528
-3824 -8652
-387 6652
1413 329
-4686 -1906
-3570 4741
1044 3928
5096 1794
-499 -404
2988 2508
-8873 1306
-1961 -7310
-9470 9021
-2820 -4538
-7014 -67
6126 -2613
2456 -5414
-8762 -3978
6351 -4211
7604 6372
1113 -4614
9314 -5967
9548 -4123
9194 4409
-3084 -951
-9646 2181
4871 1764
784 2115
7577 9123
2776 -8315
2793 -5716
2591 -1099
8644 -4752
1037 3829
3922 8716
-5899 -1360
6394 -1245
8353 -6586
-8456 5941
-1290 7546
3447 2181
-2334 -935
-8821 2038
1160 8450
-6145 -7524
481 -6065
6557 6648
-8105 -6928
-9379 5201
3916 6653
-4708 8264
-2982 8017
-4849 -8315
-8653 -909
-3364 -3305
8877 57
-7158 -9918
2121 -3458
-1288 -2258
3940 -6720
937 6289
2936 -5580
1213 -2507
-7307 8553
5205 5556
3819 6609
8346 -5782
-4097 -5442
3649 -6503
3913 971
-8972 -5994
-2191 6510
-3228 -2409
5334 9930
-3069 5485
5494 -727
7414 7868
-4640 -1571
702 2348
-2097 1775
2104 -372
3846 -4558
3721 450
3947 -6531
4441 1091
5097 1580
-1910 9190
-3220 -7095
-3444 4862
346 -7887
5107 7208
8796 -440
7990 6242
2310 -2124
9651 2412
-7961 -6067
-625 1755
-7796 5885
-6925 -3183
7908 9872
1451 7516
6705 3004
9630 -6739
8124 -2795
3040 -3815
-2887 2190
-8250 -1854
-1892 -4092
3785 -6540
5872 -9583
-5650 7156
-1090 7912
7517 7447
-2016 4835
8427 -9409
-8173 -4109
-7385 3599
6860 -7748
-542 -4035
5872 4983
894 -7503
4364 -7016
-1107 2644
6104 -7528
-3390 -3602
-6447 5696
7328 4682
5849 6185
4740 4845
9157 -6168
3444 3167
486 -5295
-3043 6059
-7977 -2655
-3951 6415
8912 7895
-5400 -9337
3307 3276
9469 7214
-6389 3131
-1174 -201
-5520 885
790 -3846
-5281 -9672
-2119 -4470
-7583 -2404
2301 -8676
-8897 2903
-6032 -7021
9394 -3152
-5258 3738
4401 -7974
9023 3063
276 1428
-5442 -7789
2010 7608
-1507 7106
-3020 6491
-9461 9283
-5188 5420
-6985 2142
3466 950
-6148 9038
-4263 4570
-8583 -2179
-4721 -4870
877 -120
-7057 9681
1108 -101
2110 6940
4548 5667
6493 -2159
-1948 -6960
-3957 -6528
8892 -1409
-9268 4577
-4474 -4373
-1615 7920
2489 -621
-9080 4122
-7027 7627
1227 -3801
-400 3850
-2530 4170
4831 -9292
-9905 -6700
1141 -622
2418 -9692
-6220 9193
1505 8461
6758 -3608
5740 5958
3877 -7716
5384 -2154
-8033 86
1433 6304
-3777 -1339
-7489 -7340
-9450 9545
-6027 3702
7002 5381
-5242 -5932
-1903 -1857
1056 -9104
9358 1877
-8011 -7440
8519 6115
-7881 7729
-4426 2395
-3798 7503
7527 1263
9924 7635
-9706 -2529
-2985 -7566
6136 -9155
6226 988
8777 6859
-4999 -5295
-4399 -3127
-7530 9778
-7662 -1321
-1485 -5541
-4092 -9144
6972 634
-1863 1483
-3534 -6827
-9192 -616
6855 -3611
2545 -5177
-4332 -2410
8578 2401
-741 -4385
4041 -8926
1668 7981
7759 9642
-1679 4138
-7683 -9904
-5327 6836
1190 -1774
-6571 -4635
2260 -6953
2432 -105
6284 6789
-8389 3007
-9403 2549
-5050 1001
-9664 -7105
-6030 4209
5911 4377
4018 9359
3497 3669
7486 -3941
-3385 9535
1481 -4121
1244 7806
-9148 4910
-1475 -6497
-9709 7005
12 -1470
-8922 -4376
6625 609
3504 -3972
-6042 6961
5058 -8806
-9447 9869
7258 -925
5135 7771
7305 8464
-5658 -8251
-6725 2507
-2584 5586
-7190 -2151
-5147 5942
-1808 -3178
2446 8586
-806 -730
9020 -930
-249 -3581
1334 -3302
-3434 -5192
7605 1887
3378 -2456
-3993 6460
8209 4404
-3090 4070
3376 -4795
3054 4326
3988 6186
-6992 7907
6493 -4100
5171 9175
1966 -593
5826 4190
-9113 -4563
246 -2840
-7233 1174
-7562 1571
-1970 6146
4270 2166
-3765 -41
5164 -8821
9226 9611
9518 -1783
-3876 6935
-7166 -3754
-859 -3663
5744 -8275
9636 -8894
-3456 5291
-3829 -5757
9138 -9490
2081 2659
2525 -8425
7462 -6169
3790 -3206
-2027 -6304
-2972 -1046
7171 920
-2146 266
-9768 -2985
7073 4409
6135 -627
480 6538
1828 5770
-9987 -9256
-8746 -8281
8099 9151
-5553 7056
-9114 624
-8862 -8092
-674 8397
-2650 2833
-6248 -9926
340 -1758
8978 5327
-265 572
-6335 6051
2588 -4131
-4640 4145
4889 -1864
3576 -906
1965 9864
-9361 1674
-7703 6412
-7959 -4754
-6357 -6564
9990 5088
5162 4714
-3324 -6259
9068 -778
-6486 -4346
-8296 2523
-7887 -2821
-4955 8013
-3852 -2527
-9713 9934
-6482 9724
5118 2252
2385 -5843
3125 7416
-5428 4426
-487 6768
5202 -5439
2023 -1605
7617 -8122
-2468 4811
-2667 -5149
2030 2957
969 -554
-9361 7075
-9271 -9163
-5719 -9074
6900 -2032
5846 9399
-9466 -716
-2570 -1030
-4263 -1173
3388 -9337
-942 -9061
-3462 -869
-6059 395
8967 4070
747 4996
-5559 996
1792 -4564
-3727 -1198
3449 6242
-5791 554
3673 348
-6648 -9946
2746 4208
-6966 782
1445 8483
-6858 -9857
2995 -5777
8339 3401
-2530 6937
1932 7305
2022 -8063
-2627 -9907
2616 -2466
-6225 3646
-2080 -3935
-9867 1705
5480 -4686
-6758 -6514
7989 -1775
429 -3724
140 3155
7378 3571
693 -6865
-6208 5717
6742 8163
-6179 9445
9538 -1237
-9983 1194
-1439 5875
-4340 -6208
9218 -9799
-4485 -4207
3000 4698
-7078 -1243
8755 989
-5857 3351
643 2615
5750 -4759
-5322 -8665
-6782 9542
-7294 -8580
3904 760
-8046 -4035
-8161 3922
-8566 515
4437 -2501
7013 -5627
9071 9953
2430 13
-5278 -4287
-7215 4905
-2480 -1135
4106 7149
-7796 -6731
-3468 -7495
-2354 -857
9904 2959
8924 -8451
9192 -8143
6093 -9238
-1739 -5653
-1280 529
4202 -1005
9008 1511
7224 353
-4743 -6271
6315 -9992
7157 2777
9768 4141
6646 -6919
2225 20
-7022 -5709
-438 2128
3985 -8098
-3615 2474
6821 3798
-5674 8368
-2638 -739
-9229 -7751
6323 -3631
3819 7996
-8276 -8421
8078 133
-5727 -7398
-4317 -8435
5306 -5360
-1069 7908
35 -7996
-6094 -7787
4688 -2260
-8463 4013
2380 1508
-9231 -415
5555 -6538
3552 -4739
-6744 1877
7177 -2630
7503 -1298
1304 8975
-9461 -4504
136 -9293
8616 9566
-8430 -7212
-4999 2371
-9889 -803
-6791 9689
4918 -4631
4954 9310
-7229 9408
-5332 4229
-3895 6323
-6308 1646
-9653 -2997
-4023 -5085
4133 5372
6079 238
-197 -2011
777 8415
786 1373
-9430 9500
9188 4618
9987 -2500
-3190 7826
-9047 8662
2890 -419
-375 -4378
-9012 -7284
-281 7038
-4326 -4944
-5852 9417
-346 9807
-2205 -9774
-7638 9458
4551 -7707
-8208 6869
1486 8842
63 -5300
-3753 5193
3854 6873
174 -2800
6543 465
6902 -6481
-9443 7531
-3693 341
-243 -3769
-242 455
4403 9412
-7411 7553
-6434 -9515
7354 -9140
9703 -4642
3780 -1161
-5969 3486
4079 -9974
-2774 -8394
5792 -5748
1493 -2510
-1259 2693
-6967 2050
-7999 5049
-776 2790
5922 1759
-689 -2653
-2168 8511
-6908 6599
-8044 -1094
7745 -3485
-10000 9457
9483 -4503
824 4079
-7949 430
7920 336
-6972 3544
-686 -3340
-4571 -218
-3708 1315
-6927 8375
-4279 -4065
-1834 6106
2704 7275
-3820 1258
7773 8381
7838 -2354
6864 7773
5572 -8960
1470 -2313
8023 7624
4888 3110
9771 -5229
8274 -5798
5517 -1080
-2706 -1714
4221 -7689
-7863 3016
4011 -7613
7366 4841
6942 -9810
-2164 8860
-9648 8500
9541 -1580
6107 5925
7269 4731
-2159 7850
-3659 2156
-9922 1332
-9749 -5386
2901 9317
-8373 -2454
-5718 842
6950 -6236
-7675 8293
8483 8037
6896 -7013
-8513 40
8460 7248
3172 -5252
9479 8288
9858 440
-3683 -2681
8651 -3801
813 -3605
-4289 8903
-3552 -2566
-8003 1059
8544 4451
2743 -7333
-9297 -5411
-2423 4946
-1294 7599
4847 2785
7533 887
-826 1739
-4100 7011
-5670 -969
5230 2217
-7668 -7020
-4397 -236
-9082 1765
-7177 5772
222 -7085
-4417 -8633
-323 -7036
7911 -3714
-2394 7254
3759 337
-8777 -3827
7912 1291
-1698 4118
-3130 -2468
-6531 6353
-6947 -4180
5584 -4198
-8713 -1343
-1851 6503
-6862 -5890
-802 8372
-4944 2442
-7551 8876
9850 -3313
7025 55
9949 3609
-5101 8248
6087 7860
-4608 6922
6995 -7044
-1224 2582
8384 -9952
2426 -1919
-1696 9671
-2498 -9426
-7334 1442
-2395 -9580
9296 -2277
4410 54
-6171 -7134
6475 5155
7124 -6223
-4643 -4906
-4263 3210
9887 749
-6669 -7269
-7221 -1338
6743 -4565
-1173 8926
9501 -1233
-9791 -9951
-9531 -7834
3610 -2186
-8412 9766
-3648 -1980
-3105 -4583
2915 -7174
1641 -5982
-9052 8272
-979 7378
-6170 -9166
-503 6073
-4772 330
-744 -40
8728 7776
7825 2477
4643 -7343
4192 8295
-8220 -1747
9994 5780
-5083 -1868
4679 609
4628 7832
6103 -3681
-2582 5576
6411 -1156
-1363 1248
-4702 -372
-6692 7587
5362 4554
751 -4244
-1587 3187
5202 -4606
7368 -7396
-7896 6982
-4887 -8919
1690 742
-1427 9792
-169 38
-4386 -1603
-9039 7249
2217 -4255
9094 -401
-2815 -8764
5790 -3878
1879 -3733
-6826 262
5656 -9709
-3383 8376
5357 6744
-8455 2442
-6816 -5810
-6019 3235
-3006 5478
-6126 7534
4782 2608
-7927 -5164
8156 720
1956 -5113
1009 -939
5328 1466
-8273 -7113
-3100 -7777
-9402 -8897
-8433 7238
-321 9677
-6134 -6888
-9932 6584
2062 1569
-898 -2938
-6610 9657
-1787 -2396
8324 -816
4071 89
9150 4000
-4534 -1200
5409 8199
-9579 914
2018 -3971
-6734 -5260
-5584 3585
-9582 2945
3250 -1717
-6428 -9514
1269 -4689
-1312 6395
-6002 4659
-6158 6902
-3010 -3957
-6237 -8367
4154 -139
1780 2950
-6136 3283
9312 2201
6941 9603
3187 -7423
9244 -4922
7082 7326
-8468 2493
-8476 -9347
-9232 2801
-2541 212
834 -1513
8251 5022
-9625 -8455
1406 -7986
4964 8251
1533 -6815
9107 -7452
-7850 845
3422 9768
-5155 9059
6384 6386
-1122 -4353
-3700 7917
717 402
-9386 789
9277 -8103
-9361 5169
6714 7527
-6739 -5264
-7014 1840
8746 -8054
-5506 4519
-916 7852
-8660 -3355
-576 -7494
8892 -94
5554 -4193
-2556 1491
-8108 -4426
6364 -8118
-2500 -3773
-8604 5640
6887 -1861
6596 -8170
3671 -9852
-7906 9582
7822 2416
3989 309
-9326 -3095
3132 5329
-4766 98
9627 5745
-2765 -5492
83 -2930
2673 2848
9076 -3554
-4194 -9828
2033 -5808
-3978 -3587
282 -1372
-1790 9693
2109 6097
-3594 -248
6657 -3903
-4854 -2920
7179 3510
-746 4101
8610 -9475
-2405 6489
3057 -1308
8859 -9732
-5839 2132
-9956 -5336
4798 6194
-5178 -212
-520 -4920
-8824 6753
-3496 -4691
5127 1303
8384 -3119
-9610 -9728
4374 9283
9808 3365
3574 2983
-4605 1123
5112 -3369
-7517 -5747
2638 9274
5467 -7472
2316 -2565
2515 -5991
-9239 -4484
4547 7413
-1285 986
-8412 -327
3667 819
3822 -4301
9065 1761
-1536 7350
-1527 2638
9269 3859
-8168 -2695
-3422 -4527
-1999 4470
-8096 -4234
3496 -5963
-447 8141
9274 4258
-1036 -5901
7494 1709
-7472 552
6252 1160
-3359 -9930
7421 9037
1674 5105
2684 -386
6919 4664
-9864 4516
2706 -2782
6705 1858
5895 4610
6471 200
-1822 -832
6989 5744
1174 -9137
5136 4482
-638 7423
7493 1387
423 6003
4828 8634
-1753 -4182
-5798 1232
-532 -1113
9826 -5662
6196 -7827
-9497 -9750
450 5811
-5022 6975
6439 -7651
-6788 -8034
-9832 1333
-1245 8348
3456 -470
-747 -3752
-5119 -2401
7138 -2199
9033 6850
-543 -8661
-4323 -1500
673 3003
3253 -4407
-4876 1177
1872 -2577
-228 3824
9511 2031
-6636 6705
8774 9680
-791 2119
-7913 2229
-6452 -7817
-16 690
-2461 -9314
-7975 -983
-8763 -9284
3719 1424
-9263 1911
-3192 -3029
4394 -417
-6594 -7600
8152 -5834
-5409 -7084
-7405 -4764
-8924 -6636
9314 5526
7709 -3116
7574 -7138
-2731 1413
-9571 -4888
-4172 -706
-5562 -4612
7299 9547
238 -1103
8480 -2173
3948 -5368
2519 -8115
-5199 5820
-8944 7110
-5805 1118
364 -4147
2737 -6492
91 -1928
9485 311
9144 7360
-3346 -6365
-977 -1307
1960 4813
-6291 42
-8411 -7802
551 -4091
-2206 9258
5077 -6931
-6101 6317
1155 9854
-573 1815
5324 -8482
3311 -7836
6196 -4586
-7226 6516
-9850 9060
-2248 3149
1682 2894
-3344 9713
-4369 5392
-4979 1966
1223 6182
-7029 2816
2853 21
3595 591
-7594 -5993
-4475 -3257
-1093 -8550
585 -7444
9072 -1177
-2118 7080
228 9223
5837 9356
-7212 -4369
-5257 -3786
8180 -1581
-1679 -236
-7421 3124
-3135 5013
-676 9153
-3120 -5820
923 1730
6901 2405
8682 -6450
2373 -2514
-5435 7754
-9304 -6024
-6669 8515
-5855 6533
-3533 -3881
4538 -1112
8652 -5353
-8509 -3421
-8409 -5048
-5896 -1644
6257 915
-3634 985
-2890 -2820
730 -6734
4473 -4208
-2734 -6897
-2921 9039
-8727 -2038
-5506 410
-9751 -4582
8027 4683
9330 4787
-4914 6678
-4650 -5459
6618 398
-8688 3176
-2119 2874
-9947 1399
8387 4991
-5497 784
7608 2859
5618 1769
9731 -1593
-7463 6891
-3971 -2054
-7372 -7214
7573 -5945
-5546 -4322
3940 -3621
6777 -196
-7021 557
-6570 -8191
3209 860
-428 -2795
7989 5316
1895 7796
3286 9317
-2277 -2487
-1876 6737
-1597 260
3046 4154
8209 4752
-5850 4339
-9283 -3617
6188 8090
-1354 7494
-6977 -7113
7469 5798
-3277 9953
5268 761
2277 -5289
-2252 -2837
4676 -4438
-3980 5471
-549 -7201
-9327 4423
2896 -7504
-9445 -7397
-1014 7046
8857 -8728
-7514 -1106
5503 1223
-2980 -4491
-4538 2971
-2548 3743
-7826 -5550
1613 9729
-988 3643
-887 9
6530 8753
6896 8564
-5220 7203
-6474 -209
558 -4665
328 2513
-4873 -586
-9364 2814
-7956 -9371
7321 1378
-1159 1227
5677 -1507
1943 4737
-1621 1011
-8981 -9046
9707 -8787
9777 7549
8473 -9678
114 -1722
7334 -8002
8232 -9329
3806 -2338
-5804 -2920
1430 4442
-460 -3760
-8813 -1249
-9036 8382
3118 6865
-2125 2907
3861 -8504
-7291 2615
3885 7288
-8669 -3793
8206 2357
8076 1445
5837 5539
-6800 -9972
829 3363
-2196 -2603
7358 -7742
1009 -8935
9447 8546
9131 1974
-1399 2564
7781 726
-6660 -7538
-6530 -5789
4139 7225
3302 -5199
9967 2344
-2118 5099
8848 9524
2886 4804
-4079 -324
1934 -5589
-4524 -3001
-4456 -3336
-7642 -5078
-8794 -1605
9121 959
7142 -7293
-3082 -3818
-2873 -5667
-866 -8944
3400 -5850
-7031 2822
2345 -4997
9807 -8184
5213 -1048
3363 -4273
2726 -2854
7531 8839
-6240 -8009
4107 9889
848 -1313
1394 6949
-3149 1710
6043 8313
9369 3978
-8152 -1102
-8281 6490
-8508 -5183
-3367 7785
-3264 -4981
4467 -8155
2713 -9902
-7343 913
6625 243
132 138
8825 732
1401 -5300
-9870 219
2252 8252
2229 6174
-1208 5341
5551 4078
-7385 4232
2016 7043
-4218 -751
4815 -7527
-3708 -9752
1162 -2473
-8509 2671
-7192 -2214
-7762 5344
-6236 -8367
5573 3639
1890 -6106
-6212 1545
-3115 -2160
-4362 2580
-3189 -7564
-6801 -1747
-8778 -7452
-1258 -1018
2951 6038
-2715 5034
1425 -5888
5620 -1224
-5881 4234
9588 -8422
5218 -2117
5499 5160
425 828
-7612 9287
1867 7310
-6534 1747
-6279 -7602
-5054 387
-6911 -5057
-5299 7409
6164 6040
-9848 5708
-5517 -2412
-8179 9493
-8930 2324
-9794 -8592
-9712 -9992
837 5705
8713 713
1744 6946
-1307 579
2977 8931
-683 2414
-8923 -8356
9053 2406
-1554 -4221
-8514 5216
-3475 2319
1811 -310
-7987 -1654
-245 6602
6611 -4059
-4634 3764
-5523 1168
-1887 -5922
8378 9942
8872 -9474
6661 5076
-9560 -1811
-5685 7739
-2762 -6787
8430 2761
-1200 2445
-4145 -1325
7021 -5669
-9067 -2131
7531 496
-5740 7544
2432 -3383
696 2458
6120 -5735
-5208 2794
-2131 4991
-3100 -4827
-7089 2030
5244 1216
-2303 3870
-3686 7394
-3932 -9782
-5451 2170
-6241 -6912
3585 -4518
-3254 -4990
1627 -8435
7744 -7102
-2836 -3957
8838 3863
2574 5677
-9151 427
-7543 9475
4411 -2518
-8649 7701
5094 -4172
-3954 -2334
-6444 -5118
-2030 596
9799 1036
6046 -4725
561 266
3164 1393
7437 -1696
-4113 -5952
9725 9995
4142 8462
7936 -5705
1777 -9681
-8260 6067
-8106 3128
-5486 -9446
-4564 -2059
-7743 1791
-7174 3407
-7598 -4224
6042 -7408
3986 2964
-5012 2927
-9305 5143
8858 4597
3058 -9580
-1564 2999
7040 4714
780 -9788
3340 8780
9335 6395
-1944 -8425
3366 -1509
-4382 313
9811 9914
-7495 -1979
-5295 9573
2499 -9789
5354 3414
-1990 6916
-8944 7932
931 -8933
9502 -508
-296 1691
4191 4002
397 -3236
-1661 7246
-4263 8453
2487 -4574
-4661 1355
-6904 2297
1869 -2156
-1944 -2199
-5064 -1911
-4996 -2870
-4938 2946
7735 -3940
5552 9714
1404 7236
1238 -1024
5740 -4406
-7160 -4645
-6193 -2200
3226 2298
-6348 6294
-1410 -7715
129 -3251
8271 -5820
2269 -8095
2757 -6794
9874 7273
-2947 7819
-8748 7608
8564 -7396
1580 2656
-8030 3522
8877 1040
-7440 -1469
-9172 -7316
-7302 9507
-8209 -1798
8672 5010
9190 5642
-8733 6942
-6131 1458
2451 4024
5563 -2537
-4930 9504
-4172 6815
3191 -2646
-9124 -8872
5889 8883
-2587 9753
-3843 8450
7956 1963
-6115 2577
-2414 -6532
9110 -7444
-6782 -3225
-8047 -9624
8122 808
8271 8125
-8652 3684
499 -6660
4416 -2824
2025 -6311
-3708 5292
8765 -2087
83 3706
-611 -1357
-8781 -1961
1507 3274
5830 -1195
9301 4337
4713 -7232
3577 -5026
-6902 6555
239 1847
8909 -5554
5343 -5542
1868 3324
2336 1088
9001 8161
1866 1100
-6537 -916
-9157 -5025
8249 -5318
7208 2350
407 7799
-9434 6508
-8519 -4881
-4605 4143
-289 -5421
2746 5634
-9909 -1381
-4337 1809
-7104 1959
3840 7999
2819 -8103
4702 -574
4401 6283
-9036 5545
1615 6370
4168 8173
8401 -7979
861 8456
6319 9883
-1818 6256
5610 -3971
8369 -5351
6458 9422
1381 -5969
-4250 -6925
-5028 -4780
4647 8570
4852 -6606
-7341 2768
-862 9537
-8571 4274
-9985 -6695
-8240 9831
-6567 4597
4574 -8200
-2171 5336
9985 183
-395 -3802
3950 -9837
-6762 -5294
3647 9701
8270 1931
9046 2014
-5218 6842
6378 -8296
9699 3920
-9055 7808
-8642 -6566
8031 -3573
-1773 -1488
-6153 2604
-3492 9777
-4026 -2447
1437 9834
-1740 -6355
-6655 8396
4047 -8094
7642 -4665
-7824 3092
4796 -7577
-9937 -7726
-6198 8215
-8352 -5271
1156 -4840
7393 9679
6004 -6897
-7120 -8760
2514 -3768
-214 2575
6220 -6050
-7655 8046
-6328 -6715
-1380 -9888
3204 -8687
-6264 4517
6792 1720
-66 -2480
2250 -9407
-525 1582
4981 -2874
230 -3133
1828 4705
-5343 3110
-4316 -5659
2012 4443
6209 -4375
-1090 8078
8190 9882
-8806 7531
2047 5114
-3167 -1348
9893 2559
3153 6767
2069 2142
9269 -3652
6936 771
-804 3219
-3672 -1236
6826 3854
2017 5733
-4922 2559
4357 -1774
1828 3989
5240 2547
-2340 3022
-4606 1007
-6434 8215
8702 -4713
-8851 -9561
508 771
-4738 -5862
7357 -2557
9928 4458
2032 -2595
-3141 6754
3033 -5951
5996 1937
-354 -2611
9936 -2177
-5435 -1394
9614 1317
3252 3681
8968 -3100
-2661 1953
-3556 -6163
1697 7847
-990 1706
-115 2774
-9821 -1062
-4309 -8084
-314 759
-3584 8724
-167 -598
7225 9784
-1611 -231
-5194 -4489
9192 -1998
8623 8058
3731 -8121
-563 -4039
-2472 -9825
5602 -8867
3908 -9741
-803 -4514
1124 7808
-1434 8609
-8948 -5470
3933 8703
8486 885
-9347 4878
-9612 -3125
8598 -820
958 9580
-4821 7221
-3098 -5311
-5136 4617
5750 8152
8411 -9535
-327 -343
1185 -2393
-3785 -9204
-4674 9751
-7826 -2733
8152 9259
7858 -9341
1255 -7474
5427 8246
-8454 -147
794 -3615
4795 -3275
-4938 7696
5847 -6621
-6156 -5467
7911 7978
-4416 7238
8034 -904
2567 5520
-7214 -2919
60 4741
9122 -5341
906 -2083
-116 376
-6051 -3668
6438 1430
-8125 4743
6160 1232
4611 659
5192 5727
3705 -7824
9414 3102
-7803 9289
4809 -8832
-1751 8486
3226 -8685
