2000
1862 -7388
-7934 6632
-7726 -7605
-4142 5112
-5256 -6211
5257 3714
-8710 8864
4785 8532
-1781 -1904
-666 2572
9998 1902
8330 -2400
-5220 252
-8216 1348
6946 -1624
988 1204
-2165 -1193
1202 6775
1886 3831
7620 7061
4495 6630
9214 2876
1407 9506
-2398 3998
291 -6653
5249 -9344
-1744 4009
-5740 7299
2368 6758
-4867 -235
-5310 -687
8120 9842
6617 6246
76 3042
3823 -1498
-4868 -2305
-9429 -1683
-2177 -1934
-7936 5699
-7234 9146
9802 6076
84 8015
9035 1779
-1464 4344
-2171 1402
-9286 7390
7231 2519
-1235 -7446
9317 3847
-7651 8841
-3464 3140
-4823 1202
9268 828
247 3000
5866 -4948
-8873 3014
4749 9389
4888 1211
-725 7504
-1095 -6577
-9188 -9175
3344 3340
9615 -8237
5611 -7892
-5330 8932
5792 -8320
2882 4927
-4246 -9032
7690 5870
-5357 9722
2735 3555
6664 -4230
-9298 1205
-1292 1551
8695 3698
4523 -8666
8395 -6773
-5009 -2133
3696 8010
-9339 -9399
-7719 8366
3292 6453
7421 8884
8474 -7234
-7512 5110
2386 -6884
2608 8944
3869 -951
-5679 3310
-2993 -7423
-2368 -6985
-36 -8470
3118 -3974
-2244 4955
9277 -3187
-4821 -1583
-5131 -4722
-5839 -7809
-5042 -7710
7400 -3645
-528 1167
3831 3506
-3724 -7921
9110 -2300
3998 597
7333 -3884
1367 -8371
1376 -2704
-4029 -5516
1298 9133
-2451 -4753
525 -9803
-3891 2419
8430 8407
-5238 1067
-4046 5829
3056 7955
-6246 -6494
4927 9332
-72 -7137
2700 -1076
4274 981
-8002 -5933
2272 -630
-1498 -2031
3217 -6431
-2513 9773
2191 -6259
-4131 3597
-1616 620
169 631
2306 8060
-8435 -6776
-7445 6060
8923 6492
-864 6204
906 1622
9410 -6591
2779 2904
-9128 1682
8972 -4998
-5226 7810
-4728 180
-6224 -9315
5026 1141
-4508 5881
3940 -1085
2140 7798
3857 5505
1996 8416
8341 2779
-1879 -8869
-1739 -754
-7851 -2469
-7067 -5239
-237 -3258
-5448 -8096
2084 8258
-7337 -176
-9036 9581
5462 7689
-3397 -3544
-5747 3122
-1373 -7537
-9121 8110
4609 -5657
-804 -7060
2186 -3550
7702 7457
-7783 4335
-5203 -9366
-3740 5701
7679 -651
9173 -7936
-8355 -9659
8030 -9864
313 -9173
3949 -1646
817 4566
6396 -3704
640 5417
8357 4725
-8825 9836
-8988 542
-1403 8877
9512 -3049
-7349 3395
-3536 -508
1556 -9670
-5608 -4363
-506 6922
7749 -3857
4497 9808
8094 5419
-4565 -4687
-5549 4490
-786 6075
9631 -7193
7071 4110
2987 -9357
-2406 -612
-3497 6219
-4290 3966
8017 2968
8605 7266
4188 -7591
-1448 -1902
1626 5657
4796 -6952
2082 -280
-5791 -9769
-9974 6533
-6939 7144
1254 9658
-5979 -9869
3240 -2039
-5821 5336
-699 9744
2711 3610
4596 1039
3448 5036
-3146 2504
1882 -4280
2489 8481
-1800 -3323
629 -5430
-5176 6130
6994 656
4034 -2115
1737 1968
9929 8055
7111 -5024
-5281 -2172
-8563 -3589
7450 -8850
6186 9755
2258 4618
-9663 -6960
-8480 -5861
817 6547
-8883 3441
-430 -4834
5822 -338
-8733 284
-7748 -145
1630 3004
-8300 -7820
3730 -1260
8873 -3580
1291 8888
8642 -9958
4661 -2523
4238 900
8760 8719
5266 9479
2919 3297
8464 -9897
-235 -3791
6493 4285
-2139 4753
-2244 8745
-5354 -6789
1952 -544
9597 -7904
-9017 824
866 888
-7915 9626
4246 -753
-2034 6323
5801 3005
-3698 -3048
-2945 2440
-7631 -5235
-7230 -9460
5293 -7418
-4952 631
3843 -3231
9946 -306
5511 -485
-5941 9543
4151 6494
9840 8646
-2107 6236
6279 4085
811 9580
-3469 5800
-1761 -9167
-681 3586
7847 4329
6911 2089
-3559 3139
9908 -8042
5373 -5996
7240 -6427
-6885 883
1098 -8702
9944 -9014
7222 937
-1257 1557
1136 3500
-701 9554
-5893 -8613
4973 -8742
5587 3426
-4486 2819
-322 6219
8177 5676
-6600 3306
6880 7271
-1847 -9361
-8063 -6285
-5298 9251
3909 -4398
-9121 -8077
9145 -7349
-4075 5737
7124 -1557
3423 32
-6543 2097
-1364 -991
-4773 2692
-1632 -7965
5341 -2875
-5605 1768
6129 5941
9657 6269
9241 -8214
1109 -5642
2 3149
9521 1989
-2275 -854
-8690 -4555
5477 -5152
-9335 8454
-2538 -7346
5346 -698
5058 6411
-2744 -2566
-7077 398
-3661 5372
1640 9052
-9163 -284
7795 4601
-2251 5668
-2344 -2204
-9337 990
6435 5381
-6051 -4306
-5853 5632
8286 -5385
7638 5330
5461 3632
-5214 2695
-3187 -7284
8088 -2291
481 6873
-3412 3449
-1951 5040
707 -5618
5900 9520
509 8363
7464 -9717
-302 -3056
-3704 -8588
-252 3845
2895 -5418
-8066 -2615
-6200 -1644
1072 -3280
8151 614
1207 2881
-3671 -1369
-2609 7796
-4102 4378
7618 8098
-9820 -4482
-4199 -1873
8792 -8636
-3502 5499
3064 -4913
3390 6246
-2648 -4041
8036 5324
-4235 1152
-4514 2828
-4292 -6085
6267 6694
8210 2037
136 -2621
-4524 -2172
3347 -2247
9601 -622
742 9148
8368 8392
-2800 7240
7207 1431
-8890 -9411
9635 -5442
9431 -7134
5695 -4601
3035 -1362
-948 -8598
7161 3022
-9600 982
8810 -2704
8770 -402
8976 2156
5025 8371
-9518 -283
678 3392
-1457 1403
1993 -2116
6163 3375
6241 5348
-9254 9314
-2049 1935
7059 7502
523 -9277
1705 4219
-8486 924
-9479 515
-7330 -5996
-3905 -6783
6655 7695
4807 -3422
7981 -2668
8937 -6650
6725 3694
-959 8820
8134 6686
-1379 3508
1009 -195
529 -600
-6382 -4747
9898 -7767
2748 -1147
2857 -5861
-2644 9140
-9446 8953
-749 -5990
5064 5362
-7568 952
-5354 4000
6541 -7123
9563 7408
916 4674
-5522 1904
-8697 -4355
4619 5007
-9039 -5079
3774 4516
8655 7430
-9711 352
3025 -269
7463 -9156
6206 -7725
3227 2526
246 8638
-4765 -8407
-7278 -3214
-8541 -5203
-9578 7359
-6997 -341
-1614 -8275
368 -8657
5859 3068
498 -2138
8214 8235
-2035 787
1631 4959
7234 -4573
-8327 1557
3915 4182
9496 1920
-7574 9150
-2332 -7783
-6704 -2393
-9014 -1910
3536 21
1364 -628
-7560 -6097
5487 -2778
-823 6659
-2555 7421
2380 7143
-3710 -7203
8075 3334
1236 1685
-2675 5711
8581 732
6670 -249
-8922 -3752
8059 9967
-13 -7936
1437 1595
9219 -4929
2293 7598
4256 4705
5847 -8530
-7667 -4579
1939 -1774
-4720 2344
-5972 14
-4276 6517
969 1353
-5175 -1975
4274 1359
5046 -4097
1689 2332
-2353 -1247
3824 -6875
-5557 -3134
-4709 -3883
1308 -7581
-2160 -5142
6805 7362
3426 9780
3514 -7915
8602 7455
2528 -7042
983 3291
-5351 -8927
698 -1023
-4970 9696
-1552 -7614
-768 2677
-6737 -4007
5831 3675
6094 2276
7134 -2862
-1780 -2346
1154 3939
9745 -8355
-7180 -1612
1346 8346
5357 9070
-9858 -3950
5027 -9995
-6579 840
3226 -6223
6455 5591
-8417 -7543
9853 -6562
5714 7414
-1728 9667
-2679 6569
4228 6492
-8143 -7805
584 3972
6038 -5322
-6253 -8071
1700 1394
5120 -2390
8451 448
4225 8542
7853 5397
-8425 4400
7839 9436
-9431 -8573
-5185 7273
7562 -1159
-947 2136
4331 1789
-519 910
9309 -1365
4286 -4482
6912 -3224
4387 -4015
6433 2032
4294 6558
5675 4379
-1222 2146
5302 7250
-7602 337
-2390 5871
-5289 -2787
-6931 -1108
-9319 7485
2115 -8880
-244 162
5681 1424
-8080 -5959
3747 6313
2065 -9973
6585 180
-1721 -3642
-7776 5981
3230 -9223
1115 7526
3396 9349
282 -7555
1337 -8173
9312 7072
8193 2018
-4099 1427
-3429 1669
5710 -4698
-4665 -1509
-1481 -544
-6644 7401
-2521 -1176
-5196 5356
6134 3425
950 -8245
-8897 -2752
-307 -5654
-106 5107
2178 -5250
-9511 -794
-9368 4091
-4241 -3610
5413 -2797
9415 -4811
8367 -9253
-8132 -2067
-9522 -4557
-9201 3069
-3507 -4718
-2963 -9347
-2099 7443
-4491 1862
689 -8686
-3936 5404
-5391 -7134
-9322 274
6664 -1038
9886 -3563
5348 5797
-9735 9300
954 3714
-7123 -7867
5202 1432
-9566 -2603
-1950 -8306
-7142 1193
-6946 9672
-9015 -1633
-2509 7464
-5950 771
-8956 5821
-5218 -5272
4887 -8571
-9054 -1612
1409 234
-2332 -8789
-6655 -3917
7515 545
7943 -7733
-2317 -8331
2862 -4008
-4336 541
-7372 9637
7100 370
-5139 3841
-339 -8850
-4122 -373
1056 8165
-3448 -9236
4719 2002
6935 -8319
-2236 -7614
6653 -9721
-3733 -1001
669 4595
-5693 3950
-1789 -6470
-6833 3692
-2217 4561
-1599 -6013
-4863 6365
-4009 -8218
9947 4737
9222 -9233
6491 220
1901 3941
-9953 3425
7425 -6614
2385 6700
5015 -6309
-8638 -3226
4026 -6957
-9545 3294
-2146 7193
-8821 -1762
-5397 9976
-4521 38
-5226 4315
5083 -4575
9366 -6005
-8344 1573
-5003 4988
8374 -8296
-7876 -3858
-167 4479
-8747 7140
-9818 4916
-1790 9000
6192 -5642
2597 9785
-6519 -8909
4850 -9080
5235 -1040
8106 9624
-2660 317
-4390 7472
2459 -1004
700 4328
-9531 4553
2752 2825
3685 4024
-1061 7726
6725 7588
-8055 7149
-9346 6637
7729 8263
9183 -5865
6816 6299
5923 8139
2176 4921
6113 -6738
5979 -8493
5835 -1429
-3156 400
-6776 -9975
4049 9597
7322 -9371
8217 -7013
-6143 4047
683 -6118
-7855 -1768
6088 2132
-1569 -4952
-3093 2903
-2177 -1926
5057 9084
-9410 -6064
6228 1035
-8566 -9855
-9830 -3207
-3611 -1621
-992 4219
-9073 -2569
-4802 945
4828 -1495
6737 9603
1734 -9307
-538 6545
-553 -6115
5680 6370
5453 -9010
-1353 736
-4508 9764
9909 -5125
5389 -3074
9027 -9921
4298 -8223
2929 1755
-7300 8946
1171 8128
7730 -8752
-4338 -2093
-5549 3184
-9210 5124
1493 7619
8610 6470
-2794 666
429 977
5852 2698
-6656 338
417 4961
6738 -7630
4126 -1565
1102 3388
1515 -9454
-4485 -7728
3901 2965
-3852 4898
21 -7928
9692 -3062
-6592 -4765
5901 -7979
2998 4335
753 51
-9612 2571
-2469 4097
-9812 4526
-7040 -2010
-8623 8035
8581 7783
-9945 6613
-423 -2184
-7287 3956
6028 9446
105 6455
-8311 5719
-8540 7234
5289 -8689
1362 4459
-2971 -3959
-9863 5471
-4 8281
-3730 -9675
8360 6677
4460 1368
-2020 -9340
2197 4515
2191 -8723
-5556 8631
5086 -1782
-2342 8270
5503 -9505
-4473 -882
-2703 4512
-9448 -9391
6080 8047
6328 -5590
-5264 -3925
-3527 -7403
3966 -3184
1198 -5347
-7112 -4334
665 -2885
-4254 5079
-2983 5109
7099 -5448
-1232 4675
-2486 6322
833 4296
4905 4811
2858 1385
5795 4706
-5499 2906
5503 -5749
4789 974
5627 3189
-7424 -293
6822 8515
7314 3241
2070 -3712
4561 -5669
-7274 -832
-4511 -6671
-8655 3961
-1228 6322
-2294 9971
4676 -4650
8256 -2779
5194 9178
3872 7479
4389 -18
9689 3220
5455 6965
205 -9770
240 2769
-9180 -7726
1442 -5200
1850 -6454
7508 6931
3252 6916
-9393 0
9071 -5322
5620 9004
-8099 7326
8525 813
-5485 5774
-1007 2913
-123 -5797
-1845 -1832
-9064 -9919
-3924 -7885
-3085 -8244
-976 7518
8169 -7514
-6878 -3469
6531 5141
-6461 -6271
-7267 5601
6647 9160
-28 -5366
-5872 8892
1805 4488
-7589 6842
-4990 -4598
-795 4287
6402 -333
1424 5281
6520 -2962
3245 -9553
699 4688
-171 6367
-9904 950
271 3368
6248 -3450
4905 -3083
-471 -59
-5572 9034
9596 -4946
457 560
-1432 -5395
4273 9662
8663 -5031
5728 -583
3585 5182
-130 -1028
-4661 -1996
8954 -6581
6787 -844
5706 -776
9862 6756
-3304 610
3364 -610
4445 4845
-875 2960
-8715 -5099
-1717 7693
-3617 9279
-1305 -3055
-7873 -7890
1083 -4000
4004 5718
9137 -9858
-702 2957
-4099 9644
6399 -1276
-6946 -4238
5153 -6906
-8341 -9861
3099 3318
8219 785
-1523 4384
3663 222
7167 4860
-9309 -3922
5800 -6986
-7548 5495
5637 -197
-3519 -8412
-5047 -1345
-8901 2382
8145 -4928
1888 -5847
-5708 7018
335 3547
-5669 -8889
9217 2274
-7505 2809
1389 2879
-7323 -6618
118 5801
1295 8477
2001 2570
7880 -3069
9307 8482
4584 -3447
1625 -9595
-1720 2728
3466 -6488
-9220 2572
3684 -6200
9795 -4889
-8360 2900
-501 -3990
3114 6751
2551 5897
4374 -6769
9522 -6154
4498 -3626
-1424 -8879
-2326 3805
7931 -6841
9609 -6980
253 -3790
-7497 3074
-9405 1033
9866 9908
6528 -9611
-3600 -4774
-8024 -253
-4357 -6766
186 4528
-7906 -9984
111 -293
4550 -9688
4117 8687
-4433 -7777
-4757 5769
-8022 -4825
8249 9218
250 -1798
-1891 8844
-7046 115
5342 -5364
4383 3075
6309 -8962
9287 -6253
-6237 -3506
9922 -8620
-8307 7596
-9998 4471
-9585 9531
5299 -4431
744 -621
-1404 -9002
2921 2714
5278 8847
2682 -8970
-613 8232
1306 1744
2783 -2509
1238 -2386
7829 2069
7171 8722
6317 7751
5942 8864
-7886 -9960
-670 6357
-543 -8866
-4147 -9926
6509 8053
-9381 8774
9804 1786
18 7023
-1234 2912
-9598 -4956
6380 -4731
7339 1640
361 4208
5679 8230
7093 399
439 5342
1698 -7073
-5939 9769
-6437 -5125
-7072 -86
-1312 -9929
5579 -2732
-5710 2212
-4877 -683
4361 3057
8326 -4475
-9115 740
-1331 9385
7614 1247
-8355 -1932
-6591 8427
-4925 5805
5573 8829
-6297 -864
-7229 9137
-7072 352
7621 5180
1112 -7773
1544 -8090
4967 6236
-4519 -4095
-9635 7014
6398 88
-8666 2755
-5456 7733
9880 -3300
-7496 -2047
502 -5046
7812 8077
-9067 4206
-1722 -9418
5762 -2417
-190 -4102
-2191 594
550 -8646
980 -3504
-2770 6032
-160 5066
1542 -2651
-4919 1174
7874 6086
-5962 -1319
3636 -5902
-4105 8262
2467 1447
5750 -3171
8133 -5535
364 5232
-4175 1663
6738 -8107
2110 6376
6128 1438
-3496 9341
410 -4033
7141 8046
4131 9212
-2108 8735
-7168 -8111
-9850 -4752
6695 -1273
9277 6338
-5476 6165
1396 -8871
2793 4888
-9499 7222
3597 -470
-9032 6332
9393 -276
9412 1193
2959 -198
-987 -9728
9007 810
2699 -9374
-4126 -4441
8007 6571
6629 -3710
-7546 7284
-7867 -8848
9761 3851
1072 4926
-1823 -6018
-9686 -1611
-8167 2866
-5942 9707
3230 -8756
-8484 7017
-2174 -7758
-3411 -5757
-198 -5755
-5464 2464
8754 1529
2533 -8835
-3962 -5072
8779 4667
-408 -4201
-219 3571
-8041 -8511
4355 3816
3523 -6208
-1243 -7867
9150 -3248
2715 3994
8237 696
8663 9305
1768 1759
-6712 -6802
-1916 4242
9170 5821
4208 7844
-2637 -8331
5240 -2479
-990 7144
4681 -9080
-1567 -2914
-781 -1797
8676 7191
1184 2090
-3494 1390
4415 3142
-5100 -4832
2088 -97
-2135 1909
1451 -6108
-8265 -2965
2425 -4342
3179 -902
-37 -2336
2305 -4090
2996 -5357
6567 -9262
-8351 -7786
8025 5242
352 2833
-305 -5469
-301 -1512
8391 8317
225 -4493
-600 -3744
7012 -4604
4776 4856
-6046 3157
-9180 -2046
7585 7638
-7720 6847
7585 580
6516 8847
7809 9234
5787 4540
9071 1881
-9632 -4518
-2481 2491
7998 8760
-1264 7744
-3139 -2603
-7747 -532
-7376 -8364
3311 -72
-2435 -2835
-5989 896
-8525 3566
6133 -4684
-5451 -8289
6252 3941
-458 -5943
3260 5322
-2188 -89
2391 -9222
-7758 -469
-9352 -5153
4315 -897
4460 -3378
6550 -9341
-2176 -2229
8667 -2165
-4879 5557
-9128 -6138
-4426 -8747
8915 -857
6921 -8175
-9133 -1543
-7912 180
4679 2401
-8069 4479
-6954 -9359
-255 -7421
-798 -8919
-8260 -2075
5696 -528
-8972 3285
2562 8083
-4334 -3851
-2597 3435
-3702 1240
6786 38
-7785 -3061
-9161 -8627
3774 -5697
-7498 5518
6159 9426
-4274 -4452
-3371 -376
7550 8649
-1880 2090
-4625 6966
5049 2869
9019 7937
5092 -5565
5675 142
-9821 -4890
2049 6181
7554 -7605
419 2888
2126 5049
4474 2922
-7810 2006
-8371 -9801
-7432 2541
-5370 -7101
9866 4410
-2722 3726
5384 8635
-6931 -3704
-9842 4196
9307 -7536
8645 -5941
175 5076
1685 9919
4967 -9407
7236 -2469
9537 -559
3361 9427
1967 -8834
-5935 9651
4060 -9683
4044 -2349
6 -8663
1355 3148
-2657 6796
9260 1513
5572 370
-833 -8376
-8457 -4254
61 -9149
-1618 6510
-329 -2704
-3278 -2081
2806 -3247
-3597 -7591
-3552 -9409
1964 -9538
-4480 -9509
7360 -8031
8766 6875
-1612 -5298
8794 -8255
-6630 -2320
3427 -2040
2532 -1366
-4857 -6513
4504 -5366
2553 8536
-991 -5053
-2644 -921
-329 5412
9595 3804
8016 -4645
-2676 -4886
-8011 9096
-6202 -190
1556 4098
-8223 -3688
4272 8647
-2720 8925
-3868 -3197
1437 6144
4679 -9364
-4417 -2289
-9490 -2592
-3460 6660
464 3902
9257 -3866
4970 2200
1296 -3419
-9889 -9321
4777 8815
-4874 5388
4034 -9726
9200 -6882
3642 -4966
-8822 -4669
-312 -1201
-9770 9578
-3014 5271
1931 -9259
4643 3526
-6619 -3885
8315 3900
-5799 8351
-7250 3331
2145 -1967
-6579 7527
-8479 -9009
-5891 7455
-7511 -9280
-227 -8529
271 -2612
-3035 9461
8453 501
1242 3951
-2523 383
6498 -394
-2774 4579
2929 8533
5585 1427
9460 5679
6926 1450
2442 -3399
-5944 8447
-7112 -9729
-8257 266
7654 6382
9563 2014
-3765 -5382
-7710 8015
2118 7478
804 3488
-1934 2336
4590 8030
3177 -9006
-9607 174
-8377 6357
-7042 -8961
9486 7786
-8222 735
-9000 -3906
-3804 -2758
-7024 8654
-3008 -520
-2506 -789
409 -718
-7231 -6667
5669 -8788
9242 835
5550 258
-5848 6139
2496 9664
-9298 -4224
-2718 5454
-3812 -6091
3 -940
6302 909
3283 9921
-600 9278
2210 -9726
3278 -9386
-6053 -7382
-6169 9768
4324 9617
3595 -3207
-3347 -127
3258 7748
-2756 9149
8323 3960
7869 4526
-2693 -1769
9140 1593
1513 -2671
328 2422
6417 -5367
-4753 -7463
-4845 3415
3183 -805
2532 2707
-6779 -2494
-8901 -3874
-2406 -126
2743 4357
2038 4838
3085 1065
9296 -94
-8502 -5888
1441 -7845
8298 6732
-8636 -4511
-1974 4714
1850 -3388
9528 6903
3330 -4968
6259 2059
-8095 -9729
3866 -8922
9157 -500
-1942 -3392
-8607 1194
-8901 -8858
-1025 -5591
-3436 -3681
-6950 -9584
-374 -1418
-2983 -5585
4748 -8627
8276 8867
-6102 7996
54 5326
5598 -6123
-1324 5680
-1100 -537
9793 -2168
-7254 6959
-8179 -8815
-4405 -2433
3886 797
4934 5880
-5538 -9344
-4929 -5441
-4068 1479
4066 -6461
-8466 -2072
-3025 7964
-4439 5309
4710 -7428
5756 4237
-4210 -6391
-5712 9269
-9546 -1464
6103 -3890
6907 -230
-4351 3709
4366 5561
-6160 3832
-969 -6843
-3303 -227
-8579 -6904
-5220 1952
-2739 -1604
4689 341
-1701 -4309
-700 4166
3434 4089
-3655 3589
9699 3888
-2622 -7552
6157 -9675
9607 6749
580 522
3680 -6554
6940 -6668
149 -5903
6049 8362
478 4930
-1009 -2970
2721 -1112
-6947 7290
5099 -4258
9331 6487
4096 -8556
-2387 -7251
-3205 -4806
-8058 -2510
-8267 -3599
-153 6244
9576 9134
-6770 -3213
-1131 -276
-1626 -7001
30 -6933
1955 7366
8376 -3529
2213 5008
5216 7196
-7640 5264
8013 3032
-8054 3694
-8817 -1472
4929 -6111
-6147 -7084
-4230 -1503
9005 -2851
-9407 -1000
5721 1594
4661 -1032
54 -529
5942 -3384
-4656 2150
-655 1876
-2861 -5720
-8968 5426
-881 -1127
7401 -7021
589 303
6940 6051
-1732 4442
-8410 -7290
5431 -2728
8866 -7817
4872 4872
-5658 3526
-6138 -5075
7076 -5995
5881 2928
7208 141
-4433 -6981
5613 -8039
-1339 8407
2430 6735
2785 9250
7412 3091
9522 -8948
2045 9002
-5095 4952
-176 4631
1877 -6502
-1577 7887
-8109 5740
2388 -781
-6919 7772
-5488 -405
5277 2369
775 -6155
-9421 -6063
-6814 -6795
6296 3364
8137 -5682
-6681 9538
4489 3902
-1468 1946
5444 -1967
-359 -9591
9870 -2413
-9473 1532
-696 2257
-4428 -6392
9698 7537
-8619 -9151
-1493 472
7398 -8039
9046 5415
9733 7414
6951 -9097
8526 -3227
8719 5161
-3086 -2942
1188 7883
-4531 6555
-1913 1057
-6687 -283
3325 -8889
-7632 2606
3455 3022
-2785 -2530
3152 -8038
7377 -1667
-4253 2198
6822 -9171
-2398 -3582
-4701 5347
-3875 -3680
-2077 2214
2489 7313
-1631 7114
-3170 -5704
-872 5403
-1991 -6124
6898 1496
8967 -4816
867 -2167
6167 2118
-1964 1964
2794 -4366
5773 -1422
-2354 -9605
437 -8928
7007 3771
1084 8360
5473 -505
3792 -6827
-7703 -3976
-100 -7081
8137 4027
-7069 -3203
8352 7103
2941 3799
-4238 4518
-6128 -5302
3276 8556
-7328 9645
-9284 -5358
8414 3109
5189 7723
-2782 3218
-9889 662
6686 -5270
-2351 -3871
-9845 -3415
7103 -494
329 -6913
-9394 5454
3692 -6730
1689 -3632
-1355 7564
7209 -1315
3328 5038
-1854 -8355
9369 5462
-1321 -6666
7717 307
8758 2511
8641 8123
-1572 -3594
9634 -7484
-676 -748
-1574 -38
3232 -70
-9981 -7882
-6598 -1359
7327 2385
-2578 -5669
-4023 654
-3885 9289
-3657 -934
9373 8515
4746 -2219
-376 8130
-1744 3386
9624 8053
1025 -2111
7852 -1053
-7402 9451
-4711 4804
-6555 -7383
8723 -1308
3023 -5508
5146 -3856
-847 -7280
1786 -5019
-2784 5496
-3003 4879
6729 -8039
9069 6622
4674 -5015
6595 8692
1359 -4302
-1131 8167
6692 3957
-9706 4159
-3429 -6143
-1651 9017
-4840 -6686
-3965 -2785
2196 8034
3530 7821
2700 -6868
-4907 -9474
-9132 -572
8134 -2118
-3427 5542
-5040 8450
-9664 -8347
5610 7551
1709 -9252
-5395 5905
4921 -8000
-4686 2954
-6111 -6198
-8165 1349
-830 9806
-7063 9086
-6667 -4410
8739 1752
9634 -5799
-6536 -9407
9043 -72
1581 -1576
-4026 -6901
-6152 -2810
-3185 -8597
-6597 -1547
-4872 -8264
-741 -1282
-6213 -983
-1177 1094
180 2957
-7733 5481
-2768 7234
-8566 -8994
-4680 -3134
6794 -5102
7044 -1917
1182 -1626
9285 -3262
-1858 8751
925 -3900
-2164 5266
-6017 6053
-1210 -9185
1909 -2229
-5552 -8667
6815 -4191
-6958 437
5164 -2233
4633 -1802
3096 -9517
-1434 1426
-6480 139
6878 -6532
-7781 -7195
-1095 -1260
-5995 6865
6638 -9539
-8724 1710
-6799 -4573
482 6906
-7285 1370
-8194 1017
8784 -522
7676 6970
-8827 7138
-1437 772
-5369 3460
6929 5805
8610 -4771
3969 -7132
9733 1235
5417 -8305
7126 -9910
-4483 6693
7319 -9674
5417 9720
4457 -9967
3233 7224
7914 3241
378 908
-4600 -7192
6268 -7339
8466 3753
8982 6917
-6495 -9205
5751 6672
-7913 -3042
-2952 1167
1580 9213
-6741 6287
9727 -1101
2653 8676
9620 4184
-2576 -4115
-9486 -8746
-5938 -8478
-2096 -4086
9667 -5950
-5312 -3630
886 8649
9041 -1807
8873 -3363
7804 -8873
-9661 -359
-4073 -616
8283 -2681
-4006 -625
-6442 4656
-9459 -4386
589 4703
6225 -8945
690 4651
-7579 -5872
4219 357
2726 -2891
9024 -4895
5463 1766
6614 -8384
1257 3266
-3630 -9327
-2008 -9095
280 -1627
-6971 7707
-2959 3838
-1460 -6430
-1654 7630
6001 -1515
6334 9036
-608 8423
-748 553
9379 -4162
-8676 -1725
-109 8562
1827 7938
-7669 -5131
-4226 8198
291 323
-1970 6054
3612 3320
6890 5071
2701 -4128
4357 -4765
-2008 2422
844 4411
-1316 7384
-3057 -9904
2092 1783
344 -1733
-74 -4296
573 -7829
-5911 2257
-7420 -9933
6121 4380
1421 4331
-599 3453
9325 -1690
7267 -4178
8245 7402
1812 -4742
-3638 2809
6626 -9504
2279 3305
-4707 -1282
8143 -7377
-1485 5219
-2525 -1285
-1218 6325
4425 55
-1894 -1377
-7925 -4155
7877 -8772
771 -8601
8801 8864
-5879 -985
-4455 4333
4829 4204
1230 -7830
4609 829
7173 6523
1741 2751
-4814 -4313
-4268 9216
2992 3968
-3689 -9844
-3998 -5182
-3954 2107
7227 -6122
-3538 6818
-447 9748
4081 583
-1493 5098
-9011 2630
-6542 9737
9980 5598
-1651 -9370
38 5441
8378 3535
1224 5770
5927 1369
9908 7535
3363 -4351
-473 -4046
-7229 589
337 5989
292 6045
1143 -5583
7047 -7481
-4023 5853
1450 -9495
-5144 -323
-4882 9799
7055 4895
664 -6505
8585 -1722
-467 -3410
2239 8492
-5555 -7105
7206 -4514
-4805 937
-3018 -2458
1959 9208
-4552 -8155
7698 2726
3231 1425
-5178 -853
2667 -8192
6703 -60
3435 3442
-4560 -2634
7678 2019
511 8694
-4690 3637
-7156 4956
-4107 -7485
57 1760
4689 6596
8441 -4264
8462 -9864
5282 9859
2726 1693
7222 -9897
44 -887
-7446 3924
-4990 -2801
9219 1715
409 -3592
-9955 -271
-1595 5719
8234 -3390
8370 8019
4614 2011
7747 3058
6915 6775
6633 6208
1621 5917
6021 -641
8472 -1158
-7235 -215
6984 -5253
6462 1497
7905 6202
-349 -3130
-3691 -8330
-1720 -8223
9796 -5458
6553 371
-2851 4410
4905 8020
4228 -5936
-6299 1538
-5383 -4152
4691 9722
3227 -3191
1556 -8824
2673 3932
133 -1982
8609 4299
5969 -6495
-4718 -5082
3181 -2030
8341 -1202
-3072 -266
1474 -790
6995 -8167
7092 -4299
1550 -9304
-5862 -8292
-1483 -39
4858 7366
1297 -9927
1812 1252
-4450 -4850
2376 4141
9059 -4761
3209 7658
-3544 2240
-4306 5270
-5520 3384
8938 7168
-7131 -8526
-7830 6029
7737 8140
1821 -3691
-6326 -25
3769 399
-8350 8692
-6159 -4420
9721 -2800
6161 6218
7596 -7500
8461 -631
-5361 -2228
-5123 -5846
-4958 -881
