2000
-7667 3438
-357 278
-3443 6126
-276 -8866
-2226 9379
7959 3078
7223 -6278
-7155 -9839
2353 -4455
4744 9184
-4886 173
-9085 7947
5739 1998
-5278 -4365
4908 2244
-597 -9529
4470 -9039
7088 9046
-6100 -8974
-5874 532
-6391 1674
9118 -7916
-7755 -9168
-3623 -4317
-5133 8319
2212 -5158
-3491 3702
-579 3128
-7517 -7753
8213 4143
4614 -8889
-7927 -2385
381 2804
7551 -7119
3413 4282
-324 -8324
-6240 7023
-8425 2514
8198 -273
-1955 1673
6515 -3215
-5793 -9743
7106 -6977
-1008 3628
-2230 9589
-9300 -2796
8540 -3896
-7372 -3506
-625 -1080
-6799 -9821
-8145 -7213
-6470 6599
-888 -4384
5343 -1174
-9501 1030
7815 -2892
1086 -9266
-6242 -7978
9371 -1809
1501 6471
-6326 862
-9314 5922
-7585 -7787
4854 -6685
-6506 5511
-7982 8056
4654 -930
8407 -730
8096 -2514
8517 7470
-5422 -7685
-6950 6331
-7927 5664
-2424 529
720 -4835
6027 -7203
8719 4394
-9673 6713
-6252 -5146
-5915 5181
6957 -2758
6313 -3897
9094 5331
-7183 8440
5910 -9090
-3054 -4946
-4895 -9513
9872 -4
-5755 -2821
2344 1168
3965 4965
3079 2091
-1197 6404
-5022 7127
6029 2552
-6486 -937
8888 6706
2037 -6453
-8013 -8299
-7389 8575
-2651 7897
-7896 -442
-6726 2454
-6647 -8025
6865 1241
-74 9418
1508 829
954 -3274
-6148 -5968
6584 5932
-1284 9881
6587 -6182
1087 1324
3025 2344
4639 3074
4691 5637
-4806 -8013
8162 6795
-7510 2189
-6571 -8485
-9068 9355
3905 3356
-9919 2441
6473 -5142
-5490 -2346
-2465 6777
-5685 3226
-5451 -2158
-6094 5402
-1525 7575
6932 -7735
-2027 -3114
-6320 -4154
8035 -3866
-2351 -3829
-754 -8536
8541 -1418
-5257 -6850
1729 -7658
-4 -5064
-4567 6240
3186 -8749
2814 -252
-4850 7736
9031 6720
-7295 7346
-5768 5962
-4472 678
6813 -2088
7804 -6438
-1253 -1818
6764 -2950
3921 -2713
3350 -4773
163 -4350
-4390 -6654
-1682 5596
-935 8796
-9749 -8868
-8428 4215
1560 9282
8964 -5722
8677 5792
-2575 -5509
1775 5489
-6329 -1051
9720 -9479
1530 -5845
-617 3641
-6989 -5121
1946 -6734
-7417 -1379
-2584 -6015
-1162 1648
-4138 1389
670 410
8409 -8858
-9345 3355
-8434 7086
2574 -1920
-9251 3341
3863 9966
-2158 -9531
4110 -887
7713 7225
-5789 -9159
3183 3380
7365 -3206
-7838 -5681
5708 -3798
-9668 1745
2888 -3622
-6547 8742
5827 7264
-936 -4981
8361 2121
5808 -187
282 5944
-4944 -6351
-5406 -1888
-1047 -3511
9869 -1195
9321 -7865
-3545 7233
-2845 -4797
6949 -7838
2261 -2512
-3771 3557
820 5714
-9267 -4224
-8383 9884
3417 -7186
8758 7425
-8927 -6301
1811 -2466
4023 -612
8194 -5515
341 7613
4845 -8766
-3563 -9484
-3600 -4279
3209 -2894
-9338 8661
8096 -6842
-1066 5203
5086 -7451
-4637 4272
5418 2224
5923 -2159
9096 6491
-400 1454
9660 6839
4451 1514
2748 1
517 3017
8738 -7095
12 6917
9299 1946
5104 4395
-402 -8886
-6337 -2242
-4250 -1596
-9373 2747
-5692 -8833
-8621 6550
1725 -6597
-9759 979
-7508 1384
-4895 8414
1430 8961
-8135 9344
9981 167
-7888 5598
-7 9279
-9608 -9064
2415 9591
-2006 -2224
-9478 8165
9333 2343
2613 -1449
1954 -5568
5411 -5663
9443 5917
4330 7903
-9417 -5453
-2389 -4241
5926 -7552
8047 -2408
591 -8242
-3585 -1961
1350 984
-7520 8830
-9286 -6936
5407 -6997
1554 -6233
-1801 -1980
6078 -2771
-3134 -2670
-1047 5520
-6212 -5084
675 -464
1985 1399
-7289 321
5800 3752
-4489 3303
-1993 -7786
-5236 6861
-6355 487
7211 -801
2967 -7227
793 2486
9715 -5114
2217 591
-3889 301
5217 -8831
706 3620
-1261 -388
-6347 -3589
-6117 1451
-1526 9453
-4613 -606
-25 6481
-3033 3872
-6930 7341
-9887 -5822
-9616 9758
-5356 906
-8503 -6181
4120 -9419
-8250 1329
-1331 3057
-7332 6177
-3692 -8872
2579 -3679
-506 191
-6695 -5227
-8747 4881
-1248 7001
4342 1942
9841 5543
5301 4455
-4639 -9776
-5957 9945
-9475 579
-4372 -8117
4940 -4004
-4106 4297
5425 7608
-2351 5923
-165 1725
6498 7143
5744 3140
141 -8528
3414 -1784
-6242 -5518
8937 6975
7199 9059
-7277 -1982
-7683 -5038
566 -3031
6687 -2055
-4038 -4495
-3167 -7420
-7777 -8613
6833 8203
9066 2058
-1081 7051
-7757 4809
-3255 9060
-2738 9378
6352 503
3283 -81
7938 7271
-7768 6006
-3304 -9746
1921 6519
-7977 -6618
-317 7883
-7010 2577
779 1906
-6036 -6457
-9406 -156
-1627 6604
5663 -3442
-4064 5118
-4379 -3355
6564 -7713
9559 -7376
-7650 8222
-7803 -4489
-7970 -954
2428 4118
5721 -2226
-9649 -7890
7738 8712
-7746 4851
-5305 -4578
-7975 -3431
3128 3068
1907 7688
-1947 -7216
-4929 7528
-6128 -5384
-7162 -1650
7583 -3778
5269 -4965
-7127 -6667
1107 1417
3528 8594
7305 5179
30 4986
-9593 -6720
3570 8446
1513 -7568
-6160 418
3202 -6581
-5333 1893
-9771 -8006
344 -1461
4762 -3212
1823 1647
4980 3751
-4833 8417
7011 -192
-5014 -7585
7401 8036
-4964 5016
3461 7808
-9761 -7673
2745 -1305
5835 -2200
9693 -332
1662 -5777
2762 9923
-3290 -4274
7374 1244
-1285 -7746
-5609 2353
-4119 3883
6298 -8599
-6842 868
-396 7420
5227 1915
4242 -6935
5481 9188
-3013 708
-9625 1315
9259 401
323 2037
-8517 5742
-3015 -9247
-3272 8857
4931 9422
3304 1120
2521 -9189
1679 3322
741 9400
1315 -4996
-1931 -311
-1124 -723
9985 -2730
-7695 9584
-16 -9641
6117 -8436
7306 -5973
-5219 7601
6457 -1989
-2568 1509
-3651 5108
5920 -5544
7779 -7409
-8010 1319
6323 2240
-8072 7026
-3697 -1888
9103 4525
4109 -3713
368 -8592
-3307 -2187
1841 -3516
-5916 -6002
5730 -9658
5572 -5738
-6910 -6838
-2382 -8079
-5488 9010
4050 -883
-8643 223
-2751 4093
-7795 -6715
-8469 7273
-2720 -8693
-3564 5640
-2827 7648
-5868 3129
-9153 -7266
-6924 1937
9920 6578
9740 -7631
-1989 -6990
-4260 1078
-9805 6244
-3534 9790
7604 -8448
-1442 7436
8429 9809
-5164 89
-551 -4291
-6644 1273
-1878 6623
9357 1209
-3133 -1030
-4453 -3846
2244 -3214
3517 -993
-9916 -6025
-9782 9258
-7233 -6000
-4448 405
1562 -9630
-6101 7832
-2080 -10
5699 -1264
-6271 -8910
7713 9056
3985 5572
-5459 -9211
664 -9149
-2362 3809
-7185 -7093
603 -5125
-5868 -3379
621 821
-5053 621
991 9895
7726 6509
-3502 4891
-2653 -634
456 -4082
-1306 4797
4089 1889
6400 -7322
-6470 8631
6160 -2937
3692 4889
9764 -7304
-683 -5706
8837 -2383
8238 -6342
-6448 -6217
-9709 2949
1560 -5002
4365 510
6428 -7373
7424 -1459
-9570 -4879
1521 5234
3864 -9450
-2387 5051
3660 3744
6440 -4975
3041 3423
-8961 -523
3136 1877
5660 -7003
5947 6688
-8314 9672
3902 -2494
134 6051
-1688 4051
9172 1278
-3489 -1258
3013 692
-537 -5905
-8440 -9374
-628 -6878
-9734 8000
-2523 -7588
8010 -4974
-1976 -9388
-8980 3669
7061 -2309
5197 -7294
-7523 4684
-1266 -949
-5950 790
-6748 1626
-3961 4282
-7902 6266
-9388 5502
8625 -6342
-8343 -16
6118 -7389
-2363 2855
3467 4127
1517 5661
-6649 8209
-9086 -1423
-3019 -7731
5041 -6608
7903 5715
-2659 9091
7094 -8846
-8860 3380
-1119 9192
-3430 -8248
5458 1226
3837 -1773
-5197 1575
-4299 -4805
-9145 -8010
-9802 -9062
3237 -2072
197 -8887
-1774 -9783
5933 -1042
1770 -151
4724 -6727
-9627 -1137
1775 5865
-8663 2975
-5799 8345
292 6795
2090 -8242
-3047 5095
7086 -8488
-7550 1530
9458 -8996
-7883 5687
5905 3375
-7668 4064
-2367 5558
-7449 4102
-7036 -7643
-8058 -7076
5899 8460
6804 -6721
-6205 -6180
-4421 -2904
-4089 9606
-8883 6253
-2218 -7004
-5999 -2711
-7025 960
-5666 -161
-2376 -7400
8158 388
-5511 5257
-8666 -5571
-2647 1175
-366 -6724
-3444 -6748
-2928 -3562
7255 4072
3677 6372
6346 -6835
-3838 4795
-7917 -2152
8809 3884
-2557 -1221
5101 -3137
7251 8788
7766 6979
-8592 -4539
6636 9100
-7624 -1239
5734 -3731
6428 2653
-3276 -7194
-7102 3682
6848 -5879
8916 9244
813 -3270
-5666 -5281
7220 -379
-9796 5498
4286 6041
3019 -8824
-3363 5772
4871 4427
-6812 -3007
6983 -9033
7341 -7358
-4552 3411
813 -5936
-1814 2068
5032 1381
8111 822
9263 -4156
9186 -3835
-8337 -9798
6243 -6889
-5713 9670
5441 -739
-2591 4645
-8363 4032
8721 4318
6960 8620
5751 6061
-6154 -3871
8197 285
-8335 5753
-3426 6949
-7207 9777
-338 -443
3480 -4301
-1190 1325
4715 -278
-7296 3097
1462 3876
1629 113
-5570 3099
5440 349
130 -8611
-2482 4911
-4805 3976
-272 -565
-3616 -3139
358 -9977
3301 2898
8597 -9981
5066 -3219
6503 -2593
-5776 -220
-2623 9207
-681 5687
2506 9006
-646 7470
8860 1666
298 9484
7181 98
9534 5493
-3926 629
652 -4083
8815 -9848
-6107 -2326
4455 7411
-1462 -7321
2459 4678
3885 6484
2170 -6444
-7439 -3076
-1885 -1604
-6217 5636
5120 -3026
7072 4081
3294 6021
-3351 -9675
-3758 9369
-6759 -8978
-1304 -1223
-91 -2866
-187 -3129
-8452 8447
4930 -4007
-451 9154
-3922 820
-7063 2111
-2254 7914
-5113 -3280
-5479 -3414
-3673 -4321
-3995 7815
7183 2977
7720 5968
-5255 -5855
1279 136
7007 4654
6821 -5187
806 8555
7709 5472
-3709 -5925
6186 -2493
-4580 2949
-6611 -2347
7960 307
9707 -2090
-4275 -5713
-9016 -4289
-8321 -3372
773 -7576
2560 145
-5202 -4227
586 -434
-1880 -8382
7090 -4888
-813 -4172
3335 -2898
-6229 -906
6747 -7525
2782 -2839
8792 8427
-3566 6210
-8080 -1763
8587 1139
3563 -2680
7465 -641
8853 -3878
9409 -4017
1323 -562
4550 -2471
7078 2133
-7045 -2542
6552 4134
6609 -3273
7609 7019
5445 3112
-679 6400
-5363 -4400
6739 4962
-3997 -6777
6303 4023
-6135 -6533
3172 8877
-1686 -6726
803 -5506
6627 -3415
4043 1601
-4266 9583
30 4315
1333 -7657
5455 -2362
-2242 498
6098 -5225
-6543 2395
9339 6558
580 -540
6649 9363
8239 8166
-8561 -180
8035 273
-9422 5963
-2436 4661
7964 8342
2656 3298
9362 -2007
9352 -2291
8208 4816
-6689 -2890
-6775 8026
8304 -3231
9950 -7436
-4353 2604
770 6598
138 -6115
7879 2209
1893 -1828
-3446 8458
-9481 9457
6475 -5483
6232 6897
-5395 5837
4373 5583
-7308 -3467
-5441 -8595
1895 -4082
2203 -3417
9188 1844
2163 7850
-4545 -43
-4114 -3979
4194 -2946
-768 7779
-9045 -5532
2706 -248
-3352 -8849
-9292 -1063
-1759 4974
-8493 5081
-9794 933
-9429 -213
6370 2101
-6055 6495
4344 5557
-766 9829
-4151 -6481
574 8842
-9660 -6237
-1769 -6474
3278 -8704
-3832 -9063
3595 -6354
8621 -3124
-4323 -8165
6490 -6152
3635 -395
-8295 7061
7277 3725
3003 -629
-801 5341
8861 -4043
-5202 5049
8812 3155
6681 -4861
156 -2957
1701 3680
-8954 6324
-3080 -4705
-2869 -6613
-2765 6318
-4078 -6380
-5599 -5410
8316 -2372
-9281 -8323
7019 5039
-9005 -81
-1312 9600
6475 -4206
4654 -2501
8263 6876
555 -5191
-5147 -37
5259 5323
8710 5494
5532 -3890
3451 -4055
4256 -8546
2803 -8428
-6750 6292
1330 3522
-2839 -6011
-2691 6047
-4439 5849
-6652 -6217
-5621 -9786
-1256 -4669
9016 8656
3978 3597
2811 7995
-5896 2687
-7648 -1658
3517 7555
9127 6609
6621 40
-2717 -3903
3807 -2049
-2282 4444
293 -8885
-1381 3279
3493 7362
-3587 2999
5375 -7764
9554 -4572
-6578 -648
-7962 2364
-9295 1247
2522 -1888
-1559 7944
-2017 5370
-8534 -4939
6733 5266
3431 8995
-6170 -5550
7729 -6277
-5195 6171
2890 1221
7178 1218
-9633 -1736
7616 6731
2815 -6211
5037 -6626
5207 7242
5185 1279
-3352 -6353
2430 -6833
-7846 1836
830 -838
3613 5585
-6972 8381
4551 5062
4 1554
-3508 -2560
9425 902
-2367 -3141
4370 -9240
-5865 -9553
-8591 3127
-5595 -6938
-3290 6594
-6518 1054
-3390 9140
2022 -643
-1338 -8840
9541 -645
-5583 1690
-3036 4092
-4748 8142
-957 3456
-5964 -1602
-842 -9604
-5435 -7874
5253 7014
-9924 -4026
-7432 -6622
8153 507
-354 -229
9128 -5238
-4078 -4612
4744 -2211
-6801 -4537
-6725 -7119
-8978 3884
-2661 2248
-5634 65
462 5096
7222 3525
4259 5027
-9000 6195
-6706 4335
-5159 -2711
7060 -8554
-3791 8208
-6404 9908
1417 5852
-4965 -7940
-5059 4616
-1501 2031
-2000 -4037
9749 9560
8376 2366
-389 210
-1043 9319
5513 -6130
8205 3679
-5312 8807
-6026 -3233
-1305 -4531
-4624 3904
-245 6012
8072 6794
5130 8512
542 -6988
2696 -2650
630 8542
4629 2445
-3625 -995
2044 -5761
-1891 9054
6453 1278
3805 35
-9478 -8860
-3391 7779
1682 2938
-1050 5707
2500 -4842
-2610 742
7476 1350
-7580 7932
-9806 171
-3664 3050
-4224 4823
-7218 6433
5486 -8460
2818 4613
-5353 1938
6799 -3377
-1878 -1110
-8173 -6592
9115 -6475
-1317 777
-4760 5335
405 9794
7725 -7285
6607 2826
-404 -8361
-9818 -7057
9376 9093
-9367 -7035
7578 8582
4240 3451
-9927 -4055
8556 1038
8167 1917
5442 -9618
4881 7281
6336 -2155
-2362 -9880
-7165 -3259
-6713 -917
723 9442
-3895 2883
5697 4626
7591 -799
-2218 6330
-220 8889
-1446 -4258
6781 3575
-4509 -2891
1213 4947
5949 -9068
2498 -3907
-66 6005
-3534 -9865
-782 6490
9652 -247
-3643 -6339
8288 -4243
4958 -7947
8383 9599
8488 -3539
2203 1883
-4543 762
-8408 2704
1372 4669
9322 2805
-7382 -2680
-6676 1819
1954 2552
-959 -209
-6736 -8828
-5167 2413
8170 3342
5395 -3159
-3560 6849
-2970 7498
-619 -1352
9410 -7047
5658 8559
3228 -5278
7527 -2971
8070 2549
-1911 -9856
6417 -4886
8626 -9958
-5065 -822
-8409 -8110
5232 3490
-9670 -6519
-5950 4348
5566 -3230
5418 1080
7755 -5054
-2774 8549
-6730 3412
-5839 -5826
6723 -5482
-1617 -7770
-2656 -5189
-1425 -1479
7699 -309
1581 3510
720 -6990
-3508 533
-1399 1051
-8459 542
-4657 -5833
2834 6960
9229 -6903
-9771 -9941
-5767 -3781
737 -5610
341 -5323
3209 -7159
1362 -8595
1096 -8217
9015 -940
2071 -3603
6931 -266
-5495 -7717
6546 -4469
3419 -3953
-3273 -8112
-1294 -3747
-3688 -4045
2174 -1065
7046 4267
-7336 -3368
-527 1107
2513 5873
-8623 -9166
3615 -2671
3727 -5888
7567 -4315
1689 4378
-6371 -7928
-1881 -1765
3844 7049
-6699 4846
-5479 -3729
8927 3334
1321 -9585
-2953 5973
-2921 3985
3579 6520
7354 -6688
4363 8677
-7212 4690
-9626 -1911
-3813 -9646
-3853 5785
-5981 -184
-3136 7987
6553 -8417
-2146 3886
-2780 -8927
-8511 -3219
-3526 8541
6247 -1464
-1223 7274
-9414 -175
-1499 -149
-5460 8670
-3242 1289
5364 -1364
-5580 2945
-3519 -4768
-6782 2160
3743 3346
-2769 9772
-5435 -4682
2099 8172
6713 -3946
8312 -7707
9567 2959
-3496 -2912
-9341 -6127
-7458 5005
14 -4800
7557 3021
-4035 -902
4330 -4303
7857 2447
-487 7549
-8960 5320
-5642 -9536
8637 -4395
1660 6457
8750 5349
2028 3692
-5500 -7963
-4090 -7748
7257 -4841
4080 -1547
-8527 991
-9912 5357
-8947 1160
-2673 8140
9409 -7370
7951 -9440
-8976 -9552
-3947 -7692
-7514 9661
8730 -8567
5125 -5044
-3007 4478
6730 9625
-1495 2904
-4923 7707
-1303 -3695
-8338 -3450
-8570 2507
4367 -7285
-4654 -1243
-683 3775
4223 -2983
3046 342
3723 -9725
-4570 9253
-5791 2453
-3070 -9446
-6100 1202
-2174 -6340
-4913 6126
-7570 2903
-6826 7506
12 -5908
529 -1675
7083 -5622
-8127 9596
-3388 120
-5818 6096
-9909 -6622
-7369 7906
358 -4479
-203 -3160
-8238 -8992
-1611 3697
3543 3310
-67 3477
982 5973
-6214 6828
-4847 -5286
2813 8036
7631 -4044
6076 4686
4502 -2037
5062 -6021
-8116 4593
-6165 7693
-1747 5963
6971 3632
1049 3737
-2954 -919
-3722 -5409
-5716 -9301
7528 7260
-4306 1791
-174 -7320
2357 -7773
-9367 1177
-7140 -1568
2411 5135
3448 7923
5615 8016
3978 7283
914 -2411
-8675 4670
-2529 -4317
3995 -1629
2791 3749
4729 8280
70 318
6719 -9578
-3630 -6383
4794 -925
-8772 -2997
-7863 -8625
9298 7360
9097 5585
6589 8633
-3779 3074
1464 -2498
6907 -2454
9638 8935
2683 901
-820 6150
-3533 1132
5275 -7029
-3412 -3093
9703 -8356
-1353 -4898
-3523 -5349
-7989 4505
3811 -505
-1872 -5172
7902 399
7901 4349
-4384 3087
5742 8528
-571 -1026
-4877 2146
-6723 -7671
-4700 5312
-7782 8553
-9804 5609
-9289 -4359
293 2565
-2931 909
-9596 6025
-9148 -9121
4999 -1468
-3399 -7526
9282 6621
5148 5938
-5088 5024
-2831 -5424
-3094 35
-4654 446
-1002 5927
1536 1285
6927 2916
-799 5968
597 940
685 9991
-5409 1001
-6747 1537
7732 9590
6210 3576
-487 7014
2037 1358
9655 8146
-1819 9206
3372 -3440
-3792 7248
2254 -3909
-7273 -8536
-8848 -820
-6160 1928
1918 1749
-3529 4525
-218 6509
6099 3445
-2980 -2487
-1753 6029
-2614 -9746
8400 -9717
-6791 -2959
7322 301
-2451 -9698
-3607 -6471
-1286 9803
2703 -880
-5232 -134
-8385 -9737
4788 6686
6916 1807
-4749 -1710
9524 6735
2763 5993
9968 -2229
1775 -9851
911 8367
-1332 8706
9008 -1768
5483 9938
-6540 -879
8241 -5804
4063 6163
-9854 -6992
-6586 9399
1205 4934
-3056 -9671
7064 -9824
9890 -3533
7959 -173
3697 9857
8224 -266
-1561 -5393
2839 612
4270 1167
-9713 2042
6239 7730
7613 -7752
-4744 4022
7141 7759
6413 2391
6442 2066
2242 -6644
3544 3505
-2948 2132
5709 1503
-8764 -9252
-924 7653
-1736 3396
-1717 -4364
7678 -7467
-6017 -1430
818 7637
1658 -8405
9354 9795
5906 -1202
-5416 9487
-7158 2347
-427 6827
2679 6387
1610 6625
-8906 -1613
-3960 2846
-38 170
5806 8025
-5721 -8035
535 7205
4841 -1738
3579 -4927
-1412 -3501
9018 6653
6140 -5507
6841 -6398
-5851 -7298
-7191 134
-3242 -9452
2656 4419
985 1573
-8257 -7584
-9559 -9054
-3368 -8731
8474 -1559
6703 7167
-4040 7036
-6466 281
-3066 4548
-7238 -3728
3595 -3206
-504 -6677
3457 -8536
-7988 2306
-3276 -6065
5509 4669
-9195 7710
-7624 -9028
-4038 -8754
3408 -991
-104 -1843
-4808 111
-5888 5857
4125 2447
8719 4767
-8440 -9393
-6070 6035
7499 4778
-2917 -8893
-4957 -6768
7901 3807
5237 -9449
-4756 8706
-6327 -8666
4064 1206
9363 -9199
4633 -6041
-6464 -5446
7001 8746
7233 7662
-8011 9441
9196 -7486
7292 -4080
-2973 6694
9926 -5626
-8099 5791
-9938 -8454
-6027 -9141
-7807 -4694
-9767 1367
2168 6257
-6064 9596
-2129 -3199
-733 -2527
-1145 -1408
-1968 220
2734 844
-9516 -2773
-2358 25
8120 1233
-2977 1288
2835 -6258
-5399 -2914
6113 -9472
1895 -3206
-3229 6346
9663 -2217
8305 707
8180 -2467
6125 1292
-8488 755
-8401 -2122
8826 7967
1713 -7917
3316 188
-8524 3553
7295 -5940
4867 8032
8560 -8105
2410 979
-2675 4175
-4322 9181
3609 -3013
8241 -6017
5275 5509
-3736 4365
-4037 -9493
-7805 1584
3667 -5211
4977 3908
-2540 704
8485 -9827
8205 -1524
4092 3351
-5671 6764
4659 -3498
-597 5375
-3918 -9663
-5680 -3268
-7759 -1957
-7592 -6685
-2456 -1495
-9912 2092
6881 3460
-2633 7476
1900 5579
5752 8548
744 384
-6266 3957
4441 -5164
1338 1785
880 2821
3158 -5539
1194 6963
-1274 -8802
-1766 3435
-4340 1134
-6774 5778
2958 -531
-3056 -6173
-6874 -9676
-7407 8845
2949 8879
6556 7058
-8107 6684
2189 4717
-2463 6952
-8587 -6932
-6249 -9306
-8108 2607
-238 2478
-2668 3848
3346 5422
-1389 4279
8107 -3696
349 5555
8120 -8768
-6169 2942
0 1069
1473 -5893
8825 5614
2566 -6339
450 -3639
777 3979
306 4202
400 2669
237 -9933
9210 7732
2011 -6417
-113 -2180
-2905 3838
8791 -9765
6899 -1064
-9996 -3657
450 619
-3768 5198
-7421 -726
9357 8798
2776 3029
951 133
-3478 -3198
-3131 -4929
-7197 6760
-9658 -201
-8661 8535
6093 3950
4185 -1565
7371 8604
-5054 4804
-4578 -8905
-9987 9118
2112 1655
4173 -7408
9342 1468
-4679 670
7472 4014
9085 1844
2324 -1938
7861 -4392
-2137 6387
336 9201
1356 -6045
-3720 -1759
-6955 -1274
3542 4947
4064 2188
-6158 3555
9868 -3824
-8636 -8264
2406 -7071
-9337 -3314
-7750 -123
7939 9749
-923 4574
960 9521
-7559 6941
-5384 -4984
3257 3797
-3757 896
-4157 -9978
2211 9785
7060 -6373
3524 9774
-8491 -9353
-2703 4889
-4705 7636
-2487 -2039
1430 -2455
-4161 -828
2413 -9494
-8833 -9481
-4465 4854
-1350 -495
-9600 -7488
-7465 4893
8398 -36
7313 8467
-8040 9178
-6455 836
-4276 -2809
-5174 843
8804 1019
-7716 6060
-1047 233
4460 -1877
-1358 -8635
6220 9349
-1147 4177
-9590 -5131
-6517 -747
-7062 -3334
-4868 -4399
-5221 -9750
1086 813
8004 -1676
9167 -9469
5271 -3449
-7390 -8310
5644 7556
-4322 5284
6650 3825
3173 8042
5939 2869
-8542 -7975
4999 6349
-6986 -1338
4264 7937
-8093 1867
-7320 9043
1087 6715
7246 -5596
955 3975
5665 2516
3792 7287
2570 5030
-1146 9471
7512 2940
-471 -7974
-5949 3450
3520 4709
-6630 9050
-9293 6534
2122 7634
-9604 -7386
-6951 8523
-7074 1484
-821 -9706
6532 7603
8610 -1436
-6407 323
3514 1179
-2160 2447
8194 4746
1917 7369
2077 -7756
-4985 -4564
-4310 5448
6802 -4278
2057 -8468
-9946 -9081
6124 5107
9122 -3298
-5696 -4698
3866 9374
3418 -7087
7813 7460
3627 -3069
-4602 -4348
-3258 1821
7786 -8965
192 8819
7987 -7200
2243 5882
-8865 8510
9429 -5700
-6873 -8811
1612 5552
-9147 -7752
-4657 9637
-7451 8440
9620 8761
-588 -5917
3456 3247
-1212 8531
9566 -9803
-7263 -3427
-626 -243
-640 -5556
-7047 -4663
-363 495
5405 -7619
-8347 6485
-7546 738
374 -3773
-5333 -2203
278 2924
-9273 -5714
-8747 9690
-8059 4183
8102 41
6615 -8494
4985 -9162
-997 -291
5046 -5656
8560 1957
8059 -1596
-5112 7685
-1578 9713
-340 -2658
8860 8797
5441 4327
-7666 -863
2548 9889
4071 -2692
7350 4489
9716 5893
6731 7685
1114 4700
-7236 -4266
-8589 -120
8284 -8677
-7271 9470
-7098 -3107
7956 1151
3668 6284
4331 6816
-327 -892
-1004 6665
-6027 -7780
-9571 -3212
-7320 -4957
-7273 -9855
8566 -6868
2587 3841
-2559 -8670
-3626 7719
-9092 -4275
6339 -897
-6025 -6189
-6185 4294
4830 7643
472 8146
4811 -5497
-3277 -6812
3697 -7496
1268 874
4740 -9902
-3049 3995
1556 3305
8356 9538
7256 8997
-1558 -5270
7554 8164
-4305 -1499
-7205 -4751
-3387 -490
-2344 -8655
-4152 7085
-6007 -3813
2412 6293
-2834 -8589
-8491 -6321
-8606 -4374
8931 -1540
1718 6671
9388 7287
-4263 2694
4578 -2170
-9949 -2989
2261 -6006
3504 -3433
-2087 8874
9679 -5120
4788 3761
3774 -2608
-1197 920
8320 -5340
286 4033
-3787 9714
6384 -783
224 7931
624 5772
-2678 9682
413 -4798
-804 -2627
7662 -3606
-1012 -3580
5022 -4426
-6945 -1334
9780 3530
-5550 6830
-8511 2303
-3664 -7231
-3796 5497
-1566 2549
480 -3692
-4200 -7622
-7941 -5176
3747 6843
-2063 6193
-7413 -7058
3084 -4402
1172 1575
-6038 1826
-4645 4227
4777 -6259
6044 3526
-9984 9988
5484 -7621
8650 -59
6249 -2362
16 2850
7674 -7951
8892 2075
1988 1421
8084 549
6147 4575
-129 4888
-3287 -2682
-4734 3833
7574 5790
3036 -9958
-6250 7338
-6562 3052
-3287 -7046
592 -7913
4937 -7038
-1268 -9393
6403 6331
-2249 1344
-8107 -1609
-3314 -444
-5557 8040
-921 6557
389 4878
667 8066
-8172 1683
-979 -6298
-9525 -4421
-1467 2459
4546 -2812
3871 9126
-6547 3203
-467 -3677
7668 9857
-1753 -8995
4282 -6719
-4959 8654
5211 8725
3602 4120
5906 -4401
7283 -2011
5413 7735
-6687 -3697
-7518 9609
517 5567
8413 -9252
3951 -1891
4432 -8134
-8278 -2796
1930 5820
9101 3690
2343 -3789
-1343 -5858
-8018 -2447
6874 -4021
3969 7889
9344 4156
-5821 3102
2710 -7344
8223 -3339
1130 -3053
5056 6636
8502 -4920
6005 -512
-4693 -6056
7634 -2065
7867 -1871
5992 3697
-5029 -3477
2503 7974
9583 -8156
9721 192
-6707 -7354
-4698 -6101
4281 9724
-3330 -2754
-2398 -4590
4211 -8274
1214 -176
3768 215
-8130 6521
-1630 5122
2539 9738
-19 -5639
-3944 7510
9354 -7517
2675 -641
2006 -7206
-3307 5968
9412 7308
-1726 -5306
3825 -3918
-2192 5876
-580 -1965
-8029 9022
9263 -3092
-4250 -2438
1020 -2367
5715 8290
9520 -8999
-2795 -8230
1130 -7406
-4612 9881
9569 -6865
-5837 5803
-9504 8981
-4938 2438
2034 4322
-3923 6591
9333 -8546
2083 -1952
9332 -7685
3669 7834
9844 351
5073 -616
1154 9363
-4323 -7722
-7842 -7717
-4582 1066
-3132 -4553
-1852 -418
-4260 1085
-4594 6931
3521 7774
-7052 1484
-6748 6574
8890 5032
