2000
9315 7497
-5299 -5843
-2044 2836
-125 3175
9488 -5749
-9425 9359
2333 5151
8056 5301
-4968 5198
-9911 -7417
-1208 -4228
9397 -5123
2366 849
8177 -4406
-8997 2422
-82 6741
-5381 -5962
-9406 8341
1515 2575
6826 4190
7269 1002
-126 -8879
-9858 -398
-1480 -2071
4233 -4825
4668 2331
7208 -6976
7594 4064
-6622 -426
-8005 5771
6232 -1898
2140 5634
7695 -5429
7146 6455
645 -791
-6068 7693
-7466 -2087
-8765 7527
-824 -7323
1573 -244
-7914 -2871
3874 -3760
-9697 -6986
2588 1468
-2762 -6319
1784 8304
3938 -2810
1762 -2356
-5901 1632
-5438 2628
320 8465
98 2215
3462 2855
9253 1334
-5190 -7363
-234 825
7065 617
3631 -6361
5107 -8912
-1510 -60
-1757 -3935
3256 -9727
1639 -4099
-8746 -1262
-8635 9459
7923 -463
-8249 5407
1982 -1980
-6926 8934
-8430 1234
-4221 1605
-7779 5057
-7584 -7157
-2348 5853
-4208 -8756
-2691 6142
6416 7756
-6343 -5715
6744 1775
1233 -5089
4448 8110
7237 -845
-9105 9920
-7427 2939
-2107 -2309
9296 -2136
-7080 3672
-9765 -8483
-8910 -943
301 -2113
-5972 603
-1642 -8669
-4384 -5836
9660 5736
-5633 -7640
-5810 892
-6233 -7465
-7546 -4853
8086 -1616
6075 -4973
2891 -301
-6630 5370
6887 9532
-1411 -2674
5213 -8303
2300 -7390
-6059 -7039
847 -5621
-6165 -442
5639 506
-8602 -1797
738 -6451
-1304 -1114
7270 6914
-4339 502
-9800 3344
2435 -7727
-8196 -2709
4617 3042
4740 4114
6725 3550
-9769 760
8860 -5614
7665 1078
-8416 -7305
898 3303
-9428 -3297
9310 -8365
8549 -732
-6510 6580
3644 -2069
204 -2589
4702 -3922
9121 5729
-157 3039
309 7581
-1660 288
4674 541
-8382 -2800
-105 2339
-638 -3077
7347 -9208
-3852 -65
-7077 6657
6957 -1582
6349 135
7546 600
-9601 273
-3999 5969
-993 -6760
-9180 9565
-148 -6963
3578 -840
6360 -1753
-5694 8917
-4160 -25
4488 7389
-2677 -3093
-6437 -5643
2775 3968
-2177 -9481
4841 2844
-6884 -4632
-4943 8961
-7800 -883
-1318 4065
-9178 -6980
5901 -7746
4222 4400
3316 5982
-4044 8528
9638 -7124
-216 -9556
-5199 -3040
-5352 7068
-8692 -8704
7861 2471
-8440 6149
5109 -9024
3814 -3383
-5598 -8971
-5951 -3784
2192 -4776
9624 9950
9652 -3587
-1338 6661
-6743 -4392
-227 -1701
8980 3041
109 8295
-6689 -2651
9820 1417
1286 -8829
-4132 -8621
1718 115
1144 9682
-381 6120
-8656 8914
-7417 -8190
1944 -5312
-4931 -7765
-2157 -9395
2625 -1673
-8633 -8664
-6649 1605
-7326 5197
334 -3338
-2167 -7507
-2406 -8381
5455 3701
7103 -6968
9152 -3402
-768 -3279
-1469 -5784
2626 1816
4051 -9525
-5199 7695
-258 -4386
671 7427
2752 4831
3748 4022
-9317 5426
-8361 -5918
-578 2237
-4063 2954
5986 -5123
5196 -3240
3482 8859
-3205 -1851
9965 -4267
-3792 9421
-9164 7736
-2930 4731
5878 4299
-871 7741
1762 2350
1496 -7123
-3041 2445
-1598 6856
-190 -9899
-1301 8060
-5181 -484
-1626 -6105
2044 8301
-5966 8891
8311 5729
3464 3963
-1307 -7133
7167 -9467
-8006 -5430
-9360 16
2893 3756
-79 2136
-1008 -6428
-6326 8323
6382 8802
2038 2373
9989 -8800
-6778 -5867
-6977 5753
1481 -2744
-8782 -4946
-2078 -1335
2919 3633
-8077 -1191
8825 4913
2389 -7436
4700 5439
9011 -3970
-5648 -6309
-3787 -7316
8779 -5546
-624 -8028
-3895 -7513
8241 2598
-6426 -872
4182 3442
-4172 -1487
-7855 -4176
4633 8747
7381 -2210
354 7179
2617 3490
9521 -1226
6187 1627
8033 -2407
2048 -3880
-1908 6811
9298 -4856
7742 4197
-6676 -8742
4701 -4964
3549 7507
-6670 -9472
-7005 9416
926 -8316
8863 -5904
7587 -8721
3774 1479
-3174 7107
-5301 -40
6081 -5142
-4611 -9533
-4389 -5828
-7910 -1592
-334 -2927
5830 -4586
-3359 -1913
2336 3100
2515 3693
5377 5332
-6852 -2839
-1560 7960
3159 -9266
-8439 -4066
5895 9985
-1436 -18
449 5696
-6412 3953
-7640 9782
575 -4322
1093 5748
-6166 -3595
9505 -8546
5147 6171
5223 5740
-7100 4244
2203 8371
-7174 5061
-9006 -918
-933 -5613
4369 -9391
6305 7631
5304 -1461
-1680 9894
-708 -8615
7133 8895
-980 -5895
-4440 -9034
-9143 -1476
-5737 -5573
8672 6080
8172 -2837
-4056 4595
-6323 -9003
-4616 -3061
-2452 6465
7816 -6526
2013 -2426
1188 3119
4504 -5947
-3332 -9521
-1694 5357
6324 5689
-5788 3866
8293 -9099
-9298 2197
-6920 6964
5280 8874
9871 -975
9685 8957
9142 -1025
2449 953
8527 6957
3796 -1818
2235 3435
7636 2021
-2623 8904
8313 -4059
9807 -6300
-1677 -3755
8442 -8181
-7496 -975
-2102 -4757
7989 7784
-9540 1489
-9537 7673
2346 9602
-9722 2913
-8906 4594
-1972 7795
-185 7051
9675 -4337
1604 7193
-5387 7987
-5769 5131
6951 2936
-4319 -3606
5358 -6825
-9042 3579
-4933 3346
4739 -4861
-5260 -748
-7836 -2916
-8323 -1261
-3467 -3021
-2250 3427
-7190 -9931
7262 -2576
-869 8136
3266 -4405
8532 3363
-6523 3937
7112 -5788
-8488 8835
5901 -8210
-3071 300
9552 4360
-4836 5390
-5872 -4564
6137 563
-6011 4383
4452 -6114
1311 -3201
-5066 5434
-8972 -9559
7525 -8079
9579 -6720
1214 -5278
-2723 6691
8481 2726
-3254 -6823
-8743 -4590
-9201 -3702
1734 -3578
-9295 -1351
-6969 -2130
5478 -5306
5214 -8797
-9643 -3212
950 -6131
-489 -8615
-1613 2196
6918 -911
-500 9601
6047 -5805
1093 -2019
7112 -7208
2811 6072
-7507 -8369
280 -1734
9857 -6802
1613 7032
-8045 5334
-4158 547
8137 -7688
-2581 6793
2709 1368
-5822 5806
5406 -374
7542 3678
-4621 5173
-8315 2356
-1573 -7510
-2157 4497
-7238 920
7839 8123
8876 -7382
-8327 3172
-2561 -9170
-3136 -2485
-1972 -703
-9336 4283
88 -9264
4084 -5158
-7759 -786
-5614 5346
-2299 -2380
3832 -208
-5712 6128
768 -8326
-6483 771
7111 2327
-4502 -3887
665 8784
19 6659
-324 7529
5532 8048
-7496 4061
8904 -660
8554 -9692
5655 -5135
2485 -3340
6452 -6645
9484 -3684
1711 -5539
5232 251
-3701 8950
-4938 2342
4846 5518
2176 5727
3255 -5135
-3367 -4428
9634 2507
-8154 -863
3167 -7743
-2878 -9601
780 -1179
2176 9607
-356 953
5414 5380
-648 -4925
-5976 4366
-3292 5651
1168 -913
-5187 -8447
139 -2935
2637 -8211
8017 6772
-370 2270
4527 9864
-6017 -7204
1617 -8352
-5024 4764
-563 -2487
-7107 8341
-6585 -5150
9216 5966
1616 1161
-6032 -356
4919 -3496
3569 2502
4291 -4943
-8171 -3794
-7804 2308
5892 1459
4255 6724
-7908 9875
8359 -408
7105 789
-871 -2205
2645 -6282
9684 6266
1147 5582
-1054 5020
-4755 5115
-2384 -6136
-1078 8814
-1260 -4372
-8344 4472
-349 4658
1381 7548
7422 -6095
3497 7194
-2017 5781
-6425 4322
8041 -9168
-9182 9942
9244 -8556
-9815 1965
-2921 -1811
2054 -4570
-2036 4696
-9677 -5304
9168 -9575
5083 -8021
9527 -1182
6444 184
-2623 -9332
-9831 3661
-2018 9081
-6366 -6255
-2593 -257
4909 -5548
-9862 -3350
8560 5094
-5756 -2783
-4367 613
5309 5929
6354 -323
1656 8197
-2986 1436
-4660 4903
9293 -2822
-9162 2718
5519 9462
-3073 2542
-7716 9153
-2674 4334
-5296 -9087
9728 -2536
8402 -6736
3877 -6029
9901 -5965
3712 2907
1103 9975
1411 -911
-2288 -8162
2737 6751
3189 -2996
-3534 3576
-3883 2429
5302 3393
1448 2122
6757 -7373
3812 6152
9416 6484
-5824 2214
9970 7014
3641 -2203
-2229 7402
-3510 -1536
4023 -7098
-6626 4203
-8794 -3240
-5944 -9717
2712 1393
-5214 173
-3985 -1986
4362 9955
6106 -7229
-7024 1895
-2171 9243
9977 -2848
8670 -2202
-4801 3617
-4199 -3560
-657 5411
-387 9825
305 6438
6721 4540
-346 4361
-5467 -567
-8833 8161
8115 4269
-9239 9250
1144 7941
7183 -2542
4610 8973
491 -9121
8217 7000
-6561 9412
4822 -5982
-2437 6503
2940 -1845
-3585 7868
2228 3382
-7186 6069
4229 -9519
4750 -2298
672 6064
4005 9232
-3311 -8184
-5491 4908
5788 -4981
-7982 8722
8133 4004
8022 -821
-4319 6675
-5171 -4416
-2828 -7658
5724 4965
4755 9400
9881 -7742
3681 2704
-1232 8352
-8697 -5648
-111 -7228
7680 -2007
6733 4399
6841 7188
1192 -7528
1651 4973
1647 2934
-7761 -8948
-2885 -9804
8882 -589
2532 -7162
-1183 3636
-3660 2412
4484 -7503
-3150 8829
-8400 5788
-6220 6739
4858 -7000
-6091 -5767
426 1698
391 8822
1755 -7924
-3150 -4242
-4046 7715
847 3965
-9476 -1443
-7808 -6622
5790 -659
1839 2253
1081 274
-3939 -7591
-7132 6402
-6877 3562
-8485 -8553
3145 -2968
-4147 1942
7739 -2743
3015 -8672
9044 -5412
-7726 -7310
1247 -110
6989 -7202
2139 3439
-587 2778
-3228 -2302
107 -9507
6896 6554
3836 2976
8144 -6261
771 9073
1014 1288
-7735 -9656
-8328 2473
7062 5281
7971 -5564
8047 9336
-4146 -783
-3624 5035
1534 7993
-4309 5789
6283 8306
8581 9519
6215 6899
-9363 6137
5209 4358
-633 5129
9194 -57
-7584 1632
-3088 -5414
-977 -6802
-3746 -1397
7820 -2931
-4175 2108
100 -5804
-6295 7359
9385 9512
9031 -6292
-5673 7965
4102 8966
3324 -5036
-6187 3031
-7026 -7310
8043 -6994
-2407 -4610
-1412 -5045
3558 -9664
1126 4842
670 5099
-6985 6951
4309 -9231
-5998 -3280
4150 3694
5379 -3247
-4282 8477
-2838 3201
-3768 9042
-4548 975
7703 2927
8317 -6505
2171 -984
3073 625
-813 -551
-5453 -5802
-8851 9857
-5654 -2438
8004 9179
6593 2069
8822 2153
629 1972
-1107 -1739
1023 -8489
6208 8846
1772 6476
-6309 3910
-3354 3809
-1846 9583
-969 9719
-6084 7341
-9083 3579
-5139 -1214
1686 -1015
-8947 -3415
-7542 -1722
-6030 -6404
1857 6809
8320 2864
1709 -7121
-6925 4527
2157 -6519
-8990 487
69 8803
-7759 -835
226 9101
6400 -121
-7615 4865
-6151 -5019
5288 4071
-7651 -1377
5940 7746
4554 -3681
9183 1517
8118 6595
4842 4613
8094 -8808
5401 -3001
-478 9104
1989 -4531
-1710 5485
-4637 -7785
7080 -5311
-329 -2252
-8181 -5351
6993 -1321
-3576 -5832
4208 2933
-5551 -5301
-4986 3391
-1997 -7434
-2520 9856
-3146 -183
2641 -7120
2070 -9903
5582 -5370
566 -9640
-4951 -9056
2413 1366
6015 8441
-2881 4232
-7880 3007
-340 7265
-4316 -9951
3440 7831
-5883 698
553 -4837
8701 1597
8198 -8872
-8775 1341
9692 3989
4349 -9473
-4808 3978
-4657 -6882
-4720 7605
5558 -4922
-8194 2399
3384 -8602
-8553 1466
3017 9068
-235 8608
-6230 7135
2452 -5961
-4833 -7530
7533 4371
-1641 113
640 -9056
4923 -7293
-4175 5832
7157 -6014
-935 4826
946 2714
7834 4592
-222 -5671
-6603 9281
7889 -7205
9930 6883
-9079 -4621
1571 6102
472 -3912
9922 2824
3768 8831
-4742 561
113 2411
6398 4805
-370 -2730
9984 -817
-6226 -9425
-1374 7817
-9182 7273
-9933 2023
2626 -7573
-2194 9997
6099 7269
-6644 -6903
5921 291
-878 -3001
7560 -311
-4180 8101
2905 -2327
4943 -4062
5121 -3744
-3169 8647
-9816 -7385
9889 5457
1200 -5277
-2850 -6324
-2606 -6174
-8906 4956
8054 -2787
7504 -1829
8891 3974
-2617 346
-1553 6451
-2156 6925
-7138 -8649
-2393 -3493
-1126 -8296
-1960 8160
3616 -942
3781 1649
5326 -1463
6084 -5349
9608 -7281
-68 -9102
2790 -8619
9076 -2565
-8498 1681
1852 180
-2896 -51
5021 9696
-3798 3687
5391 -3651
-5492 5076
-2145 -2848
8801 -8156
4102 -4644
8 4126
-9435 185
1083 3336
4717 4218
-4626 -2406
9275 7513
-2308 -3124
6825 1126
4542 4796
-1517 1845
-8086 -9257
9540 -2406
4746 -3578
1988 1115
-9808 3547
1393 -3911
9996 3921
-2744 5680
-103 4799
-7608 -4307
-6795 5271
-4133 -8334
6513 898
-586 -7309
8258 1054
5518 -8383
2933 -9829
315 8779
-107 -2322
-5055 -3977
2112 85
-2274 -9941
5739 5828
627 4982
-9326 -644
-1652 3019
8407 -2399
-7781 4215
-9373 4919
-306 5354
6972 -7395
-7224 -4789
-6011 -96
-8698 6812
-3445 7604
1409 -3752
28 -7612
8216 9136
4117 -4234
8843 -1158
-8139 8513
-166 911
-4874 -9733
8907 2053
-2594 -526
2079 -1400
7533 -1902
-8278 8576
5388 -4758
-7155 -6975
2994 -8058
-5670 4255
7111 -6979
2508 -7454
5109 1227
3460 1350
-7739 6970
-9043 -6707
9067 1108
-9419 -6415
5906 194
8292 2660
1235 3438
8681 -6265
-3240 343
6007 -4754
-6779 9754
-3505 -5943
324 -9669
5280 9003
4073 -4567
-3877 -1261
5754 -9946
4883 802
4387 8541
-1266 5464
1844 292
-2549 747
4482 -3200
7143 -148
8819 -5038
-1564 6870
-9073 -7960
-7629 4931
7654 1251
6684 7651
111 5447
5502 -3472
7330 -4136
-5596 384
-431 5437
-551 6860
1327 -8588
-1788 6900
472 -471
8212 -924
-4055 -709
1331 -3353
-4702 -3128
-8156 7423
5074 -3328
-7882 -7752
-1224 -4816
4769 7620
1725 -3895
-4738 -7107
-6527 -8707
-3574 4712
5332 4800
-1951 8360
-2565 -4196
8816 -3740
2907 7101
-2306 3867
1289 -8075
-1403 -462
1786 83
8988 716
2056 -5717
4109 7477
-9630 -2499
2515 9372
4083 -2436
-7636 8942
-8979 -586
8939 413
-9606 2177
-723 7754
1620 3301
8948 -9309
229 -3370
-9567 -2456
-8020 -4264
19 9422
6898 7758
-4742 -5873
-2781 -9012
-1447 7774
-9565 -8699
4437 4638
-1229 -4823
7354 3375
4850 -835
-3813 351
1043 190
6820 -4866
6399 -5008
728 -9026
-9605 -7900
9858 -5533
2316 -8987
-4277 -1164
-3391 9535
-9164 7997
6355 765
5942 8994
6089 -1154
8012 7016
-2633 938
-8872 -2081
6774 -7870
-2878 -8332
-7358 6893
8993 -8429
-3962 -3242
1493 -7430
1407 8354
-8391 -9064
8933 -8264
2502 -3834
-4841 9008
-2147 2164
-820 -8753
5907 -415
7504 -9733
-7603 7035
-7577 7998
4891 3240
4811 -1213
5545 3883
6454 -5430
-3356 758
1694 1581
3317 -1747
4419 4347
3354 -4182
-8297 -6702
-1733 -8793
792 883
4871 -5827
-8793 2017
14 7268
507 -2649
6138 -5096
-7492 -961
3609 5404
-3839 -7318
4263 -6027
2227 -8424
5923 1300
7119 366
3665 -723
4205 -7458
3425 -8069
-3896 -1283
-9267 2016
-717 1032
8383 748
9373 -6490
6270 8242
3645 -4399
2004 3599
7573 -6474
-4898 -13
-8713 -201
-9836 -8975
4023 -7874
-5332 7550
-6799 1948
-9336 -8187
3829 3026
-5943 -8602
5867 -3168
4063 -3839
-1877 5239
-5439 333
-6069 -8233
-4707 -9715
273 -8497
5023 4117
5142 5281
7407 8909
6458 2885
-5168 -4205
-2392 -6620
6406 -4504
-3106 -4843
1989 -5816
4066 -3519
-8280 -3949
-9896 -7812
-6045 2
287 -5964
-740 2969
-2915 -5720
9561 -5717
-3088 -4053
-7448 -9313
203 -2910
470 -2616
6602 -8469
-3312 -3124
4781 -2784
3698 -7603
-1551 -1154
1034 9139
-860 2274
-9970 8710
5399 -6853
1149 -709
7295 -3795
5873 4430
8839 -5794
1296 8426
-470 -959
573 -4513
6084 -3869
7069 7261
9659 864
9710 766
-96 1828
-2178 4464
3173 -7236
-368 -2147
-9136 2292
8497 -9220
5211 -8121
-3915 4370
2795 4049
-3190 -8899
309 -3955
2177 7383
8365 -3608
7256 -755
-6269 -8257
7292 -9315
5149 3635
-9881 -4887
2966 2042
-1945 3472
4253 7551
9430 -3449
-5359 3184
953 -765
4058 -8844
-2798 7763
8867 -5634
759 -6901
6065 7231
-7306 1735
6142 9796
7151 9986
-4902 5011
774 -9010
4462 8065
9336 8829
-900 -1286
-4382 8766
-2000 3742
4898 6571
8055 -7943
-3576 -4180
-1081 -9359
7872 -9097
6359 -1296
-1501 -5714
-5729 2500
-2489 -4351
-3361 -631
1154 8285
7113 -5178
3536 490
-745 -3788
-6326 -7125
9446 7255
-6967 -7707
-1887 -8780
-8139 -543
4081 -9247
-543 -6547
-2261 439
-7061 -8323
1047 2010
-4900 450
2455 -8593
-3771 6254
464 -433
9500 -6515
-3640 9719
-9306 -3105
-812 -473
747 -6273
6905 7301
-8226 6330
9783 985
-8577 4953
6630 1243
-3027 -5638
8533 -2324
-917 2073
2048 987
-5726 5312
8798 -7489
-7770 -2505
4390 -4843
4684 -3355
372 -6423
-5402 -848
-4519 997
-8019 94
-4954 -1016
-9774 -6596
1488 -8325
3072 -2800
-7007 3741
-5272 -7845
-8813 5041
7553 2723
-9783 -6295
2584 -6497
148 4607
8184 988
-9861 -5760
5237 -3497
6597 -659
-7954 -9062
-1937 -8358
-2962 -7728
3193 9551
3292 -9891
-4015 6187
4948 -8260
4463 894
4599 2500
6003 8402
3008 -2818
-8109 -129
4111 4913
-8585 -4249
5093 3068
4006 -8268
-2905 7139
-6869 -7931
-4660 4133
7963 -9955
9953 -7648
-2187 -6052
4842 4900
1121 -7724
-9323 3161
-5936 -2877
-9285 7406
2318 -4045
1706 8547
1615 7454
-7094 519
1378 -659
5131 1
-5867 4510
8276 -9529
-3456 -7904
-235 8228
6848 4358
6634 -1673
-4792 -2032
8813 -8969
-7843 -728
5227 9528
8074 4476
5650 654
-8828 -312
-7250 8557
-1443 6272
781 7881
-7928 6412
-7772 2777
4725 -1383
-7026 5714
-5960 1572
9541 -6672
-1920 -752
-7759 8353
-8400 237
-1567 7468
1842 9674
3083 -5917
-3640 6736
3007 5833
7434 8638
5049 -2492
-9716 9507
-1877 -9003
6711 5009
-3420 4818
-8134 -5529
3720 -159
1914 3667
-6097 5961
7149 3514
6909 6058
-6139 2712
-553 -9
-456 221
2579 -7547
3682 -3023
-3517 1349
2346 3966
2695 8327
6865 -943
3528 -7005
2837 -7549
6118 968
649 -1529
-8015 -6258
9800 1519
-5770 8894
2605 -6340
7602 3677
9851 -7852
-875 180
-4751 3532
-2503 9330
-8624 7596
373 -6088
-3093 -8038
-5587 -2379
-7690 9744
-1785 -5748
-2006 2959
-5523 3921
6535 1514
5174 -1293
-3896 -861
1287 6496
396 -4046
9486 -5868
-2818 5646
6962 703
4615 -1441
4242 1055
8676 -8478
-5014 8655
-7094 -5294
7666 6922
4563 4621
-3866 -4137
8292 1097
-9765 -8693
-8477 -5605
350 5243
-6904 5641
1286 3556
-5741 3999
-3722 1968
-6978 -7406
-5884 -9481
9175 -4582
125 2824
-255 -4199
-9578 -2210
7374 -5692
9126 -3444
1585 5665
-9940 9362
8325 6829
2469 4131
-2314 -4859
9141 -6246
9443 5666
8261 -861
-341 -7536
-2117 -3903
8921 2554
8355 -8272
-482 2387
6695 -7503
-946 612
-3723 9541
8902 -5641
-8813 58
-5812 -9053
-191 3657
-8869 5595
1261 2670
-8191 -9426
-3241 3242
9339 1468
-5979 8363
-9910 -8020
4367 -3904
-1406 3329
-6059 4782
4322 -8632
-552 3939
-6004 6945
-8388 635
-1988 1905
1220 1421
-2188 -856
3439 -3799
9443 -379
-5191 -6082
-7719 -7498
-1797 2551
8647 -3908
9422 -7431
-8929 961
6050 -2917
-5258 9114
6058 -4503
9854 2459
-5637 -8610
6533 -2135
-9271 5583
-4495 -5656
7686 7889
-8193 -5053
1170 -7506
5045 -2191
7622 9373
-4338 7412
2094 -9237
-2154 -3267
-4153 -1857
7362 6309
-1233 -4375
737 -9065
-1200 6851
2434 -2731
5334 3251
1139 7939
-3394 3019
5513 6667
-1804 7777
-9131 4278
5410 -461
302 -3468
6986 -2497
9368 -8131
8178 -7168
2179 -9551
-8616 -3055
-6205 -7085
3905 3905
-2845 9950
-8392 -762
-7744 -7985
-7598 1936
3433 -8511
9488 4320
-6142 4302
-5446 4897
-3879 4160
6029 -8460
-1907 -4512
-342 7928
-1407 -9729
-3093 1042
-5054 2388
6059 -9189
3770 5823
-8442 -8613
3323 9747
-5044 -2319
-8000 476
-5222 -5557
-6939 -421
-2540 -668
872 -818
8391 -2791
-4864 8966
-7043 -1952
9090 3729
-162 3586
8118 -2244
-2701 -383
1004 1888
1634 2578
-9741 -1952
8524 6591
-5246 -4020
5560 -6699
6355 -2185
6997 -6981
3949 947
-88 5387
-6566 9086
6535 6591
176 -3756
7722 -3628
5989 -1707
-6099 -1259
-8681 714
8762 5536
5847 -8422
1279 7285
-5693 -9400
2137 559
7299 -9339
5329 -867
-1759 1248
333 -1038
-4448 5396
-4639 -3133
6961 9449
-2259 -3197
5544 6670
1104 1643
899 6863
-7839 -135
871 466
4787 7162
-2280 8899
-6720 -3077
9778 -4981
6267 8609
-2430 1739
-2866 320
-9093 3122
2570 6216
-6982 7868
8259 -5968
9396 -7717
-7134 -638
-7052 4015
-5520 -4972
-4090 3819
2717 -7013
-89 3630
8649 5997
4605 3409
-4853 8636
-1045 -4104
9018 6002
5939 -137
1451 5309
-6939 8957
-8761 -291
-7208 -3823
-9809 -5894
2855 -4260
-6721 -1608
5100 8765
6115 5996
5713 -1269
-7861 8485
7120 4038
9934 1007
-2991 -3925
5938 -7328
-8299 -7053
-4376 1109
-9182 -1517
4660 585
8412 -6390
3071 8572
684 1266
3751 6350
6066 -4217
4515 3586
2070 1778
-4185 6654
-2339 -810
8986 -530
2142 8391
-4942 8644
-248 7564
-3954 682
-5013 570
7901 -9295
-7003 -6602
4664 4692
1041 3681
9464 2135
-4279 -2894
8884 3978
4353 7791
701 -1580
-8390 -4266
-2155 -314
-1671 7473
5036 2903
-2695 8082
2372 -8919
-4493 2293
5691 3994
-1315 -1496
-7816 4076
-69 -6553
553 -4632
-6933 5652
7164 3158
-4702 -8860
-3126 1585
-8729 -3092
-1899 4719
1342 3321
1402 -6864
-2062 8647
4660 -2505
-8512 3445
-4331 351
-5574 3894
7341 1574
6942 4357
3730 1615
-5228 -6271
-5131 4614
-81 3791
-5581 1743
182 1190
-1768 2520
5656 -4756
-6109 9634
849 -2686
-5521 8551
2622 2337
-48 148
-8279 -9232
8847 1013
-7373 -7617
-3887 2576
910 1120
-5090 4703
167 -9172
5740 -671
-4431 -9652
-4407 -6029
-2675 -5055
2259 3205
5476 8175
4232 6738
-3115 -1902
-1134 -2096
8918 2327
8432 -2288
-5992 -8456
2665 -1735
-7033 8639
-6812 -8705
4346 3134
7204 -7352
-3381 9915
-5140 -3483
-6558 7665
9560 -9161
7578 8918
736 7513
-4584 -1817
-5769 -6677
1035 -5667
-4122 -7338
927 8765
7403 -7737
-2721 3894
749 -5689
-3041 -8376
-4740 1673
8190 7299
4964 120
4680 -8369
-5731 8244
5756 2257
-5839 5006
8329 -8828
-4495 -1608
1054 3084
1848 5104
-8913 -4299
-6685 2972
7283 -1633
-9 4064
-4264 -2037
-4739 8972
-909 -2354
-723 -6055
-7811 -2508
9749 7268
2273 7945
9117 -6091
2301 4322
-2595 -1657
-6554 -2925
2776 -7026
9667 -1745
6622 6092
155 6949
-1368 333
-695 9613
-2742 3894
7839 -7884
-392 -9744
7524 -9973
-8307 3078
6987 3517
-2162 -9191
-848 3009
-9917 8964
-8063 6320
-5426 6581
2672 -8397
-7727 -5084
5249 -3453
-3841 905
-1481 -1726
391 7139
7395 -3642
106 -6281
6797 8639
2155 1799
2609 3784
513 -6287
-7324 -4519
-4479 4317
897 -5386
-62 3816
-7548 -6432
3837 2211
-3163 -8578
-304 -6284
-9146 5356
-4566 -6193
-2473 -8031
-9393 5541
-2661 -5677
-8173 6483
-9805 -6332
2871 2340
378 -7128
1207 -7888
9650 -8726
-1436 -8856
7077 -7899
-6477 -7600
-3884 -2366
-7011 3220
7027 692
2661 -1576
-2315 -5447
2598 6990
3472 8745
-3866 4425
486 7389
-6019 9005
-5163 -9137
-4142 5188
6332 -5514
-3412 4422
-9458 7129
-5238 111
-2949 -3341
-8929 1473
-6383 -2201
6073 3732
4442 1302
3767 -1330
-6905 -2086
-977 9901
8905 7302
8165 3004
-1809 -2537
1949 -5978
-7835 -1757
-4628 8537
2369 -7293
3087 3855
-4673 9420
-2782 4158
1611 -1056
-6034 -6709
5682 -3948
7687 7734
7634 -7503
9799 -3291
9713 -9741
1443 -8317
-573 1624
9868 -6609
-4351 1592
8020 -1040
-7186 8018
-8843 1107
-1015 1863
-5473 2097
9109 -9405
-3352 2215
-52 4790
7288 -5666
1044 1302
5282 -9194
-7510 4477
-3899 -3276
3837 5638
-2771 -4032
8649 9486
-8777 -4752
-9925 -4817
-9234 -3899
8198 -939
-344 -4706
7509 -8974
5817 6304
-9362 1177
-3801 6825
-8649 5403
-121 -4798
5647 -2438
-6801 5980
-4332 -517
2689 428
9398 -1963
3221 7633
-6266 9473
2254 3987
-6999 -4348
-3321 -8090
-8066 -5770
5407 -3784
-3239 -3707
-8305 -4673
529 -1888
5675 5296
1275 -104
-6900 8874
3023 -9336
2422 5789
3422 6141
9334 -4358
-6650 -9124
249 1588
3498 72
4303 -9352
585 9153
-4554 3430
-7523 7346
-821 -2859
-7564 3006
-3377 -1426
1168 7433
-8183 -277
-4489 -5810
-9670 4239
-6398 -7347
-2750 9665
4973 673
-9256 7500
8148 -1530
1343 8768
2198 -1267
-201 6789
-2349 4675
1402 -7302
1272 87
1240 -8255
1468 -7560
-3370 6778
1017 -9301
-6647 682
4067 8340
-988 4324
5544 -961
-8771 3477
2245 3692
-3855 2572
-639 -1837
-3442 9665
-7637 7012
819 -8320
-6575 3635
9796 -4220
-7443 4893
9314 147
-9172 3574
5634 -7334
-9290 8616
1375 -5355
8123 6255
3667 2604
-1104 4088
-7750 -6468
-6804 -8023
8989 2529
4210 -720
-3364 3529
-6971 7635
6249 -3569
6578 -4414
-7119 5562
-8052 -8874
9742 8515
-6840 -7342
-7367 1116
-2560 -4997
9091 6300
9832 6337
8314 -4939
7590 -3251
9750 -8977
8273 1799
3155 -3615
2817 -8699
608 3124
2406 3115
4242 3489
5725 4354
-9268 7704
2541 8885
-2392 -2913
-2893 -6299
-9963 419
5480 -3061
7409 -7928
-3184 6790
2310 7158
-2736 -1191
3831 -815
-7692 -6199
6916 -5562
7928 4714
