2000
-2091 642
-2486 -729
-5027 -8686
-8553 -5449
4829 5482
3702 2382
-6093 -3855
9626 -9297
-9137 2777
-1049 1628
-6209 7102
3411 1881
-2951 -7797
-9507 6659
-1268 4336
-1302 6119
-889 6641
-8324 6212
-9237 7805
3286 -6877
9227 9313
-4543 708
1411 -6867
9632 -1196
-9569 5996
3097 2303
-2096 -5778
-3574 -3493
-3113 8674
3009 640
-3241 9340
9701 -4572
-8361 9591
7395 -8624
-5500 -3877
-4565 680
-4892 -6274
580 4614
-6583 6519
2514 211
-3766 -2431
1791 -668
9560 4139
2812 8217
2578 167
-494 -458
4970 9337
8927 -793
583 -9671
-3547 -9959
721 8804
-3750 5609
222 5829
6068 6831
762 7360
-5072 2303
-4645 6997
4856 -9560
-7623 -5086
5082 1388
-5350 4955
4291 -1692
7515 9620
9950 6938
6979 1819
622 123
-548 1420
969 -9407
7424 -6605
-9246 758
-6940 1906
2623 -596
-156 -1585
7050 1199
-7413 2221
-2824 2131
-9561 -2763
578 -4813
-4154 -8326
7214 4248
-5630 -3455
7966 -2164
2150 7543
-9063 2655
-6588 3294
-4801 -4587
4817 193
-7672 -8457
2742 -1619
-5678 9379
5230 9050
-3713 5219
-9594 9390
-8936 -9415
4833 -27
6518 8278
-166 -7077
-9535 4483
859 -8017
5277 -4876
537 4271
-5536 -5803
-539 -4647
7455 513
-109 -7798
-5027 -8224
-9284 -4879
-1769 1260
5566 -8878
4816 -705
1294 398
7042 1333
-463 -5152
553 -8773
-3649 -9605
4666 -450
3747 6888
-4039 -7150
3364 -6793
-869 -6585
-1087 -3025
5817 4104
-916 -371
4472 -5952
7064 -5351
8768 -713
-5660 -1643
3206 9530
-9244 3877
7993 -2521
7029 -2892
-2284 6380
9230 776
7704 3678
-9187 6314
-2990 555
-5342 -274
-6925 -7174
595 7463
-4168 -8733
4275 -2341
9737 -1680
-2151 8616
6213 6663
-5859 -1394
9435 4206
585 -8830
1946 -2850
-9173 3535
3570 3370
-6075 -4638
8809 -9421
-2874 2304
-233 -8116
-3128 7722
-4620 5599
-6081 -8853
9763 -4884
-8221 5489
-5906 9696
3901 -359
811 -2751
4400 -5515
-8259 -3523
9848 8948
-5691 5311
5890 -6228
9797 -3161
-1277 -6985
-5543 -437
-1117 9316
-9538 3558
8675 6523
2011 -6055
-6359 -5826
7536 9827
-2925 -8738
-531 -1653
4824 -4805
-2136 1210
-3480 4671
-7837 5894
-7268 -3870
2866 -8040
5244 5176
4492 7324
881 -5874
-5631 4954
-7380 3276
-8830 6381
6207 -3739
-2477 8707
774 -2998
5919 6992
1922 -4403
-9732 -6218
-6604 -7838
-1708 -3848
1833 -3871
-8696 -5121
-7798 -2923
4924 9517
4471 6804
3801 9294
9395 7091
-2928 4971
7398 9322
-3677 8316
9029 -1829
7490 -4038
3465 950
3113 -8522
-2370 6862
-7010 -4875
4 9464
261 -1985
-2468 2206
2731 -4816
-1802 -4277
-3466 -3469
-4778 -2408
-3087 3606
1921 -3659
8233 6958
-7081 949
-4380 5722
7200 6385
3246 8733
-2422 -5170
-1986 9957
-2029 7583
3509 8275
-2821 9224
-5054 -3761
6491 9099
-3310 1480
-1194 -4566
1775 3604
561 -5552
9118 7
-4271 3480
3585 -5263
-2810 -7072
1479 -3170
507 4769
2351 -6787
-4792 -7801
-8578 -420
5820 2388
1486 90
-4710 6031
-8536 -8104
5500 7818
-7735 3239
-3033 -219
-3018 -8618
-3880 2696
9345 -9434
1118 3310
1799 4545
7758 -8376
-2456 -2130
7451 -7034
9075 -1033
-7223 3270
-700 4281
6177 1788
-395 4486
1445 5398
-1101 1870
3253 8412
4828 5881
-9832 -6907
-9877 7894
2438 5007
-9649 1923
9793 3916
6882 -2104
-9417 7243
4233 9677
3957 -2919
8869 -2746
-4540 3855
2973 -1526
-5936 6905
5317 -8129
-8527 -8963
-5870 144
-1963 -4638
-5911 -2025
-6382 -5805
8112 -5560
6057 -2869
-1905 8714
8391 6640
-2559 -7673
3302 6068
3643 -3690
8505 8762
5667 -3385
2208 -7432
-2673 4704
-5153 7402
-7237 5178
-6848 6606
-9200 -3148
5013 -3230
7623 -7368
-8654 1070
1430 -4283
-1956 9737
9525 8872
-1098 -4933
-2451 3168
-6497 -2594
3695 -6785
7919 5711
6833 -8979
6200 -3513
-3187 -6684
168 -6928
-157 -2387
3967 -1098
9972 -2535
3182 5313
8770 5122
7714 -5054
3734 8294
1461 -3385
7742 -8717
-1781 4965
4396 1437
2458 -3862
6346 4950
8266 2378
5451 -6842
4492 2155
-8944 -986
-9801 -1542
-6230 -5252
9870 7102
-7953 -7461
-5446 7584
-2081 9503
-9215 6015
4700 -4339
7098 -996
8863 2817
-2234 3276
-625 5208
-7914 -3969
8186 -5175
7560 6579
-4964 9242
-2290 7759
4860 2528
8788 -2420
-1116 -9373
-9871 -6659
9357 -9477
-3816 -5365
7361 7777
593 -2998
-6001 9944
8873 -7921
-1889 3374
-8081 -9042
7537 -3704
-741 9479
7237 -3706
8822 -9311
-1731 2096
6444 7609
-9050 -9127
-4882 6574
-5071 -5973
-4476 1302
-7975 -7711
-7767 6118
8197 -3976
-6882 -8895
-7937 28
-9955 -4963
-5485 -6679
-385 3025
3714 -4528
-8712 2157
-235 -4296
-3423 7732
4305 4436
-7817 5416
-3282 9235
-4756 -2292
-2454 2464
8488 1198
2303 -4258
9492 -8395
363 8088
-4871 9537
2561 4878
-5930 4744
-3100 -3726
1978 -4642
-6911 -9615
4822 -7724
7692 -8885
-5930 -9275
-1567 -1870
-9407 -686
-9488 5979
-4558 -7199
-1873 6536
8344 -5067
-1810 8490
7088 -6528
-8064 -5529
4466 -8843
-3485 -1164
2943 165
2441 -395
720 1485
2210 3853
-4296 4790
-2176 -9357
-9658 18
2820 2057
-1407 -495
8159 -5333
-6843 657
7851 -3652
819 -9756
-8598 9787
2344 -4715
5450 -2083
-8758 -4714
6771 1611
-816 1962
472 -1020
3344 8609
-1373 8297
353 7408
-3088 -4833
-166 -7334
7045 -4929
5140 6712
6957 4895
4681 -320
8686 -7921
3717 -2976
6031 4135
-534 4960
642 2801
-4498 -7630
-9021 -8886
-6869 -7434
-6306 3327
-7786 7205
-6408 607
9399 5769
2481 -5643
9252 8259
-2062 3158
5237 7653
-1602 -3377
-5522 -1047
-6088 -5572
-9050 7665
-9965 8276
-6890 -3548
2739 -5265
8062 -3759
-2834 6434
761 -6004
9765 4479
8836 3880
2138 2245
-4598 -8193
9461 -9924
420 -5641
3313 -2142
2286 4899
6284 -9055
9221 3236
-6592 6319
-8947 -7670
2292 9869
6302 -7165
-3169 9459
7658 783
-5338 -3404
-7439 -9786
-7979 6800
-9404 1685
6044 -8519
-661 4738
-364 -644
302 -4654
-7698 -4081
-4041 3243
5574 -568
-700 -2988
3569 -2135
1044 -678
-9896 -9601
-3005 -1298
-1084 -1513
-993 3278
-5038 4658
6140 -396
-5659 -8995
4083 -801
8266 7698
-2663 -1895
-8653 -9432
3721 3296
-5971 6921
-1493 -6980
6063 7598
-8283 9551
1973 9888
-1626 -1287
-4289 -5391
9268 7381
705 673
1678 9128
-1674 8767
6464 -519
7586 -3408
881 -2478
-5462 8934
9575 -5399
1342 2288
-115 1802
5074 -2596
1012 5324
-2243 -2954
5377 -6894
-5793 3468
-5860 8365
7492 8634
7400 9539
-980 -4183
6130 3864
-4894 326
2980 -2990
1611 -356
-8068 2555
-1923 -3327
4077 5538
861 -6850
3918 -1191
1915 8618
5806 -706
1379 9844
8477 9946
9485 -1130
8408 5876
3460 2225
-7450 8259
-4732 8566
1931 5531
1806 -9400
-2727 3863
3121 9883
-6967 -4929
3880 -6018
-3680 -9329
3686 -484
-641 -7874
-4208 -4936
7655 1556
-2569 -4724
-8779 9783
8041 -9109
-6823 -6228
-6977 -2970
-2370 5108
2691 4829
8432 8624
-6306 -4188
-206 -4815
-4144 -8705
4532 9835
-8040 9542
-1674 -2389
9167 -2247
6750 -4020
-4237 318
1209 -8308
-815 -2476
4554 8108
6936 2208
757 -4096
-5472 -373
5439 2909
8095 1943
6959 -1047
2508 -2329
-2787 1490
-7179 8190
-337 9260
-1039 -8013
2306 -3588
1825 4724
-4032 -2765
-937 -8991
3217 -9478
-3574 -4001
9347 -2306
-9397 954
-3382 4785
-2542 8698
89 -6424
8788 9966
8155 7302
-9718 -8392
-2683 -2183
7951 -757
-2313 -6657
4299 -225
4506 3655
4177 -2917
3082 1443
9138 -5676
5278 2428
933 -6539
-4121 -4384
2914 -7889
-4203 5968
6991 1701
7030 -2327
5490 7273
-3485 -1933
5131 7161
657 4202
1577 3151
-9767 -4838
6605 -4246
78 3315
-537 9463
-7077 -924
4693 -5884
-3773 2523
-1509 1327
-6973 2024
9697 -4519
-3526 -6223
5566 8908
9789 6710
911 696
-6154 4166
9328 -7513
1962 -5921
-8886 9654
-7164 -4240
4837 4298
8414 -519
-7997 3250
-5424 -1639
-5894 4215
9696 1324
8822 -2477
151 -110
-3401 4387
-4917 -60
-5895 -8770
-2561 2650
6730 -2846
528 9401
-4839 -8436
5863 3364
-3435 -6282
-9312 7997
79 2290
-3496 -4736
-9692 4185
-8293 -3800
9811 9130
3517 5580
-4481 -3590
-2360 -7680
4970 3345
-9502 5079
4480 5420
-9295 4747
1832 -6639
-2921 -9712
8285 8397
686 1488
6752 -1637
-3732 7191
-2889 -9220
9910 1697
-2724 -3079
3331 7147
9467 2795
-140 -5308
9771 4437
3577 4080
-1174 4250
-8669 4282
4570 -9343
-7225 2131
-6382 6576
-1341 7182
8093 -5910
-5130 4928
-3376 -4797
5846 -5220
-8074 3900
415 2897
7589 -4886
9551 -6005
8075 -8920
5330 6848
1130 -3099
1279 -9618
2513 -580
-4005 4054
1236 9853
-6058 4655
-418 -672
8253 -1187
7314 9927
7547 7819
4436 -7040
-1926 1682
5677 5746
6826 1345
-1807 3752
-5627 5876
6258 -6957
2463 5652
3427 2492
2344 8459
6834 -1617
-8569 6286
-1181 136
62 -6596
-5057 -3868
-907 1329
-6990 9380
5125 7167
-1488 -7593
9880 5671
1546 -9575
-6532 -2027
-6375 1525
-5984 9652
8110 -9228
2876 -9920
6366 8664
-1201 4307
-8568 -1094
5038 -7419
3910 -3625
-4246 -2149
-1261 -9360
-3231 -5401
-9731 -9029
-8604 -3352
4622 5537
-2939 -1415
-1764 -8033
-3540 1077
4878 67
-1270 9336
3642 1243
-6131 -8750
-6169 5074
-4830 8908
479 -8538
-4177 4645
9245 9218
-9812 2592
9241 -6766
8771 -4695
3890 7583
-6730 -448
-5651 -7874
2193 -270
-935 9227
4191 -5357
-4107 -3573
-4778 8060
-9313 -275
4908 392
-4964 1167
4105 -9270
3323 -1999
4957 4294
-6681 6284
7587 3727
-3000 -9070
-6944 -9144
586 1349
576 8970
-2667 -6629
3519 -5234
-7175 3227
-3328 8741
2853 -6487
4680 -8421
-7691 -8390
3332 -1216
-3202 5632
5636 -1712
-4264 3839
4769 3222
4078 2736
-5916 -8455
-5765 -1616
1755 4660
9426 1568
-1485 -1005
1456 -4028
-515 5187
6766 -1970
-360 -2115
6669 -7204
8428 -3308
4981 -2812
-5253 4064
-2715 -5563
7173 9516
-5219 -4916
3468 -5023
9638 -984
-9417 -1056
-8341 -7217
-1245 -901
-1994 3115
-8856 8240
-3876 -1507
1289 4505
-8803 -3486
7423 -284
-2500 9899
-5665 -7831
-4595 8507
-2689 -4772
205 186
9202 -5501
3443 3563
6347 -6495
6325 5102
1938 -1178
783 -5669
2824 3082
1308 -9373
862 -5888
7549 6226
6124 -1716
4174 -1230
997 -5821
3128 -6701
3485 -7972
-3473 -2947
-9384 6407
9913 9971
8793 -9317
-495 9958
-1991 4451
1254 -5992
-5364 -5447
-1335 -7439
-7493 5498
-2497 -65
-7575 -7649
-3470 -8324
-1303 7143
9171 -6622
431 -7819
-7691 -4303
-612 1047
5451 -4058
-4101 1902
-3648 -1323
2685 3909
8462 -8674
-6113 7321
2819 848
-5497 -3606
-1255 -5958
-561 649
-2209 8996
-3906 8136
-9683 682
6379 6526
1293 -3653
2289 -512
-8611 -3256
9142 8188
5817 1462
2789 1826
-853 4279
-1153 -9604
512 -4314
-272 7071
-2281 -7023
-4306 9167
-8977 5510
-3809 1788
2034 -4939
1408 -3710
5778 -6673
3792 -6304
-8117 -9113
6071 2933
-1521 7701
5700 -1141
2976 -8654
-2968 -1733
-4663 -6513
186 -9520
-6632 3056
2286 5880
1388 -5609
-548 -7803
2208 -6578
470 -9141
-5445 1707
2594 -2018
-5365 159
1580 -1336
-8757 3114
4461 1000
9267 7941
-4852 -4787
-4306 -1676
-4900 5334
4934 -938
3453 7386
-6697 -3678
3465 -3375
1205 5512
-2782 -6066
1916 9481
-361 -6468
2197 6551
3385 -5060
9661 7161
8822 -2155
3059 8928
972 -6030
-6976 -7527
1535 6073
7179 7959
-1999 -1292
5333 -9518
5994 -8535
-880 258
-262 -3068
464 -8965
-8694 9377
-1963 -3619
-2737 4691
-3743 -2302
346 -3916
54 -6964
-4491 -8683
7390 6800
8479 7044
-528 8290
8772 -3521
1665 -1475
8783 8486
-4583 -9216
-4460 -1480
1617 5881
-7738 567
-1022 9655
-2648 -475
9330 5235
8271 -8582
-7265 -616
-96 -6221
-5457 -6154
-7865 -1618
4861 4015
-3740 -9094
-6888 246
1030 -4958
3562 -1471
-5591 -9710
857 -1100
-1446 392
-6363 9835
8791 9627
-8956 -7033
6072 7061
-5439 -2500
1346 -4025
4357 -896
-3160 7202
-8172 2938
-6817 3100
-8137 -5060
3469 7934
8224 9146
-1955 -8401
1991 2801
2635 6599
9946 9350
-7684 1425
2207 -5290
2211 -7892
-1917 -9512
3313 -6444
-5521 -3840
9098 -9848
6974 -3693
1248 -3999
-6066 8837
7982 -1563
36 -4122
8679 -252
67 -4252
-4903 1313
-3541 13
4723 1134
3242 -7614
-7126 -3067
4211 -8676
-2516 6187
-9940 8690
-1283 302
6303 -9246
-6689 9965
-1598 -6043
-165 -4987
4761 -7842
-2094 -1487
-6454 -5172
8562 6724
-2143 3726
6112 3284
-6062 -8902
-7578 -7294
-7386 -8131
-5721 3627
-6072 -3605
-2851 2996
6682 -6049
-2092 4181
9194 -1196
962 7743
-24 3955
-7497 -7411
9313 3523
-2752 -8936
8069 -2830
-1732 -2919
3508 -7994
-2404 4412
-1962 6122
-3763 1875
-5129 5688
-6641 7107
1287 -8448
356 1268
2731 481
-1844 -4962
-2373 -3572
9951 4380
5444 -3060
7831 919
-8280 3512
9240 -3902
-9491 5229
5071 -3165
-7569 2269
-2044 -8692
8415 -2698
2575 1315
-3697 -298
-6097 -3349
1689 -7245
-817 5780
159 9317
-23 2854
-6228 -4398
-7166 -2193
7626 -786
-5558 -4206
6351 8136
404 9513
-5459 8782
-3917 -7920
3395 -7044
6379 8658
-971 -6581
-3826 -9719
6061 -9283
-6246 5357
-1790 -3781
5542 7452
-4742 5703
-5084 -7904
-2109 -7116
-5260 -642
2592 -5759
-6978 8865
-9056 7133
-6191 2826
5204 8060
-8522 -9813
-5811 -5768
-1330 -2348
-3271 -9751
189 2425
-124 4939
4363 -549
1548 8856
-4540 9279
2358 -6841
1121 3921
2785 -5051
-4198 4143
689 3729
5509 -388
3520 -4108
3845 6988
-1640 7710
7959 -7486
8660 5090
3749 1869
-4960 2257
4833 -1889
1111 -9692
-6533 -9708
4213 -6532
2138 4588
2451 718
-1833 7940
1272 -3140
6473 -6325
-9338 -5208
-7499 317
6553 2744
-2167 -5820
9770 5212
-2532 -4698
3414 -5190
-4882 -7700
-3687 -5476
1713 2307
615 -5754
4964 -6150
-8211 -3213
3647 -3149
527 6783
-8426 120
-5843 4910
-2347 -2204
5697 -9291
5922 5486
-5491 5467
-6003 -2890
-589 7923
-3833 2836
-4858 9445
-6309 7880
-8271 9479
-3735 -7625
-773 -2761
-5979 9912
3752 9754
4663 -684
-9168 7910
8619 -3963
-8478 6530
5717 4540
-4629 -248
-2326 -6566
6270 4782
7947 7562
9162 -4867
-5389 -8363
-2266 -5389
5572 4597
8229 6961
-9566 -6687
2630 1981
-110 8818
-5146 7183
3712 2229
490 98
9850 3149
6583 5861
4363 1245
2527 6574
-8294 2309
3947 1689
-9980 38
-5366 -4599
-3918 5592
8906 -7138
4843 -3484
-946 5256
2438 -1547
-5597 7630
-2273 -3850
-6981 4893
753 1297
-7459 9603
6176 -4885
-8856 5069
478 -8398
5361 8812
-5788 498
-3910 9995
-3423 294
-9470 -5005
-9750 -4859
3594 -415
-2786 6409
-3721 -8283
6610 8662
-42 -701
2622 1083
9919 6221
5010 2518
4120 -8937
9875 -4513
9706 -520
3195 -5913
4381 -4205
4511 9772
-5088 8633
-1783 8482
4891 -7773
-6056 9152
7813 -8831
4189 -5725
5358 -2230
-6010 -3190
9328 5277
6340 -7280
-1793 7168
368 9935
-5979 -2087
7429 -6438
-2945 -7877
-9245 5661
7863 1967
7915 2693
1844 6474
-8636 -8141
-145 -344
-8854 5553
-7637 -4788
-5791 -1142
1578 -4589
-7421 -9452
-9517 -6494
5140 2947
6510 -1775
348 6289
1949 -6436
9252 4824
-2484 3533
6 -9113
-3533 -6920
2736 1370
644 6322
-8467 7604
182 3007
8418 -4257
12 -8241
-1014 -5283
7665 4216
-3838 -5875
-9586 7895
-8542 -9770
5055 6084
3337 -5570
-4683 -3709
-628 -6657
8434 1784
-1895 -4172
-2848 -923
-4196 3360
-7177 7334
-7186 -2057
2660 2835
772 1800
9647 4045
1939 6934
7164 -9940
9865 7118
-8452 2218
-7770 3202
-9735 586
-3909 1602
-8850 -7581
5218 4196
1276 -1697
-4364 -8979
2685 4099
655 -1550
-6029 -934
-6890 -8574
-7920 -6383
-2602 5050
2167 9244
5183 983
-5816 7436
1743 7413
2735 -1830
590 7834
5750 3885
-7813 -4193
549 -2974
-5155 1545
-6285 -6766
2300 5500
-9354 -2314
1303 9131
4180 -7274
-8030 -7579
3405 68
1224 -9127
8286 7589
-520 -7034
-5480 1020
-1375 -9931
-403 -9730
1017 4534
-3922 -9855
-2900 9583
8804 -207
7480 -6880
-7749 9450
-4103 2503
4925 -9849
219 1588
2461 -1671
-362 -4836
-1870 4467
-793 9118
-7093 6372
6642 7832
2365 6225
-9909 1379
961 -7837
1957 -2809
312 -236
2935 3157
-620 6284
6435 8832
419 -5696
6354 -3346
1818 -7121
-8934 -287
2551 -6332
-9961 273
-1896 9180
5404 -9599
1780 -5810
-3647 5495
-3593 -3538
9947 -7970
8908 -9561
6723 6602
5433 -1712
6313 3157
-6469 -428
6172 6388
-3900 9070
-7262 7238
-2490 8651
7830 -3502
-3100 9336
-6475 6955
6170 -7600
2583 3599
5630 -7424
-6985 2530
-869 4537
-3455 9738
6616 -1715
7857 -7142
-7034 -9854
9217 7750
4987 -934
1437 -4325
2173 -7503
-4447 2988
-58 -7207
-4806 -922
-7324 -168
2409 7777
4027 8306
6564 9145
-7397 -3121
8885 -6892
-313 9219
-6915 -9539
8211 2653
-4561 -7699
1697 3198
9416 6877
3585 -6130
-3337 -5032
7767 -6474
7079 5578
7076 -9558
-7531 -513
2353 4823
-4578 -7247
-418 4956
7895 -5694
-5232 -7010
5643 -9021
-2998 -3301
-6383 -5197
-8321 8699
-7432 -6968
1721 8985
-7490 2953
-1470 -513
3651 -6691
2797 -674
-5851 9841
-3686 -1130
-6175 -429
3878 5896
8886 -4560
-3581 -7634
-935 8250
-3227 3421
2120 2683
9436 2173
1157 8409
1361 4878
-1915 3667
-9304 -6388
2938 -4544
-4704 7214
-3917 7087
379 1610
1227 3629
9069 -2023
343 3833
2082 -4512
-7371 -6872
9532 -7425
4748 8470
6879 -7312
7566 -4096
-6709 1960
9293 -4350
1107 -6012
-8799 2231
3038 -9877
5455 -2715
-9087 -2863
5114 -3319
-5766 -6297
2912 -823
2306 -9963
-7388 9262
7732 5558
8246 7361
-6736 8331
4011 5811
-4818 -3444
544 3304
-745 -9991
-9868 1745
-7250 -3987
3151 9308
-291 -2615
1088 -1736
-8838 3944
3981 -2280
-3019 3468
2746 6593
3953 -5288
-3237 992
523 7218
-2506 -9226
4078 5705
5714 8038
3503 -6668
3066 9568
8875 6254
-2641 -3784
8202 -1416
-3752 8447
-113 9364
6552 -9772
6821 6868
-4699 -703
-9712 4495
1712 2064
2838 4533
237 9206
-9037 -3085
3968 -328
2960 4466
4440 -2966
6971 5555
-2141 -8202
-6035 5172
4535 4107
4335 3852
720 1086
-9617 4877
-629 6021
1805 -5608
8925 -5197
-2271 -5357
5279 2883
-7446 2413
599 2968
-6278 9235
4789 -4961
558 -9308
5865 -3631
-9525 4524
2096 4120
-4794 8532
7129 -3464
-3723 -690
3702 220
5023 8083
-7275 6348
-770 -3528
8885 -8276
8413 5505
8460 3204
8243 -7866
-7173 3248
-6663 2522
-2955 -7588
6532 -2466
-3935 9141
-4323 -4542
4768 -3086
7134 5675
3757 2191
2259 5877
-3931 -9798
-8073 -8512
-9287 -1326
-8123 -9661
-3805 9173
6141 -9880
2642 -978
5155 9479
-2988 -6593
-3732 1686
-9135 6798
-6289 5666
1341 5633
1544 -5435
-9559 -4903
-979 -6198
-989 -3490
5184 948
5008 -276
-1104 7061
-9099 -5077
3945 -4963
-1764 7264
-5609 -901
-5494 5248
5766 660
46 -4629
-5276 9477
-2238 -8614
205 9990
-6209 -1797
8434 9226
3894 6524
-3753 7338
8119 2622
7546 8865
-2378 9021
-9996 5211
-1969 5858
4826 -5604
5056 2537
-8372 591
3788 -1178
209 -3648
62 -8451
3473 -9587
-6641 3854
377 1906
2964 7253
3595 -9656
9209 1082
3823 1140
-3649 551
-3592 3828
8224 4382
639 -5046
5545 7000
-4179 2267
-7661 3053
8323 9751
-6116 2402
-24 1795
-2579 -2757
-1784 -5927
-1862 -9616
1467 -8189
6672 1068
-8382 -4711
-7163 -6978
-8876 -1973
6702 -5219
-8220 1763
-2250 5968
-980 1323
1073 3811
-3788 -2657
-7142 8679
-358 9909
-6019 280
664 7859
-6610 5840
-3093 -4149
4862 -6218
-3195 -1474
-9727 7699
-7520 1650
-2866 6975
2942 -2019
-6976 4884
-1306 -8038
3026 7819
6497 8627
8535 5884
-3837 -3862
-2283 -3764
-4203 -9452
120 4828
8611 2704
-8771 -1298
-3599 -864
-9215 -8498
-7802 2602
-5697 -2081
-3476 5140
-9178 -2672
-1133 8939
7566 7569
3453 -4637
5222 9821
-222 -6664
-2395 -7061
-8513 5575
-1722 7726
-3573 -9903
-767 3229
4731 6549
2871 19
-8342 -9351
5790 -9105
-1777 -1818
-2879 -9668
7902 7090
-3827 -1593
1948 5075
8411 -8606
-1946 -8275
7300 -263
1183 -458
-361 -701
-7473 7610
7880 -7407
6333 -9022
-8372 4471
5366 7991
-106 -8862
-4809 -6412
-5602 -9265
-858 -3187
-8113 4292
5687 -5190
-3464 -5981
3756 -6260
7003 -2444
6855 -5062
-3732 363
2956 -6898
-2198 -5853
-7661 -712
-2722 3151
8010 7705
-8707 -9108
-8373 -6800
14 -588
-6296 4490
9301 5622
9641 -6889
572 -443
7113 7117
-7946 -2425
7938 7689
-5489 2044
9912 4614
-6099 2313
-4537 -7750
9956 4900
5793 -6528
394 -5031
8102 -8860
9352 -5872
9750 -8195
-5084 -7628
1929 -6889
-9773 9210
-3216 2762
4171 -3997
-8233 -1558
-6945 8683
4716 -8322
-6071 677
-4424 -9821
-2628 -2395
2574 -4911
-3770 -8514
-4386 675
6202 -698
1674 -915
2196 -5162
-5953 -2677
-6195 6144
-4133 4552
-3286 7977
-9621 -2366
-687 3490
-5834 5095
8995 6963
-5433 -257
4832 88
1574 -9139
5257 -5218
4084 -9091
-6 5179
-6262 -522
-9479 -4090
-7947 1506
-3942 -5673
-3976 1642
9276 6493
-17 -3597
-4782 2309
-729 7870
-2388 -2066
8022 7559
-7860 -3835
4668 3316
4225 -8882
6297 2473
-8050 -2061
3849 -9966
1541 -7528
520 9624
1265 -8681
-8468 6544
-3333 4261
-3430 5236
3106 1885
9819 5841
7121 -5562
4324 -8440
4877 -7019
-5901 -1008
-8536 2822
-9239 -5883
-5849 -2865
-393 8331
-8326 9413
-5548 -6153
-9610 2939
921 -294
-5059 -2943
-7337 7491
7052 8047
-3794 -3798
-2237 4172
7154 -9471
3242 -3640
9182 -5027
-910 4706
-8159 -6337
-4285 6963
6375 5169
9017 -2611
-5951 -5452
4254 -6873
3906 4970
2460 -7085
-5317 6569
-3509 -489
-2596 889
5139 4254
-9387 -1722
3251 -1619
-3193 -6484
-2821 -3938
-6976 2369
1259 6615
-5996 -6881
1388 275
7123 -1947
-6978 -4359
2278 1028
1317 9203
-1287 6961
1570 7809
2062 9838
-1885 -3292
8810 6397
-6367 -4913
1149 -662
-8294 4533
1148 7894
-8988 2965
-3040 5152
-6796 2401
-8238 -5917
8832 -53
-851 7761
4721 149
-2043 -8418
-8580 -3710
6720 -6261
-6144 3256
-7937 9250
-1413 -2511
-7978 6933
4826 294
-3021 3170
2042 9560
5681 7661
-4536 8967
-1087 -8837
8925 -5705
8165 -8218
-6636 7366
-6344 -158
3582 -1495
-4518 -5904
-6655 -8842
-1352 1266
-1801 1933
-4053 670
-2440 -3255
25 6647
4307 9602
8568 -4295
590 9771
-2213 1201
6704 -486
-3121 -4049
9515 -6212
2294 4256
-7928 3096
4254 -8504
2762 -4582
-8929 -3378
-8988 -5319
1427 739
-2615 2293
1894 -8549
878 -8308
-4817 4182
-897 -8533
4702 6691
-3637 -4194
-405 -4699
9558 -4123
-7307 -4391
-2895 -8371
768 -9333
-2710 -6413
-1731 5560
-3702 -1698
-9405 -6584
-1412 3684
9097 6210
4113 9466
-5347 -2000
-5309 -3064
6464 -6925
-1623 1054
-9349 -3942
5388 1655
7005 -6656
-5989 -3787
-200 -2227
-6668 5022
-2955 -8211
-4795 3352
-2965 1361
-2430 3794
6980 -148
7852 -4597
6061 -4646
2150 -7458
7317 2524
8582 -9474
5902 7968
-8689 7690
-6098 2907
-5600 -956
-5935 7423
9213 1453
-1475 1110
-7530 -1862
-4348 5560
-4589 3762
-7115 -3647
1707 -6737
-474 8946
1469 -2423
1825 564
-1469 3771
1460 -2274
-5647 3564
-7393 5362
6506 2474
-2352 393
-8497 5718
-2424 6173
5454 -2306
-8545 3229
9582 -9136
-2152 -1938
-2993 5009
-7415 -8905
1659 -7803
5968 8131
-4143 -6090
7474 -2572
-3490 3931
-3595 -6199
4195 -6985
-7547 7774
3946 5698
-2888 30
-3021 -601
3985 2289
-9650 281
-4711 -4447
369 1078
3275 1595
-274 -7973
-341 -757
6671 9304
3234 -2868
934 -3099
-83 -6641
-8868 -4872
-5454 2370
-7601 8800
-1802 1658
-6054 3099
-6621 -4097
5178 -1983
9096 2389
-6016 -4454
1295 2370
-8388 7431
-9546 -9047
1806 -7997
-1095 7409
-9232 -3540
1588 8822
4912 -8100
-9301 9855
5234 -8968
4131 2619
-7758 -7100
918 7511
-101 7420
-3313 13
-3897 7604
8755 -8298
-7345 1437
3440 9209
6618 8182
-5358 -3935
-5114 -8894
-6994 9951
9806 -6481
-5449 -2573
-6234 5039
7939 -7598
9913 -3992
-2851 2577
-3690 3533
4857 3836
