2000
-8692 8007
-2576 2377
6862 3463
-901 5571
-8708 5249
1687 6285
9722 3725
-8249 -7179
-2126 7043
-6027 66
-4559 -4905
-1674 -1794
1798 -3366
3243 9923
3845 8248
6254 -4547
-8450 8874
2337 -2602
-7032 -7868
7381 -8565
-8560 -2019
-4573 2788
5609 -8839
-8076 -2822
-9035 -6518
2298 -4102
7825 -3594
3040 -9376
-5733 -377
1591 -3717
5457 8112
6985 -2156
8963 7007
9139 3042
8199 -8070
3633 -9761
3027 9639
-9200 9060
-42 2356
9559 -7276
2343 923
7329 1857
2481 168
-6489 369
-9628 -9532
8580 5102
-3334 9550
6556 9285
2327 -4372
1279 9415
9654 525
3884 -5089
-2309 6401
-1244 4684
-8871 -8630
2293 2035
-6109 3472
-2640 3343
-2568 -9908
-9440 4592
-307 -2196
-2647 -7140
-7855 -9921
-4293 -2371
764 8193
2438 6987
-4382 4138
538 -3679
-5274 7031
8401 -6986
5049 -4145
-6953 693
-2244 -7339
-7247 4129
-1280 5188
-7009 -2965
-105 -7866
-7787 4065
-4586 2040
3953 1642
2349 6178
315 -3610
2712 -8313
8718 -5427
1308 7438
-2987 -9162
1532 78
2739 3781
1630 9288
4476 9213
-3753 -9650
-3795 -8813
8974 9864
1903 2139
-2499 -5613
-5714 -423
5967 9850
-8463 8322
-3384 2399
3557 -6025
-5186 7924
1722 -9431
8072 -9934
-6926 -1819
1115 -299
3772 -8730
-3821 7362
-9055 9977
5837 -4848
-461 2849
-3854 -6663
-3092 7546
5868 -7888
4512 2166
6141 -7517
-5873 -1932
2359 -5325
-5259 5850
-5970 4151
-6149 -2184
-914 8866
6228 -8656
-4959 5265
-5863 7173
3742 -9123
-2064 7398
4943 9888
-4279 4844
-2991 810
7014 -9768
2021 -3130
1546 -8859
6991 -1900
-7750 6287
-2177 -5259
-6393 -177
1167 -9370
9616 -6445
-5552 6208
-9194 -6247
-8850 -8089
-4481 -1258
-6415 9814
4345 1240
5193 4315
-8816 1358
2499 935
-7245 6451
2738 3210
-8328 -4994
8550 -5719
-5089 -1000
2555 -284
-356 -1752
2001 -9277
-3645 450
9192 6872
-9595 1875
-3165 -3503
-9189 4750
-3892 -4251
6684 -4283
-4112 -7673
5538 9439
-1835 8626
-3372 7210
-3791 -3286
-9850 5260
-6493 -7516
-3072 -205
-9756 9229
6100 3284
-1121 -6843
-346 -9774
4976 5714
-4817 4187
-6376 -5196
-2868 -8134
-4974 -488
1859 -7331
-6401 6912
-2653 8487
3746 3529
9734 -2503
-8988 7254
-9798 -3339
-6335 -5022
-1865 6303
-9751 2544
1979 -8491
9417 5225
-9971 7162
-7251 -6960
6274 -2839
3551 1496
-1593 -1868
339 7150
4399 9475
-3028 -2195
-1221 4132
-5487 1705
-9597 -1018
-995 -1821
-5557 -1462
3769 -746
-5522 -9858
7305 3185
9947 -1772
5389 -6226
5270 6220
-5649 2660
-191 -2603
-3128 8411
-3785 -5793
-7941 7565
2990 4995
-6024 -3427
4752 3394
-8069 2981
-4045 -7085
-6942 9421
2606 433
8662 -5917
1578 2552
2492 7771
4152 568
7965 -9437
8974 -2319
1889 -5164
-3879 -4812
-6097 7669
-5759 9112
2505 1600
-1699 -7287
-650 8157
7578 4256
-5311 2408
-9789 183
-3545 -2929
-1438 1789
-7644 8947
9510 -7287
395 -5959
2599 8483
-2609 -3996
-2607 8720
-8449 5016
-3385 1635
8069 4056
2213 4917
-828 -2582
9826 3511
-2586 7582
-1627 -6243
9267 3869
6536 -9344
-6631 -4657
-615 9766
-8032 7485
-2791 -4296
-1856 -641
-1905 4603
-3763 -304
-2528 4711
3348 -1974
5445 -6595
6916 -3760
-6178 8991
-7252 -5671
-8082 5916
6572 -4265
1079 8454
8219 9942
-8854 -5816
-112 -9814
3267 -1644
-3321 8032
1448 -8639
9793 6637
-5338 8921
-7675 3140
9381 -9894
9098 9242
-2709 -3077
-7162 -4434
1301 -790
1384 9411
-6928 -3900
284 3324
7231 -5782
6295 -6108
-8076 497
5580 -7027
9610 3372
6013 9093
2233 -2007
-1901 8339
-8700 5334
-4023 917
6483 -1409
-8479 2536
1946 1505
7605 6627
-50 8739
-3322 1610
5502 -2820
-8602 -7028
-333 -8854
4519 6978
9791 2997
-9011 4252
2590 2023
1077 2810
-6274 3890
-3798 -9226
3311 -6070
5435 -2277
-5651 -1023
-2284 6760
-1631 8020
-4800 8115
-5193 -6129
-1262 319
1017 4474
1192 -3023
-8771 807
-3449 5902
-1289 3819
1430 -8652
-7877 2438
6368 7632
-925 5434
-1869 5523
2282 7146
5165 5847
7682 -9349
-1757 -5915
4404 -7511
-9317 6981
-2321 -4580
9949 1875
-2223 -1092
-7274 -3501
-2153 6488
2646 4156
5508 -30
-876 -987
-1744 -5417
-4551 7256
6823 -9462
-5090 -9387
-1580 4505
6994 6874
7575 -3456
5686 7677
3273 -4747
4161 5634
-7868 -5230
-8743 -9392
8485 3700
-6330 7625
358 3993
-7704 6515
7491 8615
9153 1466
5800 4314
2539 -2217
-5344 -5781
764 3253
4650 -4049
1205 -3551
-4197 -2078
2692 -914
-306 -2065
-8366 7671
9016 1900
-4108 -975
-739 -627
-2013 1909
-2905 -3249
-8936 860
8643 -7106
-2886 7324
576 -2981
2971 -8402
-1953 -4774
6869 -5825
3261 3850
-4495 3282
952 -3324
8576 860
-6394 -33
-6940 -1812
-6183 6588
-6662 1048
-8093 912
3806 -1876
-4553 -5729
1290 -5360
-3762 6024
-5030 -5740
2156 8006
5576 -8162
5120 -4583
5814 -5199
9383 -208
-6521 8110
-3703 -7012
9576 -3460
-8692 3835
-5254 -3366
4758 -3064
1207 -7728
-3087 -6074
-6330 -7503
478 6872
4878 -1360
4199 -7366
1772 4174
8976 -681
-7169 -2415
-4306 8358
-4934 32
6572 5712
-454 -5359
1275 -8400
-1464 8013
-9716 -246
3680 -6536
-318 918
-2210 7350
-290 -9841
-3486 -3612
-9439 -6092
6948 8286
-409 9537
7894 -6500
3532 9006
4717 -7041
1321 3824
5424 -2017
-4005 -3683
6071 -2320
4865 1
-9082 3471
820 -5454
-1573 -1292
5096 -5750
-1842 4941
6948 5658
8915 -1173
2327 -3462
-4456 6809
-6512 -4142
9682 -6019
5686 8531
-5153 8826
226 -4599
5402 -5362
8109 -4909
-363 6321
-1251 2649
6899 8064
6726 -2434
-3056 -4944
7604 3673
-9790 -421
108 -70
5788 -525
7178 3597
2127 9190
-8265 6584
-8016 -9306
-4668 1962
7053 7387
7428 -6560
6089 410
2195 -103
-8817 2987
-8237 -1080
-3687 1848
-8573 9368
3018 244
9720 1535
-1148 -1194
1716 -9383
7201 -5301
-4607 3452
-866 -7095
-5988 725
7886 -3814
-9684 -8561
5058 3974
681 2511
-4849 9962
1810 6166
5533 1464
-8292 6958
-1508 -1450
-8924 -4852
-514 -8935
-4236 6514
3686 407
3312 4879
-676 -7181
2726 7325
-7516 -2790
-5096 3042
-4447 -8738
-8776 5586
1751 704
-4111 3034
3712 1004
-6726 -2403
6466 -7797
-3011 -5649
-5415 -4049
6358 2754
-2368 8271
-8911 -331
-3007 -9324
-2114 3815
-3144 3199
4461 2791
2097 6130
555 5685
2439 -6153
4851 6444
-2239 -3850
2075 8125
-3804 -5774
177 9064
5538 781
-949 255
9924 -3110
-2433 3861
-2325 638
-6164 5453
1964 8253
8103 -7983
-8577 -5940
-2093 2378
-1179 3862
-6267 -3522
-1676 -9698
-1751 5808
8592 8241
-978 -7854
2401 4130
-8981 -8207
5655 2325
-3317 -1414
-2240 -2950
-977 4240
6257 9724
-6216 847
-6776 7680
5263 5412
-4389 5767
6069 8996
8524 7656
5896 -5682
-3536 7115
4965 -5083
432 8866
4911 5985
-1709 -193
6857 -8407
9554 9772
-6784 -399
-9553 5810
7211 721
-147 -6329
9438 2473
5189 5464
3119 9228
-2734 3712
4547 -985
7653 7451
6316 -488
-783 -1916
-8389 4947
-9740 7508
-9000 -7811
1790 9814
5624 -5784
4937 5958
-6651 6555
-973 -5211
-6026 -7213
-4265 -5785
-8353 7093
-172 3001
451 6194
-4295 1202
9286 488
-845 4922
6151 -5382
-3193 -584
2950 7151
-4913 -7683
8275 -1427
-1152 -6256
-1467 -8377
-1869 7875
-4190 6228
7042 3866
587 -2543
-6349 -3131
8071 -5241
8968 -644
-5722 -8923
-4305 -1878
-8742 -9572
-8701 6223
8540 4209
-3498 -3614
130 6814
-7843 5351
6946 -7617
-7668 289
-2125 -7244
213 9374
-3758 -7817
-3058 3864
-3059 -1966
2832 -370
-8528 4940
9089 -7753
8470 -7269
-9340 -9613
494 7009
7543 883
-3767 -5656
-3273 9700
3709 -3100
-344 -941
2153 -8416
-6233 -6411
7454 -7884
150 4430
-2220 -1885
-6946 -3298
-1051 -748
5704 -7858
-3750 1139
1868 6364
968 6744
-8913 -590
2830 -9079
-2179 1535
-5685 -3461
1844 7477
-8934 6468
8584 5611
3761 -7760
355 2454
9156 -8460
792 7130
9272 1825
-7037 217
301 -758
-4015 4831
-2039 -8732
-7810 793
-3952 -9209
1051 11
-2512 363
-3169 -7106
-7775 2275
4515 -865
-4690 9707
-8754 -1410
-4281 -5535
-9989 5759
-4025 -1289
7953 -7026
-8474 6277
7545 -2342
-7829 3208
3999 -6545
3467 -1781
8583 -1230
5385 -5325
6950 -866
-8011 7610
7316 5185
-2505 -2701
5486 -7718
-8238 3214
-4355 5497
-7809 -2263
-2266 -2682
4976 -6283
6926 -1000
2455 7147
-4635 4645
-2864 -4079
4317 -2332
-9478 -7480
-6149 4987
171 -7488
-189 -8834
-2830 -8614
4600 -983
-5487 -1068
-9611 -6035
1283 -3295
4143 -1876
7124 -21
-2875 4789
-566 3299
9221 6212
-2400 -9710
-7190 7258
2245 -1877
635 -3339
1549 -7585
-6198 -5834
3184 8719
1371 -7878
-191 -8583
-1878 1760
9884 -8909
1071 -4014
-9226 -9273
4027 -8084
-8152 3929
4219 6968
4225 -551
7572 -9250
-2589 -3531
2606 1927
9814 -7320
-8602 -9872
-4029 2997
8136 2769
-5471 5780
-9408 -22
5964 -1867
-1139 5384
-8980 -9541
4388 -7113
9855 -7131
2318 2328
3078 4079
-5731 3610
-4464 -5791
-3110 6875
-9277 -930
-7933 2009
-1501 -3306
-7526 -6077
3901 6749
-5119 -3213
-7830 -135
324 7463
-9651 -6810
-220 -1568
-9241 -6076
-8276 -7903
9428 7558
-8233 -4007
-3412 -1316
7755 2378
-5614 -2689
4005 -6458
-2535 6606
3354 -9801
-3014 -8635
4951 -8044
9419 2877
9789 -4726
7428 9769
-2587 -432
5387 8187
5745 -863
8851 4814
-2781 -8768
3610 -4562
6470 -5027
-1485 -8284
-7957 4196
8116 9701
-5214 5397
-8927 -4898
-8301 9738
-1268 -9508
-6019 -8513
4777 -3841
-5654 1394
-5748 163
-1303 -6189
-1236 -6898
2262 5916
-5391 -3906
1531 2452
-3353 3124
6545 3574
2692 -5237
3586 -8669
-8932 3765
4257 5285
-9507 3521
9681 8238
3353 5270
-847 -2253
5279 7605
-5573 7850
3766 -5958
136 6689
2862 8375
5220 -4613
8962 9509
-2008 5485
6816 1653
-4583 -4702
-9417 -8396
5126 -6605
-4647 -5203
-6213 8527
-3727 8706
-9970 2940
789 -8449
-686 -5542
-5133 -1725
371 -6830
-1443 7729
-9042 -689
-5205 -2482
-7109 -1050
7970 -4668
-3064 2030
5425 -7727
-2930 -4218
-5692 -9223
9484 857
-6204 4302
5853 9514
-2308 8306
302 -1113
2057 2560
288 -9328
-17 -9386
1853 4967
-2362 8499
-6170 4745
-3226 -4393
-2120 4488
-6010 -4081
-3304 8671
-473 -1701
-3679 -100
3135 7044
9070 -4105
4782 -9174
3386 -629
3764 -3161
1174 -2605
-7639 -6254
-7755 -3253
-8509 3720
9327 -204
-5717 1986
-8375 927
-403 -1726
-9707 -1678
-8058 -7156
9888 -3386
6230 5077
5904 -7322
5770 1012
-8429 3010
-5875 -466
3280 2745
9492 208
-6073 9246
2763 -5296
-9590 -3025
7902 7046
-960 -7964
4079 -2501
343 3054
-6611 9742
4819 3952
-9650 9619
630 4443
1173 6120
-4347 2201
-1334 5299
-4494 -7346
-4380 1879
6583 3154
-9872 8383
9150 -9287
-3530 -8249
2971 1910
-5036 -9452
-5989 -2966
-5294 -1647
-2029 8830
6993 -4944
-8824 -7678
4523 -1835
-2816 550
3204 -3090
8789 6411
3286 -7455
-9073 9092
9805 3414
8886 -9924
1987 -3725
544 1856
8891 -9329
-976 4555
7105 -2683
2374 -9285
-6963 7818
-296 7271
-2180 -8719
-1809 6888
7020 -5255
-2710 700
-209 305
-2561 1938
5736 3316
-6689 -3675
-8099 -2278
2114 7577
5852 -5488
1830 -5142
-4427 6678
4495 -2076
-4806 2332
3613 -5802
-8914 6735
-4800 -4476
9945 -8174
2131 2490
-1851 3456
-3229 9570
-385 -6116
5327 3804
1380 1517
6029 -2560
2298 952
-2371 1579
9503 7871
3923 -7876
-3678 -5304
-4848 1256
6780 1129
2955 352
-3437 -9556
3900 -1194
-1624 4712
8596 -9329
4475 -8289
3228 3922
-8639 -425
-9474 2978
-5444 7380
8971 1877
4001 -2220
6197 2894
-5851 -5957
8894 -8652
5422 -5350
-4906 1848
-9346 -8016
-9584 8995
-6614 2751
4462 -7268
6654 -8419
1156 1411
-1891 -8265
-7165 5403
-2721 6386
-5835 -8195
8420 -5000
-956 -9638
-4569 -3710
940 -2063
-6495 -5427
278 9755
8749 -2120
-5649 694
3426 -4145
-2564 -7466
3945 3800
9256 -7688
7716 -4226
-7841 -7910
-2383 -1285
3716 46
408 -3964
2326 -3520
8138 9560
-5867 -3014
-3259 -4637
3244 4411
-1174 -4511
1345 7595
-9872 -4028
9773 -7499
-5186 7794
-6433 -7252
-5161 -7471
4965 -552
9494 2456
-7788 2401
-7399 3622
3181 4539
-8476 -9262
-3898 -8966
9167 -1735
7476 -6934
-9340 1713
7685 2541
5042 -5490
-3976 7457
-9795 -6424
-174 3313
-7240 -1235
-5059 -5209
7192 -7747
5875 -2847
-8309 9794
-5748 2776
7532 -3063
8923 354
3420 -9582
2131 6398
2659 7802
-3968 -185
993 1422
4998 2056
-4632 4919
-6317 -5176
3336 1849
4102 2345
9498 527
4041 3697
194 -5090
1847 -7986
2368 1446
1864 4490
4609 -491
1031 -6006
3809 -2733
-7591 7063
2839 -1478
-6560 7408
-4048 -8072
3777 844
-6812 9288
3535 1600
-4704 -3593
1317 1297
3311 9211
656 -3116
-8627 -601
-7372 -7481
-3487 5982
-3030 3659
4442 -5957
6286 -621
507 -2719
2930 9727
4291 -9821
9467 -3294
8306 7480
-6114 6723
-1981 -2677
-3467 8924
-4193 -4950
4449 -9090
-6571 901
604 7078
4457 3664
-8573 7574
673 2620
9901 7713
-8841 -5099
-4920 6551
-3023 5451
6651 -1732
-5010 -4717
6327 -5743
-6820 6730
-4500 -3420
-2510 2708
-6392 -6331
-5533 4641
2025 4212
5506 8925
1544 3452
1164 -3821
1080 5165
5436 6045
1495 9881
-1852 -7588
1416 1866
6123 6859
7309 -2258
8044 -6977
5731 -7192
-3522 -746
-6106 -6941
-9008 4666
3590 5919
3091 6498
-3603 -1146
-2261 -5745
-5980 -8803
-8922 -6826
-692 5515
-2620 2947
-194 -9277
2187 -2777
246 -2886
3644 230
9484 -303
2756 -6158
8508 -2901
-6983 7469
7688 5819
-1607 9830
-5916 -5916
-997 9854
-6973 1825
-2661 81
-6973 2335
6780 8440
-617 6554
-6332 -1034
9196 -6651
3046 -8968
-5126 -7601
-502 -478
-3009 -2898
-7080 6237
6066 -5322
2483 5035
4888 -6130
5695 -8515
5287 -8365
7692 -3246
-1086 -7965
8589 4471
-6564 -7983
-4634 -4023
-2991 -3648
-1249 8412
1654 5604
-7294 -8030
8207 8645
-2957 -653
-5619 7993
-8138 -6753
-1547 -7011
-5375 -8723
1752 -6260
-504 -3963
-9493 -9335
-7318 -1916
4062 -2336
4016 -1952
180 -8930
-9605 -3513
-1543 -8167
-5801 -6899
6169 384
-1624 1242
8210 -5729
-2740 3959
8957 -3337
4124 5606
-8358 708
1373 -6381
1703 -4130
3534 7776
-456 -515
4277 1270
-8522 9724
-4722 4672
-8507 3656
-5960 -523
-5561 7662
-8068 6137
3817 -7351
3033 2914
-1481 2773
-6519 -2844
4496 3883
9753 8575
-9929 -81
9405 7008
1998 -385
3060 3681
2073 3476
-2868 8338
-2186 3566
4948 4893
1029 2253
8623 -9399
3515 -1434
-8661 1655
-7469 -4246
9637 -1459
-2885 7027
-3054 9390
6397 -2814
-9478 71
-6249 2115
-4409 3582
1919 9545
3110 6444
1336 -6547
9427 1778
2379 -3915
4652 8050
3425 -4107
1648 9712
-1748 5957
6704 1284
4394 5367
-3726 -2630
7441 4511
-3374 -3204
-5902 -8809
-5544 2217
-1340 6017
-6810 7566
3065 -6284
3522 -7384
-5614 -4557
1337 -1827
-2116 -8468
-8791 -3295
-8291 6136
5224 7913
-4717 6104
614 -4782
2014 -7277
-2364 7240
3177 6112
5849 5813
7100 -4443
2994 -7241
-904 164
5607 -3484
4689 7204
8736 664
7369 -3706
-3850 9945
-8423 9079
8903 -4906
312 581
7026 3237
477 -3954
-4122 -1618
-5806 -2626
2932 -8274
-1794 -8707
1457 -4075
2441 7303
4506 -2936
-8552 851
-9135 3241
6906 -7462
-4663 -2985
2110 -7797
2785 -5761
7476 -3858
2189 -190
-8088 1673
9048 8067
-6486 -3894
-2600 5700
-4655 1720
-978 -7423
3362 -8493
6079 -2752
-9512 4811
7349 6944
-6042 -8886
-6682 -7315
645 9789
-4069 9824
3354 -1880
-6486 -8160
9907 5266
-8629 -3718
-8019 -6580
5141 2492
5070 1047
2554 -2117
5132 -1569
-3038 2353
-704 9341
-5824 -5690
716 6976
-9516 1215
1038 -8640
3202 -3585
1976 -5609
-6623 -9564
-3282 1883
5303 -1531
-9039 -1301
-6534 4164
-4232 6031
-1818 6021
-1627 -9101
-9761 5145
-6825 -8610
8366 -5585
5630 7613
-7307 8850
-1014 388
8500 9616
-9949 -9039
6565 -8124
346 -3231
9189 5589
-248 5028
4779 -7345
-7604 5520
-9861 -7040
-8175 4490
5880 -5900
2236 -1278
55 4245
6816 1587
-8026 2748
6085 -478
4204 -5805
-208 6136
-7095 769
78 -6142
8886 -7907
-1531 -6450
9071 3664
-9655 865
-4645 -7070
-2970 -4109
8334 -8766
9201 9267
853 -1612
-5143 9737
2979 6548
-9258 -9059
7077 -2818
-8329 535
4393 -6298
-483 1749
5300 7000
663 7986
2572 8091
-8980 4729
-9380 7927
-7119 1772
1038 -7326
1063 -4198
-741 -4389
-4121 5920
6861 -7763
-580 -3378
-9123 7658
-8640 4812
-3439 8991
9711 877
2583 -8140
-6329 374
-1177 -4846
-6920 -5309
-9817 3164
5839 -317
5485 4942
-9448 -3099
-3459 -5256
-3019 -3568
6775 -2878
-5221 -9879
4934 -8628
-5917 -3861
-9264 -4785
-2925 -6206
7889 3320
8474 4467
9158 -3289
-6404 -4725
4958 9342
4283 9435
56 4163
-7373 8557
-1291 6597
-2561 -391
3451 -796
4297 2218
-7922 2105
7320 8380
-4106 -7186
6134 -1885
-7419 -6218
4215 8329
-6397 -4540
-1478 7811
7245 -7719
6444 -3475
-4919 1021
1338 9072
2401 7511
-3286 8777
994 -428
-8323 -5269
-6889 3072
9608 -7283
833 -995
6509 5741
7790 7135
-7406 723
-1467 -8608
-2606 1116
7642 -502
-9482 -6162
-3370 -3557
-6046 5577
4353 9031
-1398 4389
-7159 -933
-4140 4000
6718 -4048
8678 -4533
-5072 -2450
-5316 8907
-371 -7282
-2169 1000
-7885 -8118
1380 5226
-7216 -6523
3642 5619
4916 -586
-1556 -8684
5705 -732
8336 -9234
4767 8546
-1782 -5805
3383 1484
9034 617
-477 8311
-8972 -2562
8438 -7127
-5245 2581
-2194 -5726
1472 9857
9196 590
-9997 -4887
-3571 4112
-2900 2168
2934 -4145
-1879 -4565
3351 -2300
9184 -9940
677 -3267
-4956 -8063
3097 -6080
-3207 -207
-7627 5255
-6751 5270
5126 3900
-1790 4722
-6445 8042
2153 1934
-5899 -15
9561 -7026
-1591 -9244
-1544 -2319
-2259 -4519
5935 1361
7019 -7862
-220 -5301
8214 115
-909 -9707
5563 -5693
8208 2340
-2939 4409
2451 138
-7928 4338
-5678 -1676
1298 -106
650 -2397
5284 -6572
2630 -7173
7909 -3254
2605 -1436
3264 4927
-1237 -7616
-7322 1477
5784 7854
193 8241
6371 7712
-2150 -9025
5313 2542
-9135 3643
-6464 -6645
958 5885
-6967 7908
-9266 -38
6708 5663
-5774 -7637
7290 -687
1697 -8790
6408 -3948
-2374 8096
6337 5913
3624 7820
-7485 6428
-1031 -4806
8837 7828
-5097 -166
-561 -3906
-5999 5861
-4178 2472
-1866 -1544
819 -3749
5564 6082
-8988 1829
-8398 981
-923 7421
3333 -772
768 -866
-4439 677
9593 3283
4831 4530
-1916 -7851
-1757 9734
9315 -8756
3716 5965
-1859 -4863
5109 -4429
-4627 -7320
4510 672
-4627 -3615
-2474 9833
-940 4450
-2696 -5421
5257 -6451
6832 2865
1115 8570
-9282 1663
5117 -7080
-5836 2683
-1353 4432
-6711 -8400
-2829 -9491
-6811 8398
2790 6265
-7350 -8581
-8749 8163
2613 176
4756 4033
7582 -6363
6503 3733
6023 8134
3517 1338
4258 6741
3144 -1366
-3214 -7858
-6257 -4488
-3979 75
-1528 4635
900 2931
4351 -8739
9424 3550
-2554 9323
7076 5757
9395 -4078
-6625 8378
6512 9618
4676 9398
9860 3749
-7618 -1066
1076 3003
8515 -832
-7037 8540
3175 -1744
-8813 1435
6417 -5926
-8656 9259
8581 9562
9039 2511
-7846 5657
7755 -7847
-4509 -4471
-1352 4266
-1985 -9833
-899 2228
-1049 4118
-2993 -6103
-7563 1187
9443 3691
-4874 5612
-6594 -5650
-6392 -4737
-1455 -1529
-9019 -4090
-4713 -2416
-263 -6865
2386 -6959
-8972 8950
9117 -5246
6982 2764
602 -1783
5835 -4068
7119 7609
1300 -8008
7604 -9718
-5368 -9854
-870 -5270
3201 1962
7872 7676
-1020 7904
-5241 -6842
-3801 -7563
-8614 -9135
-4381 -2773
-6289 -9498
2440 -7400
2254 4314
1922 -1725
267 3093
7096 -3058
809 1592
-9958 -8272
3690 -6340
-8665 3244
4868 5282
8440 4036
6473 9627
-9508 -1641
9308 7860
8362 -3889
2433 -6982
7332 4523
-3482 -1593
-4780 2975
-6363 -9495
2097 -7684
-2235 8168
-8173 2140
-896 -8546
6736 -3117
-9082 -2308
-2682 8896
-2746 -8889
8971 1531
-8637 -3439
3301 -8947
9297 7517
-356 632
-2673 -4186
-3681 4864
-9100 965
2853 -7863
7998 -1335
3840 4680
-4717 -2899
8514 4296
3191 -78
1033 -448
-8917 -5834
4448 3725
8499 -3833
-6317 -2252
-7899 7795
-6392 3327
1911 -572
-5887 -73
2064 2812
-8524 -9314
9087 3782
-9118 9038
3333 -5631
8012 -6884
2669 -3476
690 -955
-3510 3752
9919 -4863
6607 -5012
-7218 -2678
-5631 8708
1856 -3610
-9963 -10000
2812 9691
-9624 5823
-396 8010
-9233 9464
-2447 4208
7324 4100
-5656 -4435
8331 3713
-2536 5034
-6108 -5180
-192 1103
-7855 -5781
-3353 6311
-3579 235
236 8503
-8087 179
-278 -3232
-1502 -3989
-4526 9327
7255 -735
-6635 6748
-3967 8299
2012 -2291
-3536 -5637
2904 -6804
8021 4077
8296 -3568
-7258 -6114
4122 -5058
-2835 2884
-6937 -5643
1125 -921
8811 2785
5832 9624
-1112 -1995
-5248 3086
5106 5974
-6317 4507
8870 838
4034 3868
-2056 5495
-8074 5775
9662 -40
4902 -1610
-8727 7504
-8140 -4213
8587 -1943
-9158 6706
-9951 7397
-4599 -9606
3481 2659
-1368 3875
-1619 2307
-6856 6036
-97 -2750
-3535 -9102
-9606 -8433
1527 2113
-5777 -9945
7559 -3572
5937 -783
7275 -6861
-6435 4523
5641 -8163
-7769 -6385
6274 -8959
4916 9433
1739 -1374
-5338 -6704
4268 8604
9503 8286
9854 -5547
6566 -6383
-6328 1380
-8471 -9212
3727 -5049
1811 -8814
5709 1001
2838 5376
8991 1349
6112 8790
8223 8985
-2389 4748
8045 3682
2286 5994
8000 6033
-9515 5509
9126 -8427
2954 -9228
-8440 -3482
1469 8204
9390 5287
8 -3000
-7625 8819
3889 -3434
-4644 -8634
-5929 0
-1532 -6422
7260 5403
1396 -3488
-3735 3266
-1226 3117
4690 -3249
-2477 1620
8138 1364
-433 2804
1812 3327
-9674 2677
1496 -8181
2107 -7298
-2211 -895
-7175 7463
-5239 1860
-2737 1293
-8474 -4259
9008 -7621
5496 -2209
8263 1502
-6878 3907
-4730 -4215
-7690 -5020
8308 8559
1235 7843
-6618 8634
-4944 -3549
5556 5489
6672 2845
-1574 8381
3395 -8568
-2826 5689
-8212 4921
-7289 -98
-4876 -8995
4912 -9026
480 1967
6948 -9819
8740 6511
4353 8976
-8671 3696
-6133 7736
6945 -3614
-7049 9424
-8476 3617
5049 1377
786 8640
3560 -4057
9566 6296
7301 9993
-5313 -1589
-9623 2212
6114 8888
5399 7325
-9980 8575
2270 3472
4928 -8650
-2264 6137
9281 1873
-4511 4408
-494 -5474
-6835 -5742
3923 -5988
-9693 6726
6718 3488
-8102 7608
3540 -4875
-5988 -4003
-6679 -346
-1772 9411
2883 -2937
-1587 -5782
-5925 1531
-6597 9870
4277 -2923
1603 2613
6872 -2497
1516 4768
5214 794
-1998 1823
3152 5652
-9224 3622
9619 412
-9935 -5211
-2080 -3340
3723 2014
9953 -5477
6055 -7865
-7996 -5972
1105 -6822
5792 -9998
-2495 -3572
-5084 6384
898 -7259
8286 -9870
9503 8900
6242 5158
-4431 -9721
-1211 5860
-3759 -4365
-8631 6709
-5047 9964
-4180 -8678
-929 -8993
-5815 1545
1547 -6104
324 -6303
-9920 -7227
-765 5240
9091 978
3599 -2480
-7323 8594
-7407 -160
-579 1968
7603 1382
1811 5662
5625 -7308
-2265 6764
-8509 -8556
6711 6806
-9299 -602
3095 1978
4751 4746
-14 6897
-2126 -2293
5227 -924
1390 -4807
5034 -8375
3593 3983
-915 -5546
-9885 4916
-8672 -9104
-8620 9461
-5374 -936
-4131 -3407
5991 -8664
3314 292
-4963 2806
-298 1786
9493 8744
1541 -8703
211 8440
-6215 -7070
-9366 -4756
3419 -8902
6014 -281
4336 7255
-9564 7343
-3594 5717
-7691 -4938
119 5996
-3713 -7980
4826 -2847
-7341 1325
3789 -1751
3267 -7849
-5688 -4671
-1740 -6523
2443 -1903
2917 -1106
8613 -418
-3163 -1070
-7 6670
2386 994
9777 -9881
6116 8416
-9565 3616
-9232 -3877
-8832 8982
951 -6572
-700 4958
-9714 -5783
1416 7333
-849 -1454
-8840 -2421
7161 -7933
4718 -6506
-9837 -2282
8712 -5289
-5170 6270
4685 -7792
5824 -5334
790 8841
-8458 6593
-6259 1958
-3085 2494
-9569 6762
4095 923
9469 5568
-6854 -6755
-4688 -5650
-2156 -9693
-1975 -9971
-1539 1728
-2003 458
2666 7013
-4601 -3598
-4758 -1510
-1197 9910
1868 505
-7002 2544
-695 -7497
7147 -2849
-7282 -2880
365 6616
-5314 -4135
-107 9398
