2000
206 2718
928 -3160
7760 -7832
8631 -9660
-7112 8158
-6213 -8262
-889 4193
282 -4941
3106 4282
-3613 7936
1105 -7141
-6096 1244
5188 -6566
882 -6433
6069 -4577
-8138 257
7097 -5
2163 2790
3130 4857
3014 794
2532 9739
7652 6801
-4420 -4636
9646 -2067
-4131 -7594
-1013 -247
-5282 6974
-5871 2891
6458 -6374
-950 5011
-4733 6247
-37 912
-6299 -3915
-9059 -7875
6640 -9449
-9711 3955
4477 2893
8257 -8338
-405 -6223
-3816 -8378
5097 5464
6159 5171
1782 9815
-2839 -9713
9019 -1760
-1793 6211
843 -5715
4091 8170
-5984 4544
8816 5032
2708 -9345
3548 -7174
-5512 905
4682 5525
7148 4083
-453 -5414
-6523 2244
5779 -574
-287 5260
-2780 -7061
-7129 2452
-9543 5427
7318 3714
1979 4549
-420 -4946
-4291 794
7341 -7713
3192 -7022
-7777 -8172
9633 1595
6181 9371
5335 2900
-7675 -6621
8639 4834
-8506 2038
-5511 -4142
-4995 -1914
-8201 -5054
-6785 -3957
1097 7499
2014 2796
8804 -9473
-2774 -646
4904 1996
-2689 -551
2541 4536
-2565 -6509
-3130 1596
-3570 -240
-4482 -771
8808 1645
9731 3728
-7606 -6187
3577 -4750
-7251 -4390
8406 -5326
-1078 8484
1558 -9071
6646 9869
-683 -3539
-5283 -6044
1169 -4422
7175 2152
-4368 8039
989 -2675
-7310 4871
-1402 -204
7330 -7580
1391 4714
-9677 907
9302 7861
6344 -7551
-6622 1944
1812 -2098
8084 -6255
-2299 -8872
428 -7199
8674 8870
-9371 -2398
8648 -5694
9177 1618
-4866 -8663
-2522 1496
-3791 -7536
7092 8869
6730 253
6423 6393
-1664 6794
-5305 -6479
-2734 -9853
-5004 -3500
-699 4968
3837 5424
-3254 -2026
2280 8187
-196 -4607
-3270 5178
-3327 8660
-8877 4208
6798 6603
576 8215
8328 3527
320 -3002
519 -3337
531 8737
-4764 -8494
-9806 9248
4672 4537
-3769 7752
5939 -8583
532 -7768
7410 -537
-1878 -9018
8912 -2197
-1874 -755
1180 5709
-765 8702
-4301 -493
9891 -6725
-7989 9939
-4835 421
-331 968
-775 -4641
-6889 -1939
3199 5457
7689 9050
-1488 -6270
-1566 8819
-3379 -9645
3321 -2655
-6947 8468
7169 -5499
7729 6009
9284 -3412
-3474 7620
-1960 -4984
5984 5413
-9229 -8571
-510 -4791
-5614 -6118
-3348 -3590
140 -7926
-5387 8886
9241 8574
-361 4955
3422 2561
-9218 2692
-1300 590
7178 8512
6131 1705
6721 -2576
-7164 -2109
-679 6425
-4646 -2671
1211 -7469
-1059 -260
5535 -8416
-9531 -7198
-4904 -9853
5102 9710
5991 4736
1148 -1477
-7167 6774
5285 -6431
5274 -9990
1156 5136
-6974 5715
5860 7713
-4959 6068
-7680 -8786
4675 9974
-8443 4982
-8496 210
4078 -7974
-4544 -3399
-4943 -820
-8577 -4833
-4339 6205
-6506 -2022
-2012 -9055
9802 8768
8203 -7136
-9423 -3451
-3663 4063
8998 -661
-688 2378
-2640 3672
-2398 869
6616 -1136
9186 -8320
4581 -4208
4681 -5758
-5832 6004
-6019 -9659
-4992 -2338
151 5691
-7725 -5191
1358 -1647
-3864 -3427
5913 -8584
3794 -4867
8806 -4776
9815 -8847
3739 -3593
1808 -9850
-336 2924
-9113 -3612
-3887 -5656
-5315 -1224
6438 3815
-495 -307
4503 309
-7617 5502
-7926 -419
4718 -1481
7374 7987
-3068 -1488
3386 9900
27 467
617 -2876
-6231 -8165
1944 -9720
-1655 -1623
7153 8057
1872 3031
-7277 7311
1341 -4903
-9402 -9054
4249 3724
-4037 -3606
-5620 -1034
-8802 -6664
-3044 5033
-4501 4585
-4571 6984
-7461 9838
-6162 2919
-8705 4483
6261 2184
-4786 -7832
9480 -1868
3229 1658
6326 4541
-1736 7549
-6058 574
-6740 7948
-8716 2043
-2924 -5541
-7236 1961
2665 6296
6133 1914
-5167 8925
3408 9972
5876 -151
2018 3389
-8480 -5190
-9812 5218
-242 8470
9739 6514
808 -8258
9690 -6320
9445 7790
-7752 -5306
6656 -3480
-3464 -1267
-9354 3041
1966 -7331
-3639 -4521
9050 -906
-7518 -7764
767 1067
5 -2277
-3808 955
-2531 9763
-4775 -348
3332 -8003
9787 -5086
-391 6497
-6984 -4245
4488 -15
-6975 -447
5943 8856
-5666 8712
-2195 -3976
-1740 -6617
8171 4008
-8270 -7253
3702 -1825
1658 1644
-8705 -8830
-6832 6883
-4482 8348
4845 -3325
2431 8848
2553 -8419
4855 639
-506 9299
8011 797
-9459 3829
-9068 -464
-6456 -1199
1548 -7176
4720 -4726
-9362 -1029
141 -3622
-3019 -8067
-5998 7030
-6295 6220
5067 8847
-5852 9857
495 1340
639 9004
3521 9990
7539 2370
-8095 4063
-3416 -7809
-4985 -4551
4445 -8147
824 9736
-166 5083
-9263 -5315
-8285 -9465
6756 -5261
-2694 -859
2718 5543
-3117 1454
4178 -6788
-3078 7522
3612 -2301
-4518 -1819
373 5517
-5313 2066
3919 9109
8844 9132
7935 -1537
3149 2398
2934 8672
-2869 8585
1446 -311
-1048 8158
3333 -5837
1096 5835
7077 -2490
8930 8019
-3801 688
-3795 -5589
-9802 -9708
9402 4613
3744 7838
-3699 8245
4364 1678
4071 -6830
-8246 -2703
-9294 -5078
-6920 3200
7363 -342
-786 6413
-2357 2179
197 -3710
-9301 294
8426 -9883
-9591 625
-4763 8624
6462 9811
-8224 -7299
8100 -3517
-347 6140
-2843 2170
-9187 5128
-1673 1584
-5038 -6107
-5974 -590
-8412 4176
-5813 5390
-4317 5507
9345 -5114
9232 -5891
-7268 9754
-6715 -5532
890 -7086
3118 -1218
-1358 -1011
-8841 -3509
-8382 5799
1103 -8028
-414 3666
-6925 6065
241 7333
2722 -1615
-2388 4428
-6966 8406
-7486 -3044
430 -4014
4175 -1033
5603 3715
-7504 -4936
4053 -1280
5212 1138
657 8933
-5375 -9450
4217 -8241
7825 4211
1543 -8988
3118 1786
-3787 -2014
-3609 -9271
1406 2968
8954 2626
-8408 -8164
9272 3128
-8088 7195
-364 -8232
6627 5965
4898 -1432
-882 1005
6485 -6757
7455 -2945
-1932 4309
-3906 2718
-9297 -8815
-4364 6028
2716 815
-6560 7042
8878 5390
2238 -1246
-331 8150
-6362 4150
3836 9305
1593 -6015
4990 2454
5697 -5568
1487 1475
-496 6872
3311 -6725
-5539 9320
9068 4014
-1450 97
859 5505
894 1990
-9257 3458
1607 -6868
-8998 413
3438 8966
-3329 4838
1012 -1248
3184 -8339
6857 -3291
-6420 -5330
-2054 81
-600 6891
4626 6128
-55 2189
-2307 -6825
8886 -9197
4261 8587
-4561 -6650
7484 -412
2274 163
-1279 921
9673 8946
-5673 9734
-3558 2856
-8753 -8817
4985 3743
4355 2914
-959 -1894
-9706 -1020
5876 8986
-6491 -2013
294 4761
8111 7771
1079 9455
-383 5594
236 -6647
-7702 8338
-8209 3629
206 -3375
1529 1954
-4303 1453
-5634 -3487
4619 -9949
2752 7128
6113 8634
-3380 -1373
-2892 9622
-8888 -9365
-9911 -1060
-1746 2192
9266 3427
5485 -7790
5840 -8437
1909 7277
-770 -3955
-8782 -6563
3671 4927
8699 -695
-3568 -1710
-3077 1450
-6203 -3735
-393 7265
7900 4627
-6434 720
-3368 -8291
5136 5541
7752 -4103
1181 620
1617 3591
-6644 -3190
247 -9153
9495 -1705
7600 -2362
5928 -8086
7085 -5969
296 -3428
-2443 -9118
9230 9903
4343 -823
4607 -7205
-7944 -5305
4313 -258
-5918 9808
7119 -4507
2303 5700
-9733 -5805
2490 -3730
3909 -6518
-4604 89
7841 3557
-6151 -7519
-2916 1857
5481 1406
-5697 -3687
2829 -177
4519 8910
2372 4885
8414 2552
8046 -9825
9596 5532
9728 4069
-9661 9863
-6656 2217
-3973 7969
1525 2462
4943 -6133
5725 9096
4222 -7974
2060 1205
-5252 8526
-8845 -5112
9773 -7013
5540 3528
3703 8186
7439 3585
1374 3298
6881 7166
3103 5434
3402 -6055
6407 9130
-3282 -1352
1464 5070
-9184 -7558
7368 -4315
-2069 2876
7764 -7885
-4897 -913
-7386 7537
9443 -5637
-8332 -9963
7056 6881
7767 3042
-1524 3936
7881 4591
7441 -4402
7967 8009
3078 -2121
321 -570
5116 7616
491 1409
3525 -6954
5854 -1745
-488 -7652
-3289 -7812
-7775 2675
3277 2100
-4859 -6999
6937 4764
-646 7338
-3343 8539
-9733 516
8395 -5377
7775 7066
4681 2437
-6155 6611
-6623 -4828
3427 -8910
-2841 9232
-8581 -3341
9334 7591
-310 -2634
367 2610
-2626 8553
5890 1025
-437 -9552
964 -7454
-2830 3551
616 3080
-763 -1335
-4725 -4703
469 6803
7894 -1348
-2117 -2384
4275 -1227
-3636 3024
-9611 7329
-61 9775
8327 4477
-4499 -8967
-4798 4217
-9517 8785
2335 9888
2967 1374
-9962 -7049
1969 -7797
9006 -4687
3966 -3842
3774 -9381
3114 -4431
8593 1769
2818 9478
-7028 8982
3459 -3523
-2490 -8701
9237 -7320
-8535 2713
2600 9720
4815 3800
-9529 -713
5211 4853
-6113 6161
-7682 7937
8557 7853
-6579 9813
5302 1670
4868 -4265
-5284 -1880
4597 -8440
-3420 -8105
-5424 -4172
-7739 -4184
-743 -238
-2718 8582
-2132 -2208
-7356 1475
-2365 -6922
-5265 -3469
-1896 -46
3487 -6709
8682 5247
-9019 -1211
6909 7270
-7449 -582
5035 5226
-8947 -869
8669 -6669
3093 -6686
-4384 1646
9438 -9626
1849 3484
-9718 -4198
6055 9485
3159 -4982
2030 -5842
-6875 -3355
5434 4433
5423 -2173
-9034 6063
1289 7974
826 6001
9332 6063
-6902 -506
-8861 6145
-9761 -1286
-4081 -5703
99 2089
5294 -3799
4940 -3847
4033 2173
8818 -3030
-4877 -9122
-1294 7973
4035 -9455
-7760 3393
-607 -956
-4893 3066
-3720 2445
2310 1926
-9361 -2581
5437 2549
-1642 -3442
6481 -4465
1689 -6349
5824 1420
-7890 -558
320 8363
6335 -2767
1500 -7254
6139 4090
-3145 7461
4247 -748
-4583 5683
-2392 -9474
1666 7727
3997 -1753
8527 -2898
2637 -7646
-3994 5007
147 -1954
7488 -4450
-6088 2258
-6789 1529
4275 -6033
-8222 4711
5892 4135
-6614 -1367
-5685 138
664 -1196
251 5644
-2389 -3950
3152 -2032
323 -3863
-5136 -490
-8724 -9951
-4401 5012
-2731 -7515
7735 3233
-9080 480
-1088 2009
-3857 -7302
5052 -5197
4942 3251
-4225 -6913
8731 -674
9098 9747
-2285 -3658
6200 5970
-800 8038
8087 -8936
6076 477
6683 -2594
-5641 -6656
7545 4417
146 -4720
1699 -3544
4981 -9990
3261 472
3559 3643
-7032 -7244
-7498 6011
-7648 -4214
-8244 217
1975 -7728
-6664 956
-4847 3782
-8812 9412
-3524 -8165
9973 -4453
4548 -2258
4198 119
129 -3753
6719 2899
-3459 -6611
-3855 3998
8 3231
9017 2368
-7415 6081
8354 -9228
1729 8281
2063 -4590
-5178 -9398
-7562 3251
-7482 5019
-7240 -7590
2529 7067
-2966 -9321
3578 -3622
3488 -2527
-4809 -9881
3350 -6647
5722 5200
5001 6087
6860 8307
-9693 7075
-7515 2309
2911 2370
-4380 1028
-3954 9070
-8520 1860
-1074 2528
3207 7730
-5892 9681
-2847 505
4345 7596
-9051 2344
1264 -2306
-6219 -9609
-7582 -14
-2940 -5639
6670 -7275
5096 3266
-5707 3301
2371 -9285
2575 4061
309 7572
5301 -4779
-5099 -2764
7741 -6871
-5554 5775
1840 2086
-6500 -884
-493 -3176
6810 1002
9084 1925
8371 -2409
-9144 9474
2775 3466
7903 -1129
-3348 -4855
-3563 4198
9420 6961
-5804 -4542
-1412 -1959
-2463 -4343
-8537 6755
-409 9377
-79 -5036
9687 -7182
8464 -3269
8043 8771
8244 6834
300 8899
1490 1018
9884 -1798
-7601 8142
5102 -3680
5500 -4461
7302 -6982
-1324 -5913
-5438 -5162
-2065 3860
8824 4153
-9309 -8424
-1693 -7769
-8999 9155
5988 -3651
-1031 -7035
7705 -3713
8210 -9542
-7679 -8692
1350 -5670
3590 -8857
-5838 -3151
4657 891
9450 6559
418 9219
7092 1105
2682 2963
8915 7783
6937 -5291
4780 -6364
-3399 6645
-3347 -6252
-2073 -5695
-665 -5138
2913 3969
5113 -9316
-2467 -3497
7394 -7005
-6726 -4090
-4872 -9436
1669 7413
375 -4060
-2557 -1929
2781 -711
2925 -1900
-5256 -2440
5029 -6753
1273 1397
9981 -3324
-9355 -9393
-4988 2893
9396 5758
-7527 2545
8455 -9490
-8926 -4253
-6841 -2697
6964 6464
-5465 3535
-3456 -1873
6227 7316
-1404 -6810
158 -9029
6089 -2655
4021 -8570
-4241 6069
-1038 8387
7865 771
-2963 2078
2588 -9663
-3916 -788
-9764 3662
3847 -756
-3501 7200
-4673 8382
9418 6764
-6326 -4726
-3755 1734
9079 3832
8984 -7666
-7877 6820
5207 -5258
9234 4806
-3116 3071
3409 -3730
5483 9472
6855 -6787
2457 5719
6639 701
2803 -7324
9441 -4314
961 2220
-6047 -6886
-9333 -9074
-3019 -3248
-6429 9651
-1887 -895
-6090 -7502
9291 -2654
3617 794
3987 6420
9633 2820
2259 4562
-4738 2090
8487 -1103
8305 -8215
4005 7927
-5238 2986
3912 -8322
-1570 -4571
-1200 -9107
3719 2001
4500 6913
-5742 -8651
5865 3790
209 -8405
4415 -149
-5588 3562
-628 394
-6988 3395
5180 -2141
-4215 -8684
4302 2905
4583 547
9697 1934
2827 -6988
8734 -1504
-871 266
1616 6954
4464 7109
8704 -2520
-8949 -1607
-8045 6840
-2767 -816
-3701 1327
9186 3966
5282 -8522
8104 -1308
-7041 3304
-4762 2686
9419 -3623
4873 -8215
2052 8152
5106 -2277
-5169 -6333
4868 3290
-8317 -6466
-5906 5919
-4898 -6362
8686 5049
-986 1401
6600 7872
284 -1983
-8680 8424
4830 3243
9620 279
2065 4248
2399 8214
-4064 -5884
1504 1225
-5485 767
8022 92
-3990 -3802
3557 -4163
-9115 4833
-46 2242
3834 3620
-8364 274
-1303 -5883
-8919 -3322
6957 -6474
-8506 -5579
-7366 -979
6858 3893
-1161 2291
-3222 2082
-7827 7075
-3007 -5200
637 1904
-3264 -5730
6512 5243
2583 -9590
684 4067
8184 4220
-5382 -6899
348 -7015
-2593 -8426
4317 1842
-544 3762
-3947 4895
-3023 8295
9090 2831
-8649 2871
-5225 -3918
4073 5709
4672 5232
5643 584
-5350 -2745
-4805 -3674
3149 -3445
3261 -187
5108 -6504
5339 -9333
8151 -576
-1960 -5206
-3191 -5797
-9246 5017
1608 -4102
5701 -4173
-4744 6383
1615 -227
-5923 9929
904 -2743
7304 2449
-7276 6099
-4089 452
7670 5985
-9627 -5261
4164 3008
-8478 8524
-3553 -4076
-9060 -1669
7950 -2799
6749 6269
2652 3650
-2857 -7995
-4346 -2013
5244 4941
-2611 6558
2656 6268
441 3834
-181 -7713
-2974 -1890
-5162 192
-1285 -5090
834 -3640
4691 8883
-196 5495
1764 6361
10 -3447
2279 -5585
2402 -9127
5814 7933
4490 1366
1354 -3076
-9243 -2855
-568 -4485
3625 576
-5512 -9822
-4911 -7817
-1457 6924
5806 5923
1418 -3046
-6686 -4390
2163 -6819
1317 7045
7918 -5559
-3906 -2561
8805 7453
-5624 -9417
1449 3879
9395 -4867
9431 -9120
-5221 6740
8924 -6082
-9158 -132
-4209 1187
-8138 -9632
-4022 7209
-5890 -4824
-4058 -8139
23 5427
-7135 -2420
-4968 6117
-9580 -4610
-7011 -592
8263 1869
6470 -7617
9124 7693
-4669 -8751
1117 -8233
2954 -106
263 6908
7837 4816
-6287 9962
-4456 -4333
-5186 -345
7235 5567
5405 -2321
6790 -4012
9117 5825
-2306 9780
-4117 7379
8792 -5837
-867 -1273
494 -5877
4017 -9750
-9122 -6552
-8016 -2000
-2038 -7564
-1897 -4303
9073 7227
2793 2918
-5683 -9972
-263 1918
1464 -5172
-1672 -1147
-47 -7122
762 4211
-7062 -1256
6588 9896
-6134 7153
-5679 605
-7675 -5256
-2820 -3694
5724 4008
1234 9005
5643 8518
-7734 -2252
9666 -6320
-1492 2003
-9145 4850
7728 -9444
4768 808
9553 2211
2106 -8574
8579 9861
4186 5972
-5564 -7100
2927 6512
519 5338
4342 2371
888 -8247
-499 3705
7385 3154
-4844 2887
1458 -386
170 -3988
-9460 -815
-4884 -5063
84 -6187
-6326 7222
6914 2384
9005 7860
8092 -4929
-9592 1931
-5699 -1389
4085 8471
2175 8911
2064 -2694
-6087 3280
-7107 -9059
-3047 5371
-1723 3064
-8279 1214
5028 3393
4336 5527
-2090 -7578
-5998 4970
-9960 -3086
-7435 -7906
705 -5831
-7361 -3134
-4224 -1490
5816 8535
1815 -8439
-7498 9729
5100 8429
5213 3176
-5611 -6624
-9511 -9345
6182 -6863
-720 4825
3516 -5909
4726 3283
5377 3556
-8554 7291
-2123 -198
8312 -5915
-3659 7375
8936 4127
3855 -8124
-9696 -4842
-7946 2675
9772 9239
9894 -3557
3302 -9739
8807 6075
-6114 -3698
9585 2322
-401 8612
9623 4961
-5238 1045
8851 -2501
-1406 -6927
-9080 -4809
788 1250
6408 4776
1171 1093
4052 8462
-1374 943
4925 3945
19 -4352
1950 3731
-226 3905
6237 5256
216 -6907
7859 9580
799 8700
-4507 -9571
-4379 9394
643 -3586
-5090 6409
1222 772
2954 6081
-2977 -4727
-7062 -4700
4669 -4332
-6880 2957
582 340
-4405 6615
9708 539
118 9532
8231 -8714
-8285 -9083
-5969 -6276
3859 1057
1187 8395
2887 8769
8570 -3871
5124 -4159
4862 -686
4982 8062
4740 -469
9871 8102
4716 -4679
9582 -4535
-5004 8144
9430 3420
4337 -3052
4393 -8855
5923 -7912
-9517 -1749
740 -2891
3239 3370
-7069 -691
8623 -1638
-3577 7794
1045 7326
5427 -8838
205 915
-9900 3864
2007 -214
-6795 -1183
9486 5158
-9977 -8737
-2928 3878
-4151 5946
-6945 -2445
-5354 6589
-381 6294
-1624 -2423
-909 1962
-713 4799
9683 -9865
4771 -5286
-7702 -113
-6607 8592
-2591 4305
-538 319
5303 -3106
-5507 3206
-848 -7625
3651 342
652 5928
5942 8297
-405 -6009
5953 -5683
-7164 8686
8822 -4760
3675 -7482
6126 7313
5905 5973
3998 9519
3559 -6687
3928 -2819
-9614 -1139
4957 8421
2484 -462
-4535 -1392
625 -6865
847 -8594
-556 -9781
-7374 -3201
5760 2281
4799 -4832
-7520 -566
-873 4646
4164 8385
-4582 -6875
306 1443
-5975 9347
-8513 4413
-6049 -7298
5031 3971
-9174 3137
8265 -4344
-404 1673
-7807 1429
-6291 2222
7390 7953
1108 -7771
6875 -6409
-8025 -9766
-2920 4759
-3798 -2606
461 -8894
5520 227
2929 5669
-360 -6809
-9952 1681
7337 4187
-419 -7967
3463 653
-7125 1774
-274 7172
9401 -6015
-2424 -9167
-5211 6275
1034 -448
-9334 1869
2976 -9044
4904 4848
516 2216
5407 1553
-6767 -6124
-8216 5455
7489 -9431
1223 1365
-6862 951
1843 7819
-4476 6585
-8861 1244
1239 3101
-3627 -4072
-8483 -4007
-3051 760
-672 8214
4150 -8148
3406 9844
-2559 -444
-1268 -9641
-9071 2946
-5690 -59
-5388 5873
7412 1169
1474 -9825
1419 -7065
9757 2613
-7739 -3621
2372 -150
-9391 -2500
-566 9322
-5106 -63
3502 -6416
6861 -7980
-7620 -5337
7609 -4408
9254 -2970
-3377 -4361
6808 -2414
-2238 -2245
4411 2002
-1664 -7099
-720 4168
-5983 597
-8183 -8348
-5306 -1652
8285 1252
8557 3309
9051 5507
-9831 5417
-5270 -8570
2181 7778
-6584 -2296
5291 8804
-3442 -6056
5947 -6948
-4047 -5311
8857 -5718
8600 8955
-5673 -3405
4943 -5862
9111 2742
-3950 3227
-1266 7667
6804 -1179
251 2624
4123 -8467
-762 -7569
-5045 7539
-4796 -1751
1301 5234
9924 -8850
-847 -9026
-6351 -7500
-905 -2248
1890 -2024
-9283 -5963
-9015 1000
2387 489
9310 3440
-3937 -809
4445 3282
9434 -9815
-8555 -2597
5652 -5611
-6657 -3351
-2201 673
1648 -3013
-512 -9328
-1576 9018
-3006 8583
-7380 -5965
8756 1432
-8080 -2674
-9235 1143
-5946 -5049
8233 -3172
735 8499
-4098 -8614
-504 2180
-7451 -8447
5948 2840
-6453 4069
4741 -2405
333 3035
5339 -3115
920 7327
-1241 7959
-995 3397
-1740 4400
-6929 -230
-9682 2314
4533 -4976
-3589 1053
-3047 -9566
-4291 5907
2467 -498
-6430 -8344
2972 6015
2770 8311
-4804 -6696
-5648 -1892
-213 9837
3233 3111
1231 8792
-1439 -8508
7527 4303
-6953 2601
-2626 2060
2494 -542
-914 4328
-2450 -8077
-6421 -4727
-8713 1121
3152 -9729
-2703 7779
-4114 -7932
-8095 1649
-1520 5674
8186 8859
-5928 9711
7734 468
-6932 -8402
3658 -9219
3960 442
-5231 -127
1796 -6955
-1681 2320
-2839 9097
-6912 3327
1105 -5967
-3898 385
-7967 6992
6386 -1993
586 513
3945 4571
-4962 4658
6257 1678
6180 1827
-7731 -86
-6493 140
6906 759
-3201 5304
8121 -4776
-7728 3960
7994 -8792
1594 3377
4089 -5905
5823 7348
-2139 4195
2487 129
-5213 -8195
7204 -8755
3073 -8957
4678 3384
-2756 5342
-3900 -8094
7210 -5851
-626 6621
580 9051
-9742 5367
-1257 2294
-9891 5573
2921 -3447
-9253 9653
-218 -5498
-3693 6955
8201 8290
9333 -2769
-9386 1273
335 7731
9637 1579
5729 6435
3055 -9434
-6663 -1177
-5811 -2644
-6630 -6404
-7111 6653
-6795 -6520
-3147 9531
-5968 -2326
-5372 6635
4924 4060
-8709 -7172
7822 7977
9429 -4374
7206 -1844
-1688 -7215
-2927 2934
-4523 -8634
2443 410
4006 -334
-3682 5814
-6986 -9384
-9854 3245
-5361 -133
223 -5821
8239 -733
5817 -4854
-3156 9530
-1123 3638
-8206 -3728
2778 -3918
-7264 106
5193 9851
261 -1787
-8401 1357
891 -2013
-1397 -2083
-5118 3905
-2508 -1250
6650 -479
8789 7715
-3418 8609
-8141 8326
1963 7147
-6582 736
-9462 7478
-2417 9917
9768 -6726
1487 -3503
7854 28
8015 3086
-5277 2465
90 339
-7191 -394
-7153 7582
9018 9459
8067 -8365
-6319 -680
-3534 9926
4382 5645
6843 3605
3521 4920
8194 -1853
4644 3288
-2964 3401
207 6218
-1318 -4949
9111 8652
1978 8772
-9927 -8081
-8623 4825
-9819 9091
-1590 -6836
-3189 -6138
-6773 4876
-1520 -8808
9834 -9930
-1783 -7999
9010 -8253
5149 -7140
-7202 -3954
4818 -924
-2273 1480
251 3928
5847 9705
4530 324
3136 7224
-5892 4711
8573 -8455
-9858 919
5833 -8200
-4409 -1378
4344 5666
7413 3808
-9612 3354
-6880 6282
-4642 -6814
4666 7938
1865 6806
-9769 -1363
-7319 -2289
-1345 4761
3192 5817
-8917 2763
-2597 5485
-8995 -8775
3568 -3044
-7379 -3404
-9597 1633
-5014 -6246
-6243 -9209
-2302 -1894
-236 2836
-359 -7637
4721 -8372
-661 -128
-1647 7403
6940 -8286
4477 -4735
-9250 8023
-7032 -4400
2556 -4524
2073 -9743
1890 8898
-3627 6197
-9291 -9404
2423 130
-7035 -1593
4492 -7814
-6186 6327
-80 -788
335 6874
8588 -8007
-2741 -2725
-982 6785
-7615 1730
7206 5708
5965 8662
7560 -722
-804 -2146
2171 -6068
7783 3626
-7968 -5407
-3221 -5532
-9206 -9756
-543 4314
4908 4435
6429 9792
787 3495
279 -2592
9138 9806
5513 6385
5047 6343
-658 5198
-3228 6327
-9742 8538
2163 8943
-6465 -8239
-3771 7916
8161 4035
2069 744
-4821 1338
4850 -3024
-5809 -4672
2736 -4363
-837 4470
4576 1873
-1785 -1604
-2686 3343
-331 7557
9815 4086
3028 3648
5409 5698
3614 -9717
8039 -8363
2381 5495
553 107
-9197 -8720
329 -4598
4760 -5006
-6816 -3215
8658 -2357
9760 7760
1102 594
1871 -2927
-8842 -5509
8139 1686
-2617 7907
8190 3547
5184 -5283
-6068 6228
55 1286
6287 4485
-6392 858
5852 -3384
3401 -7912
-268 -7243
-9484 5780
94 3212
-9715 5340
9831 -8036
3650 -4836
-6929 7970
1516 -5246
3192 -5019
-5070 421
-4573 7125
1609 4985
-436 -8287
2050 8938
-8974 -864
1893 -828
-1328 4479
-2310 2410
1470 8766
-9271 -2025
6861 5021
6711 8101
-3425 9932
-5088 1948
-7632 9767
-9389 -158
-1452 1516
3229 5942
4879 8112
-2753 -1000
-8108 5905
383 -7139
8992 564
3050 -8206
-231 461
-798 7500
5600 350
281 -4087
7861 -4105
-4338 8915
2477 -6051
5465 -6
-4065 -8976
-7144 2414
-8587 -9186
-9561 3825
6686 -2974
-8690 4544
6338 5677
-142 4360
1860 -173
-9823 9060
-5028 1180
7076 458
3093 -7168
-3219 -3542
6452 -4430
315 -7755
8381 -7613
-3078 3172
717 -6486
541 -2639
-8096 -2598
-3201 1851
-68 8242
1790 6657
5716 -8209
6692 1967
-3855 -5591
-2759 3767
-6055 9239
-5192 7744
-6291 -9603
-3495 8844
5736 -7911
-4396 3427
-9213 -3548
7575 6145
1716 -3587
-1625 -5627
-5250 -8353
-2841 -9836
2131 -9534
-1404 -2428
-4941 8277
-8765 5837
7301 -995
-598 -3957
-1393 -8990
-6901 5907
3054 -5657
795 -1297
-1432 7562
-6026 2091
-9816 -5995
-627 6071
9956 -5065
-878 -9747
-2175 2087
4084 7718
7275 2884
-8112 5319
-4918 4576
5586 5011
4638 3689
-8248 -7595
1109 -2309
-4747 6269
-1641 -6603
-2598 2948
2739 -1457
3478 -9504
-9251 2695
-5219 -3680
-5963 -1426
-4822 -7415
-8376 -8688
5888 -2933
-4202 427
-2164 5194
7599 -9564
1848 -411
-422 2428
9547 -9179
3770 7937
200 -3052
-2556 -3492
9203 -6322
3719 1914
-9513 -2296
4010 7757
-7211 -4334
6454 9355
-219 -7603
7591 -7749
-3592 -8662
4648 5189
1338 8257
9078 -5775
-7839 884
-8448 6568
-3203 6082
9760 2718
-5369 -4001
7425 7200
4956 -1160
4506 5155
4510 7745
-9859 4680
-9349 -1989
-651 -8548
-9639 -2940
-4684 -2283
1942 1699
-3697 -1886
-5318 7824
3906 -2144
-9427 1479
-8802 7386
4585 -1075
7765 8623
7499 3261
1005 5991
670 2008
-6261 4867
-9961 1322
-7898 6810
-5474 -9599
5821 -2582
5532 -9811
8013 -7876
-20 -6066
5413 5639
3025 4274
-3081 6612
8955 1330
-5409 -5316
-5605 6453
2181 9317
7905 5066
108 9642
6451 7944
8345 2210
-6652 -5303
-5114 4166
6290 -7400
-3465 -3380
-7742 -10
-2016 -8053
-7721 9004
334 4903
-6693 -8766
-8593 4925
4241 -2297
-3511 7310
6951 5866
3810 -9683
2527 3401
-8182 2154
40 9596
-4084 -3295
7046 50
