2000
-834 9218
-5035 1012
7228 2536
-7659 -2611
-4666 9135
7539 -6266
3139 -7077
-7234 2456
-5140 136
8400 4882
378 -9259
-6793 -9512
-9518 -6995
6008 14
2185 1729
4667 4255
-4734 -8649
7608 -6648
4462 -7506
-4651 -6330
-2596 9797
-3560 -7113
9064 -5737
4400 -794
-2191 -6077
-5336 2799
3287 8187
-8809 1593
-8394 3770
-781 -9081
5174 3792
8864 -6115
958 -5840
-3346 6471
-6139 -4581
-1064 2003
8611 4987
9250 5377
-1697 -8606
-962 3649
169 6112
4298 7424
-984 -6545
-9055 9210
-6151 4343
1855 164
7770 -7257
-3096 718
910 2448
7868 7279
3003 4771
-243 524
-379 1613
6729 -993
-3624 7925
7757 -4234
-3090 6545
-6279 5776
8706 9647
3990 -1613
-7728 -7445
-4702 -4156
-9717 -6238
6211 5923
3202 1193
-316 4078
-1678 -3796
-8463 -6838
5890 7944
5868 8266
-2247 -7735
-7469 7345
3120 4663
4310 -27
8360 1826
4381 2020
-8416 -9369
-5606 -6601
9323 -8133
6781 -9396
8403 2524
8728 186
3348 445
-1612 -6015
-7749 -763
5223 -2024
-4679 3725
-1613 7754
1447 8441
266 -3583
8437 -193
4159 -1633
1767 -6258
-4391 -7727
-3402 4810
-2667 -3889
6297 -1279
9167 -219
3766 -356
8881 -2446
9252 9738
3462 7824
9299 -5428
-6988 -4430
5708 745
-5728 7000
-4634 4145
7887 8432
-5575 -9147
5663 -2784
3327 1024
9745 -3284
-9783 3344
-7013 -7369
3907 7705
-8838 -4412
-6588 3158
7730 8346
-6085 -7290
7176 -5538
-4818 9623
7488 -8552
-6400 549
5123 9095
32 -1975
-7231 4507
-5057 -2921
-9577 -3765
-1134 -1118
-3414 -6590
2720 -7228
5930 -2252
-3907 9853
-3717 7380
-8158 3729
7073 -6542
-1373 745
-4986 4560
7376 5948
-2306 -9863
8365 -2593
4486 463
6698 -6693
2189 8630
-7960 -715
5778 -7505
3965 8481
-7947 1708
2808 -6222
7508 -1664
5515 8371
-884 4580
2860 -2137
-6190 4130
7988 3956
-4917 1504
-4312 6352
-6620 9570
8199 -7615
5391 9290
-8215 -6041
-3840 1169
-3403 5750
-6752 -1787
-9731 9405
-8504 -9245
9056 5785
-6353 612
-1538 5637
3313 1178
-7318 -3550
-7199 8397
-8314 -1630
4476 -98
-808 -6395
1286 3588
-5244 977
447 7446
-620 1353
4478 7416
8172 -351
-846 5974
306 -9053
-9696 2801
-2300 8769
-4782 3618
2014 382
-7528 1740
-8358 7421
-8975 -9332
4256 4555
-4469 2311
-243 -7268
7806 9699
7114 9137
2506 2284
1978 9006
-6326 -8340
8182 -7716
-5227 -2301
-8684 -4119
9984 3712
-4549 7051
4471 -7545
-3155 814
-4632 9218
1528 -5179
-2446 4620
8039 -4995
-2138 -920
-8637 8874
7879 -9632
-7972 7063
-6933 -4727
2973 -6070
-188 -2160
-8449 8010
8782 -205
5972 723
-8463 6973
6190 -7184
1358 626
-4754 1439
6444 8912
-2008 -6716
-7843 -5694
-5326 3076
3859 -6243
-970 423
4353 -9354
2207 -4277
-2546 -2115
7681 7479
-1798 -3765
-3072 7373
-6091 3460
-5915 -3161
8278 5267
7900 3052
6337 4721
9027 -388
-3592 -7786
-308 -2579
-8436 -9733
-5366 8723
-1834 9639
-2477 6842
4320 5620
-4425 -1076
17 -7479
9702 6225
-6937 3926
2914 -2492
-9441 -8660
9782 813
-9576 6896
-7169 -7471
3671 553
4541 2523
4966 5236
8595 9176
6017 -3147
-7528 -162
8763 336
6579 1769
-2007 -1221
-3574 -10000
-2492 4777
9838 9340
152 -1932
-1316 9619
-4132 4297
-1430 1515
-2241 9540
8496 -6889
-7714 -7276
-423 7090
-3073 8303
2359 5771
1260 -590
-8090 2658
2659 -7027
7750 -1664
-2325 -9834
-1766 7587
-9075 -8453
9565 6919
2154 -3206
54 -1866
1245 9913
-7363 -1451
-641 7252
9275 5935
1705 -9994
-583 5355
-1988 -7036
-4063 1327
-6617 -9330
-5442 -2593
-1286 4779
-9954 6513
7152 -360
-9846 -6669
1465 -694
2939 208
-7523 -3569
-2597 9297
5232 5557
5563 -3322
-7968 657
7343 -5021
-9974 3765
8157 -6721
4408 -2870
-8092 -7286
-7053 -6879
2761 -4325
-994 -9901
3126 6636
564 -5808
4344 -3936
-4639 6762
2318 -8254
2145 -5687
4970 -2119
6581 7898
1663 2312
9313 6608
-2542 -181
6254 3720
6841 3088
8763 9201
-6980 3323
-42 1490
5682 6146
-7790 -5757
-8996 25
5492 1292
5605 3323
-5076 -2363
-4466 574
-7114 -8496
-8168 7197
736 -7802
9639 -709
-7622 710
-89 6479
-199 -5139
6351 2931
2798 -6520
-2277 5753
-4223 5008
-3701 2448
-509 -5010
2627 -8097
6198 4415
5920 -8119
-7201 9084
-4998 7752
763 3535
-5755 -5360
-5160 3141
-8277 7877
4528 4641
-8159 8074
3827 -2675
-3947 3285
-4267 -6676
2035 2352
7976 5224
3360 -5339
264 4174
6978 3000
751 3063
-3403 -4299
4062 -4765
-7904 4563
6160 8902
7264 -6181
-8107 688
-8267 9105
6111 9441
-3515 -2213
-9862 -4436
-5492 8521
-3098 -8165
6009 7868
867 7166
228 6707
-7593 -4661
574 -9454
8830 -9810
9092 2670
6490 4990
-602 -9925
-7099 -7897
-4736 4852
-7362 9012
-5425 5470
3990 -3502
-1667 -917
672 -5387
-8222 -1938
-5232 -8462
-3123 5728
9995 897
1087 -8829
7563 8824
7534 178
3975 7773
-6404 652
-4496 6876
5887 -1140
-5671 -1858
8361 -9539
3265 -7960
-3347 -3307
4755 -6064
-804 2152
-2121 -6756
4141 6073
-9035 1594
418 -1052
-7154 8528
-9980 1672
-3955 6821
3696 -6384
2476 1549
-6589 -418
3764 -9475
-3714 -8228
2186 750
4686 2939
-4909 -3059
3906 -6119
-6325 6691
-1715 1767
-9286 -1639
609 -7577
7816 -6440
-5898 629
4245 -6140
9130 7798
1101 441
4687 -3738
-1966 -1415
9335 -9027
7633 -9781
881 4021
-8378 -7277
-6865 -5214
6553 -982
7379 5141
-8716 -9013
-1731 -2013
-7664 9100
-3319 2371
168 -9699
742 -469
5793 -5011
3575 -850
123 -6174
-2233 2909
650 -2245
4200 8648
-2845 5994
-4989 -8945
6196 -2572
-1584 -3889
7819 -8800
-5980 6685
2776 -9845
-9544 701
-9768 -3336
1654 4920
-5931 6025
-6428 -1051
-4422 7913
-4333 5060
3707 9950
5943 -6413
-5358 -5418
2011 -5326
785 -5442
-521 -5853
-5448 -1396
2480 3500
-2079 7328
-2288 2936
-2145 1874
1620 -6914
2035 5645
3557 5192
251 7614
7563 -7055
-3468 -2322
5982 7226
-8101 4896
-6826 1713
5860 2685
-4991 2654
-3847 -5868
-4820 7489
424 7795
-331 2892
5979 -8000
7645 -8712
-9800 1734
-653 4923
7868 4172
-8151 630
-2145 -1880
-3264 -8449
3264 -245
-3840 -89
-3715 2844
6976 1169
2378 2438
3953 -4124
8769 -3478
-1478 -6379
-5091 8468
201 -112
-1469 -4891
9281 -6731
3899 -3602
8239 -5149
-3598 -4525
5230 -5025
4886 -6613
6231 -4890
6279 -8830
7329 6928
-7197 2377
8899 1281
4903 -4708
-6241 1142
-5250 -6468
2363 7682
-5329 3281
-6601 5364
-9786 -7710
-2235 -8363
-3388 338
3725 -3285
1825 -4782
109 -45
-3118 1824
-5800 -2563
-7561 -314
8699 -3180
-8318 -8938
-5406 -3821
-2419 -3568
-6567 -9323
6042 2252
8263 -3168
2190 6256
314 -3972
6464 8803
-2259 -5962
7715 2010
-6167 7851
-992 -1683
8003 1755
-7705 1447
2509 -9578
-3399 -6023
409 -9176
-8499 4182
154 3842
-5606 7543
7520 -1584
8165 6584
9107 -2167
5593 4629
-3362 -3152
-5302 3307
-8377 4192
-333 7427
-1126 -6653
-6231 1962
9660 -4897
-4073 370
-1728 68
-2370 1150
2413 8426
-3159 5745
2329 3653
-8514 -4994
-6645 1435
-7997 7079
4106 3714
1626 422
-2151 5729
-7204 -8707
6976 6723
-8175 286
-9345 6636
424 1474
-3656 2648
1073 -8225
7520 8757
2410 -8365
-3359 -152
-4996 7617
8416 3717
-2570 -2993
7430 2521
1970 9056
-5931 -4722
-4279 8488
-1227 -8955
-8599 -2454
-7260 3150
-4203 1825
3600 -916
-2159 6871
-7774 4841
-5312 -6029
-8413 2588
-3696 3413
-9580 -9998
6244 7455
-9770 -8430
-3152 1934
421 -5700
-934 2569
-6165 9195
2344 467
-3988 297
9381 8141
8732 -6667
8174 942
4913 -9043
3545 -3418
9996 -9780
-6057 -6431
-8977 -9585
-4294 -6093
5842 -5025
2996 2554
-1157 -17
-823 -7939
6249 6399
-3305 -4759
-2897 -4019
-686 -203
-9262 -4166
513 -2513
4070 9373
-6687 -2222
5069 4065
8201 -2743
4885 9813
-5213 -6094
-9820 726
-9291 -8497
-6436 2744
2863 3607
8849 -6467
-485 9559
-645 -4049
5506 -7451
37 3814
3186 -261
-8762 -5894
-8109 6500
-2523 6307
9840 -6188
1439 -7639
6809 -5373
-3870 1619
-1917 -8762
8566 3416
-9331 -9055
-9497 7414
-2915 3905
6455 3579
-2607 -3688
6051 212
4318 -5701
-9202 -8991
-8964 9930
-6259 1996
8079 -9124
-776 5180
519 8608
9846 9075
6211 -7678
-6733 -7869
-6734 6881
4506 -2508
-5209 351
6663 960
-5108 2184
6484 6435
-8836 -7070
-7141 -8998
2999 -7799
-6923 321
-779 4798
3405 6022
5096 -6540
-4218 6971
9102 1307
1908 2771
-9738 -7633
6440 134
-5185 -1226
-9042 6823
3257 -293
2638 -8838
-7836 4422
-9657 5497
-461 8884
3681 -6580
9442 8760
-4059 -2915
-5945 8258
3285 1723
-5507 -3122
-755 -4808
5327 -1524
7251 -4316
-7493 -9859
-152 -8071
-6909 9485
7627 -3794
-8297 -1024
1581 -8310
-4890 4963
3722 -4739
6068 -1728
251 9663
5107 -6157
721 -6465
-1272 -6680
5518 -6313
-629 -2225
1637 6489
8418 5599
8805 -4795
1412 -4771
7926 -9849
-8158 6836
1798 -494
8489 673
-7334 -760
2624 8277
-7881 2917
6452 -2270
4771 6562
-9752 -1100
-9605 288
-3224 3340
2660 2032
-9042 -1086
7864 5185
5336 6091
2926 5790
-984 -9102
5293 -1556
7684 1225
3222 7959
4596 307
-8243 9063
5624 4768
-6332 6529
537 9593
2932 -2216
-6463 -8966
3669 -4409
-9225 -5505
-5694 1533
1043 9833
-5549 7232
-4325 -6221
8726 9744
-8578 -2921
7387 1947
1009 6018
786 -7136
-6887 -3368
-3776 8175
-4042 3651
4685 -7123
2189 -505
7711 -1647
-6394 6686
6518 -7984
-7032 4649
-7851 -9032
-5567 2364
9444 -9126
2821 -4145
-8127 -9450
-6586 -6170
4183 2659
4554 -3472
-6101 -5872
-2995 -5768
3728 -7696
657 9194
9600 5159
-9104 7985
2633 6117
-9194 -2415
9950 4782
5656 -4761
1094 9393
-6337 2198
6028 6688
3067 798
7326 3931
8059 -2380
1853 -5055
-2751 -1216
1699 -699
-1820 7907
5891 1298
-2585 2797
-9618 2244
747 1942
-9099 -9669
-6556 123
-7680 5716
2404 -2893
7905 8348
2279 -4530
6812 8952
-6104 4058
-7158 2385
-8315 1146
2773 4541
-4162 3586
-3617 2384
-1652 6974
-1085 -3235
817 9095
-782 3537
-747 4261
-4912 5259
7328 -8344
847 -7008
-4336 3327
-2616 1379
-6237 -439
-5573 226
-5234 -831
-3524 7200
3304 4326
1299 2859
-6656 -8349
-5533 -6065
-8808 4161
-1579 7406
2664 445
5822 3509
-9779 -9
-6683 390
-8232 -4114
9168 702
-5352 -747
8422 -6406
-5486 3136
-2539 -1382
-8524 7818
-6811 -7520
136 -5180
8981 -2344
-4939 1329
-4506 1122
-5370 7726
1437 -8684
5427 -5148
4459 4755
-823 7195
168 3626
7220 3825
-3040 2311
-9072 -8267
-6729 8142
-5657 -7595
946 -3540
7838 4479
-472 3648
-5231 -3381
-1935 5023
-9941 -600
7973 9503
7978 5486
6401 2431
-223 -2846
-5301 290
-7400 -3004
2450 1660
3522 -6472
-346 9442
-378 7865
6065 -9400
4248 -2541
4079 -4408
-5665 9017
2137 -7857
-8355 -1885
-6400 3830
-19 -6657
497 -6278
4012 9758
474 5197
577 -9668
-6140 -7077
-3915 -5902
-4316 7236
7836 5708
-6834 -8252
1061 5804
8541 -9035
-6891 5397
-6489 4399
1949 -1525
1819 833
8276 -8070
-4592 -3964
-8768 6008
6340 5883
-7474 5530
-6651 -6080
-8845 -1388
-5681 -967
781 -7289
-7765 1206
2172 -4438
-9042 -5503
8896 5281
-2524 -1809
9024 844
6495 -6985
-948 7299
3306 -4376
-8494 284
-465 3366
7286 -2247
6365 2884
-8084 -7838
-5127 -5596
5611 6418
-8021 -2891
1606 -2218
-3217 -7062
4850 4222
-1214 4259
7275 3873
4892 -998
4626 47
-9670 -1803
-8438 6132
-2395 -135
-3531 -7432
-5270 -6030
-1626 -1615
-5198 -396
-9567 -2295
5487 503
7162 5760
3702 -7731
-9751 2011
-4117 -7513
1489 -8756
1291 -9226
2692 -165
-4034 5342
-1072 7975
-5737 3572
-8738 5397
-2497 -1006
-7682 3357
-8938 6026
-3472 -3528
-7769 6549
-7461 -6311
9421 9654
-7860 -3491
1474 -4697
-202 7351
-2815 -3515
-8174 -3790
-5816 6873
4165 4475
3593 2169
-8838 9148
2504 -8905
-9159 -6520
3673 3566
3836 -2630
4780 9625
9278 -9905
325 4201
-6776 -4862
-7512 -8202
-1717 6744
-7047 3395
3988 3830
-1695 859
-6973 -1848
-2701 -4382
434 -5811
1390 -6477
-9190 1275
8645 -4938
-5314 8367
8462 7146
1346 -2316
2822 2507
4305 4570
5034 5311
2426 -7413
6417 7988
-1154 -3587
8286 -1558
7781 5594
-6497 -695
2828 -1786
9490 4893
-6325 7359
5725 -8146
9000 2082
9766 7907
413 4066
2357 6308
5339 -1562
1025 -2610
-4623 -2236
7898 1163
-6675 7944
3537 6183
-792 -8894
-680 -9240
9374 -4243
-6885 2530
4385 -6952
8851 -7439
-5812 7105
1171 -7664
8645 8323
-3240 -6473
917 7704
-4532 -8494
6390 -9985
-8321 -2914
-6731 9715
-9180 5217
5977 2477
-8046 3862
-3609 5351
-7881 -4930
-2369 -5504
-4678 -5309
748 5540
3862 6493
-6260 3113
817 -9378
-7872 8378
-7887 6285
-6630 8518
-8048 -6207
9010 360
-3442 -3506
-9645 8707
7778 -1488
7303 467
8685 -6382
2030 -1346
-5806 -5994
-5781 -7223
5891 8056
-7602 1680
57 -3293
-3288 -1753
485 2171
5964 3803
-2116 2438
8932 8694
-8880 4442
-3326 -6993
7195 -7381
-42 -2302
6352 5879
-6395 -8013
-5236 -9455
-7678 -2176
9504 -5625
4803 -1559
6689 3282
-827 -8486
9039 -2827
9611 -4864
-2450 -3078
-4916 -7738
-4731 2391
5010 5479
-6824 -7536
-7937 -5033
675 9529
-6206 -4331
7214 9161
-6465 -163
8279 -9562
3720 8339
-6427 4967
-4140 -7108
1749 -7389
3254 -4529
1454 -6981
5410 -7942
7538 6724
-7092 4141
-7172 -9287
-6038 -5029
4361 3504
6385 -2243
7594 1575
2013 9920
-8022 9593
4559 -547
6066 -727
5605 -5860
-389 1535
4554 -1141
917 -5215
-4771 3684
1545 2175
2889 -1863
6830 4374
1598 6851
-1672 1190
-3515 -2018
1622 -357
-765 -7782
1671 7322
-3406 -2485
1655 1457
-7009 -7802
4778 -5014
-229 7545
4950 -584
-8410 5001
-3142 -3506
-5412 8200
5051 -6313
8599 6186
-2112 -6622
3021 -1196
1023 -6769
-9448 -4023
3492 -3586
7872 867
3065 -1133
3853 -9138
-7872 1564
-5300 -6377
-7656 -9202
-2708 -3710
-5510 -797
2890 5602
1787 -6739
360 5209
-5987 -6604
-3373 -2898
3079 8757
-4830 900
-8234 291
9158 -3238
1346 8552
3836 3010
6633 7195
7993 8536
-5174 -7302
1901 -995
-5394 3037
6298 -1489
-6280 -9886
-6490 -3343
3759 1454
210 3858
-5243 558
-9152 9101
-4137 244
-1205 -9995
3015 -9071
8124 -7369
-8834 3369
6067 6116
-1159 -287
-3530 1688
-9802 3448
3562 -7233
3146 -6082
5372 -9208
8371 625
-5096 -698
-1597 -3152
7092 -4248
-521 7987
8916 -393
5959 -3786
9583 7039
6875 7126
559 9370
4778 -4285
-7117 7030
-6483 4977
8895 -9835
-9043 -9617
4730 7988
1010 -6952
-104 9634
-894 -6867
-8881 -3013
6595 8585
-5201 -9966
-9207 2553
3399 -1898
1193 -8612
825 -2321
-1571 -4030
-9054 3708
7595 5667
6051 -6438
-4730 -7728
-4679 4501
4134 6280
9414 5217
-4075 -3040
-4455 -5747
-1991 -7481
8793 344
-7834 -1198
3912 5913
-2688 3359
-6950 -5264
-7836 5741
1407 -6004
1279 -6521
-4248 1178
-4322 6549
6550 1073
10 -6468
493 9684
-2343 5935
-7826 9759
3823 5666
-1811 -5312
-9400 5989
3069 -7900
557 -2088
-2627 6119
-9886 2721
9922 8780
3679 5115
5384 -4327
-9534 -6923
-3390 1933
5337 476
-3589 -9177
-9419 -7006
-7620 2306
6994 4404
392 569
2669 7594
-774 -2819
-6701 -6775
9668 -9681
-7180 -2865
-7751 -6691
-1018 6499
9576 7633
3287 -552
-6356 -94
729 2344
5338 3776
-3918 1310
-566 7719
2008 -6925
-5610 -6453
728 -5323
1623 3616
3936 4028
-8838 5011
8320 6756
6975 -2868
-1515 1022
-5810 6550
177 -8229
4116 -2165
-8390 -9095
5937 3174
4613 -2308
768 -4630
-1083 -3379
5019 5158
2494 9646
7394 362
-906 150
626 -7724
-592 -2587
-7844 -2400
-2129 7893
-6615 -3654
4181 8048
-7327 7501
4395 9513
-2796 8610
-6020 -992
9350 -8308
-9430 6618
9984 4368
-1550 3065
-3065 7377
9653 7544
-1322 7562
-4839 2781
674 834
-9100 6753
4800 4059
5280 8803
8315 -8806
9804 -326
-7598 -761
932 -2496
-2157 -8249
9840 1502
-1713 -2174
-1076 -1710
-446 5223
6505 -1424
-8643 8232
-935 -8335
-7861 5752
-190 -34
-1232 -9341
-8147 -1190
8484 803
-9959 -4622
2882 -5393
79 4694
-83 -9276
2272 -81
-8071 8204
7147 -8805
-229 1483
3436 3651
9038 4849
4321 -7500
6187 -8824
-4444 -5870
2940 -1325
9478 -2590
2788 5145
9752 -6760
7934 -610
115 3551
-2810 -2150
-225 -7614
-2698 -881
-5677 642
-5707 -9207
5643 -8521
-6021 -2949
-1773 -37
7815 -6113
6283 7504
-5087 4475
3340 9482
-7279 -8579
812 6812
363 -5625
5947 -5353
754 7553
393 -4279
6363 8056
8849 8437
9916 -5624
1427 4491
-1825 -2385
1502 -6626
-9122 -290
-5816 1506
987 -488
934 -8755
8057 7429
-8197 -4534
113 -1581
-307 7750
-2809 -9134
8922 -9915
8522 -2725
1651 7770
5982 8437
-3949 -3201
173 -2123
7587 -8726
2780 4772
-5716 -4509
-3264 -2513
-5085 8939
-5596 -1486
-9347 439
1910 4517
9104 346
4152 -7179
96 8025
9515 2673
4830 -4532
2267 9217
-2907 -5398
-4124 -3840
-5347 -1600
7613 -7624
-137 2658
1596 -1931
6583 8499
2658 9721
4237 -9043
1303 -5433
-2611 7061
5085 -4545
-8152 -8795
-3327 8320
7537 6679
-8720 -7340
-1179 -1650
-9529 877
6974 3474
-3869 8084
-3848 -3164
-945 -8553
-8833 -3544
-2587 -8288
1 9125
6185 -7564
1612 -8890
-7685 4990
3309 3461
3860 -1011
1649 4566
-3363 8861
3458 -5810
-8616 -2892
-4809 431
-9013 1236
2683 5064
-4760 42
5475 7571
-9585 6374
8811 -804
306 6600
5310 422
-2397 2622
-8390 2340
-3095 -4817
-5957 6980
-5109 3542
-5630 -8779
1652 -3725
7512 3282
-1654 2639
-3599 3915
1486 7307
3681 -4403
4793 1901
2222 2491
-3367 -4901
7721 -2469
9871 4237
-6860 -6949
-6249 497
-2241 905
2126 -1358
4918 2130
-4589 -2501
-9863 6150
64 7478
4785 260
9578 -4730
-9108 -1535
-5324 4370
-6811 3114
-5635 1309
-734 -5370
-2319 -2043
8454 2407
-6689 5154
-6205 -67
-7938 9158
-3344 -7567
8583 1195
-1328 515
-9226 2368
7638 -2823
5642 -5928
8442 8530
5364 -9683
1627 -4648
-18 9730
-2314 -5387
7020 7664
6538 -140
9793 -5949
-3070 -9668
-3513 -4424
6771 3586
-5900 -4931
-8843 -837
6341 -1405
2667 8796
-8955 5703
6021 4830
-9819 6410
6139 1368
5981 163
1547 -6176
3684 6722
-5507 -1916
2138 7197
-7228 1423
-4991 8625
-2586 9543
2427 2830
-8575 -1428
1088 -1233
-5531 4092
2642 2133
-1458 -5790
5578 2823
-7014 -5320
2225 5280
5722 4533
-3662 -371
-3174 -9786
5359 8476
-9180 -402
2862 -5912
6918 1955
-5753 -991
7776 -7937
6156 5335
1189 -4035
176 2518
-4659 9731
-1868 -526
-1526 -1673
-3420 -9644
3707 -5805
-1869 6639
8835 -9468
3851 -2790
1298 9655
5331 433
9442 1936
4000 9578
8634 -9063
624 3876
-3607 -178
3273 -5480
3994 1734
-6219 -8596
-4518 -3811
4105 4083
721 9189
-6559 -7765
3166 -444
2931 -8988
5167 -1816
-9880 1982
1560 4608
9267 4120
1716 3914
-2544 -110
4410 8109
3564 -9272
-4146 2124
8313 -8935
5148 5057
7966 2418
8374 -4131
9146 -4873
-3861 5261
-6556 2076
-5942 -8695
9635 -6436
-8596 9339
6973 8901
2511 3120
4950 -5572
-1123 -3080
9044 2234
3299 8452
7229 -8923
7216 -1553
8037 5194
-5959 9310
8291 7182
2978 181
5207 -8265
-980 -9244
-6185 8562
7462 425
-2735 -9213
-1064 -28
-9388 -4065
8169 -8466
-6294 -6623
-1825 1468
-6365 -9065
9850 -4610
-1580 -8329
8853 -6109
7793 -3289
2167 5551
-9972 6720
5282 -8814
5332 -6157
-1648 2743
-3564 -3682
2253 -8992
-3737 -2952
4146 422
-4390 -30
4626 -7680
1431 -755
916 8196
-4193 -6428
4004 3489
2760 -6401
-9681 -3830
-2644 2788
-9648 5601
2064 -3591
2727 -1296
3433 -7780
2990 -5021
9122 9697
3387 -2865
-544 -1548
7697 1733
-72 -5393
-1821 2333
-458 5736
-6945 -7818
-1648 -7698
5090 -2905
-7305 9430
-4162 9163
-2134 8481
-9300 8565
-2736 -8701
-5284 3690
-5454 -3614
4838 8103
3556 7723
-7671 6256
-1412 -6517
-7061 4230
-9868 -8149
-5847 -284
6811 -1515
1635 -7037
-7874 9507
-8293 -8807
-6522 3713
8733 -7593
9819 742
-9152 -6552
-4729 -1915
-4193 5687
5663 8827
-7690 1857
-3914 -5750
-178 -1030
8686 -3781
8425 3975
-9341 5497
8724 3780
4973 -3494
-9782 -9570
-3442 8451
-808 8952
-3880 97
8182 41
-552 1392
218 -2291
9567 -4890
3081 2528
-4781 -4348
5592 -7097
-9402 -6096
-6879 7737
1516 -8743
1484 -8156
-4005 -3512
-5062 1703
4375 6275
-3629 7852
1613 -9506
1886 -1726
5983 -8940
-109 -7896
8353 5549
-5078 -7029
-4126 -6429
1197 -5766
-8029 194
1451 4318
9884 3487
-6304 -7065
8359 -401
-4127 2355
206 2733
6948 5966
-5761 -8182
-3401 -1166
938 -9779
9492 6490
9462 3011
-9697 -1866
6089 -944
-7030 1500
-462 8060
5268 8143
-5202 -579
9021 8964
1318 -6844
9610 -5107
-9142 -4755
784 6557
-889 -1182
2761 7384
7594 -6231
6781 5973
-5894 -9225
3553 7084
-1417 -9806
-8025 6523
4665 -8159
1263 7243
9927 9463
-7382 4004
-7383 1244
-9791 -4052
-3774 -2803
6015 994
2098 5337
9107 -1225
-5253 3412
4188 9608
6691 2574
6490 -2260
-5738 -1006
835 8465
9428 -7352
-7890 -4182
9822 9354
4318 -1550
4398 -7561
3357 4528
-758 -5656
9682 -629
-8133 -4940
8472 -7492
-7885 -3386
-7091 2659
-5881 8806
1520 9399
-8417 2103
4751 -3925
1894 -8990
-5916 6861
-4690 5436
-8405 8402
6650 -6571
-2227 4952
-1956 -4109
4672 1175
3683 -89
-9755 3144
-477 5798
8324 -6846
-3727 3643
-4255 3564
-6640 -2144
2587 -9505
7356 5254
4410 6671
8794 -3613
3537 9727
4678 5443
-4945 -4970
9927 -7279
6353 9727
2870 7330
3128 6599
9753 -3886
9757 5172
2457 -253
-8677 -4499
-4004 5817
4791 3911
4302 -2928
7180 2921
2647 3095
-1462 4437
-6812 1046
7488 3593
7040 -6886
-9557 3841
439 3631
9745 7292
6185 3912
-6342 9501
-1278 2362
1899 -5018
-7387 8439
-769 -3311
-6670 6915
10 -3589
-5432 5978
-2977 -7732
9582 1477
8312 -1769
-7929 6621
251 -7524
9768 6231
143 3716
3216 9673
5755 3801
-7497 -8063
-9625 -2347
8063 -1163
-4248 -393
9739 -8607
7371 9483
-4529 -1973
9505 -1886
-9935 -4948
-4607 7816
-9709 -7863
8368 9366
3081 -6220
-2827 2231
-247 -3703
1955 -7072
4302 2256
-8907 2331
-4342 2365
7479 566
48 -883
7144 8570
404 9240
-5709 -9632
8185 469
6327 -316
-951 -7804
-303 4695
646 -7870
2148 6871
-6481 -9602
2655 -5898
-9847 -8459
7627 7469
1755 -468
8649 5105
3674 -4477
-5238 5793
9882 -5923
8268 -947
-7543 8066
-6017 4594
-712 1507
7358 3680
4271 9935
-5947 -495
7328 -8490
-6948 6708
7897 -8798
734 -9322
5784 -349
8895 -617
-1104 3178
-9024 -6344
2709 -1223
564 9244
3837 8888
394 4547
1947 -3154
501 1472
-5303 -3782
-2272 4554
4983 -4255
-3053 780
5180 2879
-3749 7682
785 4684
-2139 -4855
-1198 -6599
5899 -1163
-1920 -4769
-5882 183
-5271 -4362
2484 8233
3425 -9603
-3385 -7016
7538 8122
-6133 8064
2565 2520
-880 4535
2216 -2256
-3852 5371
-5764 -3279
122 4009
-3433 6759
-8010 -258
9925 8368
-5995 -171
1783 -1625
-1228 6489
-6807 -1072
-2950 9108
7171 -9269
3251 4638
-828 3456
-8801 -7630
-8539 -4891
5551 -2653
-4923 -4302
-3823 -606
9136 5365
3732 1888
-8283 9060
-2566 -8542
7947 7221
-3852 9927
9034 -5139
-4408 6919
5277 9926
3381 -7437
-1345 -1830
7000 8302
-631 116
9535 2550
-8057 8167
3531 -4288
7600 -8922
-9862 -2737
-1279 -6963
-9743 1293
1220 388
8970 127
766 3974
7620 -5439
-2875 -3957
4213 1001
3023 5780
-384 1212
-2518 -3888
-5721 -849
8584 -574
504 7810
-1207 6183
-7059 4363
-623 -8766
5344 -3081
7046 -5683
-7989 4313
8875 -2188
7576 9632
4353 -280
-780 5509
-3280 -2625
3487 8836
1707 4202
-2652 -8514
9297 4011
3915 7853
5936 1810
3045 6856
-6226 -4688
3350 -1612
-3579 -5459
6074 5362
4993 -4705
8736 3649
-843 3066
-9560 -2045
512 9598
7520 7648
-7145 -4061
9951 -5132
-3559 -7849
