2000
9626 5167
-1451 3340
-105 -5753
-2009 1622
2970 3290
1641 8053
-2950 2832
9720 -9846
-8240 2365
5621 61
8780 8551
-5928 -6886
-253 8741
-5921 -7022
4471 -9451
9437 -3037
-5977 7818
-7936 -2014
-6672 3918
928 55
-1892 -9981
2851 -7431
-7277 8879
1244 6291
72 -1796
475 585
3699 -1149
-2408 4547
7526 -2834
1436 5392
-3925 5717
3534 873
-7421 98
-5985 9319
-626 -372
-353 4944
-8767 -8798
-9920 -3782
-7492 -2323
5882 5045
-4370 2580
-4848 -3644
-9097 -6951
3937 6465
1856 -7851
7866 -907
9966 7932
-1971 1400
4439 -3735
5894 5766
4430 -6188
-1265 -4460
5480 9384
-2940 2537
-2419 7988
4289 -7059
3019 6932
-6298 -6839
9626 3922
9792 -8641
452 1481
3133 7657
2777 4139
-9597 -5117
-5631 -2784
4749 -9983
-721 8799
8182 -2795
9742 -5242
-3534 -1038
5625 1043
1696 -5525
-2364 -1357
-3715 9119
-9523 -2739
-7537 -3924
-2547 4650
-1212 9317
-5801 -9770
1167 2913
2930 -1432
1087 -4085
6841 -7792
687 2989
-8049 6582
1346 7154
-4651 7576
-61 -6959
-4120 2986
-6033 6224
-7701 -3643
-8994 151
-532 -248
3703 3516
-3572 7388
-323 -5131
4506 -6922
-992 -9237
3753 1346
1649 9695
-9432 9425
-9280 -3285
-244 -4082
-7376 659
603 9357
-4287 -3409
6743 2902
-3626 440
-2324 -69
-2682 -6202
2388 7825
-9097 6995
-8521 614
-4319 3632
7047 8953
8377 7330
-5956 7616
-2746 -7183
7197 7521
6877 -122
-9811 -2201
-5579 -3690
-9530 6932
-3138 4516
8314 -1853
-4029 7902
4896 702
-4964 595
-5774 -9905
9048 717
-1954 -8727
-7391 -8856
-6039 5811
7052 -137
-6539 -5122
2677 3928
-6042 -6350
-5697 -9182
5335 -5571
6297 4886
2787 7369
1791 -4012
6584 1404
1499 6828
-2456 -5470
-4197 547
1691 9312
8843 2133
-4284 9374
-5749 5895
3543 -823
6549 -9351
-8533 -8778
-4349 -9149
5737 -9478
7892 -4332
1656 2245
-6352 3403
230 -1761
6491 8868
3135 -8505
-5473 -3986
8148 -5174
-2080 -6631
-7016 -6137
6762 2171
2820 -9752
-8530 3310
7882 8009
8531 842
6510 3618
-417 -9858
3546 -1835
-9875 3231
5820 -2504
2712 6616
-7371 -1046
3780 7239
-5671 -5503
-1639 -4580
7592 1034
1282 -1157
-4127 4132
2140 6473
-2686 -6246
-8908 4392
4534 -2456
5710 676
-2373 -1921
9297 9556
6171 -6554
2401 2008
-753 -7480
-2982 -99
5322 7297
-1670 9100
1663 6634
4486 -6667
9806 7536
-4990 -3374
-8983 841
8385 -177
-9502 9272
-2649 7815
7370 1847
9014 -3353
8655 7261
9782 5135
-4964 1622
2639 520
3340 -5922
-5568 -5310
-1977 -4998
-7463 8918
-4457 1549
-3890 -2453
7370 281
-447 -5505
-7691 -8411
7157 -9376
992 -6600
-9340 6170
1305 3367
-5011 -5838
8403 -9939
-2140 -8652
-3962 1742
6744 2292
4930 7782
3052 9281
548 -5806
4475 9162
-2623 1639
6949 -2252
-1628 -313
6808 4105
3995 -6916
6452 7468
-4649 -980
2802 -4839
-3491 -6247
5496 -9339
6674 2548
4050 2239
5241 1604
5798 -2899
-16 -491
-8853 3993
-8259 7361
-2953 8096
5921 3834
6919 -6146
-4957 -84
8936 3370
8531 394
7868 5459
6120 -1240
-4972 3363
-677 6515
-1882 9079
-100 -5437
4072 -2364
-8372 9884
7245 8941
-9244 -2910
-9076 -1988
5588 6678
314 -8437
8654 -9370
4745 2970
-1572 -9096
-336 6333
-304 -5452
-8938 4693
7492 9019
-2698 2901
-9464 -2609
-2725 -4906
-5966 -7836
2976 -1760
6252 -1488
-4811 7621
9184 1839
6190 9224
2193 -8443
-3818 4655
988 -9379
-1110 5846
4259 -5596
-2857 3673
294 5471
-3417 4445
-6741 830
6715 3858
-7903 1015
9527 -310
-2690 -7931
7630 -1564
-2341 214
1771 3819
2195 -6428
-5807 -8327
7520 -3097
1307 6804
4197 5499
4691 8450
6615 -5510
5320 -8727
8852 9874
4609 5756
-4555 -5331
-3262 4135
-3709 6477
-3310 -5633
-8093 3950
7523 -7818
-6145 7823
-5275 -4564
-4039 -4905
-5685 9753
8202 -9843
-5352 -7274
-6001 8537
-7870 9968
9444 -7150
-2481 6740
4595 -5111
-4914 7978
-3934 -9114
4836 5497
-8601 1694
-484 6079
-4764 -1024
7792 7962
7714 1197
1354 -7894
-1447 9636
8172 6002
9691 2552
9123 -9699
-9239 9134
-2257 362
-1660 5357
6243 2829
-1674 8127
-180 4799
4599 3446
-7579 -6944
-8983 9835
1031 -9787
-3960 -7549
-7914 -7616
-7893 4594
-2855 -9743
-5721 -8203
-9070 -11
-9650 -4959
-5882 -1326
-4777 2411
537 -9640
8880 7270
716 -5923
854 3478
3312 3137
3350 5592
8043 -1937
448 9391
7705 -6151
-2173 6276
8073 -5151
8559 2107
-9132 -7277
5118 8910
1320 -5014
-933 -9659
7611 -4422
3376 -2054
-4855 2047
-4816 -5770
-6458 8457
-3480 -7746
-4635 -8415
-845 -9312
6964 -6931
1640 6983
-911 8757
-8521 198
-893 3678
-7616 6598
-9341 -5852
3447 1451
-6883 -8010
4038 543
8494 -1738
440 9222
-4804 -7964
-2658 -9320
-8632 562
3631 6497
3479 -7948
-5471 -1009
9190 -3712
9966 -3992
-3674 2017
6165 -7651
7521 706
2697 3332
-6125 -5641
2621 455
-324 -3911
-1875 -6940
-2539 8593
-846 9188
5685 -1171
4602 -3494
5497 2884
9173 9131
-1140 4686
-3297 -7142
-1071 8907
-387 -3412
-6359 -3551
4529 -3970
6485 1237
7326 -2850
3931 -119
-1527 -4549
-5362 -8608
3942 -8652
-2146 -5957
6928 2265
1395 -2929
-8243 9821
-7322 -6025
-7118 2181
-7511 5328
-4502 2495
8525 -3870
7367 -9974
897 5009
-1390 8414
-6136 -5172
-59 7083
8431 2223
9988 -2397
9868 5
7077 6915
-9545 4984
8959 8834
4735 -3146
-7818 -4439
8056 -9056
796 -2320
-2294 -9700
9030 -1838
296 8604
-2848 -2361
-1557 4160
104 -9187
-1584 -3127
6879 91
726 2005
709 3955
6509 1181
8035 3388
8950 4964
5908 -9784
1617 7005
-8974 -3297
8587 9324
-8353 -6224
1416 -1118
-3237 -1201
3333 9859
452 6867
678 -4531
7474 1051
-1274 -8597
6305 1903
-4709 -4766
-6082 4339
8277 -5760
-5035 -6453
250 -107
2937 -4009
-232 2557
-4840 4584
-2897 -5096
-1517 1923
2510 -9565
-374 -7345
3707 -6813
-1689 -2901
-7277 -7568
1388 -5385
-7326 -1986
2254 9027
-7427 -5329
4565 -9061
652 6545
-899 -2499
-4194 -5860
-956 4261
-96 6630
-9214 -8753
-6098 -3866
3042 412
-8769 -8671
-2517 -8648
-312 -6046
1968 8871
7897 6084
-9246 -2058
-1118 -5809
-9265 5319
-3459 -6746
-2606 -164
-2182 6068
6418 -9842
-8595 7722
-2423 7204
-2385 -972
4079 -9382
-8029 2568
6522 -8439
-9569 5380
1463 2211
-6127 -7952
-40 5939
1257 6476
9730 695
-5748 -8482
-8694 -2877
1002 2070
3512 7725
4928 6128
-1123 -8912
-8293 -3736
8832 -7045
-5484 -2601
-3501 9074
5005 -1332
4437 -8317
7622 8879
5354 -5603
5092 2599
7839 8805
-352 9344
5134 9145
-9411 -9350
6778 -1354
3455 5518
-4498 -625
2330 8883
2 -1946
848 6846
-4487 6502
8185 -4147
-1548 9951
-5653 5806
2125 -2474
-3670 -6841
-7497 -37
-892 5979
-9651 7637
3 -303
-1065 -9153
223 -2821
-3939 8158
-68 -7448
9399 6064
6286 -9220
354 -1368
-1418 4470
3996 8806
-3669 6650
9810 -3880
9805 2662
2361 -3967
-2610 -1088
-7671 2710
7278 7394
-5428 4986
3143 -2500
53 4354
4138 -6925
-2424 3172
-8197 423
-1387 7930
6735 4107
4477 -3671
6171 -3214
-6832 4286
-5961 5975
-1393 5529
1959 1430
2544 936
-358 -763
-9543 -9164
5190 -7215
-419 4231
1123 -672
-6529 7157
8807 6648
754 2085
-7866 9262
-3953 -1049
-6763 8305
8000 -784
-1535 997
-7574 -3394
-8737 -5855
7103 4970
5806 905
7411 7560
5512 4717
-2235 712
1589 -3366
-6719 1236
-2959 395
-344 7756
-3293 2897
1201 9425
2361 3665
-5339 -799
9528 -9175
-1309 809
-4222 -9210
5417 -4207
-2926 -4695
-6258 2827
-6461 -3694
2940 1507
-3537 5128
-756 6222
7698 7226
122 -7380
-7956 -5596
8069 -4957
7965 4405
8952 -3549
7260 7493
8283 1363
7157 -6963
2063 7420
247 -2049
4257 5805
1032 7507
6355 917
859 -8784
8442 -4402
1940 -1443
2961 2284
7327 3984
2110 4751
-8799 5292
2784 4782
-3856 8461
-4782 4787
2207 -2979
4972 -8998
-9473 -3826
-6320 2949
-2413 1560
6497 -6245
-646 8446
-2998 4938
942 -4986
-7282 -6316
8435 -1732
-2720 4828
-391 -6644
-4463 -9937
8572 9475
-3505 755
5478 4499
-9328 -4812
-8143 6006
1286 -1927
1828 -556
-2110 -2218
-3560 -5098
-84 8613
-7704 7382
-630 2635
1183 -5549
-2193 6651
-9566 -5487
-6013 3344
-2180 9006
7225 4203
9391 -2982
-6977 7897
-310 -8752
4413 8030
-468 -8482
-3580 -7698
-5364 5972
7074 -9943
2692 -3068
5105 -3556
-3185 -6126
2108 -3368
-6303 -2751
-24 6095
298 5238
-7745 -2800
-1182 3409
4657 -1000
-2971 8508
-6254 -930
5093 6562
6254 167
224 9729
382 3328
-6508 -3364
4231 -793
5839 4028
-8724 -3661
-3846 9536
4773 4973
-4106 -9828
3582 7029
-251 8433
6940 1959
-5251 6778
3339 -5593
8295 9843
-6709 3314
-3359 -1482
8875 7394
-3400 3854
-2119 6826
-6836 -7561
-4305 2878
-2149 3040
3212 -9532
-8783 7466
5898 514
-7527 966
1464 6558
-9036 -2778
785 -1476
-8163 9259
1497 7798
5191 2199
-227 4092
918 -4488
1672 7654
531 7803
842 7367
-8445 -7898
9568 -2225
8289 -3507
-8821 9186
5744 -5518
5426 2644
-8833 -9572
9688 -3790
-2272 -3275
8924 4905
-1003 -3360
2152 -1304
70 9915
7717 -6177
-5090 -5679
145 2280
-9946 -3534
2959 3433
2619 -7937
-3454 7860
503 2083
2511 -8029
1902 5391
-4164 5919
824 -6649
-9 -1520
7176 9821
-6545 -7858
-314 966
9008 -8829
7172 4596
-5218 -848
-7415 -9054
-6990 -8538
9322 8925
1007 3277
8969 3545
-1065 -6483
-6843 4591
7942 8492
-3029 3981
3801 -2068
3795 -2133
8833 -9024
-7853 -2799
-8203 7840
713 -6960
-6014 -3421
-1959 3298
2222 -3004
-6007 1083
-5373 -3051
4187 -7039
7553 7283
5774 7344
1324 9215
868 -7256
611 -1155
-179 -5338
1864 3164
1004 5690
8730 7382
-2319 -8284
8735 -3564
7154 9444
526 4677
-4654 -8854
-5892 8875
6157 9533
6877 -4619
-5405 5652
-7884 1921
-5513 5463
-6154 2728
-4109 8029
3718 9431
-9468 -9385
-3948 6168
-7396 -1787
1377 -1493
-6817 -6522
-5376 -4376
-5502 -1471
1783 2453
-8446 -5625
-6253 2380
-5700 -129
-946 -4136
8592 2508
537 6621
6051 -1797
2540 -5746
-5857 -9697
2238 8592
-2901 468
3946 -6386
-762 4003
-7468 -7710
4744 7457
-8168 8036
415 6298
-111 -700
5164 4715
-2777 8944
5564 7476
-4321 7760
-4266 5336
5639 8219
-9470 -123
-5935 -2124
1491 1350
-4647 8011
-9699 -5551
-8094 1606
-359 8766
8784 -2541
6759 -9945
8491 -1327
-2384 5644
3119 -566
-2807 -3100
-7765 8798
-9264 6649
246 7875
-529 -5012
6338 4312
6043 -9039
-868 -4589
-9263 -9936
8830 4759
-7783 378
4154 7614
7 -7304
8340 2645
-4201 -8657
-1757 5180
3977 6714
3362 479
2074 8435
-6578 -2672
-8361 -8456
-3773 -6520
-1108 -8597
-8533 9080
3838 3350
-6272 -9703
-8369 9776
-7529 -8398
7968 1638
2981 -5468
9712 -6233
-9520 -5056
9144 7409
9564 7563
-5110 1217
6483 -7015
187 -3470
1654 -3570
-4491 -7201
6149 3121
7139 9347
9122 -6403
-4800 8770
4128 -4687
-155 -6833
-3066 829
9495 3277
4407 1135
-1303 8638
3576 3970
-9324 3588
-6162 58
-9792 863
3662 5492
2333 -4283
-1216 3531
7129 -528
1962 -2095
3218 -3951
-784 -3910
-9361 -3216
-6219 9872
1006 -9867
-7508 8188
2158 -6576
7012 6068
-154 2834
-6304 -5430
-9939 54
9492 -8922
8330 2394
-4414 -1725
6180 5458
-8494 7549
-2641 3118
-6378 4444
8036 -2002
1853 -2596
-688 -959
6186 4345
412 -8531
8024 3197
7767 -9743
4032 -4560
-3482 -8452
7664 3523
-8203 -1431
-2253 -6751
-5482 -8303
8536 -746
-2582 1877
-6404 -7842
3283 -4547
8215 5449
3514 -3685
-2215 4401
1318 -2354
1624 -471
4970 2806
4354 -4345
9178 -4792
3777 5738
-7292 -5305
113 -8476
4499 -2774
9104 -1352
4527 -8084
1090 -3580
-8132 1530
7846 -696
-6296 9103
-3252 -649
8880 8744
1549 8372
-5974 3849
9058 -377
-4639 -3076
5340 6555
8079 -1931
9016 -4548
7821 6298
-8066 -8161
-1741 6069
-2402 3024
-7672 3848
2950 -836
8515 -247
-1504 9698
-8211 -8885
8685 -6235
3389 -464
6460 -8538
8018 8750
539 5520
-5308 9817
6115 3275
5115 -7487
8582 8049
1073 -6627
-9058 -100
9065 7122
595 3892
7311 -8701
-3865 -7188
-3423 9100
-1364 -5180
-3718 9966
-7565 -1184
-5664 -5701
-5884 6695
-30 2749
5262 -9770
-8001 -1195
2178 7564
1185 3072
3914 3120
733 3970
5269 -5491
-2679 -1957
-2858 -8596
-55 3898
7585 9499
-1685 6227
-9474 -9981
-9565 6372
-880 -1637
2314 405
9210 -1897
-4334 4313
1106 5108
1949 -9429
4541 -1260
3249 -3598
4445 3531
8656 -5710
-8091 -4693
-5194 -1400
-5174 9494
-6767 6842
3213 -4648
7436 -6332
7794 -7668
4156 -251
-2217 -9277
9553 -6457
-5886 8889
-2372 1501
7903 8656
2186 -5402
-1112 6068
-8626 4562
-6839 4518
7732 -99
-3258 -2013
7061 -9035
-1646 -6325
-271 4496
-2034 -3852
592 -6116
-2573 5749
8358 144
-4635 1542
3918 -4015
4304 -6733
-6945 -176
-5615 -3087
-8570 -1849
-8228 -2454
5533 9163
-6152 -1485
5911 2593
810 5923
-4209 -4361
-476 8776
8245 6384
-3473 6951
-1508 6602
-7414 1893
8881 -7591
5954 -9389
-2476 -8064
3808 -9662
-2116 -1046
1837 5580
-2185 -6583
9731 5685
1608 -6274
-635 4261
6757 7399
7503 8889
9561 5001
1602 -5970
9644 -1948
4183 7910
8521 8524
-5820 136
4196 -3956
4998 7988
7289 -7921
-783 556
-3760 -4897
-1171 2669
-3071 -8432
-7312 -8085
-9197 -6314
8687 -9810
-5780 -9637
2137 289
1919 -6137
-3892 40
-6104 439
6483 288
1997 8092
-9829 5201
-4244 -715
4388 -612
-4223 5718
7286 -3062
-1147 2707
6393 9974
-9836 -344
3741 8800
2809 -1895
5690 -402
9638 -5273
5166 -8203
5806 -6467
-4654 5369
4291 -2198
-9193 -4483
8626 -9954
9485 8917
-4146 -5597
-9170 6771
-9536 4707
-1917 7223
9743 -5651
2455 -4456
5142 2552
-9001 1865
3662 8500
-4246 9887
5255 3188
-5289 1100
6617 3266
7034 -4482
-5566 8963
-2914 6518
7009 288
-1285 -2084
-1141 7474
-4457 6799
-7658 -1398
-5126 -8282
3583 -8795
9705 -4127
-520 965
-5847 -4542
6558 -1544
-8279 -1136
8103 6895
9579 8755
5273 -7463
6546 -3336
8302 6002
7196 -4739
-4220 -2840
9483 -7261
-5543 1843
3048 -5644
3951 8041
-995 6474
-8069 -6570
1886 6879
-4258 -7790
9105 7329
6083 -2434
103 -7597
-932 5076
1078 369
5630 -2631
8250 -1727
1012 -4870
6974 7733
-4191 9191
-9049 3742
215 -6520
632 3677
556 2147
4357 -3762
-6434 -9982
-2416 7182
-6694 -6630
8446 -8593
1777 2374
-6537 -477
-8483 1127
6258 -4567
-3114 6250
5440 6952
693 2696
9897 6391
68 -9092
6776 528
6767 -5656
-5638 4853
5755 -5947
-2577 5668
7075 9061
5155 -4131
9113 -1149
-6301 -7662
-2228 -9371
-9400 9957
-9372 4658
1074 6040
6152 1321
5950 971
-8502 -60
4284 2725
1298 -8015
-3961 -7634
8034 -2947
-3887 7183
-6949 5109
-2320 -5011
-2673 -4115
235 1379
5056 8820
7199 835
596 5684
726 -1728
9243 -3253
6687 -3325
-6879 -5538
168 970
3336 4419
-4808 9928
7111 5091
199 5027
-9985 -6118
-233 -8401
6700 1063
-117 -6277
4558 5476
4881 -2919
5353 -4847
1900 -4394
6002 8317
-3501 2307
-3003 -7157
-9017 6667
-9685 -5946
9145 -3825
-5078 7426
-4972 3064
4663 -5063
9722 8517
-7761 1362
559 -396
-9595 6797
-4329 -4561
1045 9479
-8485 -8709
3599 767
3611 -1986
-1598 -5684
-1630 8315
-1790 -1283
-137 -2486
-9423 3133
-8210 4891
7128 8962
4044 -8489
4836 9367
9885 -5398
41 5241
8441 -4445
567 -8915
5574 9956
1691 -2114
2203 2905
1219 -9908
2530 -9428
-1913 9429
6282 -3887
-5276 2385
1346 8073
-6696 -8148
-8782 -4610
-8 8141
7102 -5177
4099 -9967
-5161 5542
9219 -5334
2552 -5867
7038 909
1001 -5246
-4673 -1744
1406 -2749
3364 7135
-481 -2313
-520 -8192
-6340 -5414
-24 2785
925 -1400
3423 -6312
-6279 1747
-2711 -2478
5909 2282
6415 -3493
-8864 -1540
6936 3453
-4571 5858
-6892 -4017
-6883 -9445
1964 -9808
-8000 6357
-5337 -8557
7949 -4339
7982 4639
-7952 2594
-5659 1404
-7354 -510
-8229 5351
-4422 -7725
4457 -8093
9081 -3286
-7429 1392
7375 -1770
-1214 -600
-408 -5788
-5711 -5530
-4087 1592
-9027 -1047
-2688 -6138
6456 8955
4080 3081
-7429 -5483
9868 -9554
-7278 -1937
-30 -834
5880 7179
2291 2771
-8999 -7829
1571 3386
-8682 3508
7978 -5117
6476 -672
-7999 -6110
1473 -8831
-6155 3035
-3885 1650
9888 -8355
-7909 -1314
6750 -6524
2642 -1466
-567 440
-6789 -1478
4414 -4556
8830 -2067
-8560 -4015
868 -6132
3197 9418
-2972 1064
5955 5198
-1768 -7778
7593 9800
-8556 4348
-3246 7480
-9045 -2744
5791 -2776
-8615 3598
-4160 -1056
4389 -1683
6250 -9747
-41 3218
-9193 -8590
-9173 -5452
9333 4004
2922 1576
3798 5287
8807 -5125
-7057 5111
2591 -9750
1228 -303
-9358 3546
864 -2982
9683 -7973
344 6704
-9322 4071
1010 314
1724 4358
8906 1817
-459 6272
-2153 8239
3525 -7538
1058 -4634
-9524 6053
6303 4001
-2581 6788
334 -2470
8269 -1939
88 -5082
-8378 -8328
5743 -5848
4466 -3979
-9622 -3248
-7711 -3811
-7540 9285
-8757 1830
8014 4028
-6886 8489
4541 -929
-6928 -6409
-5901 844
-7906 491
-7728 4433
9352 -5916
-4244 6081
-9768 -5306
715 -4781
5693 8419
-5393 1093
4098 7982
3533 788
-1464 5341
3830 5267
-5663 1651
8963 -1630
-7066 1130
-4659 -6939
-8785 -1250
6555 -2387
-6307 -5713
2702 -3969
1250 -2354
-3936 -2863
-8050 -3058
-1355 4392
-1100 6049
5110 -4102
-8836 7437
2808 -1061
-8970 -4499
-9648 5491
8552 -6036
6435 -4307
3307 -6513
1495 2989
9020 -9280
-1633 -5804
5054 3991
-5347 4431
-1177 7005
3053 7019
-7084 7723
8880 -1838
-9178 -5920
3303 1687
-2823 -8148
-463 3655
9348 -550
6658 -4028
-7319 6375
7096 -1847
6070 -4578
-6867 -4538
-6387 4845
1849 -2214
-1474 2436
3880 -1378
6784 1442
9244 2759
-1833 -8674
-6822 2546
-79 9065
-1486 6437
-7592 2989
3085 -1107
-9234 -1190
4232 180
9363 6836
5401 7365
-1128 -7025
9133 -2751
5871 7398
-1161 6733
3212 6376
7702 1803
-5652 -8622
-9557 -5399
-8963 7990
979 2678
-8430 -2834
5976 -2216
7964 -7664
-7107 208
1293 -8954
-2258 8294
-4457 -9836
7562 595
-2673 -4866
-8491 122
-8076 -9461
-4362 -7068
-2467 -6
-2017 -3919
8760 -1430
5736 -7318
466 -5950
-3613 1711
-4361 2150
6917 -720
-2427 6933
7097 -5341
8975 6837
-8029 8380
-1499 -3698
562 -2799
133 425
-9582 6200
-3998 7666
-44 2123
4805 -1518
2532 -4309
-8877 -1008
-5138 8919
1919 483
-2585 -8221
159 -6787
-9951 -1767
-3388 -867
5435 -4259
2943 8834
-742 -283
-362 -3204
-5538 3398
-4480 5640
-5879 8139
-2449 -5955
6758 -9627
-6987 -1326
-7123 -8380
-6601 4932
8145 293
-7754 3558
-3589 -8085
-2344 2579
1412 -4433
5284 -5681
1116 -9331
4067 -5079
-5719 9299
7437 -6693
-2647 2123
2497 -5013
7382 -5890
-4270 5510
4162 -9741
4273 2850
128 2307
4222 6519
2818 6540
-7894 -4402
3639 -5771
-1381 -8890
-3968 -5246
-5948 -3593
-286 4034
-3843 -4791
197 7067
-5102 -7626
7884 -2422
1558 4349
920 5766
-1928 -4170
-3931 -8953
-8693 -3986
5334 8887
-3164 -2866
-1755 -1028
7447 5456
-8138 7998
2031 -4781
428 5297
6085 -8092
-5718 -5655
1924 -9018
9052 -4114
-8348 -2798
3033 -29
1019 -276
9460 9102
7989 6047
-6819 4793
-2515 -1455
-6000 1426
-577 -5069
150 -417
-5120 -4826
-2917 -5702
-1356 -5315
-612 1365
7252 -5712
1490 -1561
8411 8904
2348 -1757
-2655 3150
-804 5528
4041 -946
7599 6098
-2477 -8475
177 -4680
4903 -9334
-4159 -5953
-1654 -6497
-1812 2924
-5712 -9290
-1281 7576
-264 -4740
-5837 -9792
-1548 -1854
-4984 -9768
5760 9518
2292 4212
310 3522
5047 -110
8931 -8447
-7780 -1055
6713 3834
-8943 -1939
-5295 -1221
-511 2967
542 -1007
7975 8208
-7863 -9723
2144 -4142
-3910 4310
7548 7160
5093 -4429
9093 -161
-6551 -877
4397 7860
525 -7620
9935 6617
-1602 -2762
6017 -5288
7679 6824
-462 -4494
-2566 1942
5940 -2488
3370 3292
1322 -1916
-1036 -6819
-1248 -1131
-7572 -2223
6900 1565
3145 -401
5700 1297
1634 -6330
908 5634
-9655 -6247
-9424 645
9872 -8255
3687 114
-8654 1027
-5682 -374
-8570 4717
7898 9362
1951 395
8172 370
-8066 4380
-2301 8793
3810 8800
-7531 -6602
9032 -836
2917 7098
1464 -6903
-5158 7215
1049 1335
-7639 -7751
5597 2396
-2888 401
-238 7027
1142 -1270
9100 -8288
9813 -686
1827 -5246
-2726 -2489
909 -4364
4800 3465
4283 3661
6759 1438
-1348 -4254
7082 -4679
1292 -6579
5817 9443
-157 -3112
-6086 -3351
5379 9605
-4962 5057
-1909 8199
-3327 -5150
2362 -6362
-726 3948
1133 -3009
-9348 -2206
-7048 -4585
1162 -8869
173 1604
5026 -1757
1406 -8536
2073 4563
-8788 -8751
-5426 5988
4765 -9689
8511 3333
8184 -3424
214 -1096
-3428 4266
-8744 -6792
1002 7705
-6880 -8092
-3240 3955
-721 4282
-3755 6934
-7882 -1975
-7412 7651
-7380 4192
3900 -2479
-2168 -2805
-5752 -1336
8961 63
8968 -7569
-9583 -826
6103 -740
-3035 -8326
-2697 825
-1500 3806
-1913 7785
4718 7780
-475 4332
5703 -9444
4748 5834
-6646 8324
-761 -1353
-8969 1187
-8751 3487
9640 -6288
6607 -6063
3198 -9944
-8270 2709
-6466 -9838
3968 2755
539 2034
3534 -4225
-6173 -1023
-467 -3220
-7387 9530
-8427 -1998
-9631 -4032
7155 812
-5701 -8599
-1166 -7876
-3938 -6062
-2285 -4559
8150 -7020
-3137 3167
-4079 -8317
7439 -5449
326 -9820
2878 4693
-8528 7874
-8877 -3869
4133 -5914
3775 -7303
7230 4503
9625 4650
6774 -4751
2908 -1542
3899 -3444
-464 -9377
3790 5770
-8827 6399
-9051 9711
-6389 -7668
7026 4996
6590 -9791
-3660 8498
-3696 7714
-5869 -9527
8697 -9922
4728 -8640
-3390 8321
499 1502
-8222 9518
-9860 -1881
-2391 5036
1434 7651
-8919 -1218
1115 6105
4821 -5308
-5099 1861
358 1411
2845 1242
5436 -9617
-9539 6976
8336 4132
6173 5190
412 -1334
1905 392
8511 2190
-2775 5766
3417 -3881
8623 -7620
-7795 4498
-7089 -263
-8403 7026
2157 1533
-3505 5676
6059 -4999
-8024 -8070
9783 6521
5431 -5967
6420 9676
68 -437
-8248 -1676
-2189 -1422
8419 2699
8800 -8773
9446 7041
498 -5275
-8250 -3923
7611 2095
1491 7629
-7371 -2174
3478 1271
-2209 -5394
2360 3260
2936 -3058
6505 -1221
-9176 -3276
9023 -8023
8397 -1365
3583 7441
4481 -9084
-4359 3028
-7174 -1301
-5486 1113
-1259 -9564
-1738 6006
-2724 1370
9697 -4540
8721 8788
-4271 2056
-5444 5377
-4179 -4046
-2069 -4620
7736 -5157
-7716 49
965 1318
-1934 -9515
-815 6607
-2281 892
5049 3699
-296 6460
1550 -2968
2492 -9300
9488 1247
-2977 4933
4030 -1063
4891 1579
-9321 9851
-5306 -3457
6592 8415
3453 -3022
1184 -2444
-2117 -8481
6132 -9632
7789 5602
5782 1181
8213 1213
1914 1053
-7701 4425
-642 5122
-2220 3043
-1657 -6613
-3041 -7330
2934 -978
1158 1653
-7649 -475
-9198 -5390
-3871 3535
7625 -1315
-1992 -4018
7163 9134
346 -6211
4842 9096
3520 -4020
-8898 -9139
3905 -3402
3707 -1118
5273 -4032
8711 -9335
2318 1928
-8548 -132
8200 8390
5645 -4025
4661 -1951
4031 3269
2402 -7332
178 1193
4009 -3531
2449 -4980
-398 -2471
7848 3551
-3847 -2773
3195 1554
2219 -4853
7075 1906
-4506 -1743
-3354 -7753
-1777 -6307
1743 -7709
9281 -3396
2993 -4227
-9313 5404
-8128 -6830
1911 4696
-4055 4321
1593 -8487
-1260 -6207
9068 7746
-3387 -4344
-8718 1287
-6736 -6313
-344 -3224
470 3632
9644 -8401
1924 -4067
5427 8924
4327 -5084
-1914 6114
4531 9920
4241 9998
-4769 -5804
-2011 -4167
-2701 7692
-6653 -2943
-7936 3913
-8680 -5371
5127 -951
-7320 976
6296 -683
5250 -7677
-5032 -1781
6856 676
511 -6985
-7065 -5058
-1340 -1238
2958 7176
-6992 7612
5303 -5332
1725 4028
-2060 -7629
-3000 7510
279 -739
-6043 -7874
1443 2960
9004 -6026
2193 413
-5190 -6029
-3013 -951
7712 9042
-2197 -78
818 92
-2297 -9240
-4572 7547
1574 -6995
-4624 -9127
-7897 9515
2496 6098
-8056 2383
-937 -9827
-5853 7109
-2479 1787
5759 -9939
2831 6052
