2000
-5294 -5212
289 -4282
-3270 5283
1524 -7171
9233 667
-2172 -9667
-1764 7381
6810 -9271
-7390 -1424
-734 -5882
5548 -6816
-6248 8497
7760 1213
691 8630
1139 817
5606 -1701
7738 5845
1127 -385
6166 -5532
8856 -3629
-3296 5398
2778 -3316
1134 4941
-2763 3308
7426 3744
-9351 6503
8720 6695
-2093 -1878
-3248 6479
1016 -7682
617 7891
7456 342
-6322 2076
-9736 -1417
4954 9844
5241 9120
-4197 -4621
-5960 1739
-1233 6938
4402 4998
1500 -87
-3393 5051
-3106 3940
4139 4514
-9447 3646
5257 -4846
9218 1170
-6755 6433
-4985 -7105
-7262 -2770
-3650 -6310
2790 -8301
7159 2153
2811 -9450
5548 -4075
5838 -2787
-4016 768
-5293 -7555
-9321 2878
244 -7434
-2280 -8768
6124 -779
-4346 658
3553 -6911
320 4390
-8200 6291
-8290 6670
2543 4590
5140 8869
-5207 -4646
6288 4408
-1104 -5648
518 -4008
8871 3603
6169 1197
6151 2835
-4223 -2390
8268 5995
-7196 1431
-4180 5542
1832 3124
3514 -2379
-4069 7264
6132 -222
8853 -5208
-7080 -5354
-1002 5140
-8869 1817
-4581 9516
4433 -6278
-9722 -4691
6640 583
298 -3945
7486 8628
4169 3103
-53 -2974
8368 -278
-3015 -2818
6960 -1980
2812 -6884
1483 5812
4672 5732
-2452 -9520
9996 9524
-3033 6689
-4282 8150
2453 -2755
7021 -3922
-5295 -7249
5854 8227
-4748 8875
2317 -479
6703 -2659
5361 9302
-3862 7383
3194 1893
1345 7622
-8178 1586
1110 -7386
-6977 -4461
-6312 8077
-958 -1259
4819 6141
-7388 -3938
-5712 -6756
-4161 -7814
1708 -460
-9399 8156
-8823 -1590
-486 9683
1575 -2684
-1342 -7293
8015 -3359
-745 4201
9740 -876
921 2278
-5261 -2852
-2990 9963
-3976 -6722
-3478 -378
1809 312
-6428 2362
517 -2763
9368 -2105
-2423 1695
-7269 -1119
5310 -7127
3235 5110
3031 3324
-3832 -3790
8488 2771
-6361 7089
-9229 -3053
225 649
-6008 -3205
-9173 6747
2829 9522
-3242 -1880
6015 -6654
8762 -3875
5007 -2687
3907 -4787
-5957 4037
-2640 -2859
3351 7074
3565 3528
616 5559
-3774 7205
1574 1387
-8098 6451
6918 9287
8808 -3550
4570 -253
6814 -714
9133 4306
-4661 9296
-5492 4139
1896 -7034
3828 2272
-655 9256
2783 -2822
-3543 -3369
-2444 -2881
-7774 2683
2854 -7150
-7863 -2151
4299 -229
9518 -5335
3952 2589
615 6331
9347 3084
943 9675
-7360 -6146
6126 -7162
-7907 6468
-2634 -808
5823 8597
-564 3823
226 -2901
-51 1662
9511 -6921
2851 2086
6752 7530
118 6089
6141 703
-2493 -5546
-5872 5487
-6938 8450
-8713 -3231
-3043 -7092
2100 -2899
-4303 4324
1867 1643
8742 5133
515 -7907
-4828 -1309
-5503 3746
1275 -8257
-8447 -8752
5672 -4887
-433 7694
3180 -6822
-4652 7417
-2094 9963
-7129 356
7457 4863
-814 4971
335 -3126
-4273 -5226
-3133 2797
-4792 6242
-13 5760
-8776 -294
4675 -5018
3817 -7223
-5809 4068
-9034 -2896
-5480 -8909
-8946 -3685
-9609 2426
1010 -6075
-7384 7849
-1557 -6084
-1310 6672
-531 4171
4133 9278
5038 4677
-1897 -2159
6544 9983
-3520 -3501
-9434 360
7465 671
1762 -8468
1568 -8016
8132 2816
6741 1960
3529 2862
6778 -6922
9750 -4308
-6417 -4532
-1534 -782
-2384 7717
-722 -2776
-2794 5719
-4062 -4179
9903 3686
-5644 -3496
1758 7367
-6929 9840
2655 -2954
9006 -5077
7785 3117
9916 6255
-8053 4563
-6249 9665
2604 -4470
-3033 2217
9442 -9781
9659 9966
-4213 368
-2225 -4403
5822 -4311
-3224 2131
5691 -2421
4626 -153
4771 2067
-1096 7352
7328 6276
838 -1181
-1517 -7005
-1475 8310
4248 -5193
-1253 9214
9179 3689
-2223 -1594
7724 -1314
8096 5552
1404 3545
-5155 -5129
4719 -2906
9161 -6809
-9458 3210
-515 1785
-9397 -8410
-5415 -5956
-3926 2808
7615 6832
6045 -9679
7731 -3638
8489 8944
-2370 -4492
-8941 9933
3477 -4275
4318 6184
-6722 -7958
-4767 2757
-313 -3841
7945 -503
1087 -7108
-3064 -7732
8797 5673
2504 3011
7053 6412
-3506 2269
1212 4784
-9709 -1297
-1365 -7438
2009 -4929
-8745 -7889
-2125 47
-7197 -1746
8134 3108
-7396 2490
5382 9799
-7933 7413
3085 -3961
-7230 -9137
-9005 -691
-4702 9823
4606 1210
9913 -9770
-7207 8618
-6311 -1453
4380 8523
-1431 -1335
6919 -7746
5362 5093
-2418 5052
8572 -8313
-7180 -3316
2723 -5641
-4778 9626
-1066 5493
9037 -61
-8852 7953
8183 3642
2260 -8939
3329 -5304
-6782 9670
-1666 -2292
-38 5508
4321 -1027
-5976 -955
4453 -8098
2308 -3684
675 7273
-9382 -1249
-2035 9619
-443 -448
1225 -2999
-9358 4426
9208 -593
4104 6623
6292 2537
-9756 -8958
-9729 -1654
7319 3928
-7028 4592
-9785 -4936
1380 -8855
8418 2523
-8727 -7945
-8327 9036
2308 -762
9960 4951
-624 -2747
6660 -5677
-9055 2305
-5159 763
5527 -9042
-696 -1194
-7267 5798
389 -3377
1687 -574
571 4325
-3153 -6934
-1158 -1012
1744 1842
-5200 515
-814 -2228
5025 -5240
-917 8563
4588 5406
-111 3749
4707 9429
-1766 -4585
-5067 -2268
4355 968
-5886 9044
3368 -238
2828 4686
-2606 -6064
5778 -4609
9627 9139
631 -5702
2779 -1187
1096 -623
-5218 -8139
9332 -4317
-4889 4671
-6193 7759
-4510 7066
1754 -1260
-2217 -6435
3327 5869
554 -8849
-4913 -124
5267 7948
-9194 -5415
-1117 4893
-6295 5159
-5465 -8338
-2756 8522
-5796 3038
1429 296
-1945 3036
102 5236
-6024 7266
-9169 -8145
7724 1759
2910 7879
-2246 1998
-54 -8283
-3698 -3259
-4645 4473
-369 8907
-9432 2781
1303 7887
924 1533
-8171 5507
-1457 -7647
7589 -116
-2851 -7635
-5780 -4715
7045 1701
-420 -4335
-8617 3675
5393 -8946
1517 5050
-477 -8306
-9400 6872
3373 -7126
-9239 -5111
6423 -5325
-6097 5406
-8521 -8028
5577 6167
8532 -7211
-1926 -3554
8148 -3528
5858 -1161
-7486 1448
6223 7242
6012 -8373
-2958 -2261
-1669 -745
2130 -2357
6253 -8296
100 6612
5738 6396
8368 4003
3890 7218
-6273 7665
-5889 6142
-7386 5522
-5639 -7742
7427 -7808
-6846 596
2223 3649
-4891 9167
-1579 9265
628 3440
8865 -5729
-9118 602
-3003 -1035
-3312 -9659
-8721 -914
-3250 -9422
6720 -4994
-5752 861
6840 -6946
-1032 -1391
-7075 7987
1636 2122
5009 5148
8134 -9535
7626 -2849
1422 2482
-6917 6491
-824 6026
6367 3802
-7113 5864
-9838 7646
-3628 3358
-2060 -9397
-6343 620
-7050 -5221
-3513 2625
-1532 -404
-5256 8123
-7692 -6524
627 -3402
9080 9934
6424 -4230
-8205 -7837
5965 -4401
-4816 -8118
-6752 -7428
5930 -4654
-4051 3341
-6040 -2410
2370 3328
-327 631
-9773 -7423
-9301 8141
-4662 -1308
5290 -3272
-3339 9686
-4545 8090
-6027 -3194
6126 971
2853 9938
-3770 -8691
377 9822
3162 -4119
3471 -9954
3374 7123
1474 -439
2138 -6953
-5092 1701
-5887 6558
-6715 246
-68 -6877
-8787 3668
-9527 9108
79 -4814
-1155 6599
-8371 -7069
-7247 5075
-5324 2006
2052 5915
6758 8148
-2292 -853
5915 1953
-6347 9847
-9876 -5457
8511 1488
4611 -6590
7078 -1558
1270 5824
-5269 -8729
7870 -8652
-1999 3576
2371 -6781
5225 754
389 7048
5195 998
-6135 868
-7180 -3377
190 9780
-1957 194
-8319 315
7446 -3447
4995 6293
5837 8244
9515 -3735
1334 -9433
7864 -8896
-5676 9335
3809 235
1003 -6731
7988 -2081
8787 -3803
6541 -8148
-4648 -4673
5521 -3269
-9234 3396
9949 -9077
-9064 -8068
-9825 8665
-1350 6773
-8939 -6590
-5486 -6296
-6961 8925
2880 2559
5829 6848
-5234 -6118
3800 7537
-6890 -2727
2600 341
-9208 2183
-4422 1842
2765 -4721
-2789 -752
1633 7422
7915 -2614
796 -5997
-2293 8976
-8379 9031
1590 746
1315 4501
-7896 1139
-1325 9802
-2925 5904
-35 5506
-2311 -6605
8958 757
9757 3267
-3765 1722
2864 -3033
4353 -8412
-4409 779
-246 -1131
-2100 7020
-2235 1375
-403 -6790
4349 -7200
-3677 1701
1325 -3256
-7750 3398
-9487 -8710
5768 -61
-3074 9472
4914 5525
-7509 6883
8471 -2222
-7723 -9435
-566 -2217
-5198 2031
-2873 -8946
-5736 6288
9089 -9556
2145 -7667
2799 -4589
-7471 -6531
-1520 5049
-1292 -3237
-45 -2031
-6507 9355
6237 -5131
6368 -295
270 8429
-3789 8645
4396 -6575
-1800 1013
-2700 -8478
-8034 2465
8519 109
9241 7832
-4978 1317
86 -8231
2254 3502
-8530 -7486
-4410 -7792
798 -1316
8390 -8174
-6025 -2835
-4191 2380
5805 186
-5081 -9795
-4552 -2274
-6089 5941
-3951 1136
-1033 -7571
7468 -4710
780 7710
1212 1274
7510 -6967
-1037 6403
-1192 -6901
-1354 9761
-3074 -2803
-6703 2622
-3472 6456
-9619 -7177
549 1448
-2612 -449
-9314 4460
-9391 7158
-7553 3374
1084 8077
3072 6949
-6298 -3984
-3861 581
3680 2665
2426 4947
-4136 -7675
8668 -6928
-6752 -838
1985 -4804
6644 -2649
6902 -3746
-9287 -2248
-5091 -8692
8403 -8678
-6880 1078
-1974 3207
-7057 6192
-3228 1728
-1886 -917
-2250 -5828
-3503 -5740
1053 3615
-3503 -4835
4082 4301
-8349 -7798
-1544 4446
-7803 -7727
-2698 2890
7933 827
-8096 -4295
-7368 -8948
-9036 -70
-4621 -4424
4659 1457
5629 3493
7753 -7592
9744 -4153
4733 -1195
-3174 -39
2163 -1186
-6741 2199
8193 -5661
7229 -823
-9997 -4505
4921 5162
9935 -8092
5559 7553
-6872 -5380
6077 -5342
8151 -8493
-2363 5427
-5006 9624
2149 -2620
-8938 9727
2261 8976
4895 3225
7565 9241
-1583 3087
8582 8514
7396 -1580
4049 7223
4776 -8949
-4329 3329
7987 -8376
-6868 -4532
-5385 6138
9482 4490
-4410 3330
3056 1631
4327 -3348
9878 -963
-1723 -779
-7693 -8838
-6604 -9586
-1165 -5390
-8168 -9208
-4436 -3396
9933 -9672
-4326 4956
-9577 7920
4057 -1194
-6705 -1240
-7911 7259
-1111 2606
9259 8867
-2097 -6785
2436 -7144
-5982 9902
-9685 8465
-6926 1135
5648 2871
9476 -1373
2677 -8789
6167 9408
7327 8351
877 -9689
-929 5104
2363 7893
498 1160
3747 -8749
-1812 -244
2612 -8350
-4728 -5656
-7192 -9650
1486 -692
-7821 -397
8231 -2867
2066 -8346
-8939 4628
2978 -1768
-1457 -7891
7213 -6146
-8254 -8666
6216 -425
4548 2244
-4279 -38
5333 -3544
800 8333
8684 -9396
-87 7330
653 3890
-8978 2092
7467 2604
-2769 3088
-4959 -7752
-5643 -9792
-2217 3584
8640 -8430
4866 -471
-4506 4855
-5184 3134
-6690 1215
3268 -9851
-5526 4111
5161 1951
-4160 4387
199 -466
-7862 584
-2608 -2335
3635 -631
3299 2433
-262 7992
-6718 -8919
4332 -1623
-6769 8149
5003 -6454
4761 -1953
-1804 8314
6145 -1972
-6300 2671
778 5026
-5441 3261
-6156 -5302
6084 -3303
9788 1237
-6331 -282
-2290 3086
7888 3407
-4496 992
2861 5940
9486 -1265
6783 1585
-102 7967
-284 -1301
-4910 -237
-5212 3416
397 9590
-5713 3068
9766 4242
-801 -9630
89 -6727
-9921 6589
3717 -8481
6232 7967
3907 9221
-2044 2814
-5602 7113
5080 -1541
-9122 8017
-2221 -5205
-8069 -310
-721 6288
-645 2328
290 3566
7657 2841
6114 9489
6078 1466
2985 6193
4160 3515
2735 -783
-7970 1787
2620 -5589
6591 149
-1835 -2301
6215 7470
-2841 9665
5952 8146
4195 6438
3724 -4694
8148 -5516
-6027 5101
-3433 4261
454 -6229
-8994 -6728
2489 -1666
-6159 3741
-8127 8240
2109 6461
-2119 8464
5933 -9727
9938 -5905
-4038 -3188
-6751 5889
-5084 -9844
-5360 -9307
5795 -3216
-8956 2334
9826 -7639
-4367 5219
-2727 -5448
8294 -8157
-6197 4835
5017 -6113
-7650 5913
9907 -3382
713 -7996
-1184 -6435
9454 -9605
-5728 5787
6480 -1910
4874 -1087
-5033 5995
-7924 9640
4858 -1486
3066 1431
6995 -4148
-5593 5080
8967 -5482
-5849 9424
-3959 -4962
-2958 -5942
-2377 -9525
-9130 5858
1644 797
-7392 -4857
7777 1845
-2161 7482
7121 -3536
8699 3637
-4933 5700
-4728 5486
565 -7939
300 -321
-897 3253
8291 4452
8510 8865
9340 -4668
-5090 -147
-5630 -6069
2795 6555
-1601 -3022
-5540 4292
-5524 9959
3595 -4699
-5279 -6825
-7619 -7618
-1836 -7
9673 6667
-81 8465
2916 2496
5081 1930
7262 5146
-1281 8142
-4207 -7828
-7553 3089
-6212 8588
6600 4567
8246 -1752
7270 -8925
-2029 5562
7944 -8009
5705 352
-2981 -171
-1707 5377
1593 -9342
2589 -5071
-6205 395
-1464 3571
9464 2514
-677 4329
6637 -8090
6477 3111
-4921 3236
8032 8444
4005 -7651
-1939 -276
-9925 1948
-8224 -6235
-7137 815
1474 3790
-7561 8177
-1429 -2217
-8647 -3766
-7532 7107
1435 -9183
-3552 1792
-5098 1792
-4973 -3354
-4911 3703
6052 -3220
6504 9094
4762 -2167
1598 -9701
1115 -9741
7770 4461
2638 -3691
4092 -9791
164 -8792
-7964 9166
-6297 2633
-1855 7192
-1016 3873
-9482 6768
470 7732
-5489 -672
2142 242
8075 -8986
-8686 624
883 -327
-2146 6150
-7542 2374
2583 -5788
-858 -9730
-6844 -3533
9100 1178
-1631 581
-5547 965
-2267 -8927
8806 -1308
-8260 8203
-1555 -2963
1773 3882
-5495 240
9913 6808
2957 9110
1483 1488
5700 9136
-6874 -2214
4253 -5159
9740 3
-9417 7074
-1962 1830
2903 -1243
7449 5771
7695 5429
-7534 -7091
6791 -3861
6379 4239
1046 -4983
-2153 -9988
1500 -2277
-3142 9330
836 920
9483 -16
9987 -1191
-4118 9222
1051 -5709
3048 3921
3412 -2325
-6897 4218
7127 1106
-9035 -710
-6472 7639
-3624 -8935
-5202 8295
-3983 4223
7273 -9982
938 2875
-3421 1829
-9363 420
3363 287
8299 -3480
-5839 -1866
5809 1346
-716 7573
2400 8913
-1798 -3589
-2230 7086
8151 5452
3746 4146
2089 -3331
-3313 -6516
-9921 3082
-5090 7626
1766 380
-9334 -4453
2067 -1151
6984 -7315
4031 9949
-8758 2792
5425 -2964
3447 3642
4448 -2652
-7201 -5063
-7197 2599
9268 -9735
-2530 4892
-2027 -324
1022 -2450
7930 6604
-7850 -3492
5358 -7684
-4999 7939
7887 2341
-4868 -7248
-212 -7151
6491 -5722
1626 -3045
1892 4660
-2742 8146
-7869 4695
3307 246
-6358 -398
7152 -5000
-8397 4664
-8828 5081
-8883 -2525
-4587 6530
-1130 -3882
-1130 -2980
-130 7723
-8000 8659
-4387 -3640
-8981 7347
5492 -8774
9642 1998
-4035 7624
-2775 2949
-8331 -393
-2008 -1903
-3102 -3006
4469 -836
-586 -1985
4133 9882
-3099 8284
9727 -6998
-4619 6771
-3148 -4552
-7206 995
2221 1592
-2689 -7993
9631 1862
-1469 6997
324 576
8673 3922
-9085 8316
-2521 -4430
7306 9105
-7294 6893
8897 1438
8161 -393
99 -7656
-2208 -6458
8258 -9329
5984 586
2593 478
-3940 -2985
-5989 5944
240 8313
5955 4336
2651 2633
-8077 -9410
9695 -6149
-5536 9229
666 -7600
5728 -6639
-4295 2548
6090 -453
218 7218
1524 4347
-1455 -77
6938 -2162
-6219 8326
-9642 -9051
9006 7743
375 6313
6903 1656
9228 2299
1527 6597
-7283 -6308
774 -4086
8462 8446
1713 -9801
7417 8272
2618 -4348
5575 -1060
6778 -5117
-6792 2512
7182 -5720
-7978 -6433
9880 6187
1564 6118
-1584 -9497
7100 791
8204 -6336
3299 -6462
-4296 -1023
-824 1760
3752 7417
-6932 313
-7026 -3631
4973 8643
4876 -6528
-2248 8181
-4532 2057
-1756 3495
-387 -931
-428 9808
4319 -8251
-4587 392
7651 2523
-8501 -7568
4192 -6646
-9229 4397
-1570 1664
8033 -6161
-7518 1404
4877 6726
4907 7358
3135 -3651
-6435 -5905
6885 -8622
-5094 3178
8648 177
-5710 9226
5469 -2218
214 -8060
-4705 -9312
5085 -1873
9791 -3934
3626 -6485
8640 -8456
8270 9829
7186 3516
9866 6897
-9008 4042
5420 -6570
-9672 -8403
1775 -5953
-3007 8976
478 6065
8005 -7539
-6851 -9308
-1181 -2980
3086 -8045
-809 -1391
3874 -3288
-3460 -2170
-8654 2144
-960 -2553
-8512 -5068
2083 3753
5351 -9372
-1604 6132
8828 -2875
-3090 5389
7850 -694
-2 -5086
1935 -5280
-3325 -7463
4867 -1259
9174 5866
-6305 -1259
-9116 -4286
6882 -1238
3694 -76
-6323 -7910
-3561 -503
-4372 -7252
-127 4836
224 -5544
3762 6783
-4583 1795
6515 -2520
17 -8928
-186 -3090
-7225 -5117
3624 -1013
8422 191
8954 8229
-1847 9024
-5166 6368
-4135 5551
8299 1274
-3891 5214
-6610 1892
2395 -9947
1848 7152
-1648 7812
-7395 2083
8993 -7911
-3027 6140
-4874 -4512
5680 -5683
-7454 -2731
13 8354
4721 4420
3691 4848
-3879 -5694
-6759 5710
-2399 5951
9725 -3369
-2496 -6284
-4752 1573
-2624 5856
7946 -2147
-6008 90
5578 -1361
6677 2840
-6171 4978
3331 -7057
7363 3842
2410 1773
9800 4774
483 8531
8202 -6960
3393 -8196
-4480 7927
3220 -9104
-9528 769
8622 -5684
4406 -7862
4498 -3665
9175 -16
-5039 1175
4118 -6997
-9435 -7987
3786 5202
-25 2976
5227 7306
-5933 -5821
-4017 3429
5076 7460
-7924 1504
-7728 2016
6332 -3731
-1592 -5386
949 738
-9279 -7095
4080 3844
-9433 -597
1416 1919
-2880 -8867
4109 -1078
-3772 -9185
-5006 3056
205 295
1475 978
-7519 -4720
7296 3551
-6460 -1526
6809 3628
-5635 1948
4854 1479
-4678 -1193
8210 2654
-1707 -389
744 3347
-7732 5413
6229 -1427
-8372 2217
-3768 -5057
5921 1834
-9166 7707
4978 -7878
4317 8131
5479 8519
4187 1126
-7396 -6436
2371 2761
-864 1647
-8743 4301
-2353 7429
2842 5722
-5706 -84
-4147 2791
7734 -356
-4802 2086
3513 7376
9498 -3968
-2117 2212
730 3815
-5060 -2918
646 -1363
-8602 1265
-7089 -6984
7318 534
-2038 -2110
-6389 -1315
-7679 -5476
7315 1627
-8730 -1825
-9740 8770
6145 189
9942 3773
-295 9363
3177 1546
8628 -9566
2793 -8163
3102 -726
6011 4191
-1555 9735
1345 7049
-4266 6407
-5348 4956
-3418 -1945
6230 -8034
-5544 1573
-8239 -9790
7705 -5679
-6316 -4576
6970 -2591
1565 6861
-7581 5597
-1409 -5643
-7732 9242
-7304 -1677
-908 713
840 4041
-1003 4826
-3398 5492
-8821 9300
873 -3448
-3237 -4365
-43 6355
-8222 -1812
5597 7362
7943 -7532
8066 882
5239 -9639
-6676 377
-7580 7507
1940 -3980
-9939 1513
-3662 -7220
8272 2779
5799 6661
-6787 9451
-1193 -3329
-3253 3697
-8116 -7516
9846 2246
4715 -8799
2084 7788
8150 6501
-3123 1043
2271 -8527
1214 -702
-5469 -2069
711 4996
-2226 4590
1251 2704
5875 -6427
3965 8185
1881 -5319
-2835 -5568
6679 7486
-7593 -2990
-5202 1393
-2107 8212
-745 -3332
1862 8491
1509 -4754
3177 -6925
8072 6040
630 -2391
-9688 -434
6860 -4399
-6215 6187
-9132 4546
8978 9387
-9408 1754
8765 5656
769 -7001
-8789 -2717
7672 8662
7153 4187
-6847 -467
2608 -1339
-5299 6330
-2341 4400
-2313 9052
-5348 -2029
-5842 -5454
9092 2158
1544 -1253
-5779 -8210
-8834 2136
5135 -3294
3989 1936
597 -9934
7974 1660
-5087 1470
-6148 -8874
-8823 -8758
5642 2274
1325 -1164
-9472 -6672
1596 9698
1855 -1593
-9126 4408
6198 -6602
5534 -4905
1802 -8915
3021 4389
8177 -489
-8829 -2662
8809 6150
-9003 -195
1047 -7340
4934 -4105
8452 -3311
3738 -21
-324 8980
1107 -4667
9742 -8470
-1351 1981
7077 9660
-9256 -2097
-7709 2599
-7891 7486
-5176 -5812
-5941 -2999
6807 -2647
3734 -4944
4672 -2147
8263 2388
-7634 6844
5824 2001
-8946 5763
-8987 651
-7368 -5484
-5824 -338
7565 -6571
9749 -1359
-3873 -6424
1486 -8143
-1141 4672
-7976 5545
-5679 -614
7239 5758
-1855 8993
5836 5502
1223 4232
-6 5380
-248 2277
6794 1007
-5611 2384
9534 -5310
3331 -4326
-750 9282
-5141 -6822
7850 -5544
-10000 7439
-3176 9874
9352 -5679
-2966 -2216
-2994 -2504
-4552 -3409
-8030 8229
4226 5442
169 1722
-2174 1019
9430 4558
-6048 1080
4082 2761
5939 6924
-8621 8942
6380 3789
7383 -8620
-578 -3075
8430 6735
-2049 6457
-6953 -4565
-2616 3400
-1159 -1262
-5819 -8391
6350 -7269
-8991 5728
-3192 5779
2260 -5038
-8115 -9111
-6449 -1801
-4292 -6736
-1635 -6348
4298 -3189
-6455 7788
7965 2727
8162 1497
-5104 -5268
7191 -4455
875 7458
-9812 -8629
-9180 -2776
-6997 -5081
-119 -2372
2238 5263
-2818 5487
-7529 9511
-6838 6611
-6578 837
2345 -8820
3907 688
-4095 4030
8762 5789
-8667 801
1980 5952
-8956 5929
-6847 5889
-9193 -8136
3213 -123
-1140 4409
-105 -829
-1319 9764
6374 6088
645 5564
6744 -6484
7926 -7011
-9261 4371
159 -6170
4632 9501
9173 5213
1142 332
-3780 -6063
-478 4295
-2108 749
-1122 -7266
5627 6752
6515 -7506
8582 -5693
-6408 6610
-6154 -774
5936 -9665
8428 -8229
-4398 6675
9896 -1414
-6201 -6046
4286 -7212
-3274 4941
2956 -5774
8696 6248
-7297 -9153
-8681 -2426
68 8330
-3643 7835
8165 -1351
-8405 -51
4006 -7990
-2497 7531
4205 2433
-5261 3105
-9221 4100
-9392 -1462
-6522 5065
-6989 -2666
-2697 -9846
-8999 -8293
-719 3727
5777 -7679
-6124 9349
1718 -4146
5804 -4239
1492 3313
843 3530
-317 8995
5820 -1232
-3412 4422
-3319 6599
5384 -2804
8252 3880
4035 8396
-6177 -4446
-6999 8757
-5202 6825
9894 8778
-5369 2395
8156 1611
-1356 -5845
-8595 3369
2363 -6793
1975 4809
-769 1904
-1498 -7717
-521 9633
3512 -2393
-277 -2270
7005 -2454
24 3546
4091 -9995
8783 4822
-2783 3984
-685 -2865
1290 -4628
-7539 7959
-8835 6417
1225 4825
449 6861
9144 -5824
-6192 -7329
278 2343
-6206 7321
-1413 -10000
7267 -9202
-9196 8611
3433 5078
-939 -6693
442 -5630
3463 8376
-9946 -4547
-8131 5925
749 -5060
-4479 6815
-9009 -5082
-2411 -1615
-9272 -5201
-4160 7868
-8412 -5478
-959 4428
6759 -7424
7654 -155
6874 3912
8282 436
-1189 1036
-9791 1745
-2331 2587
7527 -4201
-7386 -7862
-2944 -3231
5154 -6395
-1596 4645
6233 5882
-5876 4245
2393 7822
-5882 3166
-3269 -849
-6937 -8229
2207 -2675
8362 -4935
6810 -5261
-8954 8571
-1909 -5522
337 8573
-4659 705
4310 7393
5759 -5784
-9903 -3566
-5601 1991
3533 -2057
-5171 -9488
3385 7651
-6857 1560
8886 -9832
-4767 9071
-2470 -9033
-6742 -7957
242 -1424
870 1349
-4226 -5700
-4587 9932
-5853 -9917
239 -8829
6884 -2034
5909 8359
8872 416
1788 -9263
6018 2256
6145 4931
7722 8624
9591 -8623
-2859 -4748
3828 -3430
7919 -8896
-4596 -5303
-1650 -6307
-2503 817
5710 2497
-9538 -8544
9816 2593
-6992 -9909
-5451 -7593
8384 4796
3447 -5712
-7089 4528
5905 4890
-9859 -3777
2793 -6954
-2129 7690
-3892 4432
8125 3275
-2188 4458
-3046 -657
799 -6479
6114 1138
4950 4335
6742 -7157
-8641 9500
-6213 5125
-348 4807
-304 419
6642 -722
6045 3558
1247 -566
-6134 -6085
-9090 -8925
5533 -4289
5054 -1278
5965 -3792
-8934 -426
-6092 2078
4921 6016
9236 -5629
-6784 -9999
4808 -3257
7163 2869
-4133 -1776
-4498 3804
-3041 -8089
-4174 -9531
-8455 825
-9744 457
9179 -9202
-2994 9032
-1395 5143
942 1793
-2191 6234
-5675 -417
-416 -2956
3788 -2458
-5869 -1888
-9944 4671
-1526 -2
5630 -4442
-251 5433
-22 -8545
1912 5015
5813 3956
2987 4811
3675 -3460
8333 -4688
-4734 -5384
4199 -138
6907 -408
7134 -2496
5616 4415
-915 -5015
4983 5673
-5049 -8721
-9567 612
5788 4700
-286 4132
-1913 1420
-49 -752
5788 -5206
106 -6375
-1759 7841
-2297 5373
-1315 -3839
3665 -1670
-7256 -461
4524 3001
-1327 5550
6829 -494
-6162 3625
2045 -9018
5115 9626
4766 -8241
1007 -3078
1717 -5284
-1658 515
-1645 -8178
-9085 -9697
185 6058
-5613 -400
9139 -2430
-9429 852
122 7383
-3112 -756
-3411 -3049
1654 4447
7793 8635
-9607 -3232
3691 2558
-9005 5121
-4365 -4593
950 -663
3361 7711
3769 5587
-4814 -2733
4837 -8124
6450 -1954
-4572 5408
-5348 -3429
7243 6038
484 4962
3596 -1103
5665 -1723
-5445 7710
6551 3076
8483 -4450
8608 -7815
9897 3154
-1260 5690
-7044 7386
-7018 7647
-4308 7793
3201 9432
-3997 4842
4600 -8427
6535 -6755
2142 -1196
-9199 131
1561 1528
-5397 -4643
4628 -1888
4018 -3193
9961 3236
-1075 3914
5020 -1300
-3654 5602
3394 8003
7434 5760
4322 -3406
1888 -2843
403 -1079
7725 -1577
-7726 -3735
-8487 8527
-2396 3835
-8054 -3883
6645 -7769
9188 5965
3599 6605
-975 1833
-2566 2340
342 5371
4851 -9172
1143 1496
8654 -828
-8187 -3248
5175 2777
-7238 -6741
-4494 -8831
5004 -5724
4114 3110
9062 -9329
-9644 758
-2638 8250
82 7676
15 6387
5478 -8763
-4214 -5923
9295 4050
-6779 -9351
-2599 7948
4445 -1244
2015 -3704
-2535 7207
-4797 7521
630 -3810
-3139 9317
74 3412
1661 938
2334 -8844
-8737 -4536
422 -7651
147 6742
791 6208
6857 -559
1109 7733
-3512 -2021
4275 -726
-3519 -7777
9744 -8260
-2070 1684
4722 4094
-2494 8512
-551 -5205
-4048 9167
-1649 -4497
1573 936
-2323 8773
8701 -8280
4882 -7812
-6358 5558
-6464 -288
8986 3851
6075 -8469
-6729 -813
-9129 5818
