2000
-3971 7424
702 -6964
-2115 -6159
7876 -5979
6961 -2099
-8542 2274
-5802 -4918
3589 3627
5577 7885
2878 4935
-1130 -9492
4880 8421
-2924 6951
-2265 -3717
8189 -5498
-4354 7190
-6054 -2062
1779 6349
-5910 1831
-6548 3376
-4351 -8950
-3868 -5090
-7742 -152
-2268 -6558
-7903 7835
-7937 -5670
-7250 4688
1638 -9337
-3054 -174
8050 9373
6562 -1144
6794 -6305
-9957 -9492
6060 2294
-4331 -5866
-1095 9513
-1857 1318
-8835 8759
-4079 401
1956 2618
6949 -1982
-7294 4020
4683 -6581
6967 4344
3717 -4650
4206 5016
8711 3999
8228 999
-6708 -7525
330 4288
7521 2682
-6000 9235
-8287 -4337
9786 -1114
-8496 -2366
5653 1741
-4240 -7827
-4408 8359
6423 -5836
-486 -3721
-8706 3860
-2141 -6281
8439 -6274
-78 -193
-5906 -4548
8134 -6028
-3073 -4665
4720 -4146
8462 -1359
6275 4505
-3755 -6314
-4141 5648
7727 5727
9891 5172
-8549 4150
-1991 3125
-9436 -3534
3913 9589
-604 9003
-1825 -6166
-2194 7211
-7454 30
9605 4734
-6626 7266
5491 8066
-8249 -6631
9018 -8265
-8818 1331
224 6744
893 -5207
7918 1675
-8139 -7377
-4068 8482
-8795 5775
9609 9049
6260 -620
-6870 1136
-410 -7474
-6488 -7265
-9200 2964
-9947 9003
-5542 -3727
7604 9071
5815 -638
4155 -2173
-6778 428
6772 2073
554 -1195
-5421 -7296
-8248 1759
-5140 -2092
9044 -8268
-2021 -2010
725 -1367
-4683 1491
4214 5247
-8481 -4629
-1838 -7607
1755 9123
671 -2303
8126 -4091
7982 3893
-7303 8618
-4958 2257
-2264 997
8906 516
5969 2596
-5693 -8331
303 -6052
9160 8753
3999 9341
-1568 3374
9488 5518
4641 6595
-5709 1242
7151 -968
-3355 -3863
-5245 8854
4831 -657
-5940 3518
-2246 -7434
8884 -7035
-1644 -6277
-2329 -3089
-4337 8659
-8281 551
-6076 9663
8901 152
-3254 -6589
8374 7262
-3707 4758
-9105 9246
8099 2939
-3998 -629
-7112 2929
9216 62
6749 643
8087 8099
-1270 -4896
-2517 -522
-9972 4394
7777 -798
-6926 -6047
1085 6677
3939 -180
-5422 3180
2425 -9769
6891 -806
8565 523
-2828 -7108
6676 -4827
9537 -3613
-1793 3424
8528 7623
-2900 6937
5051 -269
8933 -2871
4803 2827
3225 -7993
5548 -392
-7213 -2837
1115 -6154
6761 5212
-545 1727
4619 5325
-5781 6627
-3265 5015
-1562 -6245
-8622 8663
9320 686
-9584 -1522
9328 4371
918 -6930
-1202 4130
-6262 -5858
5026 -5655
1913 246
-4542 -138
-8412 2394
-2281 4913
5261 9928
4943 1938
5693 -8005
-5622 -6620
4067 -9209
2991 -6303
-8212 8204
-8727 2318
-3552 2707
-9431 71
8138 3907
-5848 9317
-822 3771
-3836 3331
-1756 766
693 7604
-459 -2775
-780 -4365
2737 -1045
3467 7319
-8985 524
-1273 -3543
8776 -3475
-7048 3722
-6208 -1056
-3429 -2758
-3442 -4350
9421 4444
-2225 5736
-3499 -4415
-6812 9740
-3036 -9085
271 6451
-874 9905
7223 -6993
7252 -7408
-950 -8042
2204 -4021
9701 1546
-9511 5156
-7602 -2787
2864 -2940
-8497 -1044
-1587 6005
-4690 2999
2738 8635
9550 2220
-1330 -6578
-6674 -179
6549 -8484
-5892 -5731
-3772 3801
-6500 3158
-1576 8432
7309 -3079
7855 -1087
9694 -6573
2383 4439
444 -5082
7917 -5484
-6849 5754
1694 4376
7798 -7300
6242 -9637
-8121 -5155
-886 6512
4033 -291
-3413 9063
-8785 7533
-1826 5012
-6076 -7756
-4329 -3972
-9533 -2661
2257 -8226
-3709 4632
4106 3894
1990 -558
5863 -4200
-116 -212
8354 5826
2337 1764
-4807 1188
251 90
1343 1780
512 5187
7431 9517
-4456 4437
-4504 -6899
-5125 -268
-5637 7753
5367 1166
-5672 -7810
-2010 -2643
-9135 -9809
6017 7874
3358 9219
406 2074
-7837 8551
4052 -5623
9564 3506
6743 -5437
-7280 6994
-6185 -3993
5740 -1784
-311 -1309
-6423 -6177
-266 -4944
6134 -2094
-1903 7724
5598 6999
9938 -2166
9908 2676
1227 4064
8442 -4209
-6983 -4722
3562 -8275
-7560 9760
-513 6283
-1781 -3745
8667 -4774
2771 7909
-3315 -7756
150 -7496
-6051 -7182
-6463 8247
-199 -6733
5943 -2805
-5021 3429
9220 -2831
6168 -2859
-1133 -4043
-563 3451
-267 1307
-8718 8924
-2129 7952
9581 9950
-7807 -5638
-3134 -14
2804 2343
4310 4536
7803 -9939
977 -2169
-8741 3746
-5365 5957
-6903 -5801
156 -5476
7975 1964
-3009 9593
8516 1428
3100 1995
1944 -3614
748 2681
-7334 4137
200 -8665
5871 9192
-7027 -1770
6061 7395
1140 7672
3628 7320
-4761 9496
-5981 6725
2410 5395
4987 -4286
7142 -6879
5116 7223
-2670 3963
364 -2941
-5084 -8202
-6867 6751
5942 8837
787 -7275
-6160 -7364
-9693 -3153
-2113 4980
8196 3935
4380 3126
2241 -4064
1650 510
3632 948
-1829 2513
-3525 2468
9528 5501
7299 6839
3589 -1836
722 -5847
599 3252
9609 -8492
2077 4439
3139 9916
7571 -6316
-9469 1334
7270 5671
-3819 2772
-6280 2641
-4847 -6467
6001 1891
1112 5349
5908 9249
-2587 2131
-9996 -504
-3532 8135
-6637 603
-1238 -3924
-288 5440
9125 -8100
6956 1003
-3326 9656
2427 7946
586 6576
-9892 9868
5479 9460
8529 9830
9079 -3410
-7558 4436
-2347 212
2067 -7554
3050 4121
-9803 5430
870 -8189
-2567 3630
-5367 3715
3370 -5612
-7667 1307
1603 -483
-615 6641
9821 1711
5261 -5137
5175 8350
6506 4339
-5450 7617
-6217 -5842
8280 6617
5768 6833
-7635 -7803
5827 358
-5928 -202
7907 -5820
9208 -8838
679 -6040
-5679 810
-3759 -6216
2369 -5858
-3788 -8498
5841 1264
2601 -7283
-3124 -5888
-5551 6384
6938 -1124
4794 -9784
574 9303
2821 620
8522 4646
5808 4448
8408 7729
-1461 208
7713 -3550
4313 4780
-9998 3802
-1214 -5755
-3038 5844
-6324 -8614
7771 7559
155 -1875
-1658 4708
7731 -5052
9290 -7364
-8997 4272
-1281 7811
5539 -9469
4460 847
-8983 -2202
-3701 2173
-305 5330
9575 -3699
-4135 8482
9868 258
1537 -459
-8613 -8642
9787 -4587
361 3450
6086 7517
1788 3371
1181 7089
7621 -5773
5075 441
8239 2080
-2027 6092
5143 -5463
4560 7669
9871 8438
-1305 -9576
-34 -6542
-5183 -6047
-634 1353
-5198 -5397
-4159 -6553
6819 -5392
-4582 7629
-4423 1720
-7840 -6962
8839 -5628
-5816 -5880
2378 533
1922 9327
7765 -3063
-2638 1792
5250 180
4133 -8952
6122 -6213
-1609 -2781
667 -5356
-748 4232
5581 -2515
-7075 4670
-8572 -8843
-750 -4914
2927 -6012
4521 3435
2761 -4696
2242 163
-4325 4246
-5574 9604
-9349 -9076
-1567 -7721
-501 -9507
-4863 6824
4776 -9835
1371 4389
2780 4077
8956 4296
-6898 4208
-8084 -1795
-8361 6029
-8667 6437
320 8122
6088 7296
6899 5995
-9360 -9487
-3486 -8730
-8237 -927
-4104 6013
9899 -3100
-4991 -5608
8469 4990
-715 7789
5718 7424
-650 2388
2137 7634
7792 989
2831 7191
4486 -1889
-5894 -1081
3153 1384
6375 -5254
7540 9667
9400 -8142
2479 -2844
1548 -6982
8008 -8791
-7282 3737
4882 -2707
-6599 8436
9791 -5769
5220 9259
6450 -8698
3134 -1949
-9310 935
-3960 -9040
-573 3843
3510 -7586
-2006 -3034
4122 2909
5928 -9528
-4598 -4331
9407 7656
-5052 -1879
277 4288
-7761 2070
1329 67
5090 7459
-770 -2222
-7567 -1776
-816 -80
-2516 -1527
4609 8612
-4423 -9007
7623 -7398
-3205 9700
-911 7271
4927 2198
-9682 2216
224 -6405
9387 4316
-5617 2463
3643 4436
-7787 9473
-2304 -3407
-9766 -5354
6841 -9399
9213 -2282
-1289 1449
4051 -5211
-1791 54
1046 -5434
6764 7299
-486 -307
3288 -9198
5119 -6541
5922 6395
830 -6778
-3585 -436
6158 6764
-4869 7833
8434 -9888
-2170 -8029
3420 7646
-3845 -9739
4036 1191
5757 4365
5384 -4919
4774 6242
-9236 -1382
2077 1783
-1823 5883
-7175 -2001
-8717 9008
5771 -759
794 -8839
-8727 -5378
-3407 -773
593 2824
3085 -9988
4924 6748
4833 -2879
5923 681
-3078 216
8835 697
-7521 -2314
-2710 4632
-3649 4377
3384 3836
-6924 -2365
2517 2876
7498 3870
-3183 7512
335 -2188
1545 7410
4158 -2859
4262 -3531
-9130 2711
-7073 184
-5399 -2208
9199 -4518
-9887 801
-4822 209
-5955 -3535
7821 -7718
5158 842
-1567 337
1569 6377
-5812 8971
6381 -8096
-955 5733
-4078 4259
-3031 -2973
-9069 -3208
8305 3617
9099 -4467
6334 -8776
1433 -7067
3119 -8489
-6206 9199
3762 939
-5004 -7328
-7231 -4085
-5115 6566
8470 -3043
-3589 -5014
-7035 1235
-8018 6054
-7154 3656
-2728 -7087
-1554 -5129
-3905 92
6746 -1499
12 -8751
-5832 -136
-9198 7527
-6080 7930
-2435 -481
-3916 -3311
7368 6172
-8843 -1726
-6771 -2501
-6448 -2156
-8501 -4789
-1875 119
4991 -1229
-7417 -9709
-1208 -8915
-7666 9329
-808 -7475
-9949 224
1874 3715
-6766 -6029
661 9440
5611 -682
-8687 -1972
5527 -9512
-1668 -5458
-246 -7201
2919 -169
-7677 -8401
-8110 -2091
2715 -5094
-5765 683
6929 8771
-1006 7148
863 6980
-5328 -9133
-5973 4097
-2865 9054
802 -6642
-6153 -1552
6712 49
2848 5900
-548 186
5506 -513
7396 1775
-9599 7396
1799 3832
2602 -1643
-4495 -1273
-572 -8405
-3817 6368
464 4100
6874 211
3569 -8681
3489 -2325
7724 -8864
7037 3921
-5894 571
-9942 209
-4296 9612
-9273 -8826
5006 -3895
4463 6248
-5026 1328
6644 -6312
-9945 8123
5943 -7173
3038 4240
5559 2816
-9510 327
1464 2768
-3312 8214
2506 2221
-7571 794
4126 6285
7459 -1867
7959 8575
4822 6186
-2487 6142
9830 -6484
-8361 -5843
705 -6395
7845 7582
398 -2537
7790 7125
-108 4609
2823 2974
-4806 6581
1095 -951
-4667 1344
-6803 -1058
-2484 -7209
-7303 -8844
-8982 -7663
-4147 211
8089 -5431
-1826 1213
2516 -1207
6256 -3981
-6857 -3366
-8758 7766
740 6756
3336 7786
-3166 9655
999 -1848
7094 2167
4959 7917
9073 -5391
667 -8624
5308 -6188
-1619 -9760
1454 3396
-4091 6555
-3706 -2310
4324 -4115
-6349 3158
-86 5566
3352 8112
7766 -3030
5122 -9815
2353 2485
402 5936
-9456 1032
2408 3195
7007 1211
5173 -2284
-5168 -892
-616 -3374
8037 742
-9653 5678
2557 2360
-2075 -6002
-4170 -3809
6882 -5003
-4817 -6404
9802 2004
-2061 -8744
6009 203
-6602 2205
-2864 -1584
9853 -5875
6955 -7692
2655 -1594
9148 -3662
-4264 691
-6950 9495
-2786 8293
-5517 4697
9694 6765
-5919 -4914
7090 -1403
3574 -6117
4086 -1251
-5326 -418
-8281 -8796
-949 1811
7840 -4708
3698 -3995
2343 495
-8815 6566
9782 -8201
-9908 -2043
-3626 716
-2520 -1704
3382 -3933
8386 1562
5445 4192
-3338 5680
-4738 3251
8177 1336
-3133 702
5994 -2773
6953 -5293
5202 3413
-22 -705
1094 -9893
1785 -241
-5805 4907
-3076 8159
-2053 1676
-6763 -9695
8219 53
-4268 -7598
5653 -5120
9937 994
-4584 3829
-5224 -3196
1511 -4869
8544 -8272
4744 433
4261 2242
-4278 -441
-5535 -3954
-5796 -83
-8408 1389
5416 5872
-4076 -1450
952 3634
-7766 1657
-3629 326
-2125 -7830
-1026 1788
6919 2652
8101 -5795
4638 9183
1424 2845
-7597 -1101
4945 7146
784 589
-8022 -7131
-7538 6097
-5353 -8886
8469 -1614
-9958 9320
-355 -9298
-7128 135
-8078 -8759
3893 5568
9773 -7439
-4536 5714
-1442 8132
-2970 6888
7755 961
-8450 -4305
2285 2259
-1645 -2751
2084 4747
-6867 3002
6043 552
4975 -3104
7031 -592
649 -8433
7135 -7327
-1045 -1738
-6024 -9372
8760 4419
5028 2534
-2784 -490
5205 6503
-1239 2487
-6544 1210
-4043 7116
3839 5540
-188 2811
-6573 -119
9289 -5214
74 -5821
573 -62
-8080 930
1558 9529
7668 -4104
-7849 4038
-6453 6416
2918 3088
-4426 -7528
7403 -4601
-7485 -970
-1710 -2920
9891 -9926
-45 8102
-3392 -2961
4939 -757
-7099 6682
-2389 -4489
-1240 -5178
4439 -7111
-9353 -3572
-3436 -9690
3398 -2085
4108 9483
-1398 8972
1722 1511
8591 1117
1191 -9989
-8167 -7798
-759 -5134
7831 2162
-1156 -5821
3411 -9269
-726 -9825
-3214 -7829
2320 -2566
-2256 1154
9070 8884
-7914 -8858
-9887 3177
-5313 689
-4474 5557
5568 -3001
-799 -9562
-4696 -8878
3284 -7838
-3659 -6866
-6134 -4152
-255 -6528
-4357 6861
-5706 6531
-2316 7963
6847 2039
6902 474
-6349 -7347
3342 -9265
6292 2059
9058 8869
9307 5581
6703 -1742
420 -5390
-2255 -14
5835 -9519
-6046 5332
5913 -700
-4170 3318
1281 -9793
5967 7235
-2291 1848
4501 2868
3603 5081
-2861 1564
432 3616
-804 -3803
8176 3459
8069 -4102
9605 2317
6519 -466
-1414 9160
-1541 -5807
7512 -5501
-1573 8010
5245 2513
-1919 -5607
-9019 -3326
-8246 -3698
7866 8305
1920 -1107
8811 2018
-4524 -8885
734 6987
3024 -6455
6800 339
-502 -458
3736 -4614
3606 -8322
9688 4968
1201 -7968
146 4932
-4674 9282
-696 1127
-569 -2920
9695 -2830
-7092 -8649
-3813 8505
9212 -1615
5651 6922
-2740 5956
-4502 6171
-8444 -9522
-7844 -7046
-8358 8883
-9086 -8156
-9504 2843
5845 1060
-4093 -4177
6624 -4852
6039 5339
-9590 6318
8544 8948
1053 -3403
-6482 -8525
7432 -3297
-7127 4499
8699 -3350
3325 -1849
-2967 -5425
-3581 4967
1530 1669
-3551 637
6460 -2626
6243 2357
-2305 6804
3122 2282
4950 1826
8423 5386
6861 -3998
2705 -4338
-6119 8013
-5338 9299
1170 -7421
-2845 -8293
6674 8204
3593 7295
1652 -1797
9298 -9959
2398 -1889
-5085 5541
1543 -6187
5639 -8243
7143 -3508
2494 4062
-6556 7724
5737 -1081
-1783 -2675
3626 -5881
-4173 9388
-8689 -5499
-4484 -3779
8146 4904
4945 7169
-1000 7443
6704 1064
4877 3915
9393 -1754
4738 516
-1702 -9745
7980 952
9871 1742
-7213 3716
-8445 1809
4917 6413
-5366 -2618
3604 9949
4852 151
-2681 1749
2912 3517
-5420 6319
3955 -384
7862 9458
3694 3347
3603 6321
-2728 -8009
3733 5303
2739 864
-7328 6520
6654 4294
-8324 7589
7537 -8713
1438 9001
4470 6109
3346 8757
8797 -2619
-9283 7927
-8896 2751
-3903 -7700
8621 4798
6789 -6580
8723 -387
-9524 4242
4482 1461
-524 -3131
-5543 1135
6144 4873
3873 -4286
-4457 1302
3780 2063
-6836 8890
-9464 2576
-4674 -6118
-3818 -8360
6438 5144
-7715 -1477
-8144 3226
1188 -8993
6190 -7667
-798 -4331
6805 -614
-5742 7381
-3185 6669
-2030 -8149
3914 2359
4969 -8251
4325 7078
-9041 5505
7145 -6629
8516 862
-6895 7303
4249 -9200
-4472 -5038
1016 -4564
1105 -4562
4824 -9783
-8682 1630
-1702 9082
-9068 -1866
-5787 6269
-8262 4846
1924 -7098
8407 6064
9435 6604
1187 9272
-9706 -8330
-7530 4292
-7026 4543
9979 1720
7158 3990
7929 1083
-3566 1982
1063 9247
1101 4732
4721 5717
562 9035
-8064 6460
2523 -3794
-3469 -5937
-2945 5678
7349 -8562
5730 -2651
-8109 -6461
5259 -7575
6415 -4410
6674 2417
-1881 4343
7311 -6893
-8441 9182
4898 -1589
-2554 6281
2740 -819
9108 3103
7167 -1017
-1619 -641
797 -2058
5292 -550
2990 248
2673 -9097
-3506 1969
-1894 -913
-2849 -3112
3716 6225
9128 -5539
6593 5275
1555 7746
647 -2241
-9138 -1985
-9282 -245
9114 -8251
-309 -900
8550 -89
-9842 -1297
-393 5260
950 6552
-641 6101
-7012 9056
9002 6510
-5309 6704
5699 -8151
-6685 -4995
2764 975
8990 3963
-2562 7347
-7184 -6571
2529 272
-6097 2508
-5069 4799
3780 -2218
-5667 4538
4359 -5271
-2495 3693
3923 -8933
7771 -3494
2076 -7665
-2660 7191
-1835 5392
-646 -6176
-8829 875
4304 6792
784 -6013
-9785 553
-4648 4688
-7531 -1132
-6595 -7148
-2419 -3197
-5784 -8515
-7448 5086
-4687 -8141
-5806 -5956
-8766 7389
2780 5255
-7200 -601
-6006 -7867
-7355 -2308
5400 8299
2572 3430
-1883 5616
-1796 -8356
-5504 4307
-5170 5330
6815 2077
884 -954
4627 -6912
-2868 6197
3585 8821
7797 -1634
-8515 -3635
2219 -9404
-1712 -800
1219 4865
2015 -2592
-3256 -6209
-4565 -6148
8159 4948
278 -68
-4271 -7011
5756 -2908
180 6613
2809 382
2924 -8968
3119 115
-9800 720
5037 8325
-2475 2419
1004 -2955
4453 8744
-7466 -6982
591 -8803
6145 1691
-4657 -1250
5460 143
-9044 1072
1406 1215
-8403 4857
5890 -2065
8050 8242
2682 -992
-2667 8250
4390 -2282
8484 4858
7322 -886
2133 2936
7854 -6423
5268 -3556
5194 7720
-2138 -9390
5403 653
-4411 -1182
-6325 -3192
4744 907
-852 -6715
2293 6514
8485 -8171
-453 -6654
-8076 2874
-8013 1751
-1593 9247
-7177 7841
-5715 -3739
-6020 8091
-7579 -6801
7574 5563
-1898 7824
-5368 -6838
4069 5498
8783 -6904
9610 -3063
-1234 1075
8143 8094
967 -7967
3784 -9934
9313 6676
4516 -7810
2172 -4144
-2333 -7479
-558 9873
5436 88
-2088 -2985
3898 -6463
-7245 6265
9361 -2034
4903 -8463
6333 8970
-9216 -2611
-578 4475
4542 5472
2147 -6795
-884 7575
-6569 384
6626 -8712
-8840 4819
-5093 -3933
3082 -9684
-2426 6540
2804 -3021
8666 329
1866 5885
8575 7289
-5323 -1801
-7327 9359
4831 4099
-8976 -9065
8511 698
-8919 3862
5150 -4338
-9520 7708
-2505 -9970
-9653 -4613
-4353 -9423
1277 -2079
8251 8451
8056 3664
952 116
8315 6631
9710 9351
7170 -5291
-4356 8261
-1041 8195
5777 -5846
3537 3761
5189 926
956 4018
-6875 -7316
-3018 1303
-7055 -1227
944 -8021
5643 -8805
1311 -1000
-649 316
-334 3347
-8224 2781
1042 -3165
-1250 -2580
5296 -6279
-8798 -5474
9173 2553
-3430 -9888
-7204 129
-4848 -304
8469 3499
9199 -1903
3013 -588
-7868 8563
-1122 -1955
-4888 1483
-5736 8544
-901 -3112
8029 9027
-3532 7850
-3904 7045
-402 -2330
-2218 -4731
9119 6168
-416 4299
1518 -2009
9810 -1948
-8815 717
3000 2822
-9134 -6683
4801 -8123
-5859 -4022
2866 -7215
-4468 6961
4810 4616
1660 2000
-6610 -5373
-104 -8743
-8854 4894
2913 2735
-9275 730
-7497 -5569
8869 -9466
3357 -6312
-2995 5589
7466 7944
-6078 -4474
-1689 -4673
-7713 -9492
5124 7564
3284 -9182
-4555 505
5483 6675
5289 9062
1796 6629
1080 -1799
6353 2521
6777 3583
-9009 8942
4530 133
1797 -2004
3523 1995
-8958 5719
9949 -4446
-3161 -6670
-5852 8793
-703 -9878
6797 3314
2375 -5220
-4871 2085
-5993 -2109
-5868 9930
7233 -9641
9302 -9092
4762 8224
-59 3831
-453 -3441
-7723 -6537
2738 589
3919 -4054
-5261 9577
-6580 -8213
8822 4036
-7464 -9784
6023 4917
-7193 1387
5037 -9971
-9612 -3060
-2152 2270
493 -6590
-9038 -7390
2890 -9567
-2383 509
-8903 8888
-5166 -5924
-2627 8738
-5755 -427
-2671 793
4731 -6933
7984 3587
-1306 4474
4503 -5488
1452 -6270
6000 8612
-4257 -6980
-649 214
4368 -3295
7214 -7760
-8872 -4294
3503 -7969
-5511 -4038
9256 -9125
5390 -1265
5523 -3416
-6109 120
-5407 7227
-8262 2585
6316 -7184
-4852 3190
9932 6036
-3751 891
7596 -718
5244 -5662
44 8530
-9439 6372
-3946 -6454
-1858 -1229
7506 -970
5614 -6469
7372 6749
3976 -6774
5811 -8036
-1499 5714
2625 2126
1883 3650
-5460 2556
-4442 8132
-3810 -4143
-5614 -9199
-9107 6234
-6500 -1332
7440 -3053
5977 1643
8895 8666
5415 5312
8538 6267
8231 3111
-1176 8069
3916 453
-5898 -8552
7725 -4202
-2350 2363
8220 -6717
-5916 3841
3795 -3673
4995 -1301
5646 7296
2659 2434
1100 5344
4376 1553
-2181 235
-6655 6634
4702 -229
-9777 5890
-8941 -1383
4415 -5675
6688 8784
-4213 -4214
9627 8629
-5045 -128
8571 3421
4437 -6330
6105 7937
7001 -2905
8649 925
-5120 5097
1730 -3533
6238 -1775
-5886 -3568
8770 6461
-5494 -4827
-2322 6906
-7309 -8806
-6457 3465
-2943 -3962
9459 2219
5889 -652
1006 3896
-9010 5714
-3362 -1994
-6897 -6641
-173 1518
-6537 8554
-5015 -3936
-7475 1299
-9808 -2524
-5619 -2969
1946 -2130
-8665 793
6831 9210
1428 -1608
-8539 -9991
7626 -2683
-6970 2467
-9528 -7663
-4304 3390
-1372 -2704
-4150 5523
-4692 2092
-2889 4556
-7969 1554
-7695 -2697
5174 133
-5354 7973
7182 -9771
2342 -8524
-4793 2331
9648 3803
-3731 -7168
-1110 -3602
-6492 463
7759 8308
3830 2137
-2051 -2671
-8115 -7142
8133 5060
-7638 -2363
-8509 -9562
8411 -8744
-4794 -3863
1335 9313
1643 -8731
5072 6542
-6906 5011
-4870 -4938
5525 1985
4013 -1362
-9226 7004
-5667 1563
4422 2444
-2497 -61
-8704 2554
6713 3587
8564 -7213
-1075 5123
8157 -2509
-1240 -9741
6801 3520
2252 -6169
2614 -6385
9321 7382
-260 -1862
-1137 3333
-5104 4236
-3321 6917
-3145 -6962
5592 7904
5211 -1849
939 2305
1148 7495
-5015 -6416
-6157 3025
-3455 3745
-8703 -5636
-2021 8797
9899 3911
-7951 1021
-5647 3359
-2406 4633
1549 2970
6008 7995
5898 8404
275 5321
-2375 4829
2323 -5066
-1482 -7507
5519 7309
1053 6082
-5834 -4216
-5420 2350
-3739 5867
-3113 -1801
-8443 2031
-3337 4961
-2069 2873
867 -8068
-5944 -2341
-7021 485
-4687 4331
-7014 4325
6819 7636
8665 5225
5028 2337
-8159 -282
-4212 9194
5060 142
8341 5770
1521 -8054
-9372 -6382
6491 -8096
-6164 2280
9939 1078
-8438 -2108
-7777 -3361
-9037 596
1953 -1070
-5846 7782
3839 617
-5945 9182
-7904 5680
-4179 -156
-666 7156
-7177 -2118
5222 -9145
-7241 -6549
9452 1712
-3489 -3404
4488 9390
-3972 1794
-3889 -9569
-639 -3008
-1506 8064
-1320 7237
-9862 -3946
-8267 2736
-3700 -7766
-6889 1276
-7122 5634
6489 -4066
3106 8100
3533 -7031
-435 2557
5667 -9957
5558 -2227
-1795 -4584
6129 -8332
9732 -8714
-7757 -1657
4397 -1588
-5132 -7618
-1663 9852
1127 1168
522 1448
-8898 4005
5826 732
3701 7929
4206 -642
-599 -6735
1038 3594
9010 -5042
-3373 -7037
-5750 8859
-2799 79
-7789 214
2596 -4681
-4830 -2921
-8033 -5346
9823 -9983
7743 6211
-3058 -9075
-7426 3568
-7075 -9358
-2372 6781
4095 2326
-8995 -7614
-4650 6825
5683 1353
-8569 3321
-6466 -3396
1923 -6357
4443 9852
-1774 7093
7110 -9869
6342 -1952
2694 8574
2141 -6717
-6075 5269
5770 5067
1113 5274
7660 3585
409 5839
-2809 -3270
-9950 -3909
2695 -1377
5987 -2694
878 -5382
-4569 429
560 9104
872 -3738
-5165 -3099
3905 -6434
-7445 6976
5763 -8450
6824 -7955
5630 -3124
-7286 4484
-8787 -3962
5850 3627
-4030 -5015
6012 2265
6883 -8044
6106 610
-287 -3965
2297 -3334
7288 -9416
-2129 7132
4107 1193
2743 426
2471 3591
-9534 -433
-2229 1821
7859 -3099
-9473 2705
7690 3708
-4027 -3503
2174 7422
-1969 -3424
6332 -1720
4946 -8536
-4230 -1372
-4241 5954
867 3641
-2212 -6413
7178 -2669
6898 -6021
5801 -8636
1986 -1611
-8907 3659
1088 2514
-7269 -7496
9926 -9219
1078 4906
-6815 -2043
3142 -2590
6038 -8149
-8475 8912
2553 -4482
2826 2393
9724 -5939
-1960 3724
8809 -9659
-1270 -6160
-8780 794
-2972 3544
6048 6029
6810 -240
-1614 5974
-2349 1608
9018 1571
7143 -9208
-6575 8777
-1985 8668
4781 9699
-6241 -5439
-7995 4504
4845 1799
9361 -9187
1607 -2705
-9161 -9420
6609 8636
2116 -9393
-9699 7139
-1254 -9499
5793 -2048
2466 1485
3982 2935
5323 9612
9310 -8004
-3443 104
-1672 -6932
8588 2283
3096 -3106
4189 7948
8528 -1577
779 8749
9357 8857
9716 -7106
-2884 9658
1331 2183
-6333 -7092
9564 -2483
-2872 7649
-6635 8608
2432 158
3226 3643
-4075 -9241
-2347 1813
3482 9021
1164 -4437
-5689 5730
4587 -8057
-1442 -6333
-2954 8023
205 5675
-7697 8377
-386 7593
8962 -4412
-2084 -9538
620 -7674
5969 -9653
-8894 -2434
9379 -8107
-5366 2481
8044 6581
2311 5799
-8538 -7646
-257 618
-1360 20
-585 6789
8886 -7434
-9842 5440
-8973 -1501
-1039 9121
-4833 -1057
3011 -6699
867 -5143
-3250 4117
-3403 3966
547 5106
4625 -1639
716 -7143
3475 6087
-173 -5821
-9033 -4165
-1599 9243
4682 -6427
2072 2281
5122 9430
2093 -5247
-1946 -9712
-4855 -4897
-7060 8921
6607 5617
4443 3259
-8381 -2847
10 -933
-1126 2335
-9766 -2795
3041 8701
-8337 -8799
-5226 -4838
-8837 6345
9495 -9434
-960 6285
-9706 1587
6690 -9186
-6545 -840
-1503 9631
2889 -9938
-2785 -7061
5727 8229
4285 -9054
-1849 -1679
-2978 4519
5721 -5088
3796 -1315
-1249 -5785
-1497 4959
4965 1966
-6447 7543
8358 8980
-1861 -6037
-2686 -8188
-8126 6637
-6704 -6077
-7848 2811
3757 -7256
1065 6437
955 -4372
4262 -8193
4214 396
8333 -1943
-3264 -3315
8651 -3165
-5623 -8300
-9321 -7797
-112 -3545
1989 2540
2897 7202
-8875 7584
394 9914
-7343 -6723
9714 -2129
3500 7444
9251 4389
-1494 -2239
9539 7185
-6131 -3162
7394 -3726
1696 -3759
-1556 -4509
1947 6096
-1365 8332
5534 -6065
-4761 -4748
-4834 -9621
-6344 5634
-6496 1544
2708 -2910
-4801 -9276
-1515 5680
2864 3705
-5737 -1977
