2000
-4827 -5156
9619 9939
9444 442
6082 2464
-3749 -3946
7662 1287
5428 -1606
-9035 3779
5721 -9295
-4487 -7798
-4166 -9507
-7407 -4085
1100 -328
-4128 9661
-5019 -7430
-2586 -1288
-1350 3875
-5683 -2967
9497 1814
7868 -5881
5406 -4252
4142 9251
6750 4555
5260 8828
-8970 2470
6684 -5507
409 585
-9744 9277
8938 -4771
-2201 -151
8561 -2361
-8487 5214
-7754 932
-7255 -449
3670 -4537
1211 -5666
-2695 2797
-2649 -926
-2099 -5946
-9756 -3669
4546 2652
-6764 6928
6204 -5046
3904 -2787
-9217 8862
-3500 -8298
6916 9344
275 1735
-8715 -7118
-1654 6742
-8925 8677
5194 9557
2351 -1620
2434 -7456
2596 -9748
6625 2678
3326 -2859
5816 -6418
795 -471
2112 -281
5143 1578
4643 -7668
4067 2058
8662 -5083
-4621 9074
-8530 -2993
284 -3546
8555 6664
-7072 -7365
-3392 988
-2614 9245
-3614 -3047
535 -9289
3962 -4078
5642 -8670
6629 -3927
-1595 4505
-3438 1271
9910 -3807
-1013 -1056
5951 -4712
5464 457
841 -44
6312 4018
-1273 7490
6734 -3360
3593 6113
-9455 -6881
2763 -5872
-821 4507
-9421 2125
-3371 -472
-5480 2705
-7382 6912
-4144 -5571
3438 1605
-4218 -4473
9204 2622
-3360 -9657
7833 5515
-4125 9088
5200 4567
-8594 9469
-2683 5745
3972 7890
14 6496
-3977 4551
977 6643
3555 543
8693 3595
-1079 -6869
-1342 5852
-1527 8424
8768 1583
-2903 8834
7921 6600
4887 6694
6162 6842
6307 -9986
7904 -6522
-6306 279
-5171 1639
-1719 3438
-6019 9527
6843 -4444
-1313 -3606
-7755 -4237
-5814 -8934
2649 4440
6994 -7047
-6726 -6534
-9841 4915
1756 -8119
-4384 -9959
-6481 1783
-7939 -2759
8880 934
-5628 612
138 -2840
6438 2074
8468 -3020
6464 -4876
-89 -5566
8874 -9350
-2676 -3720
-253 5867
4502 4319
6201 3627
3669 -22
-8239 -4463
2778 -9092
1843 -6178
4434 1657
-7462 6215
-1712 -1707
5273 8976
-2180 476
4910 1737
6108 7732
-5989 7504
7092 -6569
-8529 7479
1106 5314
-4708 -8608
-3071 -1505
-597 774
4596 9708
5085 -5034
-5099 2751
-8957 7623
6598 6910
-2614 -9964
5494 -5582
-4130 -3984
-6480 5322
-7526 3602
1081 -5668
9646 -6055
-4663 -4093
4402 -5063
5711 2266
5694 -6196
2492 4028
499 779
2122 7393
4303 1542
5299 -1280
6859 -8312
1425 4514
-165 -7272
6330 8666
-7003 2309
6254 1131
7038 -7357
1301 -8410
7578 1439
8965 733
-5240 6992
1491 1456
2569 5259
521 -6387
6054 -3129
2280 -460
-5947 2912
9361 -6295
-7630 7610
-82 9411
542 -911
1732 -3828
1483 1300
-3540 -3247
7486 2781
3494 -4576
-9400 -4034
-5055 -5016
-1403 3169
-6239 9187
2448 -5350
-8718 6041
-6534 6501
4110 -5637
-6226 -442
8647 -2251
7642 8037
-664 4099
-5428 2845
-4374 5796
-5060 -7942
1745 9120
-2176 -739
-3849 -9589
9598 6422
-5208 -88
-327 2045
2267 -204
4159 6861
-3582 97
7846 -8347
-6590 -1215
-3396 9208
2053 2747
2263 1176
6955 -8601
-5761 -9076
185 -1300
-889 2063
2205 6336
-32 2429
-1805 -9282
514 -6638
-9778 -5818
4279 -1607
3768 361
-7134 5846
5053 7178
3645 -530
-9355 -2895
-1496 -4092
553 7601
21 2743
-1473 -9263
-9206 -7148
9002 -9269
-8551 762
7845 -2804
5099 5684
-2202 8067
2148 -622
-1056 -8435
8743 5014
-5517 -6004
4823 2388
-7984 -1150
-3550 -2953
-6489 2569
7027 -9809
-6957 2038
6490 7821
2304 -4235
6683 7940
7344 148
1936 1781
-5121 -4859
427 -5917
9098 3823
-8460 -830
-4722 -6420
2430 6363
-2870 1015
-2696 -7400
-7209 641
-3601 -5670
-4128 -445
5321 -7111
-5451 8176
2044 5724
-2496 -8108
755 -6021
-1937 2384
-73 -8819
351 -2840
4461 1467
1550 9350
4085 612
6933 8681
3042 -8612
-4281 9725
3000 9442
-7670 5312
3487 2041
-2236 -3121
2492 -749
3231 8990
1373 -6754
-5572 -4986
5895 -4980
6488 8500
-8430 355
-5313 1758
4159 5655
7044 -8380
-4935 922
363 -3517
-8206 8065
3827 6414
-2987 9002
1973 -4689
-5700 9505
-7249 -4797
217 9394
-5586 900
-601 -168
-9813 -5378
-9900 4690
345 -5126
-3506 4260
-4819 1109
-8688 5280
3345 9265
9399 -3173
-4172 892
9924 -3589
-4085 -8479
-3275 -2055
-2662 2387
-2993 -9338
495 5473
-6185 6407
4817 4403
-7003 -6084
-8104 -4839
6270 3213
-1508 798
3783 -8698
-1871 -4443
6449 3181
9592 7678
9200 -9907
-1962 -773
-4665 -4076
307 5376
4570 2342
2469 -5478
8925 -7895
-3979 -2714
6168 -8078
8856 1638
-3844 6159
7461 -2653
2905 9939
6840 -4410
-6733 3074
3167 -9849
3100 -7534
2111 -8796
-9699 8435
4497 -3861
661 4871
6976 -3034
7973 -414
5229 -3282
-7924 4140
298 4084
-8570 1954
5613 -2241
7070 8056
1130 2453
2604 -9664
-3476 -1983
-778 -576
-2142 8635
-5227 -477
-1886 -7645
3042 5435
-1259 -1190
9249 1014
-1126 -2310
-4506 -8675
3279 -7107
652 645
-1299 -1109
-4936 -2279
1778 -6449
1568 -8611
813 8302
-9343 -5490
7754 8672
-5253 -849
-1694 -412
8399 -8491
6244 -9233
-1543 7647
-7308 -4883
-1990 3951
-5404 9692
2304 -7618
3824 7018
-9432 -8912
-7523 -677
1345 5857
-9633 7012
9404 2002
-5126 -8159
1430 -5850
-620 3180
3948 -172
1195 -4377
4461 -3875
-9924 7609
-8980 -3808
-1426 -1607
-4590 3324
8134 -3881
5442 -301
-4445 -9390
7622 507
-7491 -357
1485 7025
-5105 1104
-5717 -3365
6463 4275
-6382 -8049
-1923 1378
-1014 8080
-5729 1874
-6013 7
-2949 6566
-3595 3118
-7184 -4816
-484 -4433
6075 2092
-4544 -2863
-2117 -7696
3408 -9339
-2704 2778
774 -8589
-6637 -2521
8857 4392
6192 5161
755 -2157
-8430 -9538
7029 4742
1580 2342
7527 -2846
2722 8117
208 -2958
7900 -1204
1100 9385
-9955 -497
-3998 -5493
-4082 -2659
4820 6776
4888 3002
1883 3677
-4760 1080
5263 -7363
-8901 531
-7128 6012
-6834 2679
795 -5881
4882 5888
-5317 -5276
-5892 2782
-3995 9504
-5990 -2125
5216 2007
2503 3649
372 3757
1154 -2609
-7809 -7746
-1387 -9886
645 7454
3466 3433
-167 7238
-8643 6632
2519 -9373
-928 6239
2741 -9078
-9575 6902
-5224 8747
4474 -1844
-4475 -6288
7469 -3023
4368 9618
-8128 2343
2457 6559
4012 4206
-2362 -6899
-5940 1198
-2171 7471
-8181 -4583
-4624 -5932
-1289 4612
1513 -8162
-5695 -864
-8988 -9991
-6278 8779
-4245 -3462
-3845 -5089
7255 -6157
-9599 1748
-326 -289
6534 8135
3053 7313
8504 -9407
-269 -5397
-1329 -5957
8656 8828
-9335 7383
239 3889
3899 -1309
-2530 1252
-8490 -8659
-3748 6946
-9211 -2335
-6866 -6494
6939 -5089
-3234 2808
3841 7193
7786 9820
-5578 6066
-9892 1237
64 6814
4196 8764
2653 4451
-6859 -1844
9408 272
1613 4332
1278 -9083
2303 -8415
-1187 5788
-9302 9158
1966 -4249
-7057 1186
1005 -473
-4408 -5551
5686 9148
5961 -4299
-1815 -530
-2359 3878
-7967 -5442
4830 4504
-1165 -4839
-3922 163
1749 -6167
-6659 -7899
-8741 -9439
33 -2239
8947 6946
-3528 2976
-8855 3672
2819 5786
-4793 -9449
21 2500
-3623 3392
-8329 7663
5887 2131
-8988 6501
385 -1558
2276 811
2913 -7867
-3585 9338
-2902 7893
4838 6448
3144 -3956
9716 -4970
-9185 4289
4840 6255
-1245 -257
-6865 -1419
-36 8853
4705 -1473
-1252 -4150
4293 5717
-3472 9133
-8735 289
-374 -6839
-8947 -2320
-2152 6725
-3511 5891
-5359 -9009
5280 -74
-99 -4543
5200 3840
-7579 8656
-8771 -7945
4303 2385
8236 9655
9092 -6949
-7817 6249
-3463 -4381
2501 -2830
8571 6163
6608 3554
3165 -3581
-2590 -6903
6744 7807
-3016 -3589
-6029 -3356
-979 -4096
1681 -3608
-7502 3971
3625 -4017
-966 -5546
-9298 2716
-7944 1218
8388 -2761
-2878 4557
1832 6958
-2903 -6270
548 -5004
-7198 4508
-5361 -2709
7656 3507
9412 -1390
8724 -3324
-5633 1092
7075 -8779
-4325 7992
4429 -3891
-8953 98
7337 -9795
8483 -6845
-6167 -5542
1909 314
5311 931
-841 -7544
3468 -8167
9062 7519
-3872 1124
-8480 8473
-436 -1428
-207 -4112
-2400 -3362
6468 9189
3007 -7972
-4046 7515
-9331 343
8523 -5563
4751 -1776
9155 431
6609 3782
9337 2034
-448 76
-5080 8398
6870 9401
-2027 -3559
6050 154
6792 -8514
-5604 -6351
-601 6981
8216 7403
1467 5353
-6490 8886
830 3710
-5860 8262
5764 -16
-4262 -5531
4546 5100
7218 5290
4690 -6814
3348 4087
-2039 -3617
-2130 -603
6768 -1526
-4546 2266
3389 -113
-1040 -6331
-3725 -5145
8565 2471
732 7105
809 -3574
895 -3505
-4684 6547
5557 -839
6069 -7467
-9659 247
-9650 -584
-7466 -1698
6776 -1780
-5794 9302
-812 -7771
-4101 7596
-3829 8148
4339 5895
3000 -1543
4883 -4930
5287 -2471
-5924 -502
-7620 -9398
-6865 -6647
7321 8449
1585 -6524
5500 7672
-4109 4119
7141 2275
4505 3819
1414 49
1918 -5876
-6261 -8695
-238 -3744
5048 -9541
-2011 -1635
-8416 334
4657 5786
9139 -2315
-3867 -8488
-5011 6460
4131 -8562
5558 -5791
6484 -6258
7561 6419
-3532 4709
8833 2695
4001 8386
-1638 -3707
-3248 -2517
9570 -6591
3743 4741
526 -8847
-1162 -1601
-88 3386
-155 8692
-9871 8622
-7170 -2304
1438 9408
5827 -6966
7744 2720
-4586 -3985
-1879 -9704
-3411 -6865
619 6483
9893 3342
1803 188
5062 7356
-4245 -7671
9436 -2380
-3689 9388
-8271 3001
-9304 161
3290 -1720
1314 5855
2295 2837
8852 -943
3075 7710
-5435 693
-2825 9664
6726 5184
-908 -2933
-5577 -1471
4579 -2126
5494 3899
7007 4014
-2986 -4475
5687 8736
-2985 1431
1006 2697
-4467 -7951
1107 -6699
-8990 -1895
8798 -2098
-2435 -4425
-5520 -4028
6761 -5709
2820 7293
-4833 -5096
8803 -2602
-4868 -5619
-93 5809
8265 2146
-2703 -686
-7990 -1000
1049 8303
-8397 1264
9369 -4124
3778 -3666
5631 -8114
-2142 -4936
-645 -6169
-8877 -1661
3243 -4105
7014 11
8114 2045
1574 -7855
8012 1741
-8946 3559
-7442 -4692
-6390 -3215
8049 3608
-6796 -1065
5269 -8863
-6977 6983
-4233 899
8451 4602
-7059 5122
-5263 -6705
7027 6184
1950 -8250
-2384 5140
-3120 -2756
-9197 -4373
935 1655
8440 -6639
-9311 8266
-2800 -9792
-4934 -2385
-1682 -3810
-9191 -1911
-3588 4085
2927 9261
-7445 -647
-743 7664
-6866 9582
4722 -8794
-1549 750
6377 -4678
6978 2975
6336 1032
3018 5417
9347 -9254
-1639 -9782
-3592 -5588
6223 6679
763 -2783
-3523 -7366
5708 -6311
-8648 2753
2335 -5036
-108 -1793
8957 777
9820 -7937
5038 9054
85 6797
5935 5094
5840 -3177
-2959 5281
-6587 -5800
-5401 7170
-5613 9636
-7731 5362
-7229 4585
1059 7977
-3338 -2156
6051 -2886
7891 6554
8617 8728
7781 7710
8228 7375
2468 1586
8410 4162
3163 -1692
6229 -829
-3659 6576
6212 -5451
-6369 728
-967 -7799
-9822 -3597
4247 -9909
926 561
835 4019
2746 2537
247 -549
546 527
-4167 2195
-3644 -6987
5042 -5758
3414 9519
9815 4992
9541 9755
4203 6026
8228 -6829
3295 -3044
769 -7874
6408 1263
-4719 -8306
4232 -2758
-9587 8027
2274 -1801
-9607 959
7693 -8172
-3930 470
3709 2735
1447 -6796
-3321 3523
3270 4708
7879 -5398
5280 5218
7344 4895
-3843 -3952
1463 3751
-9008 1438
3185 -4306
7614 -4874
6085 -820
1008 -8273
5918 3777
232 7078
-5997 -374
-3130 -8322
6386 4403
9006 -9861
5357 7986
2880 4285
-5947 6421
3892 9037
4195 5516
-8790 8605
-6270 -2621
6559 -7456
-5728 9815
7312 -2434
-1635 -9811
3537 -2456
-778 2368
491 -5873
-2013 -671
-2686 -504
-6220 -6657
-6516 -6086
-3329 -2167
-2930 7376
5980 -9135
-1756 2001
4545 -6570
-6756 -1476
9811 -7463
-3552 -9445
1820 -1825
-5737 -6295
-2168 -8958
4092 4755
-2029 5819
-7118 -8595
-960 5473
-2974 -3634
-2538 5711
6576 4096
-3904 -2838
592 -1460
7064 -9359
-3101 7557
-8168 6875
-1230 3347
-9228 3653
4695 3034
1509 -1396
-5578 -1214
3912 9480
4952 1025
7391 -7049
-7618 -8022
6074 -5148
5735 8958
-2503 -4109
-3468 -3674
-6118 -1718
-1123 7152
4220 -4285
9368 7647
4401 4992
-6404 7783
289 -4091
-4611 1739
-7236 -2079
4593 -5939
-240 -6125
-1272 6975
9653 -4166
1725 -1817
4510 -2851
9152 -8023
9129 -7888
1548 -1972
-4325 3348
-1660 4636
2418 -9925
-294 5657
-2605 -3573
4348 8816
-7124 3880
7756 2661
3356 2637
-7809 204
8387 3008
-6122 7637
9614 6617
8730 -6971
1058 -7538
9532 277
-5087 -9547
-5751 1592
969 -8949
-2521 3955
6491 8364
2244 -4453
-8071 9368
5725 3720
-6077 5285
-1707 -8364
9273 -7691
8927 2171
8921 -7394
-4932 -8624
1653 3699
4152 -1680
-6368 -9714
-8662 8402
6077 4601
2965 2538
-8195 2568
5656 -1071
-3631 -2545
-7260 5101
6737 292
6322 4754
-3076 6009
8615 5248
-9656 -435
-6736 -2597
9445 1998
6005 7416
9538 -6924
7678 -8937
3601 9336
5624 4363
-2988 9128
-3418 1279
-3621 3381
-6328 3043
-2204 -6885
-7156 9994
8963 8441
-1994 -4821
2582 9307
5025 1270
2406 2026
8824 1030
5814 5665
5000 6501
863 -585
2263 623
-4378 -8405
4976 -7435
5609 5722
-7443 -7632
-3918 -6596
-8155 -4599
580 -4956
-1928 3572
-5159 -3118
8909 -3183
-8433 -9033
6632 -8548
7953 7382
517 5352
-305 2536
4131 -7221
-4656 5317
4759 2827
5195 -5327
-1922 7316
-3563 -8724
42 3644
-2785 7017
-6101 -8166
-1349 5777
6744 -3472
-2020 219
-2400 7097
2448 -347
-7812 -8163
-5384 -4136
-5099 -9961
2866 3681
8355 9661
6976 1781
6778 153
-2483 -6587
-5850 540
6095 4732
4229 1770
-7982 -1533
8686 4693
5510 3719
-2908 6
1843 -2042
7543 -720
3040 -9821
7581 -7557
-7897 -374
-4873 5935
-192 -7200
-66 -8095
6166 7325
5777 7805
-425 2261
-9273 3726
-1581 5314
2754 -6867
6860 -6072
5607 9846
2847 2423
2602 3149
9314 -4114
9234 182
-162 -8584
-2063 -5640
-14 -6634
-9309 -8409
9397 -127
-7867 -9812
3915 2692
-1995 -3419
3435 -3946
3703 -9242
-9396 294
-3563 3031
-3821 7172
-6943 -7241
6662 -787
4351 -3989
372 220
3587 -7713
-6121 -5922
3951 7999
8187 -6725
9688 9805
-3615 5822
-4404 -2308
2172 -6460
3834 9300
2330 6497
3668 -6009
-3250 -7771
1443 -9555
-3543 -6588
3632 -4207
1801 -9451
-5373 -2782
-1063 9401
-7325 8579
8383 845
387 -3917
3776 -1511
2029 5984
9004 -332
-115 -416
3575 5054
7283 -6448
-2282 -9675
-2542 2446
-8041 4175
4724 -8911
2029 7482
6882 9352
-8350 -5314
5531 9558
-639 -9968
2242 -4082
-8099 -6864
6525 -5729
7576 -5375
9679 -3591
3682 1150
5196 -9319
3128 -8600
5575 -7347
-2536 8808
6289 4020
7092 -6787
-2101 3171
6449 8742
-7506 -2849
3069 -4191
2667 4737
-7272 8691
-6685 -809
9322 -9697
1453 -7007
-6326 3003
4403 370
6744 -9478
9331 3699
-2282 -2072
1141 5619
2510 -5191
-2729 -7239
-88 -1042
8489 -235
-1778 -3299
-4609 1155
-5934 950
4974 -1294
1699 -6613
6391 148
-9483 9094
9617 4514
-1788 7261
-4811 8947
8286 9651
-5541 -9950
-3468 4517
-2805 5451
-4784 -9836
-3135 -4317
-9442 7159
-1891 2256
-9039 -5375
1733 -6918
3230 6381
5475 1844
-3642 7468
8450 5091
7758 8291
7942 -2641
-2591 9764
4280 -3879
-8428 7663
7827 -8525
879 509
-2333 -5308
-9332 1438
6063 5776
-7421 -8370
-8269 1516
-6640 9530
-9282 -9074
6017 -282
-1992 9168
-3474 7495
-9021 -4051
2071 7656
5318 8980
-9546 7364
-2128 3145
-8443 5055
-3508 5539
5036 -7775
-2424 -3725
7791 -8665
-5415 -692
234 -8850
4589 -4697
-5530 -28
1187 -7403
2267 4717
2373 2166
1146 -1942
-4579 -2310
-5445 5321
375 3293
2553 -3888
2059 -9413
-3138 -2412
-1077 9635
-1058 -1626
3245 3508
-7468 -7103
6590 -2166
431 -2998
-4560 -2224
9943 -3582
4477 7813
-777 4809
129 -6382
-9368 3779
-6389 -5775
-5188 3185
-5507 5670
9026 5396
-2510 3416
644 1688
4585 -9266
-1432 3176
-6101 4895
-7329 -7281
-862 -661
872 -3666
-8858 -2665
4674 -9906
7594 4992
9217 5306
2211 -5074
-5684 -2250
-6855 6704
3840 -6659
8751 635
1369 -1795
-4899 7056
1951 -6342
-3623 -1000
-7941 4622
-5324 9236
291 6652
6747 -4182
-9191 -5035
-6009 8061
-3293 -9974
1497 6203
2906 1024
8086 4642
-1003 -3254
4951 6836
7613 -9635
-2256 -9949
2773 -437
-2095 7843
7078 8553
5205 2581
8399 1090
9776 5672
3732 -7072
-3325 -6234
9969 -9561
5184 8172
6534 2875
-6659 6990
3826 -4470
-383 -7988
-4216 5159
-5279 7361
5203 -7723
-9170 6347
-1073 6002
812 9756
5427 1046
7695 587
4353 2879
7039 -5630
-3738 4322
917 5943
2933 -7204
-1674 7979
-6289 479
-4363 -8337
9025 3216
5494 358
425 7948
7670 -9956
9800 9352
4118 -1519
9068 8947
5546 1812
9903 3421
1463 2585
-1473 -3835
2682 -7621
-5922 -8541
1938 -8993
-3608 -2211
-5275 -8705
1653 -4584
-2916 -9782
-6017 -4202
-4851 -5246
3235 -2497
-3551 -7013
4800 2303
-4277 -4284
8301 8423
-5413 -9094
-2994 548
5729 -9011
-8003 1084
-7407 1387
2683 -1611
7526 -2682
1258 -1944
3855 -5391
-637 5241
-7256 -7276
-4288 -3681
8622 2914
8630 -5768
-7346 -1935
-1029 -9350
4920 963
1952 9698
781 648
-7966 7670
-221 7095
-5588 8438
-3506 1025
5635 9391
4632 -9652
-3207 -1282
8758 -8904
7731 2505
6737 7379
-836 -9919
-9269 -6888
4075 -8145
-8448 5651
19 -253
-2583 6054
3148 2054
491 -9084
1942 -8719
-9329 -9295
-5226 1297
-6265 9024
-6160 1568
-2207 -7507
-6408 -8429
-8348 -1749
1363 2757
8333 -3896
-8245 -842
-7375 9886
5939 1774
-2452 42
4680 2808
4089 -8240
-3814 -3379
7918 8481
7505 961
-3751 -8348
-2134 -8656
-3364 4042
-3987 1459
-5785 -1712
4393 7376
254 -7453
-3847 9869
5363 2880
-3358 -4187
8621 -3368
2113 -4958
1663 2709
1189 8299
2980 3301
8675 2414
3759 9229
6992 -3460
7999 -9606
2404 -6996
-5899 -4066
-1518 517
4106 8076
4676 8356
-5832 3189
9821 -8682
-3640 -7212
5497 5654
3953 -8256
5045 407
-7180 653
-118 3719
-9741 -9701
-5585 594
7319 -8022
-2087 -9461
1056 -8581
9496 -9885
8471 -1118
-7930 4171
9210 -7361
-4573 -4388
-8735 -709
4756 -5355
8773 8939
-408 -200
-2760 -4687
-4387 -6806
3788 1220
3198 3749
4288 1106
6247 -8890
-8775 -936
7946 9463
3633 9697
-3944 -9985
-4373 6564
-4146 5204
-6431 614
-448 -9391
4130 -7659
1376 9144
-3942 -4910
6310 6989
4458 9846
4673 3229
4339 -1255
7809 4640
4102 9286
-7298 5754
9490 -2266
-1982 2479
-2318 -1162
9452 7593
8202 1252
7314 -997
1868 6053
-8858 2410
3119 7926
-8508 -8827
4402 -2424
-9959 9886
4525 2461
5467 7850
7324 -1374
-9920 8169
647 -9466
-628 -1901
-4309 -7950
7023 -1177
-8454 -2386
-6334 8057
467 7135
5061 -1471
3423 -6415
1162 -9727
-9842 1545
-5994 1203
2774 8404
-2971 -6807
-4917 3818
4352 -2891
8929 9451
-8500 -2556
9988 -5380
2234 -7757
-9700 -4745
-7611 9621
1870 767
8073 -8830
-8557 -4707
6838 2955
-5842 -4678
-6275 -5436
1479 -9348
4470 754
-8416 6562
6012 2543
9987 -9488
-4868 7513
9756 -6305
-1050 -8914
-5573 -6224
4543 1339
2510 6298
-4689 6337
-709 7674
-7004 -4131
4155 7170
7822 -3279
7476 -4367
-7806 6013
2276 9060
-6708 8206
9439 5983
9678 2146
3232 -7085
-3309 -1373
-6313 7660
7678 -5045
-8709 6197
7591 -7012
2578 582
-2248 -9414
-2692 -3268
6086 -706
-4694 -5217
-2437 8280
-9794 7582
3565 4576
-3279 -6635
-3720 3242
-4410 9954
-8667 2972
-8353 -723
-806 -7269
-560 -7062
7241 -3216
1092 -7983
2471 -1287
8008 8400
-3097 -1444
557 -6687
-5384 8187
2762 4484
7849 -8099
8864 9484
-6843 -2150
-5458 -5547
7451 -5510
942 -3811
2848 365
-9130 -9619
-7602 88
8802 1962
4082 8590
-2854 6809
-6158 -9016
9171 -8577
5907 2179
4080 1932
5136 7476
-4675 2944
-8883 8293
-3497 -133
6056 -7711
2654 7445
-8454 2624
-7288 7245
2927 -6055
-3745 -4766
-7958 -2992
-2008 3401
4824 -395
-8216 883
-3464 4451
1927 9585
2528 -8329
-6315 7252
840 7367
9656 3909
5075 -3105
9520 6030
6996 6621
-5714 -4048
1186 -78
6931 542
-6058 6949
274 -1357
9527 -7513
-9342 5779
5364 -217
1454 2585
3558 1612
-1022 8860
2769 -5603
5013 2354
-1616 -2157
-5537 8253
-5796 -4621
9022 -1250
9292 9111
6059 5952
-1684 -3046
3162 -3667
-4168 1563
-8655 3821
126 -8805
6529 6520
5380 -6317
-1920 -773
-8419 -1852
9712 -6907
-8655 3686
-7215 -5826
6645 -4450
-5340 -8194
-8521 5936
-3389 -5560
4494 3516
-4922 9773
7314 -9675
-4758 -3577
-3337 -2560
1123 -8230
997 -7958
3911 9204
-3983 6299
-16 3622
7797 -2638
6633 6490
-7983 4441
4098 -4986
3175 -6504
-9268 -9292
-5799 -2332
-2007 -4190
5954 -8485
-1045 3235
8726 -7384
-1620 -9923
-6999 -277
-3979 -7710
5913 -982
-9899 9727
9937 7430
1870 -9546
-4532 -8047
-830 -312
396 -7637
31 -98
9433 4598
9834 -8255
8701 5386
-8277 -1212
2586 7427
870 103
6114 5588
-1674 -9389
-9663 5747
3176 -1573
-1118 -6005
-4052 -1233
8455 8071
-9566 5119
-1259 2572
890 4186
5931 -1826
-2720 723
9511 8353
5779 2724
-3453 2096
1404 -3352
-2741 -7339
8408 9731
1878 1318
9034 1584
-9650 -5520
-7449 -5019
-6180 -7475
5097 -3294
-9109 2562
-5544 -4014
-9571 -9457
8896 1736
-5540 9940
5757 4674
-4958 1007
3668 881
611 6022
1060 5797
-2620 -7511
-3031 93
5075 1451
7697 3241
9947 -7385
5177 2794
-7500 -5441
-4898 9633
5090 -7070
-3410 -6003
8671 9550
556 -3933
6949 -2567
-6546 -2055
-2538 1280
3769 4515
-1672 4842
13 -5541
-8580 -2877
-261 -2291
-5777 -8633
-353 -1364
1990 445
7096 4749
8746 -2921
349 -6315
3474 -8864
-1431 -5375
2570 422
-8299 2023
258 -9969
8594 9192
-2629 8587
-570 2327
-6243 -1209
3879 9169
1526 1701
-7855 -6475
8274 -6485
594 9241
-3353 -9261
-8125 -9058
-4433 -9880
4263 444
-3812 -8142
-4390 9685
-7404 -9834
-7527 -2075
-9749 -33
-7521 1904
1072 -2271
9431 -9922
-2675 -7403
-167 -8425
-9184 -681
59 -9574
-4911 1184
1304 1934
-3901 4378
9957 -713
-1029 2287
2453 -713
7212 5289
-4745 4927
-3170 -8816
-1087 1455
5255 -8378
-2059 -1657
3640 -7421
1898 7774
-8079 8177
-640 -8044
7612 731
-4892 -5616
3671 -6290
9718 -1215
8073 -3638
-8350 5891
4538 5284
6468 627
-7919 -4912
432 -898
-8835 7336
-6365 8373
9867 4805
2981 5534
-8790 -8213
2519 -7660
-3276 8822
-3748 -8653
133 -5885
478 -310
-4419 1926
-2791 2128
-7246 -9882
-1072 -2602
-9780 -1443
-387 9360
7732 -8615
6191 3249
2503 7598
-6894 -829
5233 3713
6256 5625
-9308 -4323
-207 -3772
5919 825
-7250 -6009
6119 -4780
-941 3681
-5201 -7406
4872 7987
7346 -4981
-3596 -5516
-8547 8798
6396 -7406
5487 3956
1390 9502
8847 4440
-9884 1366
7594 9539
4085 3630
7621 7233
-7548 -9445
4236 7461
-9946 1512
-502 -7245
-2226 8647
-6870 565
-638 4179
-9507 -1695
-4019 -522
2700 9701
4140 -8909
2457 1546
4806 7978
1607 3772
4725 -1110
3166 2949
409 7178
2410 -2598
3878 4184
2830 -4372
6193 -8348
9552 9681
-2015 -724
8754 -6235
-6534 3967
8779 1454
-7001 -8674
9304 1236
-1272 -8475
4136 4632
-2420 -6548
-5650 -2698
4704 7989
2172 6760
-7612 2302
3954 -4999
-5319 -7699
1577 7226
-9009 6388
4075 4052
-4495 -1822
3225 2853
-2191 2225
3751 6250
881 6537
-6290 -2114
5188 8461
-9831 -1940
-5180 3612
-4086 6062
-5217 929
6951 -6412
-9186 3185
-428 2249
-3700 -4474
3704 -6354
-9780 1805
-2250 -3072
-6823 -1971
-1713 -8500
3108 7779
9960 1997
-9944 2016
-4372 -9872
9911 -1403
-6754 5263
8851 -5307
7879 -6082
6167 -6615
-1089 1171
8539 -3813
7992 -3665
6985 8759
508 -538
963 -6118
-8339 8795
791 -2209
9807 -8380
-4530 848
-6835 -4566
-5583 -899
3795 -3588
330 -3011
374 5394
285 217
6404 -6994
-659 2544
5023 8116
-2423 -3675
208 -4469
-5675 -7740
51 5590
-9070 8838
3406 -142
9013 121
9223 6571
-3297 -2849
4140 6738
2131 -9247
4691 -5487
-2481 -3864
8681 1094
2930 6861
-3094 3703
-7046 -9493
-7233 -9166
6424 -2720
-162 6540
-3603 7355
-2525 -6757
-6466 -870
6281 418
-2845 238
4712 420
8655 -6994
-857 -597
-9504 -3827
-3246 1544
-4754 3427
7655 7382
8216 -1799
9202 -9579
-9319 8361
5715 -961
6003 -2922
9930 -3090
7329 9537
-226 6210
351 -1796
1211 -5514
