2000
176 5971
-6309 1155
9724 -117
-5249 3009
-9487 8218
-6704 1692
4372 4635
-3956 69
-6458 8307
1156 -6032
7870 -8269
3595 -9427
-568 -929
7248 -3296
7274 -2815
-6844 -3796
-8921 -2551
-8948 568
-6424 -9198
9021 -4196
7496 -5911
-7555 -3963
6107 5589
7616 -1511
2457 -6631
-4899 -1229
3065 4048
-3161 -7584
-879 -7503
3403 -2193
4011 -3606
3843 -9721
847 5091
5893 8617
-5580 8144
-7767 8634
-5329 -4364
-8776 -5322
3167 -5502
-2133 8840
1331 -655
-2887 6689
9106 -1883
4335 3952
-8241 -1774
8341 -2263
1738 9491
4581 5904
4520 -7416
-9272 4195
2828 -7340
-1703 -3318
1360 -8781
-4283 3242
5803 -1753
-8688 7306
3994 -2867
8971 2146
-3902 3099
-4955 3305
-5237 1578
1068 -2894
-3269 6501
-7195 -630
-6436 -8750
-2368 -2746
3936 6392
-8668 5929
-830 -984
-9016 770
-1925 -1307
9548 -7704
4443 -7931
8889 8518
1823 -5739
9560 -2345
8482 6586
3086 4348
-6283 -4788
184 9612
-3134 -2719
-2606 7816
3744 -5478
3539 -1274
9496 -3366
5328 4523
-9461 -2429
3361 4875
7113 8703
-3316 5970
-6376 -1065
-759 -36
-5688 -7894
1039 -3953
-4341 -1971
9032 -8778
9038 2525
-9233 -3575
5151 6502
-6864 4306
2549 8367
-342 -7816
-9221 6810
9233 -3261
-7291 7892
548 -362
9602 54
2160 9789
-4164 -6087
1943 -6801
-1858 1495
-2260 4695
-8881 -2820
-6319 -1493
-3466 9991
-7923 538
6443 -7197
9613 1736
8475 7222
8835 -7434
2204 -5096
4959 -618
-830 1805
9440 839
4038 5006
221 5103
-203 -7820
3081 -8319
3910 916
4627 6762
1021 -9557
-3033 6704
-1561 -2537
-5315 -3420
2867 635
9260 -6481
6622 -4930
-9405 4218
-4943 -4209
-5482 -9966
5137 -7185
-1284 8460
-6138 -5067
9570 -8204
-7721 7772
-8065 4196
900 3300
-5517 -1098
9203 -6941
7415 2889
-9872 2069
-9141 6675
892 6750
-7459 -8545
-4790 9670
-7515 780
-761 -9653
-999 4922
-9561 3101
4593 2292
-3513 -7282
9739 6528
-849 -8893
-2112 -2058
-9169 -1647
-5857 -4698
-4303 -9041
7710 -4998
178 -9690
9980 -6029
8472 5389
5736 -3815
-8893 1431
-1747 -1543
-9252 -4733
-2015 -7155
-6906 957
2064 1444
9386 2245
-5682 -6328
-1025 -6063
-5103 -1539
7185 8393
8703 -3673
4019 -2638
-7250 -7597
-1412 2490
-6080 -7794
664 3416
8683 2173
5019 5133
-3911 388
-4448 8113
4078 -8126
-4454 -5062
2596 8396
578 8242
-9645 7493
-6181 -2238
5124 9058
-4819 7838
4048 7875
-9920 3770
906 7969
141 4465
-402 3310
-2582 -1120
713 9408
-4998 2971
-8371 -5210
-3093 4270
6232 4225
1718 7485
-1033 6587
5645 9258
-9184 -5910
-4315 -5454
8316 4864
6553 -513
-2328 2943
-27 -3306
9295 -9010
-9602 7391
361 8
8519 -879
-6610 1990
-3785 -4575
-3370 9623
9930 -8347
-5369 9318
-2871 9295
-6159 -4553
-5968 2814
-3979 -7844
8820 -9416
999 3694
4684 -1208
-3817 294
-5978 8803
1645 6544
2255 -7460
1687 5035
8378 -7810
-6157 -7963
-8645 8308
7602 -1526
7643 -1516
-4982 -8558
-2680 -8326
-4021 1040
-1546 -140
8653 6979
993 -3142
-618 -1444
-1180 5015
7555 -8974
6061 -8926
-6736 2962
5000 8160
-9813 828
9303 6355
-1441 7789
-7048 6945
-7661 3577
-1663 272
-9869 -1682
-983 -9489
-2630 -7496
1060 -9991
8745 6752
-8502 9881
-5325 6300
-739 -8721
9439 1661
-7512 -2019
-5665 9626
-8865 -8210
-7545 6615
3913 -5913
4359 -5206
6834 -7751
-3518 8211
-9285 -4150
-419 7573
8045 5496
9097 -1675
-5376 9543
-9179 -6228
5433 7607
-692 -6019
-6394 7921
-6568 7365
3979 -5259
2549 -392
4403 -2109
3862 628
-1161 4957
-9194 -9657
-8364 3275
-1230 387
8713 9681
9223 -2133
5360 -2943
-1616 -6236
-2255 792
2433 7693
5057 1352
9814 9586
-806 2756
-9353 2363
-7010 -2683
-7727 8230
-7707 5550
-1176 -3200
-9092 -6071
-6391 -8685
-818 -6659
398 -3448
316 -5459
9054 -7497
-6084 8062
3134 5207
4793 -7307
5449 6668
-970 -2293
5024 9817
8046 5742
1291 -8983
1538 -5941
-2012 -6164
-4849 2446
5787 5318
-4410 4333
-7406 -94
2409 5907
7689 -4632
-9426 -9955
-7262 822
-2511 5367
-6927 -8093
-8276 -9760
9703 -8183
-3445 -6510
-2450 4714
8550 8094
539 9259
8298 -6300
-8247 47
9953 -6113
-6486 -1932
3436 6082
6127 -5077
5745 4011
3098 -7415
-5508 -3045
916 9893
-4570 -3784
3428 618
-4669 1986
79 -5302
-2323 -2398
5023 -5662
4385 -4026
3583 6777
-1435 8058
7860 -9183
-4259 -7999
9733 3986
-9709 -4794
5882 6551
6443 -5216
4721 -3203
-8865 -8127
3859 -1852
2846 188
7790 -2342
1996 -5756
218 2812
3309 102
1880 -2479
-1661 -8126
-2404 -260
-2554 7801
-6994 -2672
-6122 -2262
6243 8889
-594 -5958
-4085 963
-7168 542
-9271 -6506
1152 9399
-6358 8519
5051 -3132
6970 7582
-4898 -1640
234 -1150
-7690 7162
4962 -8450
-1122 -244
7494 -8311
-9423 6477
-9482 3736
-1580 -17
-5755 154
3648 1252
650 -5026
-2787 -1480
5389 8014
5595 -4015
4345 6079
-1351 -9304
-8421 -1701
-151 959
-9285 -9739
-8050 -7553
-7356 -8071
5666 -3752
9953 -3116
7038 -2194
9058 -5803
2893 4407
-7074 3428
1441 -6174
-189 8315
8115 -2965
1453 -2124
6175 -3237
7723 6753
7014 -256
5912 8438
-9634 8965
-4788 8557
-4560 9753
-2442 -1115
3083 -3802
-5675 336
-6236 -304
3522 -2748
-713 8926
-318 -2946
4930 -2599
7886 -8866
7887 1105
-5431 5608
7766 8621
7585 -9519
9038 -8148
-8395 -3482
5403 -1802
8117 2884
-3059 2206
-4378 -7558
3415 705
3351 9145
-3802 -7299
3824 -6968
-5834 -8873
5953 1709
1037 -4227
-5606 -9478
-8997 -1198
4375 -4301
5938 -6239
5680 9701
2585 5062
988 3796
6238 9526
3951 6611
9476 -348
6075 -2699
334 -4327
521 -102
-4673 8221
-2285 195
717 6364
-1114 5830
-8472 5441
-7078 -6740
-7039 -8813
6249 8602
2397 9267
-7488 957
-2433 2356
-4272 -9817
-2516 -2958
6436 -8198
5421 -8462
-6520 678
-9128 -5532
-5448 1195
-2976 5310
4471 3438
-9581 2273
3460 7393
5994 -2899
88 3429
-5614 -1610
-5534 2600
6504 5674
-7284 195
1997 -2292
-753 -7128
3550 1139
5607 2727
-2358 4422
3452 -9841
7318 4666
659 -2078
-4686 7737
-1442 -2160
-8732 -8693
3419 8646
4966 -625
-1230 -8395
1800 5190
-7102 5207
8079 -2482
8657 2145
-1408 5350
3492 7984
8143 9955
8341 -3056
4866 5461
6918 -1001
6839 -6099
-4792 -803
1563 -8172
4924 -7653
-2326 250
-4561 -6307
8900 9474
712 -1663
-5798 -9301
6049 -632
-2648 6515
6469 -460
-9796 -785
-1604 4809
-6192 5071
8972 -965
8232 -5633
-84 -2100
3969 -206
-6236 -5160
2254 -8358
-5164 -796
-8739 4875
5574 5549
-1363 -4536
-8022 5343
-1397 9710
-1075 -7832
6977 -1192
-2401 -8959
76 -5495
2594 291
8191 2028
-8178 -7491
1070 5880
-8758 -693
8511 -6676
-8081 -3921
-4652 9773
-1043 -8787
6556 3985
3695 4656
6824 -1121
-8593 -3660
-2619 7522
-4253 -994
9297 7458
-515 -7939
-5429 -8792
-9192 5028
-5665 9362
-3594 -7949
1851 -3434
59 -1675
-462 7199
1183 -7264
7393 -186
-7586 -1402
4938 7937
9179 -6179
2828 -7681
-6503 -1353
708 5845
7053 2982
1731 9000
8362 -8418
-6367 9787
73 -1512
6814 9205
6403 -9868
-7132 72
-6393 1306
9905 -6019
-4361 -3979
3563 4842
7161 -5183
7185 -3610
-4044 -9343
7361 -2107
-3108 -3271
-1689 2812
2598 -1026
-8817 5665
4869 -7330
-3477 7997
1789 4992
-3702 3113
-9186 9117
-4863 -3798
-5236 -3547
4992 -7579
2532 -4354
-3697 2176
-9932 8488
-4783 -2616
-9805 682
-6624 7249
2914 6514
-7095 -5441
-3724 1503
-3505 -572
-7460 8066
7182 6514
-3564 -6645
3529 -3960
-1539 1200
6846 -1480
-9304 -5287
-6799 -3130
4254 -5515
8888 2139
-613 8171
4684 -4015
544 -3979
7525 7589
738 -9459
8607 -2260
-5747 6999
-5926 9509
-731 689
-8112 7604
-156 -8550
-3836 8735
-675 4261
8747 3086
-4776 -6422
-4531 -8646
-2661 4611
-9368 -6126
-8538 -8396
-7855 -8123
-383 5921
2920 -5528
-6020 3870
-1721 6994
8318 6971
-7859 167
2622 -1838
-7578 2026
-4889 -8054
-754 -5111
-35 4056
-1333 8436
-7691 7304
8908 3020
8618 -2507
-6587 -8948
-4476 -1766
-4176 -9947
-9232 3226
3917 4103
-2010 9086
968 9779
1805 -5667
-3721 7112
-8000 -9364
4693 9246
7682 5686
2990 -6641
-9901 9991
1204 5618
6671 8717
671 4618
8392 -4085
-7139 -9785
4318 9160
8246 6778
-9723 -7693
-3360 2934
45 2082
2718 6641
9607 5767
1452 -2590
4490 -8992
-5280 -5559
-6220 8310
-9254 5924
4262 -9550
86 5138
5353 2654
1813 2948
3446 -330
5699 3779
-3287 3723
-475 -3941
-3580 -9522
6245 -4036
7095 -3973
-2965 -2303
5859 1585
3615 5476
1400 9639
-6191 8083
3220 -4339
-7965 7617
4285 -1427
-8037 3849
1348 -2270
-4826 7662
-2558 8061
8540 8420
-5617 3862
-6391 8505
-78 -8522
6784 4366
-159 -4219
-860 398
-1520 -8760
623 2950
566 -4579
3994 2658
227 -1429
-9979 9678
-8940 -8425
-6644 -1084
-2664 -1498
-3916 -8105
-5879 5440
6918 -306
-2220 4043
9824 7422
1541 7621
-7418 2685
-4366 -6259
-838 6926
-417 9921
2212 -3124
-3446 -6469
-4894 2233
-8851 -2386
9837 -1538
4079 -1515
-6076 -4080
9335 8200
2242 -5437
-8016 -2886
-1544 5787
-1529 3525
7267 1038
-2037 7826
-8534 149
7026 -8734
-5203 3678
-4090 -6421
1193 -97
-7914 -2941
9265 4750
-9331 6165
4364 -3090
1473 -6275
839 326
-3888 7178
703 9295
4053 8304
6129 1690
-8162 -7985
-2997 -8685
4993 8864
-7558 1800
-4576 -5376
5404 7356
5826 -2490
-6326 4669
-4701 6496
-9780 -8242
2084 6772
3949 4780
4075 -8083
-9780 -1628
-9939 1848
7585 -9930
-4894 -8100
-5516 -5413
-9893 -9901
-1556 648
1724 -4469
6762 -2432
-4043 -2450
-5955 -5844
-4086 1256
-1973 -2014
-7235 -8281
-2643 -4303
4069 -9440
2409 -2423
1368 7852
-6528 3714
8301 6475
-9706 -2044
8604 8408
-2340 2459
-9974 328
7878 -5579
-1422 -4016
7240 -4357
7350 8213
-6348 -1012
8406 -6165
-5604 1009
-7693 6195
4046 -9475
4239 3675
3870 7518
-805 6260
8388 4164
-3378 1519
-4433 -3953
4190 -3351
6354 -2835
2808 -3512
-5300 3593
-7420 3878
7714 2074
-6918 -9015
7181 -4170
76 -4611
9065 4947
6186 -1965
-5706 6655
819 -899
-9381 -7319
-1271 -8839
1531 -3813
3352 -3361
3127 -2116
-4802 -119
-6242 -8453
3621 1499
6206 -4808
1022 6704
-4187 7107
2053 -8903
-868 -1402
-4747 1959
-8941 7147
9829 9793
-9047 -8321
1587 2278
8917 6206
-2190 -5062
8540 5764
7311 3008
-1772 -3981
1211 932
1356 -5567
-8461 -7767
-2949 7169
-4233 7313
-728 6184
3330 4741
4533 4052
5731 6879
-844 9207
5412 1038
5977 1793
-2444 -6778
9951 8237
-5745 -5133
9520 -1822
2611 5467
-8580 4596
5485 7871
8905 -1529
-1625 -8749
9713 -1824
-4052 -4574
-3975 4245
3452 -4600
6438 8903
695 2584
9527 6135
4372 -8028
560 9478
1376 -7653
-8466 79
-1605 -2292
-701 -7046
5147 -6121
-1148 -1797
-9901 -2758
6389 -1436
-7191 -3952
1448 -7586
-8684 9982
2565 -2115
-5980 5732
7704 2092
5290 -7888
-5541 -1737
-7938 386
-8186 -4006
2669 457
4337 1114
9317 1536
-7501 -6812
5473 -6863
-815 8888
-4978 8282
8263 -5647
2238 -3662
-4209 4549
361 9979
-7910 -6506
5479 -629
-6523 271
9986 7541
1719 -4708
6406 6375
1632 -224
2964 9443
-7421 4131
6739 -1564
439 5485
9838 -8239
1820 2422
691 5797
5775 7611
-8895 -8949
4143 -8414
5578 -9696
7845 7621
-7088 5563
5658 -437
-6941 -6962
-3799 -2711
-8581 6023
-1820 -1219
-2014 8159
-6360 -7661
8482 -2176
-6380 5460
6792 -827
3945 -6885
-1578 7897
8201 -1912
-571 -6001
-6718 9766
3050 6062
9100 8941
-3771 6109
5853 -979
-8478 1370
3249 -2247
92 -491
7333 6889
6069 2294
-8534 -5327
1509 2860
4477 5412
-2780 9932
-6070 6398
6164 6649
2710 934
-126 2934
2763 5530
-5450 6103
1193 -1385
-9912 -3927
9303 -5559
-8671 3901
-3805 6635
-4972 -8881
3979 -2339
-3207 6537
6468 -1544
-1426 4013
4382 -5881
5053 -1542
-8609 812
-3659 -1353
-1530 7876
-3510 4613
-5594 9664
-5896 300
-5800 -6292
-5937 -845
274 395
-8223 2812
-652 -2027
-9851 2291
-3696 -463
7377 -1276
7182 -5594
5219 6150
-5204 -7706
-9831 -4720
9893 3266
2929 380
-9321 -1981
1727 -9246
3630 -1399
-7284 9511
2322 -6097
5597 -5507
-9495 -4609
4928 5747
-1809 530
4936 6025
2174 -4628
1387 154
5435 -9310
3956 5277
-4343 9048
-2933 606
5081 57
8658 -7486
-7975 -1290
6334 -8626
-412 4347
9738 1930
-2324 93
-9378 8386
8131 9588
-5040 5559
-567 304
4715 -9933
5345 -5133
-2364 2392
-3282 -8999
1058 4703
-9063 -8202
508 3437
4811 -7038
7310 562
-7509 -5602
4492 -9233
-7126 3889
3476 8835
4393 -8996
5030 -7844
-7776 -2453
6135 -256
-7865 7569
-7710 -6230
-7807 -1147
4372 7069
505 -6869
-3907 -1400
9162 -4685
3435 -2877
1612 -8347
9263 1647
481 4486
9211 2738
4895 -1405
6142 4240
-2295 -9161
-7872 2276
9768 -160
-7586 -5582
-8514 -8040
-4909 -9494
-893 5713
-5252 4906
-4251 -1732
-79 8183
3550 7361
1846 -817
-4358 -2248
6347 4778
-983 -5743
-4904 6209
-1516 6722
283 -2776
1642 1972
3933 6418
6924 6849
6282 -7256
7650 -3970
4299 -8970
-7067 -6601
-9241 -2060
-9156 6484
-2044 6327
1104 -3514
743 -5698
-5769 -6159
-9437 9560
-3217 6436
-1592 4567
984 -7855
8994 -7660
-4916 -2093
3938 8997
-9974 -3545
3575 1957
9897 -3320
-3116 8055
8102 -5539
947 4840
-7138 2926
6768 -4590
-1310 -2907
-6471 -8949
5618 5473
7618 1937
7998 -3399
8229 -9668
9329 -3198
6978 2166
-5878 -6925
-245 552
-1393 -2260
2201 -9640
5200 -3292
9635 -3131
2279 8063
-4845 -9878
-8827 -5310
-9838 2405
-5659 6791
-2888 -8499
-8167 -3941
2862 -4660
-8773 -5118
1678 -161
-5888 -4651
3089 -4847
-4487 2719
-6853 -989
5880 -9287
-7504 -7219
-7097 1879
6569 1372
-6223 -2203
-1692 6732
-8047 1839
7899 5420
-5519 -6214
2389 4481
-1960 -571
4778 -2213
2940 2152
-1409 1588
-9402 8454
-7113 1739
4520 -9802
2077 -4617
6755 -8856
-1059 -1354
-902 -9469
6092 7250
6390 1051
8558 3990
2191 -5409
4020 4667
-7547 -6049
6104 2519
-2173 5393
3846 -5306
-9847 2146
2344 -9547
-4164 8395
9539 -5580
6787 -7409
-3157 2200
3170 -395
-9345 -7066
-9356 3281
-8408 -7067
7600 6556
-9493 5613
1852 -9948
9167 6611
-4975 9679
1824 6733
7187 -4821
-2706 -2112
6029 -6978
-666 -3168
-7248 2816
-3859 9899
-7168 9644
2924 -3203
3451 -2802
-6247 4516
3849 1051
4824 -5740
-5409 -4300
-4622 7711
4444 3338
-7763 -9078
-1190 1630
8373 -469
-9917 -1440
-8625 -2293
-2395 -7165
-7522 1237
-8246 4158
-4924 9123
7360 5206
-23 -1170
6811 1208
6909 -1479
-3768 -4877
8461 -3993
-3070 -9325
6026 -5582
7670 9461
-1980 8119
-4175 7753
-5692 3116
-5647 7151
5030 508
-370 -3893
-4967 -9895
2656 -3011
-8082 5010
-6469 3188
8311 8827
-5167 3484
7880 -9509
-1370 5484
4945 3905
2023 -3701
-5949 -3315
9802 -8431
-7560 -1641
-7413 -2125
3982 -8810
-4983 2218
-7073 9016
7746 7673
4581 -5155
-2608 -5003
8481 2891
7103 5947
1430 6360
3985 -4268
2031 95
6781 -271
5019 6082
-1838 -9698
-1823 -8821
-3909 749
-3313 -7842
-5106 1108
2501 -385
8181 -3639
1358 -2918
-6307 -4427
-8481 3560
3640 -9204
-3472 6670
-3235 -2375
-8926 8560
8362 -2734
-2432 9814
-9008 -3477
-9007 5745
-8377 -2917
-8089 -2320
-8985 -3482
2879 4413
-4785 9197
-1510 -2043
-8484 -1092
-296 3730
399 5157
-3498 6233
8513 -9116
-1850 -2424
1110 6874
-2882 5718
1462 5823
-3373 1832
9512 6807
-6676 -1462
-3329 -5752
-2835 9924
1601 1886
-9206 5655
3105 3118
1995 498
451 -2776
-1891 8497
-207 -1037
-442 9980
5698 -9098
6725 -9604
2228 880
-2314 -6649
5611 5460
9708 4731
8375 -7719
4168 -3128
-3753 -24
-3186 8683
-820 9352
297 8809
7305 -6648
2315 8406
8385 -2903
1720 -4407
-4011 7803
2404 2165
5517 8217
7398 -6190
-7738 4848
7129 7105
-6023 -9364
4333 5017
3699 3945
7018 -8854
-6325 -3400
-48 -2686
-560 -5300
5518 -4013
1581 1545
3069 -2763
9403 -8710
-6772 -4528
3003 8640
3487 -9375
7730 5265
9623 4336
-647 -4573
-6907 3955
8823 -6949
-349 -9890
1145 -7503
919 -6677
-689 -9416
2129 -3564
3674 -9109
-4098 -1082
4390 6797
5436 -870
-245 1114
-3622 2643
-3022 1206
6633 -4000
-6324 6331
-6897 9726
-6444 -7502
-1284 6475
9799 4701
5285 9635
-3929 -891
3721 1135
-6227 -6535
-9739 9623
2474 8164
-723 9418
2060 -4051
7155 9376
-4624 9038
5369 7509
-9046 -948
5271 8472
8667 -5489
9212 -2293
1063 8465
1294 8218
3073 7134
-5681 -1265
-1642 6846
8730 -1699
-2282 -5448
501 1727
1103 9778
-7465 -2344
-1115 -9801
2972 7904
-9905 -161
4350 1963
9670 -7517
-9053 7283
9221 732
1586 2242
-9024 6014
2859 9626
-2074 3055
-8673 5310
-2964 5644
9142 1829
-6795 -8141
-4221 -8323
-6699 2090
-4351 8751
4434 -2882
-399 -6280
-8998 4104
-1444 548
-3490 -6057
9957 -6137
-6512 1208
-2017 6536
1845 1415
779 -689
-5140 -7398
-5539 -79
1598 -1935
-6125 241
2712 4899
-7984 -476
3244 -2854
-5030 5338
-4114 7967
-4370 7247
-8891 6117
-2676 -4414
-7878 -1681
-6546 5308
-5382 3967
6569 4233
-5847 -522
-8737 -5249
8713 9472
8092 -1141
8383 5145
-7710 -6172
9167 5348
7035 981
1949 -4948
-8832 -7335
1972 3058
-4903 2214
1242 4094
1782 -1449
-7216 5860
-942 2071
6822 658
130 4042
-7100 9255
4400 -1779
2049 -4997
-5929 -9590
1392 1215
9988 -5173
-2508 -6660
-9882 -5123
7091 -6816
7279 -4784
7488 -1668
-2088 2781
-5149 -6008
4651 -9310
4732 -4606
-5352 -5220
6722 -8648
76 9048
9459 -1230
-6294 4148
8975 4571
7911 -6307
-1430 187
3371 -8251
686 -619
-8567 4370
-2850 -1826
5887 3066
3756 2002
-8884 537
5317 2208
7281 -4236
-1467 5759
-5471 -2643
-8496 -2009
-3718 -1765
5649 -5801
8107 -2087
-338 -2060
-8959 5198
-432 -5931
5964 -7525
5541 -9562
2440 1850
-7613 3018
-4775 3556
-6959 -8576
7184 -7494
3584 1574
-6715 -4567
7389 8809
-6993 -433
7480 3037
-5303 -5166
-9969 862
4931 -4261
-1786 -401
38 894
-3535 -2525
-9508 -3802
-6525 -1148
3997 -561
5666 237
-8190 1180
-9667 -751
-1943 -1184
8383 7722
4480 4785
9619 9583
444 9177
-1364 -6630
6691 -904
-6290 -9430
-1954 -3272
6647 175
-7253 2259
-8303 -6158
4079 6745
1645 -8917
332 9610
-1575 1979
3421 -7891
-9386 528
3831 -2100
798 -6047
-2676 -5725
7092 -6846
-6275 -5986
4463 -9199
977 5492
-2250 4830
8673 7445
4189 3169
4252 6472
9803 -445
-8467 -1695
4135 1948
-3803 8675
296 8471
-7577 -9973
-1977 -8907
-5753 -253
3761 -4886
-4084 1693
-2816 1944
-3226 -9387
8058 8656
1824 -833
-641 5968
-757 -204
-8179 -839
-5170 4497
3171 9678
8148 1027
1054 -6534
-1720 -9430
4039 9078
-2088 6249
-2059 1520
-6536 3828
8162 5126
3781 238
-6875 9941
9629 -675
-7159 2484
-4634 -1129
-6633 -1616
-1939 196
-8778 6538
-6275 -3792
499 5997
8795 2005
1974 -5463
6058 -3293
-5745 9916
8762 9522
3480 -3862
-3922 6263
-692 -9675
2809 -573
8298 2149
-9468 8175
2091 -4615
-4357 2314
8522 7034
3031 -632
-4906 2742
7279 5546
-7748 7068
-9297 3336
6578 229
6367 9465
5727 3778
4103 -3835
5592 -4966
-9096 -3088
-1193 7610
-7006 -4843
7472 -9102
7932 -1363
-8274 5993
-1266 4683
229 541
-2392 -266
-6931 6202
-3570 -1688
1497 -6632
7146 -3483
2682 -2776
5979 1249
8161 1994
-397 -9397
-4239 688
1586 6318
-5045 -6768
-7055 3239
-2079 402
-9058 5401
-4866 -8130
8073 2271
-9418 -1797
5292 -5498
1020 2080
-6976 2438
-6314 -2578
9417 -7277
-6673 -4433
6255 2740
-942 2809
6041 1562
-1479 4013
-1865 8986
4386 6442
8313 -923
-8653 -6760
5165 -9895
-5393 -4349
-8549 456
-7107 9348
491 -1804
919 300
5867 -93
-7354 7967
4496 5843
1125 1704
-563 536
3243 9646
9808 7572
369 1349
4590 -8160
-8055 5438
-5191 -246
-9791 274
-379 -3740
4456 -3176
7124 -9889
3739 -905
783 6712
6275 -9894
1810 -4722
9536 1120
765 -5032
-3740 2778
-2153 4293
6134 -9650
5788 -7564
5911 -8201
2073 -9404
577 9842
-3335 -4585
-753 -1247
-8432 -2491
-2059 -7014
-6908 2351
-8650 -5785
9056 8623
-6410 -5394
7384 -180
-2166 3572
3922 -1049
5109 -2312
-513 -291
4026 1019
4581 -8440
696 -5398
7076 -5034
2476 9943
-7072 8644
4716 -5863
2074 -259
2085 6066
-9329 1129
-5330 5675
2967 -8225
4447 2504
-9809 -3112
-9683 -445
-5705 -322
4959 4343
-7335 8876
-6158 -4346
-4403 9741
-7895 -9962
-5825 2246
-4292 6821
6607 9970
1099 7793
7188 -9002
-3506 5769
-1728 155
7043 -9060
496 2184
-8139 -8919
5424 8512
7387 -9459
-3805 -8190
-4729 -5051
-1292 5513
1480 -2624
-2083 6605
6574 7188
4980 -5477
-4479 -2328
-2839 5888
-3958 5736
6677 9154
1337 -3194
-2113 893
-596 6920
7461 -2969
-1159 511
9182 -2624
-3390 4113
-4791 -2111
-5507 -8190
8998 3127
-8630 -8933
2460 7698
3585 613
-3652 9622
-7505 -6652
3875 -3255
7638 3833
4473 -8239
-1208 762
-8727 5654
-3250 -8646
9188 -9546
-1657 7081
8891 -5604
-8757 6558
7625 -8392
9306 -3665
6948 3805
7147 6612
-6320 -6705
41 9643
7196 7555
9316 1399
-7839 5389
1042 1828
6903 -2845
1330 -8488
8594 6090
-5793 -6607
9951 7484
9093 -829
5506 -8705
5101 -7882
-7550 2453
9470 2247
5610 -3870
-2595 3231
-5371 2805
1914 441
-7731 511
7666 -7045
-5532 -7108
8983 2716
6110 -3218
-5735 -3090
6081 6060
7356 -2922
-803 1587
-5961 6177
2144 5368
-4781 -2771
-9541 -2246
-5721 2624
-6935 -1190
9321 6194
-7131 -945
1947 -9293
3423 -2663
7840 4650
-8441 -468
-687 -7895
2904 7641
-773 -3332
-3435 -4179
-8811 6987
-5784 8709
-3538 -3592
9032 -5325
7206 4463
656 -4183
8593 -9753
-9046 3525
-5417 540
-1090 8098
1351 -7578
-1752 470
1831 -5616
4773 -8848
-3027 -8943
8044 -8663
-9955 1883
8291 -4020
656 -3492
-5309 -8957
-3140 1582
1829 5347
2592 -4547
9714 6504
4602 7175
-6682 2344
-7187 -327
4057 1566
6439 4644
9422 -1171
166 -6588
9016 -8814
-2834 3932
-5840 7307
8350 -8458
3125 -1149
-5803 -1070
8104 -5047
-4822 6790
7685 -8463
3882 9780
3173 -8998
6290 -9585
8781 950
-6501 2728
9861 -8078
-6892 7386
1317 8877
9904 3996
5538 5478
-5672 -8027
4624 2383
-8943 2247
2757 6449
-8294 -3765
-265 441
5165 5588
9725 -3372
7578 5175
1623 8505
-5853 -8924
8462 5205
7802 -2744
-8749 3499
-1024 7705
-6602 -9491
6614 7026
2993 8022
4470 -8609
-2374 -4251
9911 6177
5485 -8919
-2291 8796
3970 8930
-8846 -993
3804 -4407
-5482 -4698
2558 5986
-516 -7681
-9977 7530
-8241 -7819
-7073 -2858
-4837 8373
-6516 5920
-4611 -6646
-6749 4831
5912 -4701
-2184 -7544
-8614 -2659
-9932 -8215
1099 -3739
1563 3872
-143 9338
-8344 -2159
-909 -6938
-1036 -4600
2542 851
2944 1891
1531 -8574
-1499 6429
1259 6920
-4061 5473
7929 892
8233 3755
9262 -6965
3018 8302
5894 4081
3419 -5420
6143 -4249
2534 8796
-5804 -4767
9805 -8503
3388 -9542
-8116 2749
2898 -5082
-4442 385
-4143 -5844
8769 1497
-1027 -2493
4263 7002
9024 -1766
-3965 -2720
1861 4917
-5612 -6826
-8030 1724
6957 6922
-7861 -3834
-3376 6762
3231 9248
-5835 2230
-7386 -3872
4005 3444
-5059 2193
-6580 2774
3496 3914
-4132 7683
-5037 2519
1156 1903
5078 -9456
5989 9266
9908 -9232
-3066 2945
3427 -7953
-8706 7279
-492 -3343
2785 -819
-7376 5844
1757 511
-6716 1286
-1080 5177
6580 6780
3019 4788
412 -4737
-472 -2105
-2840 -790
-22 -4484
8462 -2932
2836 -9368
-8369 1888
-7734 4130
-2969 1140
704 8772
-718 -344
-5338 -7540
-8643 2566
3066 3583
2091 7937
-6800 -195
7701 -7498
5433 2728
-8035 -5140
5649 -869
-237 -9574
6035 -1516
-7386 1395
-3745 -7979
-9207 3366
-3258 6959
-6861 75
-3638 1405
-5013 -5504
-3847 -6852
2954 7078
-6699 3074
-477 654
9235 8734
1586 1488
5635 4884
-6633 -8652
6464 1669
7412 -298
-6932 -3561
