2000
-4507 4248
-6757 -8673
-54 6424
-8470 -3587
4344 4789
6958 -5252
-8684 -3441
-6925 -4101
-7365 -964
-356 9548
3116 -2531
-1741 8289
-961 -9651
9960 919
-7421 -659
-2691 -8035
-6707 1794
-1783 552
-9314 6960
1748 -253
8216 5030
-4691 -1295
8325 9532
2289 2106
1653 -5320
2150 -8068
-6059 -1510
2560 -5871
5048 6701
-3959 2519
4485 7627
-580 3350
-2377 7778
8458 -8643
4825 -1691
-2941 206
-7369 3041
6293 2368
-5527 -5323
-643 -1419
4234 9848
2058 -4773
-644 8176
4876 -5383
7136 -1876
-528 -5362
-8292 5341
3118 -7388
-6030 -669
7640 5297
-777 -7485
9277 -1581
-5492 1854
-9749 5570
-5850 -1019
2549 -391
4836 8385
-9720 -5394
-777 -2087
6037 8877
-6486 80
-4580 -4492
-1879 -4777
4554 -7741
7556 5812
-7953 5915
-5667 499
-3927 -8676
-9386 -1159
-8457 -3675
5934 -1515
590 7813
-7581 4490
-7598 870
3468 5363
-837 -7840
1389 6982
-7796 4584
-9437 -6770
-7238 -9521
-9886 -8161
2338 -5190
-145 -5553
7010 8411
-5265 4190
-7326 -7727
-9915 -5611
8880 3265
-2145 -3775
-8412 -4998
883 -8678
-7975 751
-945 -7728
-777 -2050
-1571 -382
5178 1986
-9484 -1457
6712 -2485
-353 371
-5440 7442
9715 4382
8772 955
-2060 -6480
-254 -8629
94 9517
-9162 5055
-474 -9023
-3030 -3416
4535 8582
1920 6193
1899 -3316
5228 -2902
8334 2415
-3494 5660
3101 -2020
-7638 4787
-4258 6536
-6224 -5146
-54 3682
3198 3522
2297 -6240
-5263 7758
-1938 -8177
-9596 5428
5342 -7404
-719 6045
-6858 -2760
9656 -1771
-6112 -8524
-544 -118
-5331 -9291
-9035 5539
-5887 411
-2187 -5259
-8016 7780
-8460 -8989
-7511 8002
9825 -3723
-4574 551
6869 -6051
9995 -9233
-1993 -3851
8099 -3143
-1667 1383
-8735 -8014
-3584 -8490
-9231 -4066
-9935 1102
5843 -1396
-3617 -2122
2610 -8453
9550 -2077
7922 8820
-629 9374
-2956 -6653
-5886 -3761
6109 -2962
3895 5842
946 4207
9914 -4051
1180 5932
-4414 -3671
7431 1949
-9448 -4349
7250 6994
-7738 657
8580 -140
-1321 -8189
-5095 6501
9848 -8230
-1991 1949
-7293 -2318
-6476 -2162
-7956 6603
-3728 8191
4122 -8043
2007 7452
3121 9708
-4642 3158
152 7395
-1949 -7393
6188 2414
7946 -3370
-6869 -5133
358 -3429
-7759 -3301
4382 8368
-74 -5052
-4729 -8374
9817 1971
7649 1543
2715 3938
3645 3377
-3466 -4164
-6770 -7277
-949 -9594
2820 1281
7911 -4761
3827 4486
-5222 -5238
1462 -5816
-3728 740
5688 -436
1190 6199
1890 -5320
9944 4727
-1336 -462
-7086 2659
-7785 -3971
2473 3170
3576 -4555
6726 -8477
-3238 117
-5398 8357
-3160 -9412
-5227 3101
-6160 -7978
1586 4766
964 -6751
-2071 -3504
-8778 -7147
6113 1593
-2028 3607
-6644 9027
2196 187
5632 5829
7352 -4228
5889 6078
8156 -2165
-1577 -5789
-8967 -1284
738 6917
1683 -5127
-1878 -7677
2540 -3633
-779 9772
5086 7483
1089 -4667
-1920 -6943
3245 8166
3994 -6003
3490 2597
2396 5066
-7100 3099
-8970 551
9267 5045
5682 -7937
658 3725
9769 -2636
7453 8780
-7728 2308
-210 -3327
5727 7358
-9586 -5401
-3515 -2473
5245 7380
-23 -9522
9265 2455
-726 -7628
6644 -7835
7210 305
6089 5910
3355 2891
-6024 -3254
-753 3123
-4570 -8572
1822 1519
-1124 8941
-2740 1269
-7484 3011
391 3745
7944 7762
216 -5912
-3540 7208
9373 -6789
3516 -6897
-7267 -9698
6915 3325
-9929 6088
-790 -5389
-240 -682
-5443 8361
7301 -4698
6571 3433
164 -5440
-7975 9087
-9432 -9446
-5358 9969
7176 4506
7717 4823
-8354 -9731
-5708 4953
-1723 -1900
-2092 -8794
-462 -1652
-8614 -9162
9199 -6982
-1680 -4057
-6904 -9781
-1500 -1389
-2302 3261
7536 525
493 1987
-3508 -4101
-9279 1390
1659 -2071
-7119 -3911
4189 5951
-9122 1159
-6773 -7903
-7065 416
3435 -1665
4278 -7866
-3926 -4525
4087 7375
4356 4575
-1180 -4495
7492 1891
7790 -6966
4424 -2295
9355 -7768
-1679 -3918
-4247 -7764
7116 -7491
-1673 -3369
-9232 -5937
2398 1263
7118 7924
-6602 -3324
-2229 -6809
-8514 -8795
-3290 -7874
7738 307
3341 -2077
9349 9249
-8520 1485
7567 8703
-9062 3522
9752 -2960
3672 -8226
-4162 -1921
-6938 8161
6084 8236
-5089 -9821
-2909 -6798
-5592 6403
8529 -1422
-7395 4839
-7239 9988
9236 9667
1151 -4170
-5467 -5564
7958 2438
9478 -808
967 7709
-492 6870
5030 6805
8761 2570
6470 4834
-8243 -2607
-6205 -6439
5860 -114
-5276 -3955
-3968 8465
8131 1207
7037 -1012
3424 3002
-4561 -4710
4483 1381
2810 -5084
-8214 -4551
-4026 -3961
8609 -9464
5371 -1545
5848 5079
8640 -9152
734 -6636
-591 4499
6684 9179
385 9162
-1851 8535
1536 1143
6433 -8428
6674 6975
-4389 4636
-9916 3204
9243 1118
1655 -221
-8045 7852
6651 746
1594 7803
-8834 9011
7230 -7673
-4774 4296
3457 3913
2447 5612
475 -8395
-3102 -2297
-5323 628
-4736 -6429
6776 4009
-4873 -931
8849 6018
7590 6782
1248 -9197
-7674 4240
6971 -7159
-1111 -2786
-8491 4200
1833 4115
3447 4967
-9708 -2000
5703 -2358
8271 -2809
762 -5900
8110 -6466
2603 1258
-2724 -6764
-6262 5172
9696 -1414
-3453 8707
-4732 -4257
2957 -6483
-8562 7878
5713 8187
3153 3271
-8729 -840
-9478 7167
-5643 -9306
-5205 8793
-3953 8840
98 -3375
3582 -7629
-8737 -8906
-320 -8960
9747 -9041
423 6227
-6535 -4986
-3388 -2900
-4714 -5097
-8106 -7676
1484 -7840
9327 -3114
-2419 5728
4520 -6317
-3757 6097
-7279 -5712
-3341 6341
7435 6303
7343 1643
6323 836
-2938 -9191
-456 -3255
3845 4248
9151 6156
8480 9132
-8709 -8955
-2069 3685
-588 -9383
-1979 9233
5329 -2348
1940 7985
4326 8050
8073 -7681
3963 5481
37 9136
9945 285
-9249 -9180
5068 -512
-4357 4596
7448 4219
8985 -2156
-8472 8739
-6924 636
-131 940
-7688 4818
2803 -4803
-3032 4253
-9708 849
50 -4960
-2103 7976
1982 -9913
-9093 -2159
-8950 2733
1049 5975
3914 -3307
4537 -1503
956 2898
-2745 9786
725 4033
2571 7124
-3959 3038
1011 -906
9943 3009
-8230 5024
3000 3714
3801 -333
-8772 -1298
-8566 4708
4403 -7722
2693 2483
-9021 -1683
-5065 950
736 5657
3410 2190
3034 -8540
8219 -4020
5075 9076
5805 2950
1695 8738
2451 -8705
4683 -1585
7117 -28
-5321 5912
8190 8551
1033 -7197
1120 4603
-4447 5734
1390 9776
5687 6289
-8531 -5201
4500 -1280
1516 -6591
6359 3295
5754 -2679
2337 -1947
6468 -1796
8177 -2980
-7069 7305
5855 -3424
3100 -5159
9445 609
63 -5781
-2284 -5003
-8715 -4827
-28 -6598
5843 -3525
-116 -1808
-8513 -2641
8401 -3757
8017 -9039
-835 737
-8523 8206
5510 1062
-8641 -5592
2971 5086
-4306 4459
-7601 6136
-8868 9478
-5350 3836
7238 -3862
2613 8343
-3466 6801
-5841 -3782
6182 1742
2703 -3720
-9262 7919
6124 -4411
-9629 -7785
345 5355
4161 -4549
-6369 -6685
9451 -6425
-6948 -3970
-6414 -5697
4162 -2298
-3956 -5456
-8656 495
6713 6299
-1959 -775
5505 2894
813 -5536
53 6243
-7821 657
-268 4146
9597 2524
5839 -6108
-2533 -3052
2978 9010
-6688 519
-8059 -9716
-5172 -8806
1689 -2015
-5716 -3827
5398 2123
-4984 6046
-9491 4623
4587 9550
207 4284
-1571 6766
-711 -6341
1273 1746
8695 -1152
-2143 8740
2980 5393
5678 4890
6084 4921
-3373 -9495
399 -2228
9895 911
677 -4204
-5860 -1368
-1819 1186
-4531 8727
9213 -7892
-511 7619
3086 -1499
7349 -9239
-6779 5501
893 -1074
-6185 9922
8564 291
4518 9899
1391 -4810
9822 -5084
4434 5007
-6362 498
-4596 8574
-8980 5540
-8631 874
2213 -9768
2454 858
5340 -981
-5481 3523
-7552 8561
-7797 9134
-576 -3737
-118 -9234
-323 -2338
2579 -8728
6279 -502
-6284 -2988
-694 -6363
9178 -880
-6286 4047
8000 -5733
5125 9649
-1333 453
-2304 4185
6466 3187
2320 144
-9873 8669
9435 -4536
3127 9
1281 2832
-7671 -574
6438 1281
4918 -234
8887 -536
-6490 4095
8362 -3679
-4031 -8491
5683 7207
5112 4637
1544 -6622
7243 1578
246 -2416
3048 7370
-2622 3402
-3767 -105
9321 -7621
3660 2284
-7951 9479
2663 -1422
-3607 -5344
978 6173
-8598 -1524
-597 -9333
9025 7085
-9538 -5485
9814 568
8152 7705
8795 59
-2819 4921
-1464 -107
2273 7136
3140 1578
1056 -347
-8049 5189
-6434 -6281
-6388 2066
-5738 8265
8932 -4985
-7901 3665
-8100 7957
2245 -3717
-6013 -8287
5494 4118
2759 -3497
6396 -3605
-2749 -8706
2872 2389
-7958 -9610
9301 -2351
5089 -2286
9780 -7134
-8870 8701
-2564 -2238
-4852 -6218
-4541 -464
9540 -2952
2483 7705
1822 -2753
3750 1697
-8188 -1699
-405 146
-7466 -936
-546 -3812
7558 -1703
9733 -1246
1620 2646
5067 -6768
995 6471
-6026 -7497
5760 6143
-3089 -567
858 5299
-7455 9394
4811 -3600
4701 -9984
162 6624
-4313 -1983
4205 6417
-1565 5141
-6105 1762
-1872 -1833
1399 9236
9428 -3085
-582 -3886
-7744 -6599
6555 -1102
-2083 -832
2282 -2587
3813 4184
4200 -2907
-2563 2235
-9749 -1918
-1781 3124
1985 8177
-62 -9626
-1459 5880
8837 -8214
-1299 -6339
3496 8264
-8336 -8160
4459 5753
-1359 8219
-648 -7624
6560 -5357
5457 -3114
9121 4480
-3718 -7107
6017 9372
7548 4501
4876 1723
-2398 1206
6713 -2863
4519 159
-1578 -866
974 -1985
-2512 3807
5747 -4567
-2191 9850
-5508 -4902
1984 -1911
-3711 9950
-3437 1104
4196 2571
-2929 -3699
8024 5464
390 -4333
6526 -654
9506 823
9958 1044
-7221 -2073
-8266 931
-9916 3988
7558 7481
-3701 1614
9703 -7950
-4280 8284
3108 -288
-7718 2283
8584 -2696
-3512 3075
8742 -9673
-326 -9401
1422 8988
32 -821
7106 1379
-7690 6532
4241 -7440
-6239 -7606
7730 1798
7569 61
2065 7432
865 -6712
9293 -4828
6197 3147
-3779 -8404
-8076 -3594
-2995 -1316
-2329 1598
-5503 8427
-194 -8577
-8324 -8398
-2116 5837
-8049 5917
1435 5366
-853 9681
-9167 -996
6013 -8789
-3616 1698
-5156 5305
-9378 -3699
2707 4787
-2809 -7454
7865 9712
-8141 4862
-9994 -7639
-2316 1665
-2499 -8318
-8681 5568
4655 3173
2854 2754
-8243 -6199
-4987 3687
-895 7771
6796 5118
-4861 3949
2456 7418
-6316 7847
-8722 9647
8230 -8452
-6091 -6863
4802 8236
-6362 1594
882 -3977
9197 -5043
7711 -4464
-662 5771
-543 -6811
-5320 8072
3189 8562
6231 -4804
-7386 8328
9895 2408
5775 -3702
1568 -5106
-1969 4004
2239 5477
791 -3446
6298 9598
-5446 -4606
930 9215
4985 -4014
2896 -6012
-7941 -1838
444 7576
-3508 8969
-8983 396
-7197 -894
9126 -5368
-474 8578
6303 693
-110 7558
-2168 2262
1860 -9319
-3925 -5871
-6656 6414
-3880 -9275
-1565 -7951
212 9016
-9689 494
3184 -9345
1051 -3196
5910 7922
-7447 7575
9874 8756
3169 2080
3358 6176
-1563 -6941
-2539 -5090
-961 -5983
-9569 7257
-8298 6104
-8126 -3449
-712 137
-5648 2086
6462 -401
6403 -8744
9178 1234
-1192 6034
4789 -4549
7531 2402
-1423 1679
4738 4609
9519 -9265
-5248 -4081
-3104 2279
2103 -1096
9177 -1402
-7544 3977
-3938 -1536
-8217 529
1785 -3755
7479 8187
4220 962
-9867 7
-7591 2729
-5593 7665
5994 4707
9163 -7135
2505 9234
1512 -2364
-9740 9401
1720 -6386
7592 9437
1621 7897
-1575 -2626
3619 7126
5312 -9791
4892 1097
-5175 3252
-299 5025
6410 -2766
-4339 4109
-9306 6125
5358 -5176
6181 3200
6321 -3131
4204 6441
5878 1761
-343 1795
9170 1219
-1656 8082
8291 6509
1327 -2624
-5652 6903
1928 6152
-6615 4050
1879 2058
-1818 2767
-8689 2573
-507 -6461
408 7492
3933 -465
-8705 -5388
-9873 3531
-1530 953
-966 -6983
9527 6815
-2089 1046
-2052 853
-2996 2260
30 9876
5655 4110
597 -8092
8202 -6164
-2624 1909
-600 1416
-9050 -8496
-163 -6668
6863 -7755
3198 -35
6703 -4667
-4132 -4047
6999 9950
802 7500
3480 -5054
-1457 -8474
9357 -6491
-4583 -5803
-1967 -46
-8138 -2660
8756 9130
-9366 4983
8316 9706
-4329 471
-5844 8899
-2048 -7410
-1457 -9141
-5471 7541
8762 -738
7929 9053
-9422 2241
5751 -3529
4389 -6344
7331 -5112
2228 -3857
-4728 -7087
7896 983
4409 -373
-6181 9932
-7449 -9920
-3609 -2025
2555 4224
5486 8655
-2084 7085
6137 4247
-3513 -4156
6037 -9565
-2188 -7763
-2874 425
-9712 -4858
1776 -6926
4058 -4439
8909 3393
3324 2187
5988 -7273
703 9596
3820 -7622
-8968 -3022
-5938 -695
-2728 -1052
8514 -6081
-1924 3759
9718 4550
-1305 5888
-5249 -3157
-83 -1016
8266 -9753
3640 -2305
9883 7174
9902 685
280 5870
-8031 4325
-8698 -2180
-9155 -6999
5671 -914
6726 -1883
-4403 7905
2454 -5199
-5590 -4686
5878 -5131
7574 2882
3129 -485
7211 5839
6734 490
-8826 -9187
-9597 6635
4680 5175
-3284 -7628
-905 5982
-4933 -2439
9400 -5235
-7331 -8207
315 -5004
4031 8844
-2567 4725
-2394 -92
9423 -4993
-5434 -5544
4946 -9647
-8834 -8701
-8346 6120
5015 -8430
-2337 6334
6037 -8270
3013 6758
-4757 -5176
338 6133
-5151 1633
4197 -9347
9099 8880
-1213 -8370
358 426
4882 -1791
-1437 4924
9945 -173
-333 3450
8741 -4681
-4626 -5319
133 125
-3118 -8590
-3766 -6855
9278 5847
1200 -9707
-9054 -5874
-3274 -4603
748 -9956
470 5513
-2558 -8895
9750 -928
8899 9726
6897 -6586
-1266 2286
6968 5637
-4239 4108
9239 821
3966 6365
5932 -4528
-514 6964
-5190 -2869
2528 432
4198 1536
-2952 -6725
-1899 -1612
7461 8211
7937 -2149
1265 -9921
2366 4833
4190 9999
7827 3054
-6126 -6328
-9964 7065
-3742 -8440
8524 5968
-6902 5744
-103 -6667
4869 9348
-7378 -5906
6203 -4363
-6153 724
-7705 3663
7464 -4496
-5943 3560
7280 -171
-3397 8248
-4360 8827
5892 477
5758 -4324
-4636 -4130
-4666 4281
7614 2183
5251 5231
-6955 6203
-8161 -8406
6039 9249
6632 -593
4912 8334
5614 4095
-2356 8969
-9064 6614
5441 4247
-1556 -3424
5973 5053
-9078 -5799
8482 -4943
-9039 -23
-4792 9816
9739 6212
7806 -1747
-2499 -4702
4706 3844
5898 -2146
-8052 3338
6027 1512
1846 -407
-6161 -9316
981 -2714
-3941 6005
-9795 -3046
5732 702
-9321 -7592
-4056 -9587
6626 -4113
4140 -596
4702 8152
5717 -4638
6937 3128
-3535 5335
-3154 8885
-1523 -3787
-3103 8693
-301 6038
2042 7878
-1448 5759
-3540 5968
-7904 -5716
-5303 -2861
6747 -1959
-8835 -4957
-3084 4608
-6310 5867
-1005 -7368
7967 -9374
9511 9181
-4607 -1466
947 1709
-2254 2290
3889 -5634
-6155 -6492
-6804 -7560
-3276 306
-8835 -4707
7055 5143
-9815 7913
6241 8220
7807 822
3454 9931
-9444 522
3424 5142
-2604 -9934
5496 8817
4828 -7937
-3571 -6759
470 -1284
1156 275
-5699 3667
-7320 -8399
-9536 -4534
-2901 9735
-8326 -5630
5193 -6661
-3010 -6799
3724 2367
-2492 -2454
1334 -2853
-316 8625
-9313 -3171
3792 -5489
6948 -2883
-8888 -5739
-8352 1825
7147 -4587
4600 -1951
1504 7611
-8020 -4580
-1241 3178
6380 7173
-460 9471
-2984 3824
-9030 -9232
9394 8350
-1100 654
8887 -9920
918 -7309
673 9555
1379 2030
7443 2322
-5909 -1475
-3865 5764
-8817 5596
-1227 1837
-991 3663
3133 -1127
-7304 -7731
-6962 -9851
-7781 -2613
-8238 -7569
-3768 1119
3810 -9352
-9798 7151
-820 -1796
-9475 5303
-6173 344
-3893 -1663
-6068 3684
-759 -2710
-5327 6427
-4701 8250
-9481 7807
-8324 1717
-7176 -2722
3430 -6105
5015 -5414
-1045 9662
6812 2545
-9252 2879
-1819 -287
-6223 -5006
3332 5729
3133 -116
-9106 -9016
7411 -7627
-5656 -4433
-2906 -3569
8148 -1416
5862 -1230
2666 -5308
-721 -709
-1048 1401
-2334 -8046
4833 -515
-7082 2136
-9150 -3266
-7537 -3305
-9701 7903
8888 9317
-4589 -8807
481 6298
-7272 -245
-7941 7576
66 -5404
-711 7921
932 -3548
7853 -7712
-5758 -6396
6810 -760
-8625 -7204
-470 9728
-3578 -4054
-6151 5714
8752 442
5356 -7264
-7246 -5838
7638 -4163
-2867 -4517
3800 9697
7617 7199
-6349 -3191
-903 2269
5873 -4776
8185 7061
-6423 2683
2410 -6720
-773 3107
2542 -7447
6716 3076
9533 1293
9176 2072
7909 -7714
-2231 6813
6509 -1238
-319 -4710
2099 7846
114 7053
-4002 -5083
-4302 -4014
-7611 -5818
-2537 -725
-3898 8521
-5206 -9590
3486 8644
3657 -8491
3581 3018
5304 2832
3365 5210
-6029 -3206
2084 -127
-2282 7374
4426 -2097
2820 -8448
1260 -9577
-1673 8518
-2208 3649
5890 9511
9921 3895
6259 -9317
-7807 7127
144 3637
-3532 5774
4705 -832
9683 -6446
3427 8676
6049 1766
9670 -5134
-3582 4196
8340 6210
4728 -8602
5048 -3334
-3824 -3760
-9866 937
1621 -183
-3057 -9886
3751 7535
7029 -9193
-24 -6061
-2507 1733
4130 -342
-4855 -9080
-493 3899
1815 -1465
-5256 9646
-8956 155
-9459 9472
-4288 9813
749 439
-9745 -433
-319 -3910
-2655 -2801
-1994 -2848
1092 -1905
9828 -8298
5082 8585
-6775 7678
1577 -9774
-1239 6453
6099 -2888
7267 3505
6698 -9137
-9325 7809
-1753 -7591
5697 5145
-5044 2223
-6858 -901
6251 2301
-9605 4870
6572 -2658
-352 -6056
-4658 5374
5600 2873
-674 -9361
-2248 -1919
-8414 -855
8 -4982
-3453 -7996
-1866 683
-4173 8515
738 -6170
2929 4504
-3195 7601
2470 2901
-9758 921
8586 2763
-1864 3611
-3516 -6072
-5433 -2543
5538 9531
-1325 2319
-8942 -9156
-7152 -7597
3086 -2395
-3880 982
4813 -7367
7138 -9422
8179 1462
-5638 -2337
-7696 4370
-2868 -1674
-8064 -9110
-5182 8989
-3555 2141
1671 -615
-4575 -8017
-3452 -5934
-3531 -3517
4088 -603
-9622 -6725
-4091 -6072
-1773 8912
4095 -3233
8151 127
-5504 -7823
4224 -9546
-8656 5349
8058 9882
2022 -117
9269 -5497
207 -2586
5201 -1586
4897 -9525
-128 -8330
-1334 2705
6634 3972
6604 8296
-4938 -1419
8708 4419
-9683 -6788
-6333 -3076
-4007 4541
4422 -1268
8616 -5949
2275 165
7579 -8396
18 -3798
-3323 2779
8170 -1365
-8661 -9730
4242 -3164
-4869 -8307
275 4566
-1015 3915
-9153 2703
9628 -698
-2437 -1765
6968 -659
3392 -8015
2150 9304
-9093 -613
9310 3449
-52 4646
-6720 -4013
-22 -1882
8675 -5381
34 -2060
-7495 -2474
-4839 -9692
3011 5211
-1767 -3991
4244 6359
-4300 5797
-8498 4932
4235 -7188
5921 7373
821 8863
3508 5230
-5063 -5511
2607 -9492
-1151 4915
-7146 5002
-3751 8883
9191 -919
-1988 1410
7419 5922
6002 9967
5763 5384
4036 -8299
-1766 -9015
-7922 1992
854 -5846
-6895 6620
-8892 -1917
2312 -1958
-3322 7437
2438 -8840
-9958 3253
-3946 -7593
3818 -7047
-7404 4067
4033 4957
340 8598
-5981 3516
8222 -1903
-9912 5974
-9872 -9701
6919 4663
-3534 -3046
8717 -8253
9184 8779
-6341 -885
-7632 5343
7750 -2577
376 2143
-3791 1567
-3476 6693
5290 -6038
-8802 -9416
2402 -6971
9004 9420
-6561 2490
874 -7148
-194 -5922
-4174 7340
9839 2243
-8642 -1270
-5928 -2781
4642 -6274
5869 -4457
7110 -1262
-4569 -4201
3482 -2646
1660 -5559
-2529 4681
7821 -5939
-9728 -3526
-674 -5019
-941 4867
5927 -7148
5095 8606
-2664 5766
-7016 6453
-6101 5129
-9329 -8654
84 -6511
3009 -8498
2577 5515
-6323 211
-1388 -5764
2019 1148
-8658 -3567
5135 6012
878 4389
7241 -2086
-3480 -3196
-3710 6056
6230 7577
2705 2995
4341 -6151
1059 7098
8600 -5575
-6340 -5933
4279 4897
9134 -2663
-7795 -3389
6765 4873
884 -6453
7936 1899
9814 -8239
2286 8897
8674 54
1351 8577
1571 4903
8752 -2224
-5127 -4088
4058 3532
7599 -2807
-7910 -8562
-1224 5598
-7791 -5056
-6463 4702
-8030 8974
4594 4421
9903 -6374
-7477 8128
1902 2188
764 -5083
9820 -6748
1028 -7665
1968 -7709
5823 9623
-3185 -3975
-2537 7143
6461 2626
-8710 9960
8383 -7610
-4915 -5173
-7032 -9648
-6022 9679
-8474 -3409
8780 222
5139 3428
6680 3264
9320 8679
-9030 1428
1050 1287
-8968 -9487
7656 -8414
7933 -1504
2176 7838
-9773 9224
-5950 558
910 -967
2432 740
7331 8610
2552 3958
-2615 9831
3095 -2309
90 -2215
9214 6135
-2578 1060
5295 263
5570 2175
-9330 6671
4508 3503
2726 6568
-2875 8457
-2511 -9504
4957 -8244
-5914 -6358
7600 2288
2118 6638
-1951 -1294
6491 -1067
-4932 8140
2920 5704
-312 6211
-1615 -1786
-5115 -4743
8760 2777
-656 -6887
-4710 5206
9424 -9811
-4334 6501
-9858 4380
-3333 -248
-3610 7742
-3553 -7494
1439 8160
6299 -3341
-7638 -9773
6438 -781
-8847 2050
7308 -5177
-8680 -241
2873 9788
4994 664
4574 -8117
8384 8138
2517 -9760
-8 8526
9989 -7095
-4589 -9898
8263 156
6815 -9430
-9202 4561
-2500 -7102
4948 7236
-4221 -1346
8413 5976
5764 -2901
-8517 5006
6890 4478
2615 6058
6298 8994
-8760 -1148
1757 10
113 -8772
5105 7168
7739 -1625
-3344 5641
8539 -7743
9493 4157
-7190 3486
3183 -1007
6092 -5057
-6330 2667
-2856 -8704
7354 -5720
-3006 -6521
2331 7372
-2619 -1766
3183 -2191
-1303 -8786
-411 -1712
-6072 -3565
2413 6246
402 -7534
9673 1906
-5381 6933
-4404 2855
-758 -9290
-4273 2987
7267 6386
-6415 -6920
-5828 -5739
6216 9638
-2554 5275
6489 -601
-8593 6143
-3701 -3922
-3956 -944
5243 -7568
4338 -9834
-9181 4915
1491 -7323
-2891 -3585
9403 -9268
-9161 2836
9638 -9611
-1629 -1855
-2218 -6191
-7196 -1692
7707 8949
8813 9294
-908 9114
-1831 -1168
1264 8857
9023 -6589
-7954 -677
5721 9842
-23 7258
7991 -7171
5666 3100
7211 -7450
695 5303
-7168 -4419
7610 -7802
-5133 -4363
-1349 5316
8150 -2600
9953 7743
-9681 39
3450 4938
-2019 9342
-7097 9218
6475 -6299
-3469 2880
-4020 8186
-5544 -7804
-8781 -6810
2492 8873
-5209 -5949
3409 102
-862 -342
-9221 -7941
-6478 -2712
7327 -9269
9390 -2438
-3097 4498
7436 -2630
1072 -194
-3593 7631
9538 -8677
-6481 6108
-6982 -6007
-7135 -1541
6231 5510
-668 -2344
-8965 -360
5420 -7809
3200 -4465
-3734 -7337
225 4247
2465 -623
6747 -9151
655 -100
-2469 1539
2862 -9218
6890 789
4782 -9899
-1440 9908
9139 -8632
2745 -5209
8152 2191
4382 7501
-6965 3571
9955 1302
-4451 3023
-7601 180
4750 8014
-2086 9146
4406 -875
-92 9166
-46 -2733
-2631 -3203
426 -1544
-176 5929
-9281 -436
-4525 -3710
-6210 -7409
6163 -6422
4880 -3174
9849 9838
3738 -9572
8443 -7753
-4887 -1513
7613 77
2963 9519
507 -2480
8038 -3363
5093 7876
7525 -1537
-8253 -1362
4928 8245
-5444 -2777
801 8718
-736 -9282
-5723 -4320
-170 -888
5080 8015
-3498 1993
-7931 -6086
-2847 -5886
5355 8753
-4611 7660
5535 3392
-4424 -5798
2840 3060
5025 1044
8267 1488
3927 9581
-5980 2788
-7811 -6810
2303 -1703
32 2019
-5989 1103
5017 6534
-5632 -199
-1447 -4109
-6450 9723
6836 7663
-8136 -7194
9587 -3868
7176 8426
-87 8332
-8368 9164
5672 -2440
751 -627
-8610 7861
3600 -3226
7877 1423
1677 -8669
4853 6615
-7495 6046
9489 -2874
-5212 -224
6303 -9956
-3824 374
-1201 5889
4220 -6648
-3764 -7568
-7 9574
-1054 -8093
-6511 -9257
1238 337
-4520 -9191
-4138 -886
-551 7157
3202 -9286
-2159 5675
-828 6412
6456 6350
-3277 -4526
-8637 -7368
-295 9243
-8325 9304
8877 9662
-8432 5389
9853 1544
-8120 -1222
-412 1090
-6076 -2640
-1763 5450
9885 7095
2769 -8561
7851 -2275
-2204 -8060
-2585 4306
-9342 4519
3762 2499
5523 4084
3745 9158
8267 4400
-336 5314
-2188 -8161
2929 5265
-7376 -8880
-9710 -9427
7668 861
6021 -9825
1621 4158
6098 7592
5619 9417
7657 -2767
-6548 6277
361 1418
4296 8976
7096 -5895
-6861 6283
8122 -3241
-7977 4673
5793 4771
5344 -1632
-7051 6084
6259 6733
890 -7309
-9718 1600
1017 708
-8338 5901
5899 -1327
-6189 -4886
-5911 -20
7806 -8173
8110 -5095
1664 -5334
9339 9952
4722 7408
-4225 5131
4935 3786
518 -1275
1416 1193
-3486 -4872
5837 5419
5041 7531
-76 -8781
-3667 939
-5361 3735
9283 4144
9049 -7556
-2890 -8888
-8937 4434
1841 169
-979 5785
-430 7617
62 -6045
8870 -9912
-1063 -4802
-9384 -4617
-3366 -5227
-4008 5657
316 6558
4013 6047
3911 4955
-8880 3295
4407 2959
1113 1951
-7880 5470
1254 -7046
-9430 1141
5096 -5456
-1647 4353
9551 7686
-6932 7291
-4216 -6113
-6735 -298
-3741 5498
1544 3581
2257 -6008
7287 -825
-7867 3377
-4673 5414
883 6968
9922 -2553
-7692 -4143
4123 -5788
8565 7405
8811 -7525
9766 -8165
-4278 -8121
5302 -4450
-5232 -1013
-3711 -4718
-726 -9968
-793 8546
1922 -3439
-4305 5061
2028 -9031
2138 6579
