2000
7857 2864
-5798 3319
7389 -7279
3667 -4668
211 5792
-1022 2471
-6339 -2224
-7629 2002
-4363 6290
-3855 297
-9090 769
5839 8134
9412 -6698
-6388 -8345
7363 -2083
-9219 9241
2559 8940
-4619 -1296
7757 3668
-541 9048
1518 1689
9465 -7843
4159 8900
5190 -8164
2133 9797
4286 -4945
-3090 3043
-9935 125
5501 -3679
7959 -6323
-7083 6584
5523 -7540
4885 9198
2865 -9097
-6329 6363
-1949 -3955
-1798 5190
7810 -2485
3072 -7639
-4122 6720
-8225 -1075
-8033 -6116
4009 -1315
8727 -4247
-569 -490
-3907 -9595
-7134 6069
5266 -4663
-3760 -8529
7834 1852
7897 -88
-1178 -4116
7121 -3902
2180 -3369
-2928 3913
-7162 8058
-8058 -1153
-8748 -1474
4280 9672
-819 -6301
-5896 -6290
-6501 8996
-5668 691
2163 8766
617 4293
-2075 3717
9602 -1487
8332 6747
-2901 -9558
4355 512
2290 4171
-3262 -9087
-560 7953
7625 1711
5410 -2560
4871 526
3242 -6766
3926 8370
7135 -8706
5588 -191
-6475 1472
-6295 -2767
-2299 -3153
1010 -7963
6270 4800
2691 -914
-1 -1441
233 -6851
8581 -6841
4320 -2143
-7897 3990
-9056 -810
-2440 5346
6640 4870
-1601 -1585
-6392 5948
-6819 1925
-7508 -2687
3071 882
-598 3503
-7412 -660
-8380 -4187
2683 6308
-6812 5574
-2849 1263
-1027 7508
-3302 -746
-1680 -83
-1492 7979
-3607 -1319
-5372 6907
2552 1
-8965 1530
-7589 5045
2268 4106
-2833 5534
-4933 8577
4884 2508
-1919 7750
-988 -8208
9301 5232
-1794 -8295
1623 -4002
-6024 6527
-4793 -9870
-9243 4090
-2188 3556
-4914 3310
2075 -1153
-7048 1218
-3248 -5658
-3361 3840
-3653 1819
3290 -4757
-2964 8149
7101 -3978
-2272 -3664
6055 -4693
-8167 9351
-6799 -9970
7841 761
-5684 -6042
-9012 -4348
4499 -598
-5659 3063
-8875 -8828
5012 1093
-3368 -2236
3008 -8641
-6772 -6358
-335 -9957
100 -9671
-4364 7393
-9537 -3846
-95 1190
-8050 -2615
5064 -2255
3398 -13
9390 6053
2836 1617
2789 -6270
8544 3962
-4554 -2199
2881 -1104
2539 -7826
-4062 6109
6438 -4076
-2963 6038
-7809 -4206
6984 -2500
8606 2096
-6438 -7346
2642 3669
-279 -9320
2297 5752
9482 -7443
-9761 -1193
6608 -8255
641 -4315
1581 3209
3038 -3100
2824 7519
3557 3197
8991 9861
1081 9469
1565 9696
-7651 3407
-2924 8848
9528 8712
4463 6797
-6926 1824
-9370 7665
9410 -2966
6441 -9042
7888 3772
-5608 -1979
-4461 926
-5878 -9063
-9203 -7184
-7715 -6888
-3472 5600
-994 7571
6418 -1122
-2411 9803
-9680 9666
5210 -7948
-6563 -6606
429 9562
-9481 -7153
-9661 -3131
8611 8408
3054 -1548
-611 -5851
687 7176
-5992 3908
-493 6693
4263 537
-6865 -7767
-7964 4401
7787 724
6497 -7644
-529 2996
2557 9935
-3498 -6380
4210 6798
8926 562
9014 2820
-9310 1979
-846 -1597
-7690 1377
-1931 6883
-2581 5538
7771 -3948
-5827 554
-5001 -6473
-4117 -8041
4955 -4784
-4850 9076
-7305 -2488
-5691 5373
-4066 6906
3446 -6766
8934 -1331
7072 4136
-4488 -1913
-5031 -6898
8640 7302
-6647 6110
-3337 -9870
-6342 1247
3206 5383
-9401 3262
6058 -1839
9394 -530
-5157 8754
9380 -2577
4378 4498
-6834 2825
-3039 3311
-4882 -6042
781 6194
3496 87
-83 3141
3272 -9431
1817 6581
5684 -9350
7633 -1257
-9376 6283
-4247 3691
6165 -9983
1161 596
-1186 5544
2089 -4462
-7431 5702
-6620 9050
8965 -2313
-8505 4162
1023 6181
-9530 1412
1713 -1985
-1335 2287
-5249 -2603
-6321 19
-6291 -4625
-886 -568
-6252 -6406
9138 -6005
-466 6284
1985 1226
3997 5824
-6489 5365
3247 6682
2862 -4994
-9862 -5730
2285 3332
-660 1852
-7031 -5329
8411 4091
-6814 369
-6478 -4160
-566 6021
-9984 -2730
-2726 2292
-2762 -450
-906 9259
8345 -8766
7916 2605
-8669 5312
-6698 4498
1551 -4809
-9237 9309
-6021 -9110
8702 -6268
4101 -3890
1950 -4392
-8371 7623
-1386 -8617
3675 -8355
4916 5888
8868 -9088
-4132 -5991
-9665 -9068
6244 -2496
-4277 -4613
578 9547
8855 7274
-8116 1341
5073 -3446
6385 -9415
-86 2895
4238 -1666
-283 1543
3188 -3428
-7540 -2888
1745 1824
5834 -4952
-4020 7613
-1162 6169
-8445 -7777
-4510 4561
1834 5855
-2805 -1935
8340 3718
8024 -4011
-7396 4724
-6943 -2063
9481 6842
-6586 6495
-2673 6389
-1787 -405
4643 9073
-9595 -2233
-6065 -9378
-3434 -757
-2476 -789
-4935 2057
-9879 -6922
6796 5982
-8030 8462
6906 8540
-3523 -5426
-4864 9964
-9822 -322
-213 2271
-8135 -2494
299 8000
-4234 -9772
-9150 4425
-2611 3422
-3646 -2583
9474 4913
7992 5140
1121 -6685
-4503 8508
7048 3091
-8615 -7597
-3913 -2755
-9357 243
-7487 -3735
7492 430
-1570 -5621
-5393 1511
-4064 7917
1339 -821
6596 3325
-1763 7693
2832 9790
-3175 -51
-1543 -2326
-5515 2323
8447 -775
6470 -4129
6114 -5467
4519 7113
-2458 -7653
-3274 5732
-2758 9693
7610 5055
-5767 3178
-3498 -1052
361 -5451
-1941 8461
-1591 -3087
4587 8605
4648 -9414
-189 9073
-1336 3094
-8653 1
-2887 -1502
845 9588
5319 8377
8069 -8708
6347 -3719
9460 9399
-1654 -5700
2570 -318
1863 -7573
3062 -5651
-7047 -9728
-9142 -2352
441 7602
4416 4391
-5609 9105
-2398 5764
9072 1505
3602 -7832
-6540 8111
-5609 5391
4790 9807
-2173 -2429
-9026 -3144
-716 -9604
-1534 2837
3109 -3934
3714 1419
2741 7689
2079 -2124
701 -2843
-3359 6470
1695 8304
-5808 -567
-2457 -983
-5592 -2348
1179 1934
9506 9198
-3947 9006
-6878 -9521
7037 9058
-4877 1588
-3273 146
1555 -7442
434 9469
346 -6367
-6177 -8866
-6842 6987
-3581 9240
-1744 -2650
5002 7683
-384 2664
5582 -99
-1094 2842
7042 -8365
-5587 5749
1057 4079
-2055 -463
2095 7785
-9027 9500
-3147 -3751
-2617 1319
2026 676
-85 4263
-8388 -7835
9848 -8108
8277 -9665
236 -537
-3974 3859
5494 -7137
8612 -6933
-9134 9907
3164 -331
1174 -1189
2031 -1021
5228 2147
-6535 8884
-440 -7389
-9406 5491
7656 -6805
-1192 -7794
-3738 7503
686 -2915
-9057 6499
-6918 6712
-6500 -9843
-6216 -8307
5083 -1913
6899 6949
-4073 -23
-7877 2650
1534 -5124
1208 -4412
-5201 -5186
-1991 1802
7729 -3825
-6323 6818
-2377 -6009
-5790 8085
8517 -1434
2444 -2708
2706 -4263
3825 6228
6897 1510
-8514 4444
-2907 -3455
1421 -6390
2919 8627
-6560 -7372
8151 7719
-6107 5171
5709 5879
9870 1292
3097 -6669
5618 -5921
5092 1613
7351 -1939
-1991 -2202
9308 4896
-661 -5094
5172 -9207
-1876 6432
8780 313
2941 -8957
-7518 -7781
-8890 4812
690 -3625
-8613 6819
-9851 4281
8360 8205
-182 5767
-2452 7173
-5030 889
-4216 5558
-9537 -2002
2512 5123
5275 9356
-332 -9364
-8321 4054
9995 -3671
-8860 -5839
4257 -8896
7924 1830
-3890 9366
7570 -8207
-8719 -1809
-4637 1108
-8004 -1171
-5614 4054
-4228 1501
344 -1430
1646 8284
-7360 -4381
-6607 -8687
-2358 -1960
2201 -6613
-1787 2503
-5667 179
3265 -143
1650 4164
-3925 4555
-4337 6652
-4519 5159
2933 1380
-7119 3588
-4121 8705
-9291 6946
-7436 -8755
-7441 -6651
1390 -4042
3066 3922
-3575 -2689
-8790 -8722
1135 4479
2363 4475
-970 -3494
-6843 8439
7318 8414
-207 2359
-332 251
2676 6395
3341 9268
-9488 3385
6735 9626
-696 -3208
-9286 1845
9156 -3909
1090 860
-4662 -9634
8562 -7775
2452 -8579
9860 1312
-275 9330
5410 -9102
1149 9519
9634 -1202
-1935 -6176
-9070 6695
6321 2298
-7189 7665
3230 -655
5436 -6475
4385 2385
6472 -3474
2472 -6557
-5136 8755
66 -1356
-2027 -1555
-657 9792
-6970 -2897
5901 -5788
1757 -3616
-6921 -2314
-6295 2687
4072 -6880
2465 -3484
41 -2699
-6593 1622
-8132 -1854
5310 -6401
-7647 4340
-7017 -6106
2339 2420
5932 4677
-8220 -4598
-386 8962
-934 -8599
-912 -4908
7779 2145
8986 2793
-6971 1851
9152 5172
-3207 6791
-5064 -7442
-3842 -1339
-3279 -6034
-2140 2232
-5349 3425
-1899 -9801
-678 -5697
-6736 3602
5004 -7343
-2251 6052
-1804 -2188
-5675 -4473
-8902 903
-3926 -2646
-5856 -6029
250 2867
-4752 2801
6767 -9872
2361 5690
-886 -1653
2267 -9268
-4964 7215
4538 -8411
-5754 2021
-1928 -459
-8927 5716
-5037 9990
892 -4602
6473 -3938
3754 6966
3553 -5663
-9142 -5997
-5868 -7479
8211 7625
-4029 6493
7225 -2676
-1741 -8041
-6452 -4019
8003 -7204
6058 1515
-2770 -3926
-216 -9149
-30 5914
-4304 -9325
7641 -3558
4500 9450
-6547 4914
7435 5358
6703 -2415
-2202 9366
-3311 -3605
-1646 -1257
4725 8670
-8535 1902
-2863 6448
-3758 -8756
-7905 8088
4001 6027
-9578 5787
-7772 9698
-7133 -8216
6698 -9551
5807 -3680
7626 7854
7219 2510
-7375 -856
-8392 -2371
-3702 979
-3399 6333
6501 1484
6449 3738
1825 -7258
-7511 -7735
8052 -454
2964 -7088
-5304 -6000
-5551 5832
-4128 -4886
-7033 -9744
6487 -2781
6363 -9814
1536 -7168
3811 7971
8024 7834
3038 -9589
7870 8245
-5292 -513
1752 3415
-7040 -2803
3830 -197
3803 9646
9198 8526
-6360 8253
-7771 -4931
2288 328
4235 -7564
-4732 2372
4063 -4230
-2676 -7201
-3069 2087
331 -9638
-151 -5200
-8065 5039
-4043 -4679
5124 -1384
-1739 9787
-7967 2647
4620 -2542
6249 -606
9722 -9431
-6995 2257
-5372 3957
9727 1994
8514 8692
4499 -2949
1134 -4556
3965 -1450
-2690 -9018
24 5900
-5484 6988
6774 -1132
-8486 2777
-6044 -7473
1921 6135
6704 -9796
2461 1643
-4401 -6570
9145 -9190
-6778 -954
9818 7659
-6898 -8559
-9 951
5654 7068
2967 -8979
8009 -4323
4545 -8797
3981 8504
-8970 9781
9636 -8343
-8139 6673
-1685 6339
-6511 8043
-7427 7635
-3320 -7366
-9708 -484
957 219
-8831 -2885
-2097 -5331
-4310 6824
-3779 -5409
-4206 -2580
-356 -5513
-5733 -6505
-4848 4395
1067 -6098
-6039 734
2498 -6898
-5543 -2549
3806 5071
-5413 4859
-4923 7819
-5067 9265
-6067 -3754
-3210 2837
-8852 3345
-5515 3012
-8781 -3058
438 7850
2244 -4514
-612 9311
3766 -2968
3855 7070
-5480 -3737
-4946 8313
3171 -7954
9865 3362
2627 8248
-1786 -1481
-4924 -9720
7346 8726
5458 -3776
3166 -8170
9680 6677
-7838 -2676
356 5645
-3603 5271
2340 -5879
4105 -9749
-7716 -9419
-7373 -7121
6242 9176
-8857 -7508
1011 2589
6590 -642
-1917 6087
-3969 3936
9487 -6460
-6063 -7083
242 -7113
-7748 -3901
-8631 -5682
2160 -1351
2621 7430
8011 -3736
-857 8627
7802 -9362
-3149 -895
-4586 8946
2024 -8418
-8611 -4275
9661 -6173
1088 -2580
337 -7133
-525 5025
-5156 -5701
-1383 1727
-5904 -3787
-6358 -5503
761 -9562
9065 -4626
-3988 -6375
6451 -9414
-6748 6584
8166 -8135
1311 5276
-7177 9555
695 4692
7559 3911
2656 -5248
-948 -2966
-7519 7500
-6288 -8611
-4113 -3422
-2984 1076
6450 -9632
-2286 -199
387 -3818
-3514 -5835
-249 3640
2636 -5349
-2074 -8939
5753 5460
-630 -7659
-2907 7032
-5935 -4253
-6754 6145
-8745 -3453
6846 680
-8245 863
1231 -6139
7383 -8075
1828 8946
-3169 -2231
-4871 8314
-3315 6582
-8637 7766
3225 8332
-9328 7116
4147 -3685
2062 -2235
-2369 -8067
2201 5309
-4012 -1114
-6531 -954
6628 1464
7110 4700
7366 4010
-4501 -1063
971 -5804
-5502 629
-1606 -8624
9708 -4139
-7024 -4661
1654 -9621
-1856 -9156
-3502 -2563
-7255 9496
2102 8699
-2256 2454
-2362 5571
271 -1908
-7899 -5253
7405 1357
9275 1321
-8051 2096
3472 -6228
-366 4064
9403 3179
3558 6331
-9105 4778
-7786 -4578
-1361 -2607
-3909 -1320
-5146 -9260
6312 7556
-4353 2492
-9041 303
-8341 1469
-7210 -7916
4180 -5346
-1573 -1540
-7476 -2349
-5450 -8219
-8168 -4353
-5855 -8172
-2750 -7272
3842 -3641
8760 5889
-9650 -6346
-8791 -2666
9826 6662
-3036 578
-4233 -5495
-3411 2344
6999 2278
-9262 -9232
2140 -854
927 -3017
2630 6690
8518 2759
9208 6776
-3145 -511
-902 3050
6704 -664
6670 -552
-170 -8367
5932 -9784
-1558 -9486
6580 -8301
7698 5032
9521 7299
-3556 8436
-4582 1661
-1650 7371
3850 -8231
-7735 589
-6202 3058
-172 2841
-7824 6617
-214 -3469
-1836 -7433
-3496 9616
-9870 -5904
-484 4946
-23 -9570
7729 -2787
-630 -502
-5121 -5828
-4737 8509
-9723 3229
-2462 9113
5891 -3737
9105 5057
1674 -4282
5970 -8720
-2432 -8541
-8926 -5866
1951 4072
-982 -5075
-4645 -8534
2400 -7285
2213 -6917
976 -8231
-9722 7092
4042 6239
9073 -5724
540 -4700
-9643 4963
-5598 -356
4645 5752
7211 -9629
-1774 -7787
-9995 -7995
652 -6103
-4637 -977
5460 6007
-7189 -8516
-6747 1393
-1515 7508
3747 -2748
1529 -3753
5268 2819
1502 -7932
1712 9346
5097 9625
-6283 -3644
2290 6028
8034 1943
5841 2296
-4961 -1315
-1588 -5076
129 -9502
1892 4944
2452 3383
-9366 -5903
4065 -81
-3542 2163
7952 3053
2399 7960
-8695 -337
9741 1216
-2756 -4978
-9315 5751
1767 -1002
-8597 6526
-4829 6807
-8975 -185
-1520 5300
2403 2917
-9266 -5348
4571 6759
-1079 8520
1573 -8972
-7292 594
-9744 -6029
5187 -5987
-965 -6283
-6811 -3849
5149 -279
-33 4956
1762 6552
88 8859
4159 2788
-575 -7712
-3060 282
-2960 3881
2400 -8490
-7462 9683
276 -6028
1664 -1033
2981 4253
-8309 -3149
6723 -4264
5457 -5120
9836 1872
2144 -855
-1997 5319
1827 -4048
-1760 -4118
6165 -5028
8853 5180
6690 -3075
-3393 1253
5225 -7052
1916 6883
4857 -3111
7461 -1383
4353 6548
-4852 7904
3496 3531
-7325 -5017
-5978 -4360
1592 4399
-5998 5849
-9179 -6447
8733 -6113
812 -6606
4647 9144
-4188 7420
8023 3593
-5798 -8552
65 6600
3147 -4617
-6714 -1861
-8331 8295
-3001 6783
-3857 -1935
-7537 1021
591 -8545
-4992 186
4073 5133
8527 -6259
-3395 -5115
-3975 3174
487 2417
3866 -2232
-5632 4689
-6208 -2349
5790 -8765
-6749 -2922
-2419 7459
-756 250
-5009 3724
8901 1708
-4386 9303
4435 -6092
1370 9688
-1707 2962
-144 -8305
4113 4318
-4194 -5937
8752 1699
-6930 174
5131 -7457
3342 8861
-9961 8382
2352 -9077
8368 -716
-5288 -8937
-9634 -9012
-5103 326
3734 8522
1483 9988
-8317 -7974
-9936 -4941
-878 9517
4936 -4129
9766 1594
7858 8006
-9414 4896
6998 1200
5844 -5653
3631 3070
4134 7932
8921 -7937
6110 8221
6742 -2462
-2475 -156
5591 1946
7005 2929
2445 5656
-8474 -3873
-8559 -2620
-893 -4988
-6371 9300
4220 -307
4040 -9374
7418 63
-2006 1391
7175 1551
3492 635
8173 7006
-3151 233
-4101 -4302
-7653 -3840
-8185 -7096
2752 4793
-4107 -2938
5796 4193
7213 5000
-1586 9425
-6229 1432
-4785 -3826
7566 -8812
6460 6931
-2435 8461
5466 -49
-6095 -4262
5157 -7686
2196 -196
6429 7504
6017 7732
-5206 -820
-2906 -4369
-5649 -5690
-6266 -1973
9460 2765
8940 -2495
-1306 -5326
-8396 -9775
8686 -4847
8826 2891
8629 4152
-9814 -7270
6255 7506
8730 2382
114 2684
-4416 4747
-5902 8629
-7062 2678
-9295 -1551
-8786 393
7898 -6115
2280 -6126
-5901 312
5466 3885
-3225 -3495
-9344 4291
-9259 -876
350 -9157
6946 6996
-321 -921
-2454 780
3129 5264
1662 1644
-9907 6067
180 6088
9973 -4972
-1098 -1922
8390 2253
-142 6722
-3053 7576
5587 -9647
-523 -2396
2168 6328
3324 -6453
2626 2834
-6386 -3277
-8014 -9828
1816 6743
6531 7370
3457 5630
-9343 -3290
8509 3430
-597 3280
3722 6899
8195 9261
-6666 -9331
1994 3782
109 6532
-9922 -5839
-9285 -2847
3877 2704
6597 -5671
-8928 9584
6953 -1587
-2237 -8677
-1967 410
-2440 2142
-858 -3458
-2839 6963
9944 -7136
-2746 -4645
9137 -6723
9809 9248
-2871 2967
-9881 -6393
6311 -2156
5895 7717
7301 2908
-4959 -9313
-7990 7974
2104 6525
-1334 3764
-9695 9664
-9654 7809
-5607 1187
6543 -5990
1008 5368
4615 9400
6087 4537
8144 -4536
7029 9928
7644 4455
1083 2923
3610 8665
6639 9845
6369 9341
3105 2463
2127 -4965
-3436 7131
-1682 6194
-9796 957
-3676 -1419
1701 1212
-4251 -5341
3844 -2212
-2285 -2387
-4212 4593
-2484 -921
-2256 6871
6715 -5154
-2092 -1897
-9435 3084
-8161 -8988
-8137 6413
2607 -1597
-6920 3902
-3797 2811
-2257 -596
7784 7905
-587 7213
-5174 5348
-60 7128
-73 614
-2515 -8824
-256 7671
-506 -2080
-5276 7652
-7616 60
193 -3437
8687 -5753
-8130 -7201
9331 -8234
4891 -1927
-4023 -2926
-5714 2674
1742 9111
6238 -888
-6553 -8318
-7142 -3835
-2444 932
-7428 6323
3974 7051
831 -2703
7581 6358
-5674 -5256
-2456 6268
8034 -3804
4269 -3126
7669 2925
-681 -6033
-6923 -4324
4788 -8939
-3536 -6964
2922 -8045
6608 3043
-634 -9523
-8752 9181
198 -2940
-6582 5800
-9456 -2222
-5955 -2256
7661 1809
-7597 -7921
8725 1929
9617 -9928
-4252 -1957
2825 -7306
-4270 -5744
-3788 -6991
6053 8652
-7151 -7181
-4280 -861
6199 -5902
-6382 5918
-6304 -6663
4802 -2117
9692 1462
7262 2462
-1888 -4184
-391 5986
-2250 -2272
422 5357
-6667 -5705
-2695 9873
8524 3266
9807 -2922
9938 -4906
2913 -4474
-4835 6136
-6806 6531
-1865 2582
-5957 7996
4179 1547
7363 -8695
7291 -7710
3739 -3029
-3952 -4960
3057 -5839
-2246 3103
-3632 -9639
1160 -1
5093 -3826
5422 1097
953 -1995
-1744 -9414
3168 4147
5864 6391
-2062 -9069
-7764 42
6053 -4700
5993 -6752
-1712 -209
7673 -7960
5143 -4935
-4574 -4573
5426 -4768
5127 -9694
1403 4239
-7757 548
4855 -7644
-9777 499
611 1743
2675 6087
-151 8549
-2431 4911
8159 -4099
5693 -6439
-677 168
5233 7086
-3767 -1814
3418 -5620
-5314 -4621
9618 -1455
-7187 9811
-4113 -4419
9802 7669
3132 -3890
-7803 412
2681 -4194
-5562 2046
-8332 -6030
-2468 -3683
-9795 -8919
8167 -9425
-1239 9160
-6461 -1879
3500 -4100
4445 1946
1756 3118
8699 -9022
8647 7643
-2526 8500
2632 1779
-8695 -329
-4563 -4688
-717 -4257
5782 826
1907 -9465
-8890 5987
5146 3795
-8085 3592
-6788 8685
4352 5415
2253 -8623
-7644 -172
1192 952
3172 -5277
-9778 8666
2057 -4196
1116 -8472
992 -8786
2041 -5881
-5346 -3227
-7240 -6053
-8538 -515
-3202 -8374
-9689 -6623
-7487 10
5109 8384
-1789 4766
-562 7465
-7813 9403
-8212 -3669
2135 -7590
-2341 3845
5060 -3029
1091 -7629
-855 -2900
4768 9466
2672 5626
7252 9952
-2951 9470
3200 -8717
-6613 -438
-1951 -1692
-4228 1599
4722 -8793
-2462 1681
7812 -9769
4076 -6607
365 -809
1562 2856
-6324 -4824
-5359 -5573
-6227 -7835
-7884 7313
-9498 -8975
-3971 -835
-7552 3703
-4269 -583
-5264 4218
9146 5225
-3095 -6822
-6591 -3316
77 -1563
7628 -8794
4062 -5838
3059 2910
7338 -8541
-6376 -8579
8734 -8890
-4144 -4260
8626 -7043
6660 5607
-4977 -5206
9012 -3889
-8665 3480
6658 -8122
-1438 1961
-9603 -6212
-5006 -7641
243 -8255
8377 -7224
-5765 -6699
-5278 9435
-9456 -2141
7320 -2823
134 122
-4272 9667
-5540 514
6625 4472
1672 -2807
-929 -8319
3642 -1671
5838 -8647
-2567 7761
-6774 -5448
-2671 7676
-5302 -8398
-8964 1564
-6856 -580
-9683 -4698
9145 -5816
-6150 4172
-5315 -5128
-6936 2032
9225 -4969
-3288 4736
-3215 2016
3369 -5926
-8166 -7377
896 -5478
-7802 -1218
384 8225
3510 -3104
-9964 5142
-9557 -9626
-5442 -9646
4526 9588
-1820 -1591
-9560 -7068
1684 4965
-300 -6615
9122 8396
-3810 -9795
-3451 6211
-9268 -1975
6807 7446
9391 -7070
3547 911
-3948 2900
3274 7305
-8621 216
-197 7833
-38 9626
-7443 -8297
6668 4123
-8772 4241
6357 88
294 -9651
6560 -7453
4293 6843
8009 7292
-6057 4820
-4270 7400
299 7490
8515 5504
-4281 -2706
-1153 9894
9520 9244
-9054 8809
6652 -7924
-9962 7615
-2298 7880
8229 -9885
-7338 -8284
-7720 8509
5800 -9325
5495 -9712
-8592 -6537
-5326 -5054
-5830 1708
-7278 -6812
-6918 -111
2853 1569
4098 -7399
-1602 3800
5135 749
-1372 2157
2273 -3443
1995 577
-915 8656
9332 4275
8284 -1395
5790 8547
-2787 9693
5121 -9537
-6349 5104
-1286 7843
3132 -3267
3055 -8434
9087 -2771
7978 -8547
3610 7942
-5501 326
-9098 -397
-1741 -9786
4489 3708
-3967 1311
3578 6493
6185 -8178
-7715 -5488
9616 1305
2868 -4063
6391 -1671
3617 -4001
3228 -554
4620 2703
645 4926
-4749 1950
-8447 8865
9079 -3847
-6419 3533
-1436 3567
59 -385
1437 -7859
374 -35
-5010 3723
-6620 3711
-7961 7859
-2422 9771
2937 5656
2080 -9194
9453 -2444
9507 -7276
-8412 -5296
4578 -5220
8313 -9334
7954 8160
1495 -3124
2738 1733
-8303 -7069
-9626 -6888
6823 -3312
-1733 -6246
-2754 -7418
-8041 5845
-9629 -9818
-2261 4039
-9517 9825
-1751 966
5746 -7929
-3542 -7174
-5294 4058
-5346 -5589
9865 6201
9133 7392
-5776 -8438
1971 -6773
-3018 -5233
1071 -6042
9803 7949
8131 3030
789 -6105
-2560 -410
-9445 4993
7064 9410
-7765 -9979
4079 -2758
5374 663
-3137 -7547
9846 5238
6800 -284
2944 -2210
2558 2491
6449 -6354
-8406 -2651
-5901 9973
-2412 -6555
3036 4888
3601 5028
4437 7312
-8946 664
-8374 -9608
1055 8854
-8693 7000
2237 -8361
5076 -5127
2663 2758
-1031 -1981
5386 -1059
6290 -4582
-4610 -9300
-5854 -5891
-7283 6699
5447 -9098
-8066 6318
-3019 -117
3996 -7012
-8158 2328
-673 -1228
4132 -6851
1743 -4715
8043 -793
-9053 -5595
7068 -2989
6150 6333
-9246 3357
7467 -4740
-8042 -1379
-477 -9817
6502 7405
1008 5178
-8113 -2797
9532 -1275
7497 -6271
599 2579
7864 5349
-5445 -7659
467 5906
-3362 -777
-4444 -2466
-5388 -3492
1769 31
8652 -4201
-297 3727
4853 1895
-2928 -3796
7129 -4140
8306 -1041
6409 -9620
2959 5802
4871 728
6790 823
449 -6853
2370 -2743
8512 -9193
-2684 -8354
1677 -6877
-1078 -7195
-9748 328
-7778 8626
-1450 5105
-5314 3016
-4305 -601
3500 -7009
-7486 -4175
6553 -3541
-8998 7385
-9469 7064
-1959 5172
9701 2902
4548 -3448
3397 737
3542 -54
-9727 -3961
-1615 3794
-1101 -3783
9233 -9344
55 3585
-9704 -1352
4473 -6445
3735 -7190
-9805 1026
-1911 8458
3629 -5553
-8931 9851
-3598 7050
-2214 5618
-4437 -6481
-441 -8673
5122 -443
5774 -8336
-7680 -2259
-4954 8727
-2625 6097
-6628 -4658
-1847 -4432
6594 7107
5564 2069
-9764 -1597
-1747 2913
3684 -8694
-9356 8377
-4384 -8531
-7203 -72
-6795 8896
-9440 -8361
3101 -7300
-8574 -7120
-7303 8147
-6512 2522
8091 -3931
-3104 5362
1151 8405
529 -7541
9094 1388
6415 -7498
-5401 2777
7967 7059
707 216
-889 -5516
-3877 3912
6612 3392
6273 9224
-8910 8039
4281 -7310
-1240 -1700
-6339 6092
4497 5656
-8164 8534
-79 -1254
1248 -5350
-8853 56
-2886 5848
-216 9114
-6402 7821
1732 8895
2287 3442
6387 2065
3824 2280
4970 -8803
-503 -1896
-2083 -2550
-6894 6880
5413 -7587
4880 -1337
3313 -946
9110 -3873
-4305 8181
7294 -3777
-2236 5479
4374 -5388
-8225 -6784
5281 381
-3619 -8118
-6921 -896
-9071 -8650
2522 6298
3177 -1154
4980 9349
-1989 -1411
7643 -141
9707 -4956
-6776 6752
-3305 -4598
-9120 -9483
-1149 8180
-4884 8975
-645 4347
6229 -9603
3222 9457
-5472 -6972
-6954 7872
438 7050
6398 6223
-5189 -4583
8997 -5592
-548 -3826
-3354 8704
-5895 2676
6914 3341
1520 -1294
-2319 -515
-6169 6637
-9246 -9244
-9787 -6220
530 7697
5569 -5259
-4489 3576
-201 -3994
5145 -8092
37 8331
-1774 7862
6565 -6791
9606 4872
-1787 -5610
6818 6519
-275 -6547
-6190 -5502
-1025 7277
-8943 -1715
-4018 2909
-8630 5308
2604 -4729
4998 -3119
-1211 -7598
-5546 3863
1725 8826
-7966 2680
-2449 -1711
6401 -8361
-8121 9485
-3341 3218
-8564 5325
2601 469
8755 4132
-2959 7379
2686 -1543
3728 -1589
9014 -4710
1413 2446
-3691 -2198
349 9588
5988 8034
43 6104
-8536 -2740
-3256 164
-2898 -2936
-7612 7124
-2407 2259
-3609 4989
6089 68
8525 7153
-716 -1226
7785 5973
2139 -1703
9821 -802
2506 8448
-9799 3890
-7 -1506
5754 245
-9592 5178
-4038 -3782
-6658 -2489
9770 -1650
-2940 4656
-5277 -119
-2967 -3131
5643 -3032
-3339 -9962
-1665 3428
-3654 8800
-9032 -1845
-7956 -7428
1066 -8831
1414 5759
4657 540
6759 5544
-3225 -9381
2690 -9900
4756 265
-6133 -6530
339 -6801
167 900
4659 -297
-3149 -9452
9348 -7006
4870 6918
9490 -9685
-8515 -9365
-9886 4277
-5184 6620
5884 4771
9111 -8426
-4605 -7342
6645 5522
-7288 -6129
-2930 -9489
5132 6773
-3525 -9043
-8495 -209
6506 7047
3964 -5426
-5111 1375
2010 7174
1450 95
436 5845
4337 6267
-8439 -3681
2699 3447
2689 -3043
828 3064
3575 5402
5895 -8381
-7424 2427
-7783 -3910
-6864 -5918
