2000
9678 7047
392 2905
-3408 -8958
-2395 -1392
-5688 -1073
-3948 -8231
5126 -4313
3489 -2271
-1510 2190
3222 -918
6331 2744
-2117 -8548
-8637 7590
-4036 5492
-3519 7914
8681 -8801
4104 -3841
-2799 2793
-4879 -5583
7065 8527
-9705 3155
8842 -3162
4567 9143
1332 6052
-4867 -6943
5801 -1726
-274 -8537
-7227 -6316
-7104 4810
2723 -1262
3658 -622
9258 5124
1637 1483
9621 179
-1295 6759
-87 6685
-6478 2721
1863 -1246
-5195 -8190
-5133 -3084
5190 3659
8843 -5612
1793 -5084
9726 -4663
4075 4690
-2212 6170
5014 1453
-7065 766
-9056 -3349
-6591 -7445
9241 3370
-3910 7043
-4204 -3517
-1707 -8326
-1410 4323
1702 3160
-8731 -2500
6137 545
9603 3062
1472 9584
9474 3677
-1150 9260
3746 4487
-5142 1786
4341 8411
1780 -1733
-4691 7302
-6215 -8409
-3014 4827
2870 5799
2680 5576
-3204 -5429
8837 3949
-2990 -7067
-7484 8439
5836 -7797
-4817 -8011
-9804 -5314
6472 8930
7340 -4945
7043 4533
5556 -880
4432 -3927
-9101 9341
8860 -8583
-9287 7490
-7940 1539
-4513 -2491
4163 -5382
-6944 6219
8422 6679
-7612 -7387
1020 -6396
-3746 -3694
1361 1212
-4256 -6406
6435 2124
8197 -8701
-5640 866
6004 -7184
-9695 -6780
4759 6717
-2054 -7634
705 -6033
-9815 -7891
-7492 7482
-9906 -7673
-348 -1382
4924 1114
-7675 5907
9501 5
-4151 1791
3090 9656
4242 -5954
-3138 -8829
-5609 245
682 889
3255 -7130
-3163 8628
-5543 -2320
-4839 -2978
3070 687
9305 -4744
-9910 -7278
8629 7949
1674 -3863
7928 8129
-8496 7523
-8432 4738
5909 5746
-289 2152
-6960 -9701
-6830 -9608
-7260 -9985
-2305 3728
-9250 919
-8395 6577
-8168 3820
-9738 -5370
-7422 -4356
1781 8891
-9261 4252
5495 -292
-5555 -7757
-8291 -9216
6657 -5925
-1905 1420
1812 9697
-6568 1265
-5007 8274
-808 4848
1424 -536
-2996 797
5427 6978
-7379 -2733
-122 -8275
5977 8123
-2170 618
6582 5192
5976 5996
-6209 8292
-289 2632
6049 1887
-3128 -8477
9797 -6799
-8231 5586
-4951 -1012
-6495 3194
3892 5775
-3238 8932
-9344 6513
8356 6640
978 -9647
9266 -94
-378 -2440
-4149 8963
5315 3414
-4700 5562
-9195 1364
8286 2172
-2242 -5678
7031 -9945
6970 6528
6023 -9465
-6813 861
1094 -3495
-6855 -2436
1638 -551
9355 7844
-4597 904
-134 -1024
-3890 4975
4258 -4820
-9736 1410
-2697 5063
-6894 8551
-7674 5061
5309 -9864
-5607 9296
156 1332
7837 -2420
5145 -5030
4419 -5298
-3733 -3218
-8594 7494
190 5391
366 1272
-9827 6301
1431 -5377
-6594 -9563
8988 8734
3794 -3488
370 -4966
-5671 2824
-5845 4763
-7658 8206
-6825 -4288
4136 -8793
1711 -8686
-7472 -9598
5793 3117
-1890 2719
2740 -3842
4502 -1717
-1280 -5830
-7096 -8371
1862 1429
-9817 -9582
3242 -7769
6994 -5487
-3561 -8883
551 -6943
-5736 3336
4650 -5314
-4912 9696
6534 -9101
7339 -9120
760 -5357
2926 78
7969 -1018
4332 -4634
-9485 -5407
-1267 -3806
-1575 -9301
-1067 -4305
-3187 -4581
-1524 5372
-1293 7364
-4230 6461
6157 -2922
1698 858
5459 2690
-8947 -964
-7166 -61
-7358 7700
-6935 -9198
-883 6974
-6833 -2698
1722 7850
-6456 1593
-9268 -9346
6026 4078
1441 -792
-611 -1546
9253 7211
1789 -4455
-8045 950
9986 969
-9093 -6992
-9293 -3460
1063 -6451
-9477 -6227
4796 -9821
8029 -2589
9004 -3483
-2829 -4706
9372 9736
2664 -3083
9092 4534
5465 -7947
1319 8344
3014 -2746
8223 3275
6283 2999
-6741 -7150
121 6991
-5516 4323
4502 4365
-8225 -7000
-483 6252
-8455 -9221
-5765 -9592
-2675 -9084
9171 6900
-7327 138
-1519 4636
-8111 3992
-2734 -8505
8215 -6168
403 -2730
-2019 -8526
5797 -9477
4888 2465
5465 4019
270 6664
-8837 -1298
-890 5536
6453 -4602
-3982 -9845
293 5623
3979 -1309
-3596 -7505
-2289 9589
-6580 3670
-5340 -354
1120 7545
8068 2641
-4895 637
-1623 6677
7061 -5710
2992 8647
4183 8224
-6379 -7899
-4022 4356
3699 3361
-7949 6271
-7514 -2322
-2734 -1545
-4154 197
9844 4408
1952 506
-6853 4684
-4679 3740
4137 1973
9985 7419
6065 1197
-580 2976
8799 3968
2044 6763
123 -1503
-5233 -4257
7142 5895
-5650 975
-8829 -5593
8815 3917
-1857 -8986
9420 4487
1948 5011
-3016 -1539
-4121 -3916
7282 689
-6336 -8057
9633 422
-2816 -3817
4680 1676
-8861 -8973
6923 -6832
4143 8281
-7312 -5007
-7370 9035
-6230 -4777
-6569 773
-4216 -6811
1650 5379
-8538 6489
-2823 7529
-6808 -7536
2887 4562
-5534 -7176
8222 -9930
-8902 -7134
-3966 9361
7642 -8259
-3266 -6103
-7068 -5950
-727 -636
-6143 -3298
3612 6425
1803 -359
-3871 -4739
-7211 6987
9451 7027
1589 -298
6248 2337
6129 6055
8921 4469
3829 -9053
-7312 -1324
2573 5191
9241 3143
-3773 9226
-352 2235
2380 84
-6554 -3020
2241 -5817
-5110 3296
323 8751
-1547 -5660
-9602 -8089
7966 -5300
9169 6527
7474 -9394
-718 6718
5630 -6118
7025 -4424
-1478 8591
4546 -3028
-9224 -8109
-1129 -3074
4830 -5778
7519 -8888
9863 9720
-5941 -2159
3473 2036
-9544 -1822
-5296 5159
5765 9625
-9937 -4102
-220 -4953
623 9414
8004 525
7497 -7135
-5244 2550
-6804 -8006
-3784 3628
8461 8026
7745 -2545
9017 -7957
4080 -4476
3703 2489
-2353 4536
7882 -7873
-1974 -6588
2180 -8335
-8922 7806
2052 -3477
-612 -7198
9073 -452
1542 4145
1493 -7732
-9707 -8521
2655 -47
5717 -8242
-2717 1672
-2119 3517
-1947 -5294
-3167 5529
-7339 -345
5041 4859
6386 8562
-4916 9840
-7359 -1563
-8295 8193
2337 -8286
-2297 6969
-7832 -2450
-8777 -2003
3476 4823
-3506 6941
457 -5521
-815 8097
7346 -7770
5606 9740
4598 -9994
-7712 646
485 4704
-6860 -2628
-4436 3127
8562 -1433
-4465 -8378
2893 -3736
7982 -2297
-3754 4117
4778 1458
9658 6462
4558 -4766
1186 -1157
2303 1903
5630 -3209
-8842 621
-4675 7918
-990 5364
2211 2186
-9248 8295
9917 772
-9243 8
-8569 2810
647 -7541
7638 -2322
-5861 -4576
4379 7296
-141 -7583
4320 -715
9798 -7839
2782 3670
1587 -9045
6319 8107
4014 -5683
-7389 -1470
-6978 4766
-1505 -7472
9059 -6221
-3761 -74
-8676 3426
8850 -6124
-5108 -816
1601 6949
-3766 4751
6912 -4080
9590 -3969
707 3415
5242 4897
9214 746
9276 -745
-2258 -4454
1795 -3981
3519 6237
-117 853
-2001 -6522
1076 1208
-9609 -3152
-2483 5968
719 1993
-8367 7472
-2777 1351
-1514 -5056
-6439 7930
-1324 -6272
2983 -3504
2042 1672
-8589 -9276
-9319 -6164
8410 4931
8409 565
-8228 -3592
6977 -516
-4548 -4116
-8403 -5507
-8035 9892
4963 -3048
1896 -812
839 -6551
-2823 5457
-8048 -6765
8628 -6120
-1674 7715
-8450 -9961
4970 -993
9572 9960
-3633 7099
-3417 -4936
949 -6657
1558 2035
5647 6267
-6782 7244
152 609
7779 5114
4292 -9010
-2054 -1324
2557 9965
7680 -3426
334 -9118
3610 -7050
-7090 -976
-3878 3182
8246 2998
-9938 2705
-1540 2915
-818 1620
-1137 -2173
-7843 6121
1235 9015
-6274 -6344
2333 -753
2932 5393
-4313 -1390
3213 4332
7283 6021
-1235 -3178
-9997 -6087
6911 4888
1313 -8030
8606 6973
2313 -6506
5042 -2213
-6092 -5104
-2368 7199
-9145 8864
1831 1358
471 6909
-4482 -1517
-7185 6159
5900 8731
-727 -6182
1452 -5335
-6727 2998
8689 -1638
-944 8307
-4479 7294
-4919 -4911
-14 -9437
7762 2710
5294 7618
2696 -7663
9246 -2876
5607 -6834
-6955 -1516
935 -7858
-319 8946
-2669 -9792
3206 -8868
3216 4325
2631 1894
2908 -7729
1081 -8127
-7564 7989
4419 -8934
-7596 -6082
-3744 -288
-9444 8821
-8013 -778
7707 9885
-4253 -1247
1419 -1359
2570 5429
6561 -7530
6795 -4225
-8611 -224
5768 3147
5020 8019
9728 -3151
1636 -8824
-4906 4147
-2421 7762
6582 5071
-5707 -1864
1741 -7711
1043 -4280
4361 7488
2916 -3818
-1347 -3069
6427 3198
-7027 -4553
-7686 -8463
9556 -7538
3032 -8946
-7770 9283
7150 -5333
-3851 -2675
-7605 -5271
6586 -7269
-4980 409
6129 -1674
-4187 9784
-4034 4211
-8859 -7550
9369 4619
-6214 -8712
-3454 -3938
-1476 -3899
-2845 -3899
-895 -8445
-56 3107
-9569 -3746
4704 6093
-7456 -3453
6957 1289
9615 -2435
1069 6806
1016 -851
5320 7035
1653 5878
7167 4688
-9251 9161
-1018 -6288
3535 2995
8271 6137
-757 -3640
2614 1935
1749 3395
9943 -2682
-7673 4293
-4422 -9381
7425 -4337
8533 6648
7403 2162
-1961 7573
2260 2777
1937 -1074
2639 6730
3445 -9082
-9225 -106
6254 1716
-6350 3740
-2866 2588
9906 5399
3413 797
5137 -4046
1617 8991
9359 6283
-1556 3870
1442 6762
-462 -9797
-870 -6299
-5849 -8526
-3887 -8232
5383 7597
3033 -3112
-9373 1636
-5777 -9597
5803 1483
-4000 -2150
3804 2936
5647 -5142
-8860 -859
-6990 5006
5488 3305
3508 4452
-8127 -4975
220 -7363
-1874 -255
-2659 -9947
-3059 -6492
8865 -5906
-5502 1290
-3507 -6912
4659 -5979
6957 6214
-8929 2183
-8677 2603
1329 -7789
9237 -1946
-7495 537
9283 2745
9103 -1901
7844 -498
3276 -2771
4458 -1094
6721 -9783
5228 3323
-9869 -8782
-4761 -4559
-8346 4790
-3028 -4084
-7760 -7274
-1342 2016
-9931 7290
-2173 -2105
-5640 -3705
4394 -2891
-9668 -6538
4412 5958
-1416 3608
7546 -1130
-7808 -4695
-3477 2773
8214 -3956
-9167 5484
-8601 -6411
-3685 -2195
9821 -2640
-5350 4973
-3412 -6390
-95 2477
9586 948
8132 -1981
-6024 9918
7247 2543
-8588 6282
-8414 4792
1286 -2675
3369 1830
-2687 3220
6809 7923
-552 2434
9794 -6877
-8183 2989
6599 -1836
-9360 2126
-3205 224
8243 -6053
-2415 -5074
7469 -4060
-7779 -5169
-6656 -7398
3648 -2472
9358 4630
-2151 738
-1340 -3329
9105 -1621
5223 8109
1097 -7382
783 -9240
2887 1417
-8360 5144
9091 -6598
-1672 9884
-456 397
5228 -483
5840 1765
9293 -7708
6922 -512
-9775 8650
-959 -1508
-9409 2606
714 1866
4485 5814
6575 -4468
6949 -1012
-5869 3182
6584 8589
-7808 -3057
7340 -1368
-8131 1736
-2779 6288
8581 7710
918 234
2605 9223
-2286 4864
-2531 -4634
7233 -1695
-2160 -8096
1157 1717
-5575 -1865
-8684 -1895
414 -1444
5499 -8380
3973 6328
1784 2838
2847 5842
7272 -7274
6681 1427
649 -1811
-6948 -715
4652 -7916
4110 522
6147 5605
1042 -8051
3805 -2697
9129 5467
-5978 5121
-9539 3263
-410 -6758
9801 4434
3997 -4905
-2179 2647
-2206 1268
9458 -5499
7508 8444
-5752 -3770
-9528 2159
1484 8358
-5972 6619
-2358 -7475
7992 7833
6675 -3230
-9967 -4266
-1024 -9144
9012 -377
8439 -1223
-4856 3008
-5725 -3741
761 2939
5103 -2547
3684 1989
-2132 9351
-8572 4156
4496 9352
-8124 -4544
-2990 -7863
-1092 9868
-4399 -2595
-1739 -1059
-7716 8299
796 -2728
-6000 -9277
703 5940
2599 -1724
5729 -4816
7173 -2299
-2949 3133
-2711 -4960
-5609 2201
-8623 -8216
-6079 -3733
-145 -1613
9513 6550
-4510 9178
7476 1495
-7513 1496
5940 -1729
-2069 -3512
8485 -3358
1827 -9470
1952 4213
1067 2720
7761 9004
4925 8356
-6140 -7849
2140 6302
-5311 1502
-1948 -8006
-5108 -2078
9417 7263
-1242 -7633
4359 -4375
2113 -1582
8782 -7710
-3459 597
-1470 4329
-2952 8493
-8784 9597
-8328 -5192
681 6141
2443 -4468
7035 -3459
2256 -9148
-1226 -1193
-3931 7149
9516 1912
7537 8549
-3034 3875
9886 -351
-6034 -4253
-6204 -3574
-5082 2496
5814 845
9374 -144
-4004 7486
-3261 3775
-9685 8439
9291 -6227
2580 2572
-280 1786
-6303 -7631
-9083 2956
551 -8767
4603 1605
-8928 4157
-9418 -7711
8506 -5131
5714 -778
9078 4319
5526 8808
2583 -1206
-2767 -7736
-3963 2898
-810 244
-7971 -7663
-1573 -7370
5587 -553
4401 -655
-5330 -142
-5985 -997
5013 -4258
4332 -1682
7540 3519
1558 3766
2574 -9663
-868 -2917
-653 -4844
-8226 -9915
329 9105
-4838 965
3595 6080
-4474 3590
-3345 2902
-7240 9928
2651 1325
7067 496
8814 -2336
-5097 5120
-1115 -9926
-5868 6461
-6456 -8542
335 6985
7070 6612
5717 2110
-3205 1120
-2801 -5401
8189 -5890
-9267 6446
6373 -5157
9889 -6507
7710 2745
-5871 6956
5796 6523
-9683 -968
-4508 -5320
-3861 -5550
-8566 2757
-631 -9806
2304 8505
3345 -1194
3405 -7181
-3070 -9457
-9291 1594
-9843 -2337
4877 -9197
3548 -9954
-9278 6307
2829 7677
429 6518
-8803 3147
-8683 5921
2399 1057
1252 -7249
-5024 -8233
573 -2724
96 8321
-7416 -6023
9292 -9254
2130 -6706
-5903 9450
-6784 727
-2967 -8635
9042 -6062
-9545 -6418
-9551 -530
-889 -4627
6431 -8234
-5482 -8491
-3003 -2318
8679 3215
1536 7570
-4732 2495
3241 7841
-8866 -1720
1450 -909
9818 -1048
317 4666
8604 571
4154 3079
-3731 -7221
-1847 4603
6370 5381
-9390 -5417
5986 -5392
-8457 -2392
-1102 8385
880 3079
4641 7887
-112 -2159
6933 9496
-1552 -8663
6004 -9530
1042 -7515
9286 4607
7387 -1084
-6482 -4446
-5345 -740
3843 -6392
1937 -1013
-9685 3549
1933 7202
4001 -787
821 -3467
4375 -1359
-1863 -9292
-7955 5028
5498 -9695
-7210 8049
6377 260
-7104 -4204
1351 7484
-3257 136
7465 9727
-1287 -5694
-8425 -598
-3397 -972
-8038 7229
-6238 -9397
2966 6504
7212 -8143
6885 -8898
-8593 -7023
-5253 6103
-3637 -2082
3715 -5156
-7673 -741
-6885 -1214
2233 2791
-9183 -9420
3703 -9054
3695 -7608
-6659 -9695
-5371 9378
5881 -2897
-1040 -8685
-7583 6813
-6489 -435
-4332 -2455
9185 1979
6823 5752
-1269 6620
-874 -7130
9382 1847
2427 -8642
-3975 -9802
-3689 -3871
155 -6559
-3461 -348
-9524 8505
9821 -3859
-7047 3157
-7278 -4042
7225 185
-7837 -1610
-5859 6409
6749 8986
-4424 2872
-5282 -4126
953 -5043
-4845 -9135
-3006 -9301
-5860 5187
-5161 7149
5654 679
6820 -4685
8472 5474
-4848 -6506
7400 -8807
3304 -7624
-7495 9564
-7731 -8835
4038 9254
-1152 -2154
2803 -7524
-6658 -6478
-5779 -8321
6866 4057
1206 2082
-3519 -8296
740 580
-226 -2978
4237 2933
7847 4926
7303 1636
1199 1151
2316 -6472
-7218 3469
-4965 74
6272 5351
8873 7838
9517 -6666
7391 -3186
8896 -9897
-8193 2317
-7104 -902
6120 6269
-799 2670
1317 356
-4288 -2953
-8082 2340
5868 6912
4101 7956
-1971 -7630
7722 9136
-9307 -1979
1355 -9686
-2871 -6069
-5966 2467
-5217 -255
8843 -438
-4170 -2320
-5930 8683
2759 8752
-4201 5387
1447 8472
5383 -2283
-4328 -2685
-315 3204
6060 7423
-4557 1127
1442 -9527
-5596 -9481
2986 8571
-1685 2159
-8279 7769
-831 879
-439 1272
24 3240
2347 -7680
-9209 9544
-2740 -2485
4830 9895
6819 6654
7797 -1765
9363 2878
7072 -3040
-2521 804
-626 -4803
7356 -9536
-8046 -8591
2288 -7203
4070 1123
-1917 -4430
1611 -2186
-2643 -5849
1666 2402
6017 8338
4991 216
8451 2835
-567 6508
-6532 7813
2337 -3496
1701 4668
8854 -8290
-3159 2778
5575 -9193
5651 -7151
-1581 3365
-8822 -2545
5327 -6250
6152 -1465
-3127 713
-9072 5889
2444 -4416
-7908 -6901
-5367 -4403
5823 -719
-2331 6970
-7599 -2477
-5979 -3478
1050 -758
5812 -6683
6682 422
-8403 -2048
1702 7861
-3605 6924
1357 1575
-2537 6989
-7427 2285
9105 9908
-4496 -1614
-8613 -6263
-9293 -8674
2571 -944
9300 -6892
6071 -9688
-6371 4070
-1788 1882
9834 -9689
-8108 -191
453 1536
-6890 2008
-1003 -8191
4094 4294
7922 5291
-6324 3199
-9344 -2853
2194 -1216
7840 -8637
-1808 -1515
-1202 -9141
4930 -5738
6145 2427
6459 -6859
6672 9699
1234 8351
359 -2876
-1066 8065
2359 -6924
8367 -3252
-6333 4001
-8853 -4237
4547 -5676
-592 3342
-8174 6107
6967 7601
-8138 624
-3228 5617
-7522 -8273
-8574 -6770
-4698 9150
-3726 6381
8167 9382
-3822 8929
-4324 4246
-1754 -5456
307 -656
7389 -606
-3544 -1426
-5320 -3204
-5604 -1718
-7373 -4633
-9017 -20
5428 -601
6350 -2817
-3668 -9426
6956 -4628
-1526 6327
5255 8843
3088 4652
9196 -5348
7717 -4946
8169 3223
-8204 5105
-4379 -5376
6628 198
5565 18
-6282 9255
2374 -9731
1173 9146
9721 2444
7817 7505
7553 -9604
9239 -3710
-9058 6528
-5100 6047
-5179 -6142
-9198 -7384
-8559 -7010
1335 -7402
6517 -2937
-9199 -2038
937 5803
9793 -5481
-2615 -6690
5755 965
2190 -2895
1222 7292
-6419 -258
-9 460
227 -1756
2103 4891
-8772 8770
-8241 2905
9224 -7331
3453 6815
-1502 9462
5264 4254
-7507 9435
-3534 8777
-259 -121
-9296 -4059
-6768 -8070
5394 1927
-3893 -3187
8779 -895
-2284 -9945
8825 4602
-2494 -1056
5335 -5696
-8882 450
3632 -1213
-3238 3337
2772 -1105
1392 -745
-7146 -7042
-1101 -8868
-3216 -2720
9207 2131
-7336 -4102
8724 -966
-911 -8558
6044 -3561
5384 1634
5938 -2730
-8559 718
-6775 -9223
4114 5073
-2311 -13
9243 606
3564 9081
-6066 -4183
3097 -3817
8314 4439
-9664 6024
-4942 -5301
-3859 -7220
-781 7868
-498 -4094
6897 -1677
-7239 -4561
-63 -7942
7132 -4013
5974 -5949
8378 -1459
1342 8937
-1525 5663
-8155 5276
-286 -8429
7596 -6120
-1421 3771
6551 -3626
-5759 8441
-1933 -4230
7814 7464
-3376 -5036
743 -9425
-3438 6561
-5668 1595
-9865 -3744
-4807 -7290
-7907 1478
474 3668
8960 -6062
-2182 -6091
7680 -9725
-3351 -9883
8559 7952
-2558 4612
2075 -3375
5310 -4745
-4170 -7581
8981 -3947
7648 6113
-7631 -2967
3464 7784
2982 1283
-1329 5557
-6784 -6545
-2636 -2370
-2094 1034
1152 -1235
-3284 8276
2887 3431
-9945 7879
-6867 -1317
1102 5366
-8582 -1036
-1203 3803
-5443 -7214
-9431 1166
-7552 8021
3578 7272
-5552 1119
-7530 6794
1548 5533
-5703 4097
2372 -3580
9851 4734
2612 -1020
-8617 -6373
8993 9467
2151 2485
9 -5869
-3083 -9053
2114 8287
6307 1208
-1521 8283
3123 3605
4119 2927
2181 5593
3410 -612
5808 -9802
8654 -4219
4761 9380
-6994 1265
4452 6144
2350 -4281
-150 -3398
-2450 -3921
-5635 -9513
1695 -6616
-8334 -5608
7998 -6105
-9458 8510
7823 2116
-8497 2723
2922 1232
7014 -8968
-5868 1575
-3440 5495
5360 -2862
2857 -8988
1335 1430
-8771 -3573
635 -7395
-4011 -4406
-14 -7670
-54 1377
-114 1704
-2459 488
-3068 1430
-7339 2765
3797 -6426
5149 -6605
8891 7929
-1213 -4571
162 7971
-600 -4636
5512 -8503
-5898 629
9944 -3853
2198 3813
-4811 3650
-925 -7857
6352 8796
225 6616
-620 -6717
-3143 6608
-9998 -3102
-1453 -4274
1156 -7387
-5696 -8945
140 -4962
256 3704
-1947 -4348
1799 8080
1892 1717
-4633 -2283
-140 -9199
-6683 8163
4778 -3789
-505 7264
7592 -2122
8497 -9928
-4201 7594
-6072 765
1820 -9325
-4287 -1768
-4343 -4320
1332 9691
7770 3710
-852 -3149
4568 3382
7904 4515
2677 -1852
8081 -5059
-7796 1175
-7227 1296
1368 9796
-8890 -8730
5756 7167
-8438 -4962
3270 1296
6976 997
687 8927
6358 -1692
8880 -1544
-4442 -4495
-6260 3448
-4684 -6539
-1598 -9863
5033 -6604
4692 4328
7844 7806
-7204 -3940
-3053 8954
-2288 8552
-153 -1490
9507 -9018
-6371 -3177
8852 3914
-7631 -6293
2933 7731
4899 1648
5109 6673
-9470 -9785
-6389 -2769
-8442 5563
7090 8304
-1916 9403
-7924 9886
8438 8752
-2739 -211
4492 2005
8828 488
-5599 -8159
-4451 7679
5410 491
-7862 -7798
-7404 308
4244 -9033
1920 -6874
-7590 7856
9880 3478
6601 -6780
-6895 1684
435 -7602
2187 -4737
7269 -8583
1905 399
2240 9817
-8784 -9973
4239 -8491
-2567 6626
654 -9902
-5214 29
6876 -5102
-3526 6706
3905 9286
-3774 -3647
8037 4226
6624 -668
8316 2192
3609 2531
-7071 9305
9122 -765
2983 8891
-5880 -9663
-9317 -2779
-2681 1553
-8419 5058
-6324 2106
2532 -7822
-4816 150
-9777 -3564
-9338 1411
-5537 -8020
4173 7286
3538 -7222
-7917 1502
-9264 6467
9078 -5075
-1017 3719
-5339 -6802
8472 -334
-1556 1980
-2194 -6226
-4048 2121
-7730 -9662
-3226 1136
-7454 -3785
1916 1157
-1557 -2991
3509 -191
-8689 -8020
-7833 5592
-5763 -7953
9488 -8755
-1836 3220
-3394 -5852
9849 -3365
4130 5050
-2830 1376
5435 -9919
1218 3162
-6903 -7792
7087 7485
-5506 5013
-5178 -750
1230 8003
7315 -3867
1901 7118
-7917 -8449
8492 5109
9257 3968
-5676 -4903
-9854 9106
4202 8454
8536 -2683
-5801 -364
5565 3474
958 -2704
-7692 2651
-8100 5452
7175 -2870
6984 6851
3969 4489
9761 2606
-2286 9773
3741 -8028
-2931 -3029
-203 8065
6518 -2784
8254 -6002
3634 8774
2247 -7548
-252 2919
-4430 -6795
-7623 2056
-7093 -2530
-1958 9553
7762 -6389
6217 -7990
-8218 -8757
-6785 -6069
902 9244
7308 285
-8779 -5581
2138 7547
6320 9475
-4353 -508
-7590 2288
9214 5395
1171 -2020
9172 -8410
-5137 4078
7690 -2787
2944 -3654
-2411 3906
-8443 8447
7691 4525
-1470 6180
-9402 8719
9986 -249
2946 2736
-4052 -9974
2314 8593
7708 -1641
-9941 5248
6838 -1121
-7044 -7049
3885 -8299
1768 -5634
-8007 -3172
-1004 -6923
7602 -6450
9731 407
-875 -3868
9604 -5951
-9494 2832
2858 6271
8584 -3546
8534 -1108
-5861 6292
-4830 8594
-4735 -5303
119 1847
6214 9151
-301 -8114
-5037 -8073
-4523 8695
-899 -3714
6139 -1072
2978 -8053
4779 5742
5733 7205
-6342 1357
-6031 4317
608 -7808
-5494 1829
6526 5778
1345 -229
2642 -3355
2252 1279
3206 -7659
-8965 7216
-6499 -7596
5053 3858
9526 9640
9102 -1970
-4766 8025
-619 4835
2872 2614
8527 7071
-1101 -6521
-7023 -6968
6524 -4576
5790 8043
-678 2887
5228 -1958
-1022 -3752
-1348 9984
7562 6200
9560 -6295
5456 7087
5111 8661
7216 -5589
7025 -1788
-997 3808
7287 9272
-7697 7902
-2953 -6016
-7973 -7453
9155 -3443
4599 5070
-8683 4382
8087 -2703
-6504 -30
7396 5648
6456 -6945
-4563 2851
-9018 1566
-6501 -7348
6461 -8273
-9002 2502
4125 7468
-4827 -2978
-430 -8829
-2272 921
-4010 -1276
-3173 -3952
3345 -2693
-9003 -1366
-1998 6842
-6383 8393
4965 -5543
9745 -946
5428 9668
-8605 -6757
9466 5609
3076 -7607
-584 3590
8482 -8031
2890 -7294
5151 -3790
5979 -7400
-92 -4302
4332 -677
-115 4626
6740 -7666
-3209 3503
-3723 5425
5092 256
7220 -8296
7313 6487
-7399 6686
3996 4110
9800 2017
8444 2478
8688 6411
9011 3594
9293 8387
-2291 2639
-2735 3624
9679 -8685
8539 -2275
-6851 191
-9554 -5185
241 -8039
-7831 7667
8073 1274
-896 -5230
-9493 2068
-5455 -1096
-4686 8951
6265 -3047
-4661 -1955
-9316 5557
2902 6770
8085 1670
-6885 6301
-3509 6623
-4842 -15
1946 659
2046 5399
394 7836
-3674 118
-4094 9498
2122 -3167
-496 452
-8875 7436
-798 -4231
-4954 186
-3045 -114
-4724 -8332
7970 -1240
-897 -1609
8376 -1819
8840 4261
3381 4042
1878 885
-5277 -6226
-3008 8204
-1242 630
-5198 9115
-9730 -8018
-2249 -4073
9834 -528
-6922 6519
8187 -3212
5548 -1646
-9535 9877
-1942 -1629
-7368 -7439
6604 -3103
-8497 9734
-2772 -1519
405 -3774
6856 4220
7055 9163
-8855 -4622
5027 7326
-3203 2617
-865 4860
-8352 3597
-4329 1043
919 -9084
-712 -3863
-1302 8977
-405 5641
9095 -4699
7503 1098
7324 -3678
-5738 -2092
791 7901
-6722 -8683
-7637 5657
-1726 -7975
6886 2881
-3523 -8871
5893 -7746
-3109 2149
8286 -3188
-491 9900
5540 704
9727 9104
201 4634
-5324 7229
-1143 1246
-854 -1061
3977 9649
5305 6145
-8109 6340
-780 -2701
-1571 8777
-5249 9419
1567 -5679
4854 1642
1542 3573
-5724 -5637
-6534 802
-843 -5998
-5048 7389
-1366 3833
-3508 3809
3457 -8500
-8635 -9532
-9472 2483
9782 -3023
-4247 -251
-833 1931
6253 504
-4133 -5546
8027 1106
9190 7409
1931 -3977
3747 -3623
-6235 -8913
4921 8699
2507 6120
-8660 -8588
-4398 -315
-7833 -3574
3404 -3870
9600 -4331
7601 -7123
7103 2487
-9339 7574
2400 -7031
-5902 8688
-1568 1590
-8313 6029
7117 -7822
-9124 -4548
-4708 5758
-9110 7104
-3212 353
6779 -3508
6344 2676
8346 3903
6781 9664
5872 9667
7240 3883
-9428 6533
8942 3360
-5051 -5330
-5581 -2627
3272 357
5809 -8465
-8987 4148
1251 -5179
8895 -8096
2117 -8240
4436 9395
3297 2181
1845 6502
6168 3798
1401 1437
-2031 7128
4209 1973
-9637 -3090
8004 -7122
3236 -5217
39 1275
-4578 2765
7587 1053
6678 -9606
-7846 -9799
9596 -1206
-5304 -9690
6813 2893
-3310 6541
1698 6701
7550 8092
3785 9667
298 1758
8357 4149
-7348 -1699
9577 1592
-5643 6412
-2536 -1281
2834 -4336
-4135 -2138
-9623 8709
9020 -4539
-7926 -4927
-4666 5832
6253 2485
4297 7032
6698 3802
-720 -1918
-4049 -3005
9018 -2363
-7051 -1397
-1265 -7686
