2000
6621 6616
-6383 -2775
2022 5015
8854 -151
-4826 -4826
-5881 8749
5381 8286
6572 -5241
-2466 7489
2308 -5708
823 -3285
-2522 -7984
6209 1515
-9162 724
1377 1833
2170 -9237
1709 1719
-3267 9508
-643 -2548
6347 -693
-1945 4531
2816 -9535
-1054 -2843
-5355 3109
-8879 6480
-3085 -9327
-3590 5666
-2820 8115
-1162 -7382
8172 -1982
2503 -6065
9375 341
-151 -5789
5384 -171
9136 9206
7457 1731
5917 912
8069 3994
-2898 -5138
-4938 -3566
-2893 1944
-2391 1978
3813 3517
9856 4789
-7193 -3629
306 8027
2089 5310
-6759 -319
-6770 -8063
-5137 8626
356 -7635
6998 -3960
-9967 -3728
4856 5066
-8501 856
-7200 -6362
9337 2327
-4157 409
-4802 3149
9520 -4302
-2554 1726
-2965 -174
-6773 9535
-4808 3997
2622 -3543
2543 3776
9816 -3302
6692 -459
-5394 -6430
4426 1547
5185 -173
-7847 7226
1356 8243
1391 1718
-8864 6554
2000 911
-5543 -1418
-1884 9035
3031 -2316
7862 3308
-2917 -626
6072 4125
-6335 620
4190 6484
-1970 1993
-4460 -1385
-438 -3064
-4822 -2307
-6869 -9083
-8809 -9711
1200 -5732
2850 3191
5946 5657
-2939 -5313
7995 2697
-7930 -1357
-7232 -1201
-6861 -8137
8347 154
-7854 7329
-336 98
-9246 -2314
9101 -7054
-2416 -347
-58 -4048
220 -1225
-4314 -8858
-9481 -3209
1478 -8369
4329 -2419
9945 -528
-8009 -9881
-4297 -7288
2867 -4870
-3821 -5950
7869 8734
-3580 9565
-7490 8623
-1725 -759
5193 95
-7410 8217
-6921 -4587
2204 -1723
-92 -6401
4901 -2598
-9406 -2043
1798 4845
7558 -7414
1437 7501
-8450 4145
2878 -8663
-5378 9419
8041 -6982
2259 -2868
-9053 36
-1747 1173
-9694 -2741
5536 5053
8652 6231
-6368 -836
-9158 7273
2118 -5774
533 2640
140 3396
-2460 -4309
-2972 1691
4830 -5862
-2843 1650
-7498 6592
-3373 -6864
4309 -2829
4430 8601
7375 4615
845 3686
-3430 6026
3299 8198
-7576 -2588
-9949 -863
-7468 2957
8648 192
-4397 3793
7931 -604
-5234 -5847
-9256 -4913
-1776 -2731
8161 1093
3414 -3747
-9132 6311
-4 788
535 5434
3632 6566
-6022 -6167
6691 9777
6454 -5971
7942 9223
3015 5102
-1782 -6456
-2302 4666
9754 2985
-9747 2163
-3024 1698
7951 -7866
8445 -9610
4899 -7461
-8306 2161
-1274 -4567
2987 9047
8823 6425
-5825 -323
2620 5276
4098 -4163
-618 -4366
-9700 -7684
5301 -9200
2963 -6226
9193 9275
-4871 -6340
-5950 -9137
-6597 -6427
9455 8949
-5618 -1182
-2136 -1820
-1674 -8911
767 407
-597 6222
-7942 -6614
2742 -6499
-462 5161
5961 6763
-9464 -1441
1554 2645
6305 -6551
-5688 6683
-6024 -5925
-6977 1436
-9747 -6570
5331 1126
2216 1838
-4035 -6344
-6402 -3297
3810 5369
-7410 -4343
-9183 -3449
-6687 5849
-5593 -9501
3144 -2430
4740 5961
6364 3169
7244 9053
488 -9661
-2510 -6013
8835 4463
21 -7180
198 4771
-8527 5987
5076 3796
-6827 5283
-8166 7666
3514 -6009
-1789 -1132
-9841 -8359
-8678 -8646
8244 4899
3951 7686
-8255 9208
-6806 -1840
-3657 -765
5776 -4251
-9481 6364
6071 -4027
-6510 -8008
-9004 4867
6253 -3337
4375 -7170
5419 -234
5128 -7415
-2340 9299
4198 6450
7856 -376
-1169 1869
-6251 -6679
6277 5747
-8505 3813
177 2053
-8254 -7985
-2272 -32
-5165 -1043
5621 -1276
5275 -8913
4575 3716
-9978 694
3713 3423
-127 -2318
7307 1631
-6500 1449
4771 -142
-4396 970
-5217 1047
-3180 -2900
2836 8681
2369 -1433
7524 -9437
-712 -9076
-7988 6865
4302 -5438
8977 -9693
3730 4324
-4274 6411
-1959 -2677
-7507 -6968
2891 5262
-3768 7264
2031 -7785
3036 4736
7137 -7428
4860 -4129
156 -495
430 2383
2969 -6836
-2274 6163
6470 991
-4686 424
-3166 3920
-5036 4761
7794 4875
3858 -2543
-1559 4405
-9660 -9911
8546 -5808
-3236 3377
-7032 5682
-1093 -8377
7728 3124
6288 9337
9220 4417
-4593 -2265
-8121 9410
3330 4442
-798 2434
1029 -7986
-529 716
-1159 -5114
-5025 -8368
-4176 -818
-7442 -2759
-7078 6310
7933 -753
-7629 5551
4887 9381
3797 -7621
114 7828
7237 -7076
-8914 1993
-5574 4287
6301 4010
-5275 5456
-5938 -508
1124 7288
-3531 -962
10000 -9331
6979 2748
-8006 -3357
-7807 8632
8013 -1914
466 -9200
8628 5530
-7825 -9421
6294 9586
3872 -6739
7271 -5560
-6384 173
-6615 -4283
-3275 -2321
-9563 4510
5179 6915
-338 -9564
800 5878
4509 5377
-2816 2993
7515 6242
1772 7650
-8051 6142
5727 3947
-9072 -8037
-3596 3320
-2787 -8080
1358 3741
-8581 598
-4893 8083
4997 -4423
-265 -5994
9884 -1621
-2524 -9466
7249 8114
4355 4660
2309 4763
904 -3874
-6207 4259
9943 352
-2608 -1557
363 -3654
-6192 4605
-4798 -4559
-6477 -4773
4526 4031
8037 -7760
619 -5740
-5206 -8359
-6525 8095
2755 -7958
6805 7830
-2323 -1216
-3237 1430
-4498 5191
-6367 -3294
6773 2894
-2502 7717
-6843 -9420
-471 6421
451 -3320
2641 -5946
-1686 2209
3850 -6741
-4925 6829
-7408 7325
8875 -8450
4055 -6883
4547 -3449
-8258 -9182
1245 -6231
6663 -4625
-6908 1738
2319 -2119
-5698 -30
6651 -8153
-378 4753
682 3012
9993 7936
8485 -1748
-4424 -4933
338 -8924
-5806 -1828
4723 -1887
2652 -7539
-3769 -9815
-718 -6104
5635 -3386
8217 2374
-3936 1674
7242 -7482
-9009 -7286
9448 -3137
-1481 5395
-6354 9440
-1773 -2997
-1920 2944
-8885 -7715
398 5995
8456 9559
9745 -6950
667 -1593
5022 -974
-4880 22
-8305 6959
-6803 1184
7620 8937
-4201 -2091
-6697 7067
-9774 8039
-4958 -3050
9894 -1547
738 3122
-884 -5271
-5713 -8865
-2094 1292
9700 -2248
6778 8574
-1405 8442
5400 -4382
-9477 4012
2948 -7683
226 8143
8930 -7532
-9494 3530
-5800 9156
1329 -731
-3889 -2186
2543 -7934
-3078 5227
240 6830
-5418 4829
3402 3660
2101 -4920
4420 -4283
9729 1221
3538 4943
6806 6398
-7414 -6237
-8987 9456
-7669 -6908
6083 -4787
3027 3660
9447 -7807
-8859 -4431
-3880 -3632
-5083 1381
-4960 4423
-6777 -7961
-2243 -9139
2082 7643
6306 1206
-2397 -660
3103 3111
6287 3910
-9277 7838
-6950 8618
5998 6806
8999 9799
-912 5444
-4467 -9861
1520 8929
3351 450
6211 -9720
-8859 -9705
-8342 -2312
8894 6944
-3717 7965
4796 218
-5873 -6893
-5335 1083
3421 -5150
-8345 -2285
1234 -581
-1417 -5625
-5486 -5957
-7029 4116
-1713 9756
-9965 -9957
-9662 -5503
2185 -5102
-8159 -8004
9961 4799
-1263 1846
8674 8478
3281 2865
-8565 -6662
4774 -3299
9841 -3188
1187 -3992
51 -1576
-3740 5701
5456 3022
6786 4547
-7236 9213
-2169 7124
9121 8670
3469 -328
-4762 -7199
-5001 -7795
8791 -6089
-2751 8280
-1298 -9774
-2962 -4256
1752 -1458
-9314 -8055
7646 -4477
-7735 -3053
-4786 6823
9756 9052
6175 -2021
-3352 -2414
7258 9016
-4462 -6163
-236 -3783
128 537
2538 -1446
2501 -8902
-3158 -8761
-219 -6741
-4796 -7686
1558 468
-8865 -7150
-6607 3823
6595 -3651
4328 -6852
734 6491
5506 -5303
2255 1712
-8351 -5236
9023 -7982
4294 5499
6597 1560
2799 -3206
3775 -2841
-527 -3700
-9512 8979
-4451 -8970
8574 -8377
-2027 -1058
5811 5169
1659 -3979
4439 265
-8023 885
5650 -3306
2433 -6374
9125 8393
-48 -3274
7242 9442
-3400 -3529
6492 1016
-6 9794
-5456 6981
-7676 5544
-1794 -3161
-7993 4018
-9961 -5983
8003 7387
-1729 8199
-5108 9980
-2673 -2359
-246 7326
-5949 172
3335 9706
-103 -8708
6029 -6345
-6551 -3611
-6631 -3977
-4713 1714
-7727 -4307
9712 7214
-5049 -5720
-4613 -6529
-8331 -7046
-7067 7380
-4980 283
-2392 3981
-2126 4775
8201 5380
-9607 -8792
-5137 -1902
8208 6422
-7556 2033
-2532 -8424
990 1452
-1334 -259
4022 4422
-8387 3617
6571 -6871
-9492 -2996
7287 -6775
-9074 -750
-2255 -5106
-6006 -1200
8 -4055
7764 -5613
-9191 4872
625 5971
-8733 -3026
-7853 8093
-2166 2258
400 813
-1850 -4424
-1295 2014
9018 -1558
1667 -786
8464 6304
-5082 2593
-8607 -3792
5874 2633
7021 5122
3714 3638
3329 -8450
2245 -5661
-7569 4597
575 4392
-1075 265
9562 -9026
6709 7076
-4483 -1733
-8799 9447
9471 -9096
7218 -6615
3314 -5612
-9258 8611
7454 -813
-3455 7763
-6967 1167
5506 9875
8192 5278
3391 7938
1923 -1234
-260 -7685
-6889 5206
-2807 170
-384 2349
3253 -1606
5500 -913
7196 471
2802 -1187
-8280 7938
9421 255
-8578 1987
5582 -7547
7732 -9352
-7694 3773
-7462 1122
7158 4230
-565 5999
-111 -9731
6339 -9652
-1258 9506
2313 3313
-2496 -2038
6775 3229
1167 -9695
4282 -7785
4202 4308
6762 9425
-6207 -217
-2724 8214
3056 -3900
-5950 -186
-466 213
4203 7206
7554 9423
-7352 542
-6146 16
7978 4961
-1810 5079
9105 8473
-9313 -6923
7385 3386
6531 8611
2114 7867
6080 -5955
145 9391
-796 -865
-6931 4195
1400 -7542
-8119 7272
1534 -1047
8969 -5471
-6789 9109
4187 6946
9139 5122
8199 3292
398 9826
8436 9304
7171 650
4695 550
-60 6971
-173 -5161
-7246 -7136
-4677 2896
3888 4154
-6894 925
9175 -857
-1749 -4205
-3539 -7615
7507 -3841
-6829 -4401
-855 9426
8730 3569
-2061 1302
-8149 9621
6591 -3646
1193 5512
-7904 138
-6967 3947
1821 1140
-4215 -9358
-215 8648
-5558 -5040
1066 -8244
1636 4624
-9778 2294
5440 4807
2097 -632
-9331 4169
7510 -6244
111 -3759
-4527 4101
-5762 -4976
8972 1290
-7570 993
5356 4513
3161 1936
-9384 -1139
4338 7603
2227 1683
-2303 -4026
-5499 6170
-4463 -6864
-8974 -9682
-5925 -73
6168 8536
6357 4186
9210 -4639
6652 -5684
9030 -8099
6415 -7198
4738 4385
-6755 -425
898 5355
758 7583
-2723 -3155
-6985 -7825
-4689 1779
5818 2273
-7800 58
-1406 9893
4078 -7912
-2550 -1329
2987 7009
-7370 -2178
624 2016
-3600 9045
2340 -918
-1843 3366
4670 -6762
3804 8915
-8911 -4333
-8834 -9461
2813 122
-9821 6985
6877 8734
-9179 2494
-8835 4676
1684 1992
9814 4152
-111 8035
7080 4158
-3039 -9991
3376 3140
6378 5118
7754 1766
7433 3903
4442 -7437
2685 8600
5584 -2746
-4013 6586
-921 6181
856 530
-3758 244
-1883 -3740
-5705 -223
-6066 8006
-8265 -4905
8235 895
-266 5111
597 8334
2236 -2513
50 1751
350 -3323
7653 -3544
-6959 -346
-4166 -2640
-8390 5841
-194 -9589
-3329 -2147
7630 7923
9649 4687
9782 -4716
9901 -8617
-9785 -8263
-9930 -366
7121 4533
-3717 2306
-7297 -2830
7347 -9647
7 -5924
5158 -9613
9950 9563
9974 6768
-1659 -245
1398 365
-1227 -4030
4976 4767
6150 -1446
291 4876
-5491 -9915
4619 4082
108 -8371
2520 -5378
-5024 6533
-9392 3588
3975 4983
8266 9487
6255 3924
-2601 -8041
6046 -5405
4287 8797
3563 -5182
7093 -738
-5863 3434
7240 -2616
-4814 2367
7717 1858
6481 5295
1827 236
-2456 -4823
-6120 6156
5643 -8481
9164 -7854
-5895 1897
-9788 -3437
-920 -9850
-1311 8220
-2519 -3636
9798 -4218
3166 5339
-2295 7037
2616 -7928
7367 -4579
9379 2817
7994 2914
-930 -3078
2162 -8127
-5981 -5288
-9671 1326
-8391 1846
5717 -5738
-7518 4410
-9227 -5594
188 -37
-977 -9430
-8672 -2926
-854 6728
-7851 3944
-3240 234
-6853 -4752
2170 -1526
347 2217
-9351 -5668
9379 8088
-67 -9022
-1038 -5292
9118 -630
7497 1444
-4873 9892
-5818 -2316
8479 4150
4599 -4490
-6826 -2375
7859 -9532
-4284 3655
-7872 -5274
6944 7886
-4062 2476
4284 7593
-7708 -4684
24 -2063
7307 4975
-3582 2863
2754 4804
-3792 5266
-584 -9344
-3833 -5313
2312 -2265
-1797 3062
-3283 3891
8617 3919
5525 -1155
-4959 9281
-9406 -8537
-3221 9325
-2739 -3393
-8419 -9476
3387 -1711
-6908 -2001
-6736 -139
517 3021
7708 6401
-5865 -9596
3467 3740
1351 6059
-23 -6096
2749 -32
2969 -4498
686 -8489
-5444 3563
-6110 7465
-8291 1818
-6173 -4529
7191 5096
-1323 640
-6340 -5824
-5703 9195
-6681 -8632
5108 2154
-1788 6786
-5590 -3541
-9853 -8090
1133 -9120
-7609 6837
4121 -8182
-6997 -3053
-7515 8011
-2797 -5287
-6471 -3688
6952 -1886
2290 2207
5122 -9388
-4299 -9692
2462 8441
8948 -9192
988 -5606
-3696 -6643
-5763 4856
1693 7437
9255 349
-8983 -4187
-2456 -7742
692 -6498
3536 4747
-3418 4221
-3573 487
4820 8872
-7100 -8452
-6290 -9480
-4950 5362
-6523 -7343
-265 9759
8336 -219
939 7694
-1958 3749
-6718 193
6172 -941
6283 826
-706 -3137
-5195 -182
-5975 5876
8468 1232
6502 8846
-6914 -8632
-9550 -6068
310 1857
5337 -6073
7430 -9956
7738 3672
-2580 -1632
-7719 -499
8560 702
-4752 8454
-963 4842
-1620 8263
4138 7563
2516 2406
4972 6327
7695 -983
6670 -8222
7357 -8135
-4207 -3021
-2977 2693
85 -6778
1590 -1518
7983 -8775
5648 3871
6045 -9738
8826 -9105
9159 -1197
-3635 -2795
9611 7017
3343 8881
1618 8303
-9919 4758
6624 2008
8987 7438
3851 -3863
-641 -269
8213 -6065
-4840 -5331
-7740 9916
-9823 -5472
-4577 -7974
4550 9003
-71 -1698
-960 -9086
-6484 3260
1563 -7618
-9139 8855
863 1644
2802 -8795
-2658 -151
-6700 373
4308 -9579
-4910 -4767
-4852 -6812
-2284 1071
3097 -953
1770 6860
-1117 -2354
2282 -8302
4959 7923
-9696 5798
8373 242
-4394 -5114
-3909 -765
-7195 8408
2501 3433
7575 -174
5060 529
3717 -7336
3736 -6072
2975 -4847
-4267 553
8200 -1534
3885 4616
2538 481
-1 2564
-7195 6564
-8551 2092
-4952 -1589
539 1262
-1585 1574
-8601 -6961
3568 -4010
2375 6459
-9613 1005
9879 -3890
-9616 7083
-731 -4388
-9773 8584
2785 -6846
5718 6487
3050 -3496
-7684 8524
-3066 8220
3202 -2636
8938 7474
-5767 -8383
1328 -9663
-9484 7802
2527 -6298
3534 -5376
-8293 2406
-8262 3918
6222 4697
7851 -8035
-7828 2727
-7049 3569
5813 5222
7163 -4733
2632 -7254
-6060 364
5702 1569
5627 1895
-304 -2971
4453 6144
-9233 -4057
8349 -2014
-4376 -3805
-9108 -9914
-4227 -8155
8293 8743
6032 -2055
-3112 -8757
-3490 1844
8312 -2229
-8145 9142
4432 -4028
7867 7558
-1693 58
-3799 1283
7227 -3520
4466 690
6885 9296
9383 -6190
-624 7777
-9760 -1124
-9459 -2332
-1089 9993
1837 1150
-7359 9143
8284 148
6120 -5503
-4225 2715
-3506 3987
-1010 7803
-5717 2695
-6616 -3784
-4488 -7531
-3720 -6010
-4513 -1385
-8789 5656
-2955 -552
-559 -8248
6624 9677
8819 -8723
5146 9265
-2518 -9177
3538 4986
2693 3257
1060 -6248
6448 -8317
-2101 5343
7812 -6448
1263 7132
-533 -2188
-6532 6751
-3802 4399
9873 4234
3910 9360
-9364 6496
9481 2729
3552 9503
4489 -3037
-9781 810
4563 -2819
-1136 5000
342 4731
-7997 -9516
-8664 1875
-6593 3267
3738 4525
-1077 596
-5171 -6344
-6984 -1205
-4710 8740
5189 -2627
597 -5229
5455 -1260
-6730 -4915
5987 5674
674 7833
6284 -1428
2777 -5264
-9669 8288
5275 4113
2358 -6261
4335 2733
-9891 -8719
76 -7115
-8376 -3154
4220 9088
-2421 6813
-727 -1463
3622 -6967
-7573 2543
4097 -392
8180 6822
-8442 4101
6109 956
-1210 -4390
3070 1383
-2164 -8853
-3851 -2595
290 -2054
4792 6226
9034 5635
6168 2732
-8732 333
7087 -4560
-8297 8611
1940 9514
6336 9521
3622 119
-5204 -8386
-2776 -270
-5166 7307
8454 -9706
1420 2670
-5664 -5397
-5451 -4570
-8936 -7151
9302 -2697
7636 -9048
-3608 -9430
-7099 4722
7956 1816
1337 4841
-5040 4291
5905 -5042
8409 3477
783 -6871
-2856 -6758
9634 2957
-8720 8564
-6007 -6031
539 -450
6853 -1222
-270 -159
411 8209
6651 9843
1658 3312
-1847 4607
-1103 -3285
5394 6834
4031 -1477
1652 3803
-9235 -1466
-8510 -7484
-8921 -9602
-1911 -3508
6042 -4928
3850 8628
-1532 6616
4824 -6421
-6579 8879
5912 1475
-198 8800
-4485 -2215
-1661 -7581
942 -5371
8432 -3910
4624 -3686
-1170 9198
-6684 6114
-7395 -91
8702 1405
33 -7632
8984 2551
9851 8501
-8900 7528
-998 -3008
-4208 -9268
2238 -7476
-5056 5028
9657 -9424
-3334 5886
-7800 8089
-8994 -4990
-8877 1030
-5340 -5678
9449 -2550
3539 -6639
9634 -519
1702 2522
49 9484
-3524 2802
7255 -7228
-983 2268
1016 -508
3789 3961
-153 672
2481 -5825
-815 5768
518 3487
-8470 4030
-4800 5178
-7740 -9022
4180 8739
4981 -8107
-8624 -4119
8684 -1250
1522 -2148
-6160 5938
-849 -5740
8221 4856
-4472 -7061
836 1788
-2445 -8271
5217 -9980
4050 8074
6972 -9533
-4834 -7030
-8292 9232
-5155 9346
-4774 6689
-4561 -3778
7795 -6091
-6432 -9319
-5059 -8365
-9789 6440
9379 -3117
8671 -540
1190 214
3956 -3774
-1980 127
594 1726
4697 -1288
1665 5760
8826 6405
6815 6510
-7269 -5949
1682 -4026
-3345 -5753
-397 5250
1689 5318
-7800 -186
-7005 4788
-1277 -9130
817 4185
-1968 -7322
4404 -7443
1270 -7654
-8174 -900
-774 -7066
-6836 -9349
-5298 -3960
2014 -4104
3864 6384
5354 -7611
7707 -6534
3280 763
-4449 -6373
-5502 6275
4180 7995
-9328 9036
-8407 -7789
-1722 8797
1618 6584
-6762 104
755 -9157
-3117 -3598
6019 5458
5562 -7383
-4994 -118
3348 916
-8322 -3566
61 349
344 950
-1056 8280
7316 -5476
456 3337
2134 -7371
9213 8735
2559 -6249
-1685 -3829
2573 -6686
-7508 5198
-8465 2313
-4085 -8226
2690 -3459
2975 9264
3333 8090
2760 -6964
-4964 -6324
1921 -4575
8762 -7649
-1299 -3902
-1447 4616
-7913 1634
7805 -8889
-1854 402
-680 4099
-3589 4359
6134 855
-8883 2326
5310 2544
4354 7813
-9152 -1358
6040 -2886
2539 -4115
1957 1681
7779 5021
3358 -9342
2292 52
4885 5445
-432 97
-2084 -6970
-8890 -7392
7185 4327
373 7244
3508 8302
6114 -596
8046 -2138
8697 -9317
289 7806
3208 1235
-24 -4034
-3376 986
-5241 -6667
-7501 -7363
6455 9644
-3606 5788
-7884 -5630
-7583 -2496
-1532 9301
-8678 2790
-7807 -8024
-162 -8843
-4439 -6040
-4514 -1466
-6511 9571
-4464 8694
3401 7186
-9481 5882
8519 8160
-8477 -3261
-3753 4973
-6937 -2083
5422 -1637
1385 -4520
8270 -2390
-414 6428
-8695 -5816
-1856 9424
1678 -3134
157 7351
6045 5167
2353 5694
1575 -555
-2396 6593
-2948 3814
2507 -873
-9236 3299
-4618 5570
-8951 9907
-2483 -9513
6916 -6961
944 7103
6527 -8059
2529 9088
6439 1925
813 -7315
-7901 6204
-4352 -6835
-6522 3674
1208 3252
-3901 4251
1270 -6286
9284 -3137
-3230 6652
-9140 -5947
814 4287
5110 -8504
-6563 -8243
-5434 5357
-2718 5966
8652 -5275
-9072 8095
-5020 -9250
8146 -3424
-6452 -1542
-3571 -647
6789 3368
-6049 7699
8071 9793
-6154 4442
-1272 8931
-9574 8381
-9863 -6162
9195 -6136
-6450 -1576
3149 197
-1709 -4078
394 4077
-5627 3271
-4551 -1461
-8388 1642
-1270 1878
3297 8401
-8086 2682
-2877 1368
298 -4240
-5860 9573
-2869 725
8310 -2002
6423 46
-9757 -4420
1503 -429
-2631 2255
-753 -8104
4156 5463
826 4696
295 5768
7890 9556
5958 -6409
8680 9804
-716 -6919
-3626 -1022
-6577 7145
-1137 3505
-2729 -4547
1033 -4715
8578 -2486
-6510 -7465
-5569 -333
-1150 2737
1153 8587
8076 9676
-7048 -4832
-1240 9686
-6791 8910
-4289 -2561
-9863 6214
3358 5806
3031 -6440
-987 -7780
1227 -9698
1537 -9954
-3698 -196
9471 5027
-2237 734
3041 2041
1717 8917
-5916 4837
4522 8390
-8981 6565
-2275 7731
3944 452
-3743 1583
5144 1022
6964 9289
-6689 -2123
1644 -1810
7994 4848
3596 7947
2401 -8816
3225 -8642
-6005 -4559
-9722 -1338
772 1801
2086 4800
6252 1792
-7757 9811
5115 3916
-1341 -1500
1509 3979
-8145 -4378
3812 4820
3389 7221
5167 5526
-9570 -3016
-1658 -2433
6729 3655
-3962 6059
-2141 7007
5528 6810
2322 9945
-6524 5500
3136 4565
-3214 8591
2569 -8206
1137 8295
6836 8145
5365 -5052
-9527 224
7208 4252
-4461 -5376
-8000 -730
-951 -4011
-3284 -1962
-1432 -9372
-5706 -4036
-8537 -5389
-7104 1491
81 8321
-6165 -318
1698 -3630
-1765 4973
-6359 -1467
-7523 -2679
-4707 -2164
2460 -6595
6396 4554
-9458 4460
-3782 -4555
-3927 -2742
3223 4787
-6882 4088
-4422 8407
-9553 -3986
5697 9380
-530 -5717
-7024 1115
-6632 7706
-1253 -3383
4453 -4155
2971 4040
-1407 634
-4907 -634
8532 2856
-9886 1312
-181 -5395
8693 7058
9185 2937
8951 -2008
-2629 -6647
-2364 8368
-518 6842
4547 4333
-9051 6571
-7585 -6707
-8947 9124
-243 9107
-1527 3368
-3777 4850
-118 -2996
5330 58
836 9701
6358 7744
-4265 21
7095 5309
7397 6827
3668 -5270
-7217 -3121
-6551 1935
8949 -2547
-3424 -414
2413 -9998
7091 -9947
8625 -9115
1611 -6687
7093 -1494
1928 661
2125 -2072
-8331 -1715
-6407 -8420
8408 8764
-2786 -5289
5311 2075
-5990 -3
7451 -7520
2066 -7042
-3319 -2253
-2199 -5521
-915 -6229
-2915 -3575
8652 -5584
5078 -2102
5826 579
8865 923
2504 -8784
-6300 -3822
889 911
-3294 915
-5368 -3801
-1320 716
7396 -4197
3551 -5534
2666 -5924
-2152 -4928
1497 -4528
-112 8654
272 3869
-5552 -1314
9610 -182
1034 -6688
-510 2113
-3256 4735
-630 -5900
4020 3450
-2113 4002
9806 -7301
887 -4718
3079 7077
-7852 -6448
2745 -5353
-2979 7366
1234 -7367
5040 7293
-2889 5682
-7286 4649
482 8145
6600 5926
-9975 -9054
4397 -4031
-6308 4045
-9535 -3996
1286 -2782
-5706 1352
8625 -1915
2733 -3558
-2472 1370
7724 -6526
-9233 8762
4444 2763
1133 1599
3464 -9122
6804 -4665
-3718 64
9754 6829
4595 -5601
403 -6555
663 5060
132 -4591
7215 8678
-4881 -1244
-6154 -53
3422 2647
5130 -8431
8054 7910
-492 3294
4172 -814
4521 -7029
6756 976
1525 -5477
-1078 6510
9955 -160
-1380 -6955
2175 4339
3016 8752
1229 -610
9337 -8144
8224 5075
-9635 6479
4388 3353
-3354 8419
1325 -2384
588 -9182
5515 -434
4090 -2657
-2427 760
-9400 -3268
-222 1249
-4413 -780
1693 -8048
1342 -7677
-5821 -7079
-8284 4400
4599 -7597
9477 -7919
-5780 2708
-9677 -3877
662 5545
-4889 4632
-4304 -103
-9344 -7079
-347 3269
-5483 -8744
4198 9431
-4896 3825
6149 -4110
-1189 6446
4566 -9673
-3549 527
6330 -835
-8128 -4072
5772 -9451
9816 -4084
-9452 -3567
6330 -5074
1568 -3756
9513 -9294
-4316 -8780
-5628 -2249
-8425 9882
-4229 -524
-358 7724
-8228 8303
2550 -5792
7094 -1777
7872 2600
3150 8966
-1398 3643
-6204 6686
-4668 -850
9115 -6154
-5447 6900
8120 -7652
99 237
3839 -7509
5688 1674
3119 9610
-8368 -4670
3259 8612
555 7903
503 352
3038 -1573
-4210 -2627
-5942 -8361
4511 3308
7154 -610
10 3625
5973 -4573
5664 -1871
4342 -3929
-8534 3223
2832 29
5359 8306
6917 8185
6088 2338
-7311 -2529
9619 -3410
3963 9448
-5192 -4591
8717 -8259
1131 9319
2943 9591
-4982 -8860
2990 -1084
8708 -5598
7626 -2669
-8919 -9827
8479 4178
2363 -9840
2499 9116
-3413 -1550
8761 8909
8357 -3795
5335 6444
8185 -6836
-7518 7772
7363 3036
7897 9146
-1939 -7620
-3218 886
-8062 -3231
663 -1872
-7694 -6981
-3100 2863
1978 4669
-3161 9399
8308 -7715
2212 -680
-516 6664
-6452 -2454
-4682 -2332
-5576 -3970
-4825 -3599
-1219 -7680
6927 6958
-2553 9284
1133 8865
-4396 -8170
4693 3439
1828 2505
5624 392
6398 -7613
5428 3931
4315 -1391
9877 -5089
2579 7863
-2387 -1085
5316 7003
9323 6510
3467 -2183
821 9970
8835 -5366
-3536 -8047
9113 -1841
-5616 -5122
5270 940
3327 -9992
7660 5388
-2282 2475
7386 1975
3558 -2406
-9771 -36
687 -8829
-8599 9266
803 3730
3700 4868
-6778 -8377
-2702 6255
-5587 -314
4564 -3590
-8929 2519
2527 3554
-1058 8119
594 186
-4119 6660
-2026 -2021
7944 9440
-5669 1924
1189 2351
-3919 -4268
-5680 -4288
1056 9781
6035 -2458
-9052 8354
-1515 -5832
6687 5513
-934 -444
-2326 2934
-6880 -8272
-7892 8268
-3753 2722
5882 3803
-4274 -2089
-6018 -9788
-335 -9365
-3653 63
3564 3985
-4753 -8876
9478 3319
7488 -3804
-4571 1683
-8762 7895
829 4495
9945 2634
901 7670
391 -7948
9577 -9132
2500 -6
206 -4698
-341 6483
266 9872
7577 9727
-9150 -6170
7149 -3455
2741 -5951
5732 8357
6252 8170
6385 6971
3325 801
-1530 -9951
-7898 -5775
-1185 -7419
2575 -4601
701 -4965
-4762 -3498
94 -5920
-6193 5505
9335 -2330
4215 -1622
2427 6483
8561 676
2566 1880
2571 4812
-4388 -1049
-1000 -4105
3841 7803
-5896 4823
-9779 -3624
1412 6680
-3098 4644
-7556 6650
2154 6996
-1614 -28
8351 5209
5413 -3678
6998 4498
-3623 3973
2505 -436
-7765 8948
-1437 8117
9640 4956
