2000
-3880 -1667
7559 1202
4851 -5591
2050 -735
-5759 296
-6070 4227
-4285 -3023
6024 -9430
-8639 1230
2176 -894
9407 7821
5825 -472
850 -7089
956 576
-5660 -3922
4411 -5897
9026 4182
8591 1970
-5045 7597
-2108 4361
2308 2917
-6386 5543
6113 8023
2973 -6641
2465 -8806
-7265 -4851
4677 1871
4782 8560
2857 -753
5326 -542
3561 -9083
5099 3457
-853 6307
3903 7410
1771 7823
739 -4485
-8942 -5922
-4178 4354
7713 -9109
-7914 -7485
-2336 3898
-4232 -1458
-2898 -3938
5309 -5730
3729 -6321
-5404 634
-2188 1010
1038 9696
7105 -9321
8503 -5060
4177 2596
-9605 2962
1036 5235
6126 -3783
-1268 -1252
-3634 -8068
475 -9883
-3821 5855
-9875 -8703
-5024 -4792
9564 7575
2305 -428
2988 -2625
-1946 -6658
2004 3814
-3591 277
-6761 -3820
-4865 -3196
6742 4275
-3256 -8740
-3086 -805
3033 3110
-1035 -8891
-7594 9212
-5581 2811
385 -2618
-9326 -6018
5078 -7311
-247 3663
1197 -3147
7130 -8244
1657 7606
-1869 -9632
8365 6792
-8228 -1407
-8492 -4892
8218 2407
3516 4541
7473 903
-6287 5922
-2976 -4387
-405 7819
-9492 -2301
-4918 -1606
5247 3982
9459 6279
7605 2376
6466 4836
1627 -544
8050 4830
9938 7120
3248 9558
7820 -8125
2779 -3237
-3594 5292
-9096 -9788
8032 3430
-5151 4221
-7386 -7740
6242 3652
-70 -8419
3957 5700
535 1256
-9289 4143
-1028 -4118
-3278 -7519
-7961 2630
8227 9970
454 -6421
8871 1005
4938 6860
4010 9776
3996 2969
5229 8860
2511 -9670
-8089 5191
890 -3838
7418 9589
3732 -4855
4748 -8151
-5669 -3576
9055 -8530
-4840 91
3670 7281
2006 5614
6194 2540
6036 -3057
-6367 204
-937 3752
7803 8862
4053 -4706
5177 9714
-6977 -1337
7530 6315
8165 6755
-3101 2277
7468 -7505
2586 -326
675 -3651
-4317 -24
-3764 -3599
3345 -8123
2081 -7728
9745 -9302
9560 -5136
3879 7548
7261 7333
-283 -944
-4630 -9717
-9242 -2754
-6757 -2745
-250 1379
-8948 -9289
-2940 -3944
6032 1728
8129 6464
8341 -7732
-1739 5194
5892 4142
-7274 -1995
-4448 9173
-9775 6606
-618 -3466
538 -58
7188 4752
-4272 5018
-3604 -9569
-5137 5478
-4745 1169
-7104 5644
2107 -4993
996 -5254
-6340 4169
-1690 9257
983 -6727
-3834 1037
1363 -9745
-3211 -3609
6334 -9256
9217 7328
6066 7242
-8607 -5056
-5857 -7539
3630 -23
-4380 -602
8126 -9753
-1286 -8552
5617 -878
2099 6095
9368 -2353
-7596 -6919
-6663 -4467
1925 3767
4511 3847
4895 1979
2941 3728
-7608 960
7142 8056
-1968 -3465
5933 772
4740 7374
-7458 4059
-3099 -2826
-6732 8159
-474 9000
-4198 -3643
1890 1931
-4303 2860
-3294 -2465
-6766 -6071
-8623 -4678
6282 6176
4231 -6231
305 3424
-2084 -4017
-6644 -42
-2263 -3624
7271 -4102
-2223 4638
7359 -9462
-3105 -8976
2955 -6840
6020 -7494
41 -7628
-3699 -3554
5489 6997
3172 1399
5169 1771
-1085 1123
-9174 -4527
5431 -9449
-3073 -2096
7523 -6832
-8474 -5803
-1544 -979
45 8885
-7956 9073
-8422 -3280
-908 -8216
1952 5340
2336 9115
513 -2560
-7069 -4493
-9650 -4319
4875 1846
6118 -5102
2802 4027
-9085 -3235
962 324
9345 -7559
-8674 -6861
-7789 -611
6109 -2909
-1124 -6211
9129 -1078
-1964 -5452
1988 1465
-9308 -7731
-2049 8641
4207 -5236
-338 -3454
-9428 325
7090 -7537
6508 -8513
-6071 1773
4912 5853
-1038 -1024
6067 7123
-5368 -1208
7714 -1337
3211 -2519
-7334 -530
5460 -1080
-2440 -2920
1844 -2869
3678 -8234
5812 -4774
1410 4250
9459 2902
-5326 -2083
-2510 -2892
6084 -6694
-5851 -9827
-1035 2150
-9187 2502
9983 399
-6411 7745
-3336 -3630
3450 9049
-3820 7945
9712 -986
4240 9858
7828 9244
2145 -630
-8993 -8994
-1886 -9461
-6155 -1502
-1329 -2082
-6211 -2006
-9505 -8644
1755 -5398
-7654 -5801
569 9065
8113 2732
676 -2261
6753 -1987
1591 4108
3352 4713
-2197 -581
4146 -783
-243 -1190
7308 -7740
3899 7323
-962 -301
1055 7688
-3990 3254
7453 -3470
-4406 2078
-5191 1742
9481 -2572
5441 5485
3314 9954
8387 -2968
-9829 -3335
9603 -3811
5000 4317
-9703 -641
-3318 2307
-4273 4197
5605 9441
2694 6782
-2967 -8385
3693 3868
-4391 2627
-6225 8502
7707 -1189
-1236 9217
-31 4741
-4874 872
7061 140
-1823 -5271
4088 2060
-5633 -1525
-3608 -5510
-2349 3815
596 -8004
-6389 -9655
4213 7629
3977 7304
9526 -6458
2353 7752
-9312 -9047
5694 -5162
5710 657
-5483 -9180
-4451 2770
-1449 2695
-5110 -6643
1569 6639
453 5003
6999 9220
-6715 -8952
-7602 -5669
-4645 -8782
-5239 -9905
-8433 -5119
-4166 -9166
-607 -7744
6634 -4752
-3932 -1177
-4686 -8849
7567 5338
-7584 3865
503 -3823
-8821 3985
6925 -5324
-4276 -8102
-3771 -6069
-4851 1843
1938 1585
-9814 -90
4466 3506
9483 -259
4989 -6142
6403 6116
-9013 -5222
-6164 -8284
9302 -7726
-1549 -3748
-6043 -196
4480 3351
5250 -5397
-1466 -6076
9489 -8522
6784 3683
-2686 5147
2373 6970
431 -4500
3079 1855
1692 -859
3919 -519
1197 6400
8675 7755
-2272 4219
-2257 846
-2082 1685
6288 -7778
-132 -6833
-1634 -5179
-7775 3077
-1777 -1129
-439 3260
8760 -9404
6172 9993
-867 1838
-8681 -2137
-2016 -3228
-5474 6237
456 -3342
-8776 5975
-2340 8199
-5858 -858
6030 -2332
2490 7731
807 -5604
6988 8436
1695 -7250
-6654 -3452
-3460 454
-7709 -6761
4823 9394
-3835 -2669
-6432 -7194
3185 4413
387 7745
9664 4410
-2728 8047
-4285 -6195
-4744 -2977
5140 -8075
-9640 9784
-7466 2127
8675 5776
-3771 -399
2840 -1064
-1671 2241
9573 -2337
469 4495
2628 -3139
-5395 -6346
-8216 -6986
-5218 -5732
1795 2777
9800 4218
9864 -9229
-9445 4939
-2935 -6056
9720 -6911
2690 -4260
4676 -331
-8091 -749
6914 -3275
-5060 -8519
-1658 1103
8478 7568
-9418 6668
-5343 -9739
3039 -915
-6698 -9828
-9057 6559
1498 -6835
830 -8502
-5413 8563
-1977 549
-9783 -9002
249 -3581
3145 -7874
-2671 883
-8015 -8195
9374 9392
6060 -9537
-5555 9956
2761 -9284
-9112 -8796
7764 6063
-7052 -4448
-2949 -739
1544 3778
-1953 5359
6357 -6712
-293 -1736
4111 326
-5071 -3428
-1622 -4840
-5448 636
1099 -2249
1427 -9389
-4952 9265
-9531 -5813
-6030 -343
5209 8233
-2507 639
-5584 -4020
-8661 -7243
-3955 6184
-1832 -8584
5464 9474
-234 -4001
1160 -9608
1028 8144
-385 5712
-9957 -4153
-4888 -5238
2670 -1188
-7811 -4419
-2466 6640
-2722 7398
-6622 8748
-8496 5415
5319 -1562
-146 -2450
-2977 -6514
-514 -4683
-569 6789
8654 -5634
-9923 -9542
27 1989
6752 -6159
2653 5139
-5560 3142
3503 8563
5960 1974
721 -5499
-6363 -6942
5217 2225
-6505 8956
-3837 -1208
7830 4239
4749 5649
-9986 -2740
1440 3402
-889 -6188
-2347 -8534
-9675 -417
-7275 -5974
-7412 -5235
-9541 6228
-9272 -7732
-952 1180
-2875 -5635
-2958 -5736
6777 4342
-1420 3205
-1147 4607
-8134 -6672
-9550 2588
-9880 7027
8493 -438
9145 1494
9241 -7462
1024 -4410
-8183 -4451
-2183 1483
-3617 -3733
4353 -9415
-1429 7230
1571 -8606
4599 -4653
9954 -6129
-2800 -2828
-6520 -4459
-3712 1371
-9068 -6400
8815 -1498
1040 -6202
-612 8055
-6397 -7936
7268 4927
-5086 5142
9448 -6349
-5399 9267
-5618 -1982
7087 6172
-6237 -7299
-126 -9240
22 963
-3945 7075
-5604 6311
-5188 708
4506 -6790
-5014 5852
-8364 -2385
-3738 2310
-2549 8905
-3724 1176
4163 620
8638 877
769 8545
-8754 9445
-6074 4532
-784 4841
5636 3948
3979 5271
-4022 -9969
-3037 8791
8364 -5795
5541 5670
-2021 10000
-7376 -4477
-9581 9152
-229 -1100
-6503 4582
6848 2129
1574 4266
-1202 8094
6655 5500
3168 8014
7005 2290
6043 -2853
-4063 -3297
4629 -3274
-3884 -1979
1742 169
9413 4095
3246 4366
-3013 9832
4414 -3263
8867 4205
-1529 1261
3075 440
-340 -9011
-7277 3450
-4261 -7173
3695 9728
151 -4498
5949 9633
1374 -5220
8670 -7936
9881 -6885
-8798 8083
7914 6847
-6416 1910
-3886 6048
-2692 -7550
6611 8306
9295 -5897
7553 -9
2818 -4262
-4535 -2987
2515 -3487
-134 9338
-5883 2185
7970 -8761
-1924 -7214
-5411 -8430
8418 2999
-5092 -7497
8551 -4278
-1828 4743
3049 -420
3683 -1497
8494 6064
-8198 1236
8249 5032
-4735 988
325 4484
389 5131
-9909 4442
-9051 -1641
-71 1888
-5114 -4462
1762 2067
7789 3515
-1743 4034
-6387 -319
-8096 -4974
-8910 7296
2252 -9603
5430 -7108
3880 500
-1295 -5585
-6733 -5795
-7633 9094
-2548 -2921
8967 -6684
2576 -8898
6890 -2427
-8913 -1942
-7909 8400
1801 3065
8092 -4296
-3279 3706
4103 9182
-7927 8973
3194 3253
7669 9674
-2401 -8102
-9009 -5344
1735 -33
7004 2165
6988 701
-8006 3300
-8642 7598
5997 -6919
6146 -6551
2875 -2202
-8497 4237
7139 -6684
-3991 9327
6301 -7068
-7394 9203
-5179 7690
-7655 3926
-2387 -466
-8302 4080
-1499 -1662
-8363 -7594
-6276 495
7297 -3284
3887 9722
1240 7163
1400 482
3798 6464
9511 2259
5192 9807
-7270 5811
7221 -8482
5444 -2449
7085 -6714
7366 -6943
1395 -7497
-1370 -413
-6198 6753
-2810 2355
5797 -8902
8262 -8924
1558 -2964
-2780 3382
-639 -924
-1118 -3270
-3738 -5448
-3930 5333
-7116 -6518
-3231 -4765
2013 -6311
-3807 -2145
-8837 -2872
-6120 4823
898 -5035
-215 4791
5867 -3306
3730 1767
-1131 1145
-6059 -5330
1401 8230
-3497 6545
1877 -8617
-5135 2573
-8472 4761
-7829 5355
-3069 3541
-9332 -1636
-3093 1815
-9500 -1730
-6940 7806
-1780 285
-4228 -7352
7514 -8050
341 8362
-9688 -8545
8000 -8259
-6876 -3185
-6892 -124
-1642 1711
786 -5363
-8102 4250
-7387 -8563
3252 -7433
4558 3241
4767 3753
-2242 -8662
-6014 -7013
-1342 3531
5613 -4779
-3324 8999
-5539 5925
-7261 -1604
-8008 1306
-3263 -4152
4206 4071
-1680 7524
8961 6104
-7609 933
-2105 2213
-314 6949
8288 -3618
-631 7444
974 -4006
4936 -8253
-9254 -3413
-7489 -4668
3728 -1072
-9767 -1028
4820 5721
-209 692
-1785 -975
-4872 8112
2765 896
-3171 1241
-1811 -5620
763 6515
3959 197
9913 -6148
-4400 -1347
8961 4848
-6099 67
8995 -8528
444 7629
7070 -7052
3640 -1016
-8271 -3139
-1307 -4425
-9808 578
-8182 -4822
3280 -2979
-2743 8
-6075 -5958
1615 -8785
3589 -2442
-3873 7215
1002 2550
7743 28
-2344 -4
6666 1907
-9110 -5274
5308 4026
-6678 -7381
6918 -2279
6620 -6486
4256 8737
2465 -101
7662 -4767
169 6390
-2331 -723
-3509 -6242
6308 3796
-6177 7494
1210 4050
-4044 5200
-6354 1596
-657 567
6907 -7326
4116 2665
9900 3824
2560 736
-9366 7876
-6891 -4976
-4865 8297
1294 3278
-9244 6525
320 7785
8999 7064
4834 7864
3063 3930
-754 -5490
5077 -9570
-6896 8589
4974 1983
-472 7221
-2044 8594
6470 -7913
833 2311
4328 -6701
6577 9689
6213 -4379
-2873 -8946
8118 253
-1884 -154
-2504 2952
7462 -8822
-4671 6743
5331 6260
1963 -1566
-625 4026
2619 -8510
-2701 7331
3362 -912
6108 8132
-8460 1411
-9248 6406
7460 -8527
1726 1600
-8554 5577
2249 9842
-5260 -1058
-4316 3432
-309 70
-7776 -5264
-7518 -8347
-3135 1599
2650 5101
-2090 4164
2295 -3989
-8858 -5983
-9578 7556
9029 -8105
3495 7882
7180 4475
4316 8662
-2396 -572
-3420 -7224
2846 7009
-4535 6271
-8355 8791
389 -2053
-6952 -1490
-7327 -6962
2771 4679
8696 8689
9965 3913
9529 9119
-9280 8993
3467 3024
1685 7900
1049 1503
4279 -6991
-6261 7629
7621 846
-364 -796
-9128 9266
1496 -6254
-3216 -2359
-7681 7890
-9702 9555
7189 -5265
-6147 -9738
-7025 6717
3461 -1705
-3806 -9838
1665 -1133
1876 7243
4872 -336
-5770 9336
2261 2492
5478 7588
-8667 3133
-9227 694
-1417 -1883
1393 -3187
1548 -1119
2864 -1419
-982 9123
-2583 5839
6001 -7521
1346 7332
4575 1386
-8951 -3058
-1 3167
-621 -999
-3412 -7741
5392 -1423
9271 -2079
6038 9886
419 1574
-9546 1151
9732 -8034
-8912 7039
2877 -1250
4950 2226
-442 2598
-6017 16
-9322 -2147
-5260 -1247
7754 677
2936 4119
-7305 -5659
2262 2048
5654 -4314
7260 2021
-6829 -3928
1760 -8566
8473 -3376
5374 2848
-1205 5070
-2333 4044
-5941 8353
-74 1650
-5877 -5263
9136 4666
-1216 -8123
-3782 5792
-2160 5200
-5394 -7799
7943 -2786
3287 -8135
-2980 -8887
-2263 -4954
-8386 -4508
-5718 -3169
-9126 4130
2482 1949
-2681 -1346
7113 -3872
-9207 1442
3319 9969
5760 3298
2218 -6742
-820 -6401
4535 6824
-7591 -2878
-1765 -2179
6588 -571
8642 9694
245 -8078
6053 -7077
4872 4841
-6506 2255
-7896 -4089
7354 -5673
-5705 -7103
6196 4393
-8629 -9945
-2625 -1587
-1042 4272
-8607 -8091
3451 1367
-9204 3350
3043 3759
9403 9438
-3918 -6713
8128 9176
5151 -5326
586 -4657
3391 7255
-9848 1660
-227 7687
-8538 -9932
-1519 1145
-4584 -1163
4468 7439
2527 531
-6120 -2082
-8323 3323
6481 -9357
-6070 -5200
-6025 -7438
-2763 -4221
4843 9126
6381 -8457
3203 -1767
-4081 -9747
-9679 -7025
7841 1102
9940 2523
3683 -6743
3788 4407
-3955 -3791
9532 -8612
-7969 1443
6243 9733
-3984 -318
9182 -9783
-6936 6974
8517 4024
-4022 -6835
-6582 5440
8415 5618
-3280 -6261
9983 9977
-6767 -3341
-5214 3665
9874 -9259
-4150 831
-7726 -6875
-7142 -2119
-8717 8517
-7545 -1126
-432 -9535
8210 -4481
-1316 -1916
-2756 -5813
9806 5823
9562 -4342
-645 -3475
3184 9544
6930 6309
-9230 -8310
2521 6803
9929 -3380
8222 4795
7033 -3493
9102 9506
9971 9488
-1273 -1331
-9527 8180
-7633 -8869
6954 -2283
7096 -4107
2418 -9765
-6501 -3549
-7241 -678
1012 -9572
7232 -6470
150 -6468
-7952 7160
-2613 -1628
1598 9081
-7712 -3512
5157 5289
3468 4736
5867 5630
-6654 9556
-4552 2820
3055 -9559
613 -8414
908 6554
6983 3373
6903 -8081
-827 7935
8815 773
-7135 1221
4022 -3799
2689 4463
-249 -9970
4766 -2155
-2805 -3060
216 632
-6549 541
4703 9386
-9029 6506
6780 -4684
-7591 1880
3799 7483
5417 -6968
3805 -3308
7913 4231
-9569 -9609
8575 5655
5685 3120
-5315 2047
8987 450
-8919 1880
-3859 2923
2308 -5468
-5242 -9156
-119 3280
-4841 -8462
-7259 2290
5322 -7322
-629 8159
2389 2847
3238 1004
-3341 6542
-339 5534
-2420 -7657
2794 8068
-53 287
-6791 3875
-7872 9810
-9347 5518
-1203 607
5866 4255
265 7677
-5925 8608
6766 -693
-7847 7167
-1829 -846
-584 9113
4646 4830
-9107 -7202
-9135 -4054
6233 7408
5004 4533
4342 9442
8680 7132
-2262 8716
2970 1197
-1127 -6396
-4068 -6766
2541 6670
3836 -7303
5572 8416
-8752 -7994
-9444 -5012
-2214 9615
-4440 -8550
-7422 2372
-3096 -8208
-5046 7582
4713 -5033
-6318 -6366
4831 -3828
3497 -9627
-2672 -2575
-5906 9429
-7875 -6410
-7995 7930
-6343 -8583
-3595 -3026
-3412 -5787
-616 7912
283 2148
7661 1963
-456 -9092
-4125 -7386
-3752 -2022
4150 -443
3651 -5200
2225 -2354
795 -9021
-5431 6319
7969 2920
4337 295
7269 -8375
-4161 -5537
-7626 -2423
9725 5223
906 6379
7287 -8895
-6281 -9550
-1572 -6839
6439 -32
8489 -3702
7665 90
1069 713
-2969 -1541
-8622 9359
3374 -1280
346 9436
-2381 4363
-8061 6185
5128 3715
93 -4616
-3511 -3966
205 -2621
4261 208
-6104 -7647
-1349 699
-9212 -7616
6818 -3685
4774 5578
8657 -2431
6290 9873
-6972 2030
113 -3365
-7181 648
-1917 2052
-8844 -8333
1422 8176
-725 -2355
-8426 -4653
-2300 -6465
7955 -809
5297 -9929
107 -7536
-8238 2114
9684 -1399
2194 -9581
6170 5973
-3672 5223
-409 4
-7945 -853
4535 7674
9570 -3067
4578 -4043
1304 2565
9821 9873
-936 -7275
-3483 7775
-6041 -5640
-9806 6625
-4775 -4278
-138 -6402
9571 7420
6363 -248
9756 -4102
8766 -4047
-2653 -4468
2465 7022
-7022 637
-6799 763
4357 8003
-5552 -6979
-5484 -6580
1501 966
1311 2197
7919 5416
9015 6536
7676 1501
-5027 -7695
-1796 4038
-6289 -1550
3982 690
-2289 4779
-4585 167
-5350 4410
6134 2337
9079 9007
-3853 -5698
5268 -2684
9513 -8632
6785 -3422
-3165 -8849
2652 9520
-8176 -5490
-7731 -8655
-205 3749
-5561 -299
-5520 -2503
7664 5871
4002 3616
-4047 -3965
-4959 135
4437 -1248
6068 4910
6278 3426
-6276 5580
6731 6783
-9978 559
8791 3103
4449 -8153
5596 -5220
4481 -2036
5462 -6245
9627 -7319
6298 6846
-7120 3628
-2517 -4029
4723 1643
-3448 -4360
-7214 791
91 -3450
-2946 -3489
-9210 543
-6355 -2924
-1077 -6699
1802 -8186
-221 -1760
1995 4
2685 -1039
-4194 5342
2690 2703
-7606 -1313
-9671 -6107
-466 7118
1629 602
7152 6041
-7449 -8281
2262 -5795
5003 -2937
4085 9629
-8558 -2354
5886 -4113
5891 4942
-6098 1602
664 2296
-5001 3430
-7884 -6646
968 -2607
-1769 -3834
6768 -5778
-9737 9860
-8421 3919
-8155 -3465
3598 7562
7190 6848
-5507 -2317
3570 -7647
-8985 -5900
5702 3181
-4524 -1361
-7932 -3635
3440 475
-8411 -2095
4071 -5592
-1370 -180
3401 838
-5244 -1107
5429 8701
6262 322
-2831 2747
-9571 7173
-6754 5384
-6796 7720
900 -5739
2900 8906
-1009 6377
572 8689
-3407 -3848
560 5882
-577 -9337
1501 -7090
1804 -7177
-4756 9979
300 953
-6301 -4774
-7602 -8810
-9706 -2150
-4431 -4356
3627 -6502
-3876 -9810
6567 -3474
-4785 5115
-5013 859
-3259 1808
2472 5547
8458 9885
-7293 -2307
-2329 3982
-5066 1672
6898 7972
9162 2354
-6076 9297
-1339 9456
-3326 -506
3405 -7713
2535 2798
1633 -29
-5450 -8530
3278 6621
5888 5012
4896 -530
-9116 4345
2047 -8677
2995 -1445
-3474 -9299
6777 -107
2910 -592
2584 -9300
194 -4709
-2421 9258
5776 -6402
7290 -6166
-4696 -2591
-2250 -4439
-9428 -7698
1773 -6363
-8297 5469
6792 6378
-5068 3750
8173 -213
-6600 5180
-1692 4949
5649 6310
-8400 -5387
-2409 -436
6883 2900
6734 -6633
4497 7894
-6546 -4242
-1939 -7754
-396 -5974
-6785 -6446
9932 5028
-1222 -6272
7236 -5137
-6237 671
-4381 -9365
-9335 2072
6685 -8733
4552 -7735
8887 -5725
-2358 1435
-672 9341
-4901 -4141
1826 6503
-9472 3160
6714 -8570
6458 -2535
1193 -9635
-4772 -1044
-6653 -1572
2784 2713
-5216 -1034
3955 3449
9435 -8532
-536 -1494
-6339 8321
-8618 -9173
-3314 2989
-509 -3519
-6639 8513
-6337 3741
-5074 -6205
-5840 -6159
6519 6119
-1733 3109
-4179 9866
-1168 -8950
4499 605
5794 -3493
5013 3933
5975 -1021
-194 -7605
5384 7357
-2442 6492
8725 -1404
-3943 919
4714 -3892
-50 4704
822 8874
5703 -3532
-3667 -7191
-2420 -8476
5850 8886
-4608 -7922
9732 5365
-5657 -5874
-3479 9427
-9497 4149
4361 -4375
7942 -1939
8980 6807
-7086 -2281
-7578 3693
6287 6585
-6948 6965
9774 1990
7235 3107
5713 -2647
3152 3084
2169 -5174
-1048 6605
9752 6512
4381 9194
-1461 -9745
-1684 2463
2990 -3519
7921 -2704
-5291 9625
6210 -9657
-8972 -5283
-9573 -7018
9810 -9198
1876 7662
4466 5523
-9652 -1251
-4647 -3365
-3133 3021
2214 -4896
-920 -5031
7432 -9248
954 7397
-1587 4142
3766 -1125
2939 3122
-8441 -25
6679 3967
8490 -8014
9648 6488
2010 4087
-7165 7835
-5531 6079
-901 1909
-9267 5057
-9975 -8688
-4214 -186
-2790 7457
1598 6740
-665 5623
2465 -915
9060 -4006
9962 7746
9732 5738
5947 8451
2537 -6900
-9066 -2044
-5965 9093
1001 -4597
-5820 3134
8168 5456
-4731 -5794
-8338 -2326
-1866 6200
5543 6982
-3934 7470
-6537 1728
-527 -1154
-1695 -2855
-683 -795
2305 -5749
5928 -4426
-5333 3239
-7638 9963
6818 9389
4844 -3458
748 8706
-3621 -9888
-9968 6132
6834 8234
5703 5575
-2697 -3380
9187 -7113
3753 6776
-4020 -2509
5463 -6931
-1356 -7995
8965 1391
5074 7032
6420 -8674
1590 1891
4317 4985
8818 -3942
-4090 -5584
-7350 8851
4425 -7257
3084 -7927
-1319 -4552
-7776 2271
-6518 -7566
-4497 1925
3931 8946
336 7868
8620 2895
7943 -4591
-8979 8761
3745 3253
9311 9059
-6525 6283
5133 -4779
1685 -3875
-1802 3279
8727 -5231
7040 -9400
-6966 -5329
6597 -5758
-6813 2258
3847 4248
863 3523
-7347 2466
1226 -1195
-7943 -6326
-7268 -1309
-5026 -4911
310 -72
6053 -9894
7106 -4285
484 -2028
-1428 9554
-5776 1244
5487 5327
-2416 -5459
8789 8674
5918 -8570
3897 -348
-7823 -7709
-314 -1157
7535 -2044
3045 6139
-3933 -3771
-3665 -2925
2790 -4160
7533 -2838
-3285 -6726
8239 -3896
-4849 939
5481 3725
6120 2736
7887 7990
1362 5758
8049 5504
-5653 3540
-4784 -2266
-6128 -4398
1831 8261
-944 -61
9501 -8114
-952 -8155
-1160 7033
-3142 5763
423 800
-1755 2009
-5256 -376
-2387 -5636
-6158 -3648
-8145 8976
6236 -8110
3345 -77
5525 -8549
-6568 7218
877 -2645
2963 2488
8054 377
1131 -7990
-8506 615
-8586 7989
-3 5638
-4739 -341
7745 8463
-5186 6595
5570 -8414
-2802 390
-9687 5526
-9303 -9458
-8520 5838
-3086 -5871
-9663 2358
-3545 9877
-4393 8392
2727 7586
9295 822
-3541 4141
-6201 -708
1475 1720
-1685 -8457
-6870 6289
-3322 -2395
-3148 4049
4591 -3009
-3450 -2451
5400 6072
2150 3464
7061 5737
7849 -7675
-6368 -7333
3490 575
-1564 -7074
2218 9949
5390 2236
7500 -2587
-6299 -2575
5030 -9371
4678 4101
-5188 -8119
3152 2990
2782 1362
-1454 -1449
-1992 -5069
977 -4394
1995 -422
-6127 4609
7536 -4516
-847 2310
-1734 3474
-9113 -5458
1967 -4235
-3605 -1691
-7591 718
6320 -5207
-8497 943
-3975 -529
-8258 4285
-7064 4572
-6102 -249
-6951 3914
-1478 5893
-4903 -3078
-7048 -3943
-6748 7972
-7487 1218
6984 -5861
2448 8202
2640 -2901
5613 8579
3242 -1041
-7849 7117
5122 9267
7559 -2386
-8915 8059
1972 -4822
-5209 -5866
4778 -5786
3993 -111
-2140 7730
-1052 7245
-4896 4094
6016 -348
6751 -8728
-6429 2376
-8665 6084
3200 6813
9801 -2793
4821 2043
101 -8921
-3743 5907
-9960 -4207
3728 1049
-5342 8539
6269 -2280
-5036 6239
4053 -1063
-7691 3789
5062 69
-7556 9060
5143 8633
5446 -2500
8428 2064
-5894 8967
-9955 3249
2876 7928
-2559 -3697
-8928 2916
5176 -8832
-1111 -4270
-8032 5165
-5899 7574
1363 9742
-190 -3590
-810 145
-1223 5976
-6525 -1947
-6163 -2057
-3091 -8097
8873 1664
-409 676
6979 1748
-1616 7032
-8079 -8229
1222 -6441
8724 810
2104 6911
6652 -3455
6676 -2813
7332 -3538
-3842 -414
7640 -3891
7773 3354
8978 -4803
6862 -5318
5358 7850
3318 -3548
-2795 6057
-8452 -8298
-1018 2847
-2623 2770
-320 1427
7972 9481
389 -3669
6514 8369
-2046 -2280
7550 -7329
6026 -686
4512 5323
-6275 5003
6574 1373
-8455 -7197
-7420 -109
5314 2471
-4683 -5872
6898 -5704
5723 2694
5896 -3423
6629 7415
5783 -3716
4004 3143
9535 -2542
6772 5275
597 5560
4284 1283
-3624 8043
-9155 4578
-5532 -2078
-9608 -6575
-2447 9783
-2201 -4290
-7876 -1829
4748 -2758
-5344 8020
-5697 5097
-1761 -5840
1618 -7972
7303 1495
775 2110
-2886 -2101
-4059 -4942
9636 3490
-8589 507
3932 -2175
1328 -4475
4956 -4795
3376 9127
-3632 7080
5100 1844
-3060 4745
-7375 9403
-8570 8901
395 4243
74 8733
352 -8831
-51 7188
4398 -9987
520 3305
-5150 9531
-4945 -1828
3377 6178
9025 -9990
7090 473
-7684 -4608
-6142 2189
5313 2978
1878 -3517
-5553 6743
9197 -4007
883 4521
5429 -452
-438 -5448
-8422 -174
-644 -6198
5696 -3572
-7394 8132
-8138 2793
-6734 -8370
744 8953
4862 -697
-7720 4602
-8916 174
638 7879
-6129 -748
-6228 -166
-6898 8476
-6973 -7079
2748 6385
-6092 -5395
1034 -4176
-2323 9604
2396 7361
-7289 -461
2212 5662
-5035 7176
1777 -2926
-9032 966
-1155 6583
-445 5327
-1119 6437
4912 3328
9970 1984
2089 7940
-3735 2717
-7738 5997
5600 -8981
8380 -61
-6802 1717
-2622 -5188
-8013 5411
-7516 6064
751 7486
7789 -2827
-7500 9596
9753 -2657
-5609 1381
-2915 4665
6325 -5639
-9202 9175
8892 -7411
-2670 -6940
6720 8213
-71 -570
4242 9919
5329 -8973
-9188 9951
7436 -8467
-1294 1563
4879 8945
-3713 4927
29 4631
3016 4400
8761 -9166
-6271 -660
5651 9559
-3660 -7379
-9167 -3299
6131 -6941
-7023 762
5510 4094
4044 -7974
-6441 6322
-2116 5200
4144 5987
4634 -3517
-5165 -5849
8551 -5338
-4503 7851
912 7311
-9410 -774
5568 283
6984 -3070
-11 6401
883 3114
-2793 6688
-7566 -3607
-3565 -5029
-9830 -285
-4299 8041
-5477 8035
-7814 -5945
-1282 -642
930 -5543
-4511 7936
882 -8159
5845 -3921
