2000
6698 -932
-3088 9155
-5211 -2265
5428 -2113
-2979 -6526
-3082 -280
7144 -4500
9189 9942
-4929 -2933
-6671 -1027
5776 4845
-634 -6827
-1613 -2984
1582 4428
6432 1998
-5213 -7064
-7910 3130
-9136 1699
9587 601
4075 6292
-268 -3393
5828 -5287
-5346 596
-8617 5017
-2290 3447
-1709 -5288
1606 -6514
502 7657
5805 9993
5712 -4196
2461 2237
-4634 -9502
5918 8272
2593 -49
-3758 5504
-4168 388
5101 9695
4012 -8341
-9604 -6524
6923 5395
-6172 -1893
5314 -4787
-3410 5434
5427 -464
9061 -3884
-7927 4859
5357 5242
3513 1160
-8890 4995
499 -3894
6494 1073
767 -9949
-4569 5316
8792 -1501
-6106 -4172
7656 9435
-1632 -2278
-6845 6690
-3775 8679
-5206 -7698
7161 -994
-5753 588
-8253 6238
1233 7760
-2414 -7143
7651 -4548
-776 -2199
-3163 2139
-9363 4655
-9518 -4372
-1217 -5469
5974 -8142
8548 7151
5829 -7150
-4848 -1507
7499 -5656
4932 -3966
-7729 -8255
-6774 -9600
-3022 7225
-3603 4533
-3946 -5371
6768 5621
276 2891
-7761 -8875
-4343 4479
6338 1022
1893 -4649
-1799 8606
-2901 1443
5787 3354
-6892 -1682
64 4439
4839 -4621
-3675 7011
5264 -4462
167 2722
-1657 -8682
4209 655
1780 8619
6818 -9831
1191 -8843
-3491 3155
1761 -3195
8248 4710
1784 -7420
898 7755
2193 4892
-6008 -5318
-8308 753
-9989 4038
480 -9323
-8005 178
-5447 8823
-8839 9925
-9907 6333
-8789 7980
4855 5006
-4469 1441
-129 336
2916 -6222
-8468 -8345
-9733 -6186
-1504 7446
1919 -2020
-4262 3910
4587 1930
-4172 6219
5041 -9698
-9774 381
435 9924
-8377 -5959
-7233 5367
-3193 6478
-3186 -1702
5797 6678
-7947 9730
-6457 -8951
-7785 -3958
4022 5761
-330 4135
-215 -6519
9700 -5744
-5442 9335
3436 8461
8384 -1495
6267 -6130
-7043 -6273
-9795 -7246
4773 -236
163 740
4190 569
5339 2216
8258 -8546
7215 7555
1689 6001
9482 -3116
4861 -4806
-5472 9181
-8639 -6861
5365 7965
-4445 -6534
-2807 5353
-8173 -1487
-8003 1119
-8142 6601
890 2160
-5624 6049
7503 -3771
-6217 -3646
-7646 4717
-4679 9193
-5614 -8165
-5264 -6098
-2959 2636
600 -181
3285 -3874
-4801 9876
2109 -9523
5318 -2973
-6373 4107
-3734 7176
6945 8238
-5534 4363
-9283 4447
2884 1970
1162 -6929
-1372 -8075
-4173 9270
1905 7085
-3097 6589
-3564 -3775
-179 -6092
-5614 1635
8662 -8070
6037 -6576
-9401 -3991
-5753 -3977
-9614 7545
5712 2434
-5596 -5176
1616 2317
4242 9287
-7724 -9757
-8951 -6210
-5901 7902
-5874 -2048
5582 535
-7830 3948
9599 9968
-6609 -5448
4283 5635
-4622 -2289
-1024 8530
4684 -515
4309 -1591
-9275 -7192
-4184 -4075
-111 4967
-7523 -1908
-4006 4659
-3668 -3423
7112 3841
1509 -8087
-8120 -6998
1276 1107
462 -1008
-9577 -4442
-2192 5841
-4675 3121
-8471 -7509
-979 -6645
-720 -7746
-9059 4837
-3351 -7111
7549 -6581
-4 6364
205 -6120
-4207 828
7552 -4566
6542 1394
-5894 -1173
4385 724
285 -1750
-8630 -4087
-1596 5611
8966 -7101
-4847 -8855
9703 1966
8576 -3905
3235 -3648
-7285 9845
-6276 -3049
-8501 6641
-7925 3238
-5369 9051
1598 -7663
3061 2458
-9292 -297
5616 -6654
-7323 -7922
-5022 -2259
-1114 -4637
-8951 3852
-6333 -1411
8662 9625
-6810 6902
-6148 -8624
8018 -3086
-6127 -4648
-1877 -6187
-3850 -1496
-5317 9722
-576 -7069
-3723 -4609
1190 -1239
6502 2675
8038 9889
7462 -892
-8583 -7193
-3847 -8872
8031 -9922
-8545 -657
6257 -4397
4676 -6807
-2994 -9871
2355 -7201
-3759 3156
6087 -9242
-130 9386
1867 -3915
-7520 -8941
-5331 -1632
-8803 -9482
-6675 -7870
-6742 -7386
-7307 -522
-7459 -4991
613 -2131
1062 8799
-7352 -991
5529 -8212
8665 8724
9482 -4510
-5124 8472
-1723 -649
4132 6743
-1168 758
4997 8801
-5349 29
2643 8322
1521 -2091
6640 9057
-3075 7783
6581 -2748
9982 -8293
-2784 -7050
-4606 5511
-9000 -4120
-1927 -1403
7948 -403
61 6350
-2893 5800
8321 8893
2642 -4176
-5854 -7029
4602 -4716
-1938 9388
7170 1241
-7787 4987
-9585 7472
-5858 -7806
-8575 -2369
7233 3257
-8147 -7574
5744 -4695
-4625 -6478
9322 -4196
-5304 6204
-7973 -8637
-5666 -8942
-3657 -106
3002 -7344
7618 4405
3112 3893
5085 9831
-4254 3527
-5121 9227
2483 892
7039 -7889
1137 4337
-8421 2783
8587 6512
6436 -9100
-7737 -2996
-1938 8464
2078 319
6696 8126
6251 -4920
8973 4314
7865 3084
331 4057
7004 -2669
8224 5210
-8959 3207
1264 8983
1765 2178
2411 2843
7465 4073
-5203 2567
4751 -6552
3767 6580
8427 -3171
1909 4184
2218 4677
-2240 4602
2379 82
-8866 -8188
7022 -618
-3691 -6922
-7940 8064
3962 7574
4137 3826
1619 93
-7340 1601
5050 -9864
6716 7411
-2040 2537
441 5142
3540 9869
8191 -7342
6462 -4980
-3168 569
-6329 7596
-9327 -2425
-641 -19
1275 -7267
-9721 -6680
7135 -868
-5546 1898
5755 -6485
-5354 -6776
5761 6192
5054 2607
2475 -77
2581 -1407
7335 4387
-5045 -958
-3363 -2113
5462 -1373
-7672 1031
3765 -5180
1862 7324
-3545 4044
-337 2717
6232 909
4133 -4583
-8392 -9123
3484 3615
-6463 -9617
-1024 -320
-5934 9839
2602 31
7919 2742
-4911 9239
3991 7101
-4358 -2583
-5260 -2245
-4481 7504
3941 4917
-4175 5182
-5680 172
1049 -6321
7294 -351
32 -1746
7934 -5449
-1890 -7271
2760 -4280
8462 -9289
-6329 4399
5221 -6449
4689 7662
-4584 -9138
-7914 -6850
8067 935
-162 6027
-3802 -2388
1291 7879
1248 -9033
-779 2305
6856 -8720
-2270 875
-9685 -5034
-602 -5790
-7670 8778
-3951 3069
730 7551
8413 -9263
-6113 6146
802 -5781
-9755 -8047
-434 -5640
-7762 164
1131 -5423
6883 3486
8487 -5927
8669 7459
-3855 -63
4148 8985
7762 5544
-1388 6478
7749 -2469
-1732 9343
9209 9882
-5900 5877
-8450 3731
8091 -5655
8230 4837
9415 -9672
7536 3081
-9126 -9983
7476 9743
-320 9544
8528 -6379
9165 -6173
-5975 -9991
-2460 1497
839 -8227
-8346 9529
9126 3769
-2501 -525
7541 -5603
9234 -4410
-361 5770
2571 -7632
-3894 -2826
638 3446
2989 -6418
924 -9683
-5856 5237
5246 3809
-4695 1890
7384 -3494
-245 9866
3634 -7242
2233 2602
6999 -5147
4164 -227
-737 6232
-7679 -6197
4698 -8167
5279 -1573
5730 -4665
-4348 -1733
-2776 -3347
-5818 3517
-873 -7531
2696 -512
3074 -3490
-732 -7549
8774 428
5281 -4779
4994 5772
5724 -555
6969 -2023
-189 8045
193 1666
-9278 -4911
7078 -4078
6297 95
-6388 -5699
492 -9522
3687 6460
-7030 -6813
-641 481
-9092 5959
-8820 -1868
-2376 6190
-645 9895
1593 -6652
-4887 -3677
-8291 -8597
213 5306
-5051 -7569
2527 1011
9034 -8755
-4556 9860
6319 -475
6433 9132
-388 -6991
8969 -487
-8635 521
431 -6131
-2516 -1010
6059 -6494
3550 -7203
-5800 -8829
-9802 5259
-8589 8135
-855 -4853
-3608 7659
-8762 -1822
-8577 1836
4688 7557
-5713 7857
-2631 -1979
-7738 -3024
845 2455
-8556 6414
9920 -7951
-5153 7503
-7605 3469
2448 2768
902 -7407
1461 7580
5238 -6232
1946 -8427
7130 -9804
7754 3370
4947 1818
-6441 -4239
2737 -3964
8491 -4179
-7766 -2698
-649 9936
-8842 -4126
9343 7919
4408 -2726
3588 5511
6812 -4691
2798 -4952
-3379 5770
5967 -5256
-8166 -6249
9290 7441
-6799 6781
-7184 -7152
2390 5938
-6761 -8694
-5038 4624
-9503 6311
7951 -158
7116 -6440
-7209 2358
-8613 704
5752 9603
5373 4186
8930 -3906
3566 1339
-1221 -5516
-5015 6576
-6856 1980
1638 1522
2828 5534
157 4877
1187 -8489
1353 654
7935 -863
-8506 2189
-7108 -9275
-9672 -7118
-9212 -7635
2180 9422
760 9718
-2078 -4255
-3959 -6741
8960 2907
-5572 -815
-5282 597
-4527 -9024
-7513 8596
2970 -9620
3239 7561
3471 904
5350 8454
-4944 6363
-7552 5678
5099 -4156
-4439 8349
-2186 -421
2838 7204
110 3855
-3240 1797
-7607 8259
9236 1478
3794 1587
1968 -4557
-3275 -3237
-8613 -4794
-6341 -9805
-9722 6738
2415 2437
8281 -3552
-5204 1235
-5466 -2437
-5234 2611
-3535 -8907
6611 8598
6856 3226
-1576 -7275
4312 6091
-4745 -7782
2702 0
8927 1980
5896 4090
827 -3693
8744 6174
-7379 -3038
8197 7024
-5414 1139
-6251 -3548
-2455 3074
1671 3935
881 -5845
601 -1474
-1662 9306
-4756 -5087
8634 3593
-707 7946
2035 7561
-6133 -4812
-4918 -7139
-176 -7390
-6646 1425
-7437 1741
-8087 -2059
-8986 -3688
-6033 -542
7335 6406
-5069 4849
7875 1656
6569 3269
-3139 -6882
-5216 5203
6484 9875
-4938 -9460
-2878 -9650
-3319 3866
-4710 -9334
2408 35
-8304 -2147
7886 8042
1221 -3569
-7164 -8148
6701 2276
-6069 1489
-5243 8296
-8587 -9500
9424 5340
5214 -81
459 9628
9978 -6003
7863 7581
8248 379
-5866 -6848
4726 4376
2417 -448
9704 2611
8184 -6363
5913 -3739
7750 8606
6901 -6435
-2214 -7494
-8434 8315
-1767 -2791
-3164 6781
-9223 -7588
9993 534
-5367 8640
-4488 8240
6336 -1233
-7961 -9763
6569 -1247
6111 -8257
-1996 4752
3357 5745
9310 -4247
1980 258
2293 -2905
8025 3547
4048 -5754
-3342 -1419
-7165 4825
7185 -3350
-1389 -2532
9956 -3583
375 -5054
7420 -8005
-2541 -3057
-4585 3531
-725 5463
-5064 8773
2751 -1416
9400 -9364
7904 -4957
-711 7424
-3996 1951
496 9668
-3683 -1161
6307 1401
7818 8649
-6405 9983
-8023 -1808
8856 -8986
8266 3157
-1381 -5729
-3236 -2460
9845 7276
-8367 9515
-1722 9244
6667 9537
5209 7567
-9046 -7330
5230 -4296
7106 -2729
-359 1536
1519 8644
-3164 3236
7971 7217
374 -4309
3683 6237
-2503 -7287
-6290 -9554
9961 -2658
306 -936
2321 -1762
-475 -3027
3364 -2471
6955 479
-8529 2315
-6150 4060
6424 1112
-1932 9090
-9973 -6741
2672 -241
-284 4122
-9445 -3646
-3199 7214
-1724 -5735
7050 482
8721 8582
-725 -629
6900 1966
-7555 -3640
8675 3854
1634 -2363
-7531 -3755
-944 -1942
5038 537
-5984 -917
-3075 1430
7785 3733
946 -2520
5467 -1694
8788 9222
-8477 2516
-8114 -8772
3195 799
-9121 -7493
-9919 9361
-3003 9554
-4202 1716
-6506 -534
-6277 4854
-2343 -7748
3683 1460
-4808 4582
-4217 1467
-6507 9859
-7200 -8751
3765 -7720
-6491 -5676
8844 9373
-8121 6704
6064 9723
-7004 -8040
7397 -3219
9968 -1206
-2631 -9110
-6857 -6310
5150 8747
7050 6826
2013 -5937
-6079 -7168
-5919 5506
-8494 -3278
4767 -8434
-9062 -1264
-840 3610
7053 -3462
-1501 -1056
5725 -9952
2563 -384
4228 5692
-6898 -6348
-7601 7371
7917 -8027
-3964 9449
-3999 3650
2876 -43
-9601 3803
5369 8103
-3161 5166
2496 -9972
287 5999
-5057 -452
-404 -7494
2123 -9333
-9920 -4120
-468 -3650
-2559 -6818
-4845 5652
8821 -922
-7273 4912
-1410 -5179
8624 9324
7426 -1011
-2124 7714
-8538 -5736
-6016 -9629
-80 5470
7977 -1073
3315 -6764
2837 3820
-9831 3395
-9702 -7631
8021 1331
-9592 -826
-5914 -9438
-4617 -3144
-3821 2676
-4615 -2272
-838 -2675
1590 3261
7354 4345
-186 9295
-1779 994
7951 -2210
-4670 -4744
-7628 788
6878 -780
-9450 -7330
1844 8619
9181 -9042
1535 9651
6047 -5436
6013 -8566
-1240 -4847
-7866 -4826
9519 -5930
-6636 9488
481 -668
-9157 5306
-9439 2153
-7060 -3827
5394 -7067
-676 9818
-7844 9665
-5656 -5111
-5461 -8663
-378 5879
7314 -5693
-540 -4366
808 -206
3864 1594
4803 4047
-2901 -9052
6254 -996
-8844 -2058
7837 6815
-6531 -2183
-2366 6951
6615 2793
-8598 -209
4849 -9042
-9442 -337
3970 -5530
104 -8408
1386 -2850
-7536 -5368
-7601 -1030
-82 -9013
-8 -502
-8839 -3829
-3294 1148
8966 8998
5948 3896
410 320
-6169 6283
-9038 1812
-8526 -7600
-3130 -8480
-6888 9165
-3686 -9306
-953 8219
-2812 2500
3487 1446
-9056 7106
-3003 -6522
8348 -7895
-5177 3703
1320 -8967
5074 -5509
-9227 -8271
3541 8906
-8695 -8265
-3024 8737
7901 1897
2591 3809
5748 -2064
-9565 -8362
6805 -7065
-6239 7643
-8879 7749
9854 758
-1818 -6811
-5778 -1603
2888 -6778
-5049 -6984
-4358 3662
9118 -7788
-9052 -3052
-7435 -185
-6377 8850
-3215 8877
-9486 -6908
-3973 941
-1417 7320
8789 3510
-2012 3425
-9666 -7637
760 9891
-6888 -1723
1294 -6352
-8970 -1937
276 6936
-2396 -9853
3683 4945
3794 169
-954 7307
-5881 -5701
8961 3281
4321 146
-2624 1265
-5311 3110
5473 5365
5255 -1255
7022 -47
3601 -7912
3872 -1685
-4749 4631
8500 -2132
-7187 6576
-3255 2182
3209 -9673
-1652 9512
2792 7328
1195 -2692
8573 834
-6057 8571
7656 -3017
5728 -6864
3089 6632
8720 2749
-5215 411
-1238 6312
-5820 3757
332 -2739
-6836 -3007
1041 -9203
-9692 6373
3701 9389
-3303 6822
-2345 -1384
-2814 -1010
5973 1598
8455 -1437
-4806 5421
1891 5264
-4326 -2366
-6055 6676
432 4437
-4582 -1875
8839 -5516
-4718 -1418
-1324 -120
-732 -689
-3868 -3903
4713 9686
-1324 3787
-895 -4381
4182 -1631
-2489 1280
-3456 -6904
730 9402
9798 5939
4096 4676
-3479 3950
8434 -6765
1817 -919
8961 -2564
6748 -5787
310 1949
5356 -7121
-9613 -4978
4363 -2248
9842 3213
-5507 2265
5362 -2648
-3247 4758
696 -188
-1792 271
-5780 -1487
1748 4730
-6190 -7346
90 -6436
-2222 -3509
8440 558
3438 -8192
552 7516
-4733 7546
758 -5086
-9101 -4891
2461 5251
3729 6261
-206 -7065
3206 -5575
2938 8002
2731 -8853
-6199 -1594
5691 -9739
-3248 7612
-1830 -2811
-1002 -1087
-3572 -4672
-7127 9550
-1816 5417
-9475 3631
2603 -917
-935 6707
9642 52
8198 8859
6860 6569
7716 4856
-6739 3312
3573 -4763
-3431 8953
-3859 -5954
2959 4739
-6213 5139
8409 -6893
8524 -3340
-5988 -3408
9397 -7231
9477 -9665
387 -1539
1040 -7162
-6873 -1415
-6560 1620
-5069 -5437
-200 -3298
-625 -7775
-3729 6370
4829 5516
4376 -7050
-222 8617
-1003 2784
-6903 -1698
4792 3009
7065 -7507
4675 7989
-9173 -2548
9758 -4286
7334 -2325
2239 -3082
7341 -7735
-1789 -7962
-7872 -3285
-7769 4482
7432 6958
9295 6607
-610 -2791
9232 -1709
-4979 2487
8701 4024
5733 -7915
3258 3375
9089 6560
-2044 3015
-6346 -9857
-3871 -9806
-7768 -9006
-2290 4340
-1179 -1918
-4961 3662
3989 -27
-9098 -1946
6345 -6622
9587 -9866
7879 -8635
-6549 -7993
5383 3611
3892 6709
3445 8192
8335 -8153
-7959 -9181
-8187 -5537
8803 -2006
9797 3244
626 1344
-8684 -1444
6610 -5386
-2007 -4060
-3926 2955
4320 1300
3307 -2327
-4996 -8509
-8079 2410
602 -7384
-5537 9087
9906 2657
-9159 225
-8060 -4561
-7596 -6636
4709 -4543
4014 3030
7645 9746
-4315 623
-6423 -642
-9343 5480
-3127 -8382
-3170 7685
3816 1878
8215 -1249
1558 -5583
-9206 -7322
6624 1463
-9377 -8365
-5000 -7716
-2258 -6973
6057 -6571
-3105 -8245
6099 3701
-6942 2581
1781 -6603
-4985 -2564
-4879 -7625
7974 5566
-5683 -7343
795 6188
-7414 9596
1059 1589
3225 9211
-4785 5403
8430 -8055
-905 2957
8433 4486
-1813 5990
-1430 4532
7929 4966
-7598 -5928
-3553 -3336
-7771 1244
3901 -5580
-9393 267
-137 -5305
-9996 -6806
-3875 -5358
-9956 6950
8895 1340
-1982 8474
6680 -2011
-6021 171
-1577 -1413
-6447 6270
-5938 72
6736 -324
-9081 4230
8650 -7314
6674 8541
-6765 -7022
-107 -3464
4899 -6761
-9811 6018
1078 8664
-9143 -7196
4515 -7184
6709 7538
-155 -7786
8484 -4869
5204 7119
-3206 -3733
-9504 5660
8346 1434
-26 9147
-4155 5020
-4724 6930
-9831 5738
5476 -6104
-7441 -5921
604 274
6812 -6583
-5325 -4882
-2668 3520
-7629 8241
5360 -463
5804 7575
3235 -7847
3588 6300
9167 5301
4041 -2718
-5788 -4989
-5531 -6962
-3066 -5619
2181 -6335
7661 3214
-9649 -7216
1624 4472
1712 -4974
-6733 8956
-1508 4083
5379 -7653
-5500 -1984
-5684 -1387
-2366 -8192
-909 -6518
2215 -8325
-5287 3303
-8596 -9596
-5930 5368
-1419 7306
-9911 -8270
9923 -1067
7680 1713
4390 1634
-563 -5333
-2986 -3398
4619 -5185
7149 5236
-9236 8935
-3863 -5217
179 -145
-3122 8352
8757 8613
3980 2003
-692 -3453
1998 -3719
5214 -602
-5169 1920
-2726 6615
-4998 -7059
-456 6711
-4753 5738
4694 -5838
-3183 -7605
899 5458
-966 6675
5027 -8923
9690 5912
-2085 7504
-2229 7390
-6329 -9057
341 9769
1688 -7395
9220 8894
-8166 8962
9393 -2057
-6320 5099
-7019 -5361
-2965 -7906
7552 -202
-3527 7934
-7268 -3415
-3782 -4780
-3556 -3858
-6468 7854
8797 4215
3983 -2797
-192 2859
5473 -609
-1648 2749
-9309 -8973
6127 -2256
6105 -1908
186 -7172
6348 -6861
-5207 -2263
8044 -3459
5482 -2475
3668 -2018
-444 -8075
9861 -9080
-1877 2073
-1348 7564
-3046 7931
4400 -5876
-1127 9027
491 5091
-3097 -1280
1548 -3405
3455 7089
-1453 -2105
8157 8249
-506 311
8293 3638
9284 -3118
-2198 1569
-6359 9144
6707 5925
7577 2294
-9862 -2619
128 1976
788 -989
7731 -9381
-2786 7691
4780 3000
-5385 -9331
-7362 -2953
7358 -7228
6410 2132
9015 5650
-2782 5694
8558 537
183 4580
594 8986
-3634 1480
-2824 733
-6536 6495
-9166 7964
9376 -8805
7916 -1952
2438 7876
-5078 -7470
-4698 8797
929 -7721
-8351 -4567
-8874 3664
-2079 2588
-2833 9684
8669 8104
-417 7762
-1506 -1244
-4750 6760
8444 1958
6874 -195
7853 7819
5694 8510
-8960 4012
6529 -5664
-3385 -3658
1775 -2543
-5159 -1736
-9149 6622
-9974 6484
4587 1740
-499 8695
1171 -2109
-1629 -8285
7394 -9859
-54 535
-1646 7989
6498 1520
-748 -2232
2105 7538
-2399 -4220
3238 -7560
705 -6904
9719 -8201
8283 5277
-2984 9745
-7841 6591
-1798 -9763
-8048 7052
7193 -9707
828 9347
7335 -2861
8659 -7098
4392 3832
5091 1631
7411 -3504
2657 -7309
-4213 648
6169 -2918
-7641 -774
2691 8172
8483 3096
3334 8572
5623 -3316
698 5286
8353 6536
-6326 -8474
-5572 5687
3240 -3947
7684 8820
-964 2051
4742 5095
-537 -4586
2496 -5751
7197 -648
1245 8576
1672 -113
2179 -273
-9868 -4995
-5989 1522
-1942 830
2356 -3915
-8229 1732
-8494 -9495
-6955 8732
782 -7090
-8275 5803
-8784 -756
7215 1189
-5739 3712
2288 4411
-1982 5506
-1046 -2320
6406 -9803
1719 -914
-6364 -5863
222 9777
5230 5993
-9782 5715
4446 -9544
-6634 -6737
-7214 -1051
8193 -4908
-9999 -5998
-8565 5407
3538 -5738
-6511 7444
-1156 -8444
-4526 2443
-4751 -4751
-614 -9087
-5589 -1115
-1402 -6671
9044 9641
-9904 -1184
5801 7210
-121 -2817
5996 8587
-3690 -1928
-2801 5997
-6020 -2255
-1091 -5542
-265 -2531
-6368 7753
-3278 5209
6122 -1119
7766 9829
-6843 -5747
-6107 -3636
8901 -7800
-6869 -2290
8615 4701
7009 3010
-5198 4610
4328 -6682
4784 5723
-9820 8308
-503 -2587
-4835 -85
-1156 6850
-4270 5608
5436 -1314
2940 -2784
7301 8594
-5486 -9447
1985 9923
4623 -2355
-5624 599
-1071 5352
-7610 -822
-5100 -6744
-4716 -9106
-1693 -1199
-7564 8502
5351 7193
2800 1280
9967 -5199
2018 -1764
550 6627
-9100 3039
2961 5064
-3570 2885
-2796 1305
-3344 806
9984 6134
-6890 2768
3662 -1395
7406 -1605
-3104 -4310
-7118 -6437
4843 -7753
769 9404
1360 8530
8877 -3493
9547 -8091
-9307 9778
2662 6228
-2468 -2877
-8351 9867
9721 7910
4398 -4646
7680 -7170
4946 -1941
3749 8806
-7632 -4437
1531 -9648
-6524 7212
9462 -7701
-1193 4836
6745 8339
8116 -1647
-1699 -8842
2003 4498
8085 9555
7464 3652
-7274 7805
-5644 1861
-6360 -9595
9212 -6978
-1415 -8890
-4817 -4700
-3768 -9885
-7585 -1341
-6506 -4306
-2247 1222
-6705 -6041
-1162 -4132
-9635 1596
1150 -9160
8214 -7829
9976 2334
-2085 -5340
-4934 -1948
1075 5277
-9893 -2002
7019 -6620
-6504 -4710
3949 -6749
-1055 -368
-5426 -8837
-1157 6698
-3714 1590
-6815 7681
-7758 372
2543 8057
4111 -9545
-4885 6240
-1988 -4253
-8977 3902
-4380 -7193
-3812 -5149
141 -7361
-4110 3405
-6964 -2190
2694 8556
8974 1331
-7080 -8464
-7063 -4741
9352 -174
1603 -4821
-4366 5616
1855 -4286
5182 4471
2093 -6413
-3605 9926
-5224 7714
-9648 2583
-292 8638
-3553 -37
-1482 6465
-2205 9141
-5603 1212
6471 715
-9460 -2666
2514 9543
5158 2144
-8422 -8132
-9941 733
4321 6760
-9595 2153
-134 -9285
7019 -4819
-6182 3939
-2378 -3274
-6810 3986
6847 9861
1072 4706
-4580 -8757
2298 1263
805 -319
-4455 -1468
4122 -316
-9584 -2877
-2397 4181
54 4737
5452 -1992
3189 -6360
-8701 6191
-7084 -9273
4713 -1079
2502 -173
-5468 5280
-9757 -6427
8557 -48
-6646 2542
-5206 3083
-7234 -1101
6023 -7364
6818 -6818
-8360 -2654
5355 592
4233 -9188
7004 2264
2992 5532
-1826 9920
3468 1425
-3295 -9325
-2030 8000
1673 -3052
-6790 -3474
-6671 5027
-6075 1726
4362 -3905
2999 9948
-2706 1179
-4508 8360
9172 -3631
8633 9725
8977 6175
9816 5345
-3230 -2850
1547 3283
1282 7196
-2136 9517
-237 -7046
7981 4796
-3479 3093
-7092 -8094
-4426 -9118
5783 9628
7987 6589
-7043 -8726
-5281 7159
3333 -4689
-9345 -6305
4567 6869
151 1146
2062 -3887
-650 -4846
-1892 9927
4722 -7167
9647 -190
5437 -8758
-4155 -7445
-7818 -5269
-8680 -8373
-7099 -9831
-8952 -2002
7030 -2380
1316 4381
1250 7686
2552 -397
9437 -4879
275 -5386
-1739 -1214
5340 -7896
1914 -3297
1666 4987
-8738 1071
5802 7511
9139 -2835
-2666 -9158
2562 -4240
3381 -1618
-3516 -409
-2724 -1583
-8260 -8546
296 -6451
1884 -8824
3683 -9429
-7325 -6135
568 -978
-2271 8310
-620 -4046
-6536 -1009
6157 -4819
-255 -3677
2084 -2789
9315 -7694
1897 -815
-8678 -481
4694 -7106
-3557 -6938
-2041 -5011
-4440 -7953
-4088 -8359
663 1956
265 6480
-7567 -7887
1104 9645
-1453 -382
9663 981
8193 -7988
-5682 1746
-5349 -8773
746 9936
-7171 -306
2756 -4561
4149 2993
8761 -9286
-3924 9710
5386 -5328
-5128 6739
-7428 -4349
-984 1026
-5635 3677
-1622 -8717
-6705 -5973
9494 291
1518 1334
1270 -5856
3838 -4016
5144 7820
4534 314
4749 -707
2723 3294
-8313 -9176
-8717 -1892
3759 -3441
-8694 -6144
-8747 -3504
-2221 -4329
-302 -369
9923 4796
-3871 -809
7056 5161
-8855 -8881
8940 4614
-1352 6289
-698 7194
4208 -2883
-2059 -7976
133 9616
-104 2945
-9479 -2388
4108 1202
6873 -4505
8848 -4392
-9597 291
-6798 -7510
7651 -3468
1373 -9743
8592 8796
8806 312
1226 -2761
4356 1828
3853 -846
-1230 -3983
-7318 -2294
9039 8666
-133 -6796
2420 6868
-7525 460
-9250 1267
3757 -7122
3131 -2327
-2070 1408
3924 -5497
8536 242
7481 6450
-1722 3482
-7364 5557
-8427 -4149
3557 1406
71 -2024
1180 6316
3183 -6342
4118 -2679
8588 5658
-7744 8589
-18 2345
-2527 9109
-2668 -8368
1874 -8604
7847 -4132
-6930 -646
-1369 -155
5696 -4294
7112 3925
-8100 2973
-712 903
4561 6802
-5878 -7529
-8151 2399
4708 -7291
8775 -2173
-3065 -5311
-3679 -3753
-2356 4267
-6145 8195
1269 -789
9056 647
6353 -6380
7545 8472
1444 7186
1809 -6834
9968 -9269
-3077 91
-3790 -5911
519 -1227
6600 -9082
-672 -706
5541 -2745
-4758 9371
-8715 -3095
6116 2819
-6535 6276
9896 8892
7363 9818
-9277 -8839
-5673 2527
6980 2533
-7377 -5706
2104 -6098
2675 -1167
3472 -7378
1916 2995
-9751 -3479
-4109 1178
8083 -4508
8311 897
-2828 7920
6811 -8225
-4687 789
1950 7895
421 -3963
-7710 6277
-5709 -2600
5024 -1366
-8813 6395
9017 1419
-5586 4660
-8820 4654
-4169 -1616
3876 792
-8312 -2366
-4447 5907
-8598 2582
-6630 -3915
-6021 437
-9806 5320
1596 8121
-758 -7516
1118 9608
6002 -5735
5684 2305
685 8739
7113 -6182
2203 5586
98 -3336
4299 -201
-4294 1787
-1911 9852
-4064 829
-8735 1459
-3222 3636
1757 -8541
-2336 -7906
-8299 -9002
-1016 -7498
8529 -8577
-9839 -1612
2207 -787
-1480 7275
-6062 -5591
4208 8618
4125 8237
-8191 -6366
4464 -7787
3672 1466
-4898 9450
-5370 -5830
-3736 6859
-8423 2294
4797 1686
3109 4282
-7331 3325
-3742 6992
4266 4876
-6995 4778
7117 -8076
-9839 -9066
-5432 4962
-9104 -4309
7157 -7248
-4077 8289
-7541 -4021
-3442 553
-7154 2444
-2149 -1865
-3863 -8637
4688 -9041
7951 -1193
-2597 -5333
-6835 5937
7862 4130
5064 -9719
8965 -8257
1155 -6648
-3895 9861
-8131 -1689
4291 5749
-3699 -5672
-9507 -9152
2705 -853
4232 -1656
3024 -7438
1369 -1081
7307 4696
4353 -7507
6623 -9528
-5526 2214
7678 5407
8759 -6562
-2981 -1168
-9136 -1416
-5668 -1111
6938 5155
9724 633
-6499 7431
-505 6149
8712 7733
372 -3760
-5344 3801
-9986 -2321
-1849 9009
