2000
-8386 1471
9784 -4691
7720 -5783
-6022 -3642
4091 -9558
3105 3200
4751 -1756
6945 -3414
-7755 -5480
3915 -7518
4964 -3557
8696 -539
8641 8924
4617 4050
-3935 -3002
-7810 -1178
7853 1400
5617 -8027
-1668 5572
9736 9595
2794 -7578
666 2840
-6853 1265
9506 1332
7535 -887
5556 3421
-7119 2499
5143 7973
2022 -8479
2241 -240
-7698 -8193
3207 4431
6404 -9846
9448 -1177
2138 -1544
4600 9183
5743 -1348
9918 -1014
-9683 8890
-1998 -6857
6564 7853
351 -2721
-4749 -6835
-1592 -786
8974 -9007
-7200 -9352
8800 -8724
-4849 6007
-1450 8924
-2620 -5402
-2499 -5592
3060 -8021
4686 -6756
-7867 6698
9842 5004
2856 3857
-5144 -9875
-6709 -3073
6141 107
1100 5420
9789 8836
-6168 3900
3627 8588
7511 2704
7303 -4103
305 -5110
590 -5197
1768 -6636
-6217 -4724
-6000 3902
1479 -6376
-6251 -9424
1224 6335
-3559 761
-3820 -2636
-80 -8739
8882 -4032
-1724 7473
177 2508
8405 -4213
4398 1200
9724 2430
9515 -1291
7706 1492
-4607 -6703
-3079 -8295
-7719 -9408
6927 4392
-4848 3505
-5411 -2912
-1651 5054
-5258 8231
5703 951
-2821 3019
8806 -4121
-9201 -696
-8267 6924
-4368 -9477
2015 -8753
-5455 -6663
-4958 -8872
-8280 5187
-422 1044
-5452 -7633
-545 8452
7226 2859
1089 -8476
2475 -8033
4986 512
-9888 9654
-1043 7512
4436 -9089
-8566 690
5658 -9933
-2874 7170
8298 -9798
5390 2168
-3067 -6262
-3895 -1312
860 5202
-1940 9281
-9196 -1915
3774 -7131
3382 3279
6653 -1241
-8 3494
4405 -4391
-9981 -5573
-1785 9561
6730 5678
9601 5341
1230 8749
-3793 8711
1120 8163
3364 6034
5314 -8021
3786 -4855
-1986 9840
6839 -2441
6318 -4884
-7670 3492
-7179 30
4457 -9544
-9984 -3438
-7761 -7328
8013 -9534
-7065 -4440
-5729 2963
1125 2864
-1103 5391
-8910 -1790
3355 -2069
1491 4876
-7566 -4911
206 -1670
-8179 -7527
2503 6257
6713 -1637
4925 -3040
3353 -9551
-5363 -9116
-3555 5086
-1951 -2428
-5844 4437
3548 -7106
1104 6774
-1574 4638
-486 -5542
3269 9917
-1754 5669
8142 -2805
-6549 3788
-4128 4366
-4954 -6115
-5666 -9204
-8319 8399
7205 -1029
-9736 1847
-3717 -1026
1869 -1859
-5085 9831
8189 -7028
1152 3341
3257 -2298
-2908 -5580
1615 -4776
-7268 -4767
9599 8787
-7329 -1396
-599 -5356
-3237 727
-6582 1082
-7072 -2311
6663 -6318
1824 2932
2762 -1469
5225 -9541
3800 4671
-7627 97
4517 -2944
6001 3186
8419 -148
2359 8734
-2663 -8262
103 5031
-522 6738
1540 -9413
-1724 2896
-9701 8189
1120 -5062
7191 5844
6303 -2398
-7727 6136
-3768 102
-9122 -1633
-8448 -5531
8042 6880
9334 -6309
-850 400
-849 -3330
-2871 -7026
-6439 8629
1525 8669
-9422 5558
-5784 1824
1388 5419
-6979 -8594
7542 -2310
-8488 -985
-8898 -2506
1963 -7610
-7010 -7346
66 4
-9596 -3956
2715 9217
-7810 3276
1905 -6436
-4047 -528
-4971 -2850
-7306 -3469
-8050 -755
4373 4082
-8229 -1308
7707 1914
9409 -6717
-606 8809
-4817 5092
-4904 2385
-7851 8970
8186 -779
-7504 4864
8428 -5904
3568 4401
-8450 -5619
4633 -7683
1563 -5756
-7954 6583
-4726 -4065
-8431 -6183
821 -3299
-770 -5302
9791 -9785
6321 4413
3383 -1393
7828 8470
7055 5289
-6894 -9677
8446 5482
-6417 -9606
-7288 -6284
1682 8217
8520 7996
-6070 3728
7546 -2485
4216 -780
7640 2087
2302 -2833
-4700 -8850
-243 -1378
813 -7597
7693 -2416
1628 -2133
-2931 -5481
-5087 73
3790 4374
6311 -2375
-4380 -4529
9199 4830
-3935 3271
-3788 -9536
2552 -5998
1169 -6149
-4999 -1426
-9083 6469
8873 4758
-3938 1730
-6683 -9715
-5196 7690
-2237 386
-1520 -283
7343 -4727
744 -5210
-6659 -3317
9955 3663
7849 -594
7129 -3834
3738 400
-7306 -1703
-5234 8739
7217 -6389
5341 -6362
-2356 -6722
-9033 -7622
2765 2448
-7836 2451
7724 -5035
-244 -6773
-89 2188
-4149 6818
-3777 3586
-6528 -6301
7820 -6648
5370 7210
5948 -9487
-2154 -9865
-2506 3164
6442 -3093
-714 5138
1306 -8871
3581 -4229
736 3471
6698 5025
-2787 -9509
7309 329
-6086 6785
-5796 -2747
4326 -2614
-5405 -4256
-22 -305
3552 -5737
-8853 7824
-5269 -5234
-6375 7589
-7561 4017
9788 4931
-1599 9741
4765 523
4736 -1180
-7131 -4302
-7518 5765
-6983 -3216
7891 407
6151 -8937
4480 -3793
4191 -3871
-6048 -1969
6518 5339
6648 2404
-3580 -9858
5074 9087
8827 -72
-5828 -2805
9736 7313
-3269 -7372
8393 -3674
6831 2935
-6659 -4869
-3806 4721
-5352 9493
-658 -5606
2425 8840
4178 3294
-4302 2664
2806 825
3633 5839
-512 1600
-7484 6180
7213 7381
-9992 -4028
2298 -6056
6879 -7879
-2748 -872
-2430 -9781
-6568 7168
-8439 2218
1057 2774
-211 7708
371 -1045
-6499 9208
5046 -3103
8498 7134
3313 -1746
-4366 -5266
706 526
4470 -637
1485 -6996
5853 5069
5288 8737
9625 -6578
5641 8721
5215 -8814
-7386 418
-6906 -4997
-5790 2985
9882 -3405
-6272 -7023
4952 -7901
-3167 -9239
1287 -9414
3670 -8740
-2015 -523
-5455 -4846
-2388 -6163
981 9834
-7726 957
2143 342
-9241 -8791
-3787 8478
1462 -2426
4169 4144
7121 5065
7164 7897
-7621 2073
6380 -2282
-1022 3666
-6857 3770
8925 -9317
-5480 1409
4963 257
-8787 5501
-4158 7237
-7833 7078
5555 323
7897 -1620
-3756 738
-4198 5787
7404 -6635
9159 -3314
8125 9783
3449 9259
3028 823
1506 -9688
1721 5673
-350 9748
5248 -3316
-2359 864
1662 -5189
8855 -192
-8092 937
-4605 6751
2537 -1847
5239 1197
-8396 -59
3444 4397
7376 -6551
4273 -3108
925 403
-3924 -4222
-4475 -7354
3051 5726
310 -5506
-695 -9309
4221 -4308
-9650 -1841
-1370 9850
-1998 -4255
-9337 -5112
8550 -3039
-4922 -7733
-4284 1993
-7394 -7547
2857 -6291
-512 3531
9898 -7347
-7901 8734
-6773 2948
7361 6131
-4457 6253
-1868 1581
1430 -4107
1639 -9517
-4629 -6847
114 2302
8290 -2359
-6646 5193
-8634 -5995
-2285 -4040
9492 7944
-5683 -9077
9657 -6891
6058 -3583
-3732 -3395
-3422 3418
-1281 1811
7705 4711
5194 -9852
-2978 -657
-4635 -5715
1926 7137
6050 -6346
1380 5280
-5039 7416
5360 -7185
-6262 -1827
1282 9677
-186 -2884
7442 1060
-5523 9803
1614 -5981
8730 3196
7066 3039
-7619 7644
-8072 -5913
-5056 1467
5121 7575
6576 -9007
-7870 -3500
3037 -4743
3430 -8790
-5393 6775
-2389 -5289
5772 8143
7945 -4948
-928 -6031
-9114 -442
-3683 1522
-834 7952
-4241 2419
-6115 4815
6111 704
5418 9006
-773 6407
-8337 7548
-7522 -7737
-7242 5093
-6476 -2914
-1051 4091
9143 -6984
707 -3107
-9828 -1786
-6543 1593
3265 -3511
8909 2623
1158 9024
-273 -3486
-759 989
-2605 -4855
-3587 8468
-5549 -942
-2129 -1108
9699 930
-4980 5117
-8147 -1353
9261 -2116
9819 2560
-2127 -6847
-357 -6725
5898 -8863
-9839 2272
8786 777
-8235 3609
8754 -1974
214 -839
-8061 -1112
7780 8386
-684 3532
2369 -8802
-155 8057
-4060 4222
503 2826
5980 -4241
-966 -7904
-3045 -4378
-8386 -1347
-6850 837
-5555 -5880
2147 -5085
7797 -3080
5808 -3919
-5533 -6543
-9291 3587
8506 7504
9281 3078
-2701 -1650
-8825 -1058
4701 -8478
-6381 -9125
218 -2545
9829 4295
-4869 1832
5953 -7022
1615 -424
6496 1820
-8379 3132
6589 6024
-390 -191
-2688 7298
375 1836
-9815 314
9256 -8605
-3362 -4918
-4043 7677
-4869 3978
-1728 9897
1728 -1319
1659 3403
-3300 1401
-3059 -3006
-9874 -6805
9220 -1437
8372 -9565
-8546 2550
-5614 -595
-6561 1829
6945 -1708
7095 -7306
-5909 -2696
-4998 -3227
-3331 -778
-8377 3275
398 -7883
7240 7004
-6003 7098
-5986 -5820
6464 -5877
-1720 -6767
9504 8557
-2039 -266
-4717 -2390
9624 5121
7815 -4051
3253 6718
-6510 -4374
4848 8255
5250 3880
5998 -9808
7196 -4352
-3534 3237
-8863 -8808
-963 480
7434 7602
6158 7317
-2950 -9342
-1732 -2161
-7041 6054
-7998 -2109
-5391 -5506
120 5255
7231 1820
-579 -1312
-1120 6201
-8152 -4582
-7625 -3925
989 2036
-7485 -6488
-8887 -9975
-8938 -6330
-5672 -9009
-1170 1833
-2114 2596
-5792 5510
-6276 -111
-1136 2538
-5643 3844
-3747 -185
-3984 3778
-7084 8854
-5071 1585
-6380 -4709
2525 9639
9664 -143
3527 7359
8351 -5554
6279 7855
4171 901
132 -5836
7774 8379
916 3856
1421 359
-9827 8995
2772 7674
6527 -90
-8505 9410
-1579 -4824
-5186 -1164
-7587 -9055
8305 -1802
2644 5940
7515 -9625
4997 2643
6808 1686
64 -4872
-7295 8302
-1340 -5299
-6305 4126
1799 -1166
-7536 -9813
9597 2046
-9057 -6041
6517 -1982
2684 -522
7677 8930
8591 4709
5084 4041
-3316 6105
-2210 3802
8930 -2788
-4487 -8425
-3724 -8366
9481 7895
449 3692
3879 1279
-2954 2913
-9407 3476
-4786 -2011
-8813 7110
9760 -8382
6328 8864
6626 8350
8176 5132
-1067 -2970
4242 -314
4982 1584
6939 -6525
-8631 -8743
4949 6420
1419 1818
-5269 2549
-255 -7815
3895 -4676
-3846 8680
-9703 5083
7667 -4087
-2016 6625
5478 4292
-8679 -3841
9566 -1869
9715 9284
-7241 4548
5805 -9626
-9486 -5872
5947 4475
744 1933
7840 -5602
3443 -9512
9168 1734
-3184 9597
-770 -6815
9811 -1796
-7505 7214
-2907 9009
-2861 -2462
-3179 -3341
-8794 575
949 -420
7430 -9269
8927 1463
-2884 7097
-8506 -330
3879 -5045
-9590 4937
8254 3046
6232 947
9151 -2517
-1582 9763
8771 -8354
-816 5511
-4110 -370
-9796 9726
-694 -2904
1549 1153
-3664 -3265
-2448 475
-6134 7174
-7872 -954
-2297 7745
791 -3741
7207 -4044
7160 743
4226 6357
-8277 -4423
-5191 6717
-3654 4628
4354 699
-8484 272
-8576 -2620
7836 3065
-2740 1482
-1345 -4613
4433 1126
-1129 4504
-9237 -4144
1812 -6618
4125 7970
8047 2692
8270 2071
-1213 9771
4398 -3201
7498 8854
-875 2472
9852 -7266
5799 4271
-4248 7687
-6927 -3220
7906 8128
2631 -8774
-2918 -3224
3879 3394
5084 -7386
5307 1724
-6206 3131
6622 7297
-5905 2581
1435 4740
-2788 -4687
-1952 -5720
8551 784
-1529 -2433
4347 -5698
-7571 5265
-9788 5974
-3530 8782
2175 -2706
-91 -9651
2073 980
-2169 -1064
-3768 5868
2169 -5548
9192 4048
9361 -2676
1605 124
-9092 1129
8697 3876
8179 3100
2085 6764
2737 -5672
-6891 2297
9592 9208
9557 9006
3706 3221
-4123 5350
1217 -8464
-4012 2109
-123 -2893
8152 -1100
9025 -763
-9634 3477
-2647 -6347
-9527 -7217
9547 -748
7301 2558
-5145 2284
1491 -5869
-6864 -1833
-4892 4768
117 -9438
-7902 985
-3186 -4945
5883 1807
-9294 6691
-352 4034
-2489 -6549
825 3735
-9762 8585
-2164 1298
-2423 9786
5790 -4864
-733 6153
-1960 -2720
-4232 6124
6686 3148
-2147 5885
-5340 8784
590 8388
8799 -9458
4577 5018
8469 -1554
-4098 -4192
-5608 -706
-5688 -3860
-354 2228
-8916 1889
-1959 -4565
6436 352
196 6081
2949 -7797
-8191 -3118
-614 -9199
9189 -3531
-2988 -6303
8715 -8293
154 -4691
1117 7183
197 9777
-363 5509
1457 8231
119 9284
-1561 2541
-3387 -8119
-8318 -5125
799 6810
-2588 8353
9154 2608
-7202 6798
-9506 -7937
-6230 -190
5119 9209
-9888 7645
-8859 -44
-4536 4030
2260 779
3783 -9359
6903 -3900
1702 -7779
-2904 -2763
-2233 3384
5457 7896
4224 5179
5697 4611
-9606 7022
552 6192
9121 -2115
-749 -609
9347 -7047
-9296 392
-5109 -1469
-828 6685
-3495 8674
-9105 -204
7033 8207
5312 1712
-393 -1480
-6302 768
-901 -2448
-1706 9395
9307 3214
-8901 8847
-1763 -7852
-1178 4071
-5538 1305
9836 -474
-3789 3075
1748 2729
-7476 6437
4644 2643
-5645 -6723
1797 -45
-5557 7683
-1045 9216
-7670 3543
-3244 7250
9817 -8363
-2494 1576
-4354 1774
-6922 6328
-4146 3830
-3096 -7086
9364 5786
2222 -7628
5016 -4392
2606 586
-5739 -6909
-5506 -1877
-2662 -1295
-4032 3450
4420 -332
5026 6445
1742 4236
-270 -7469
8860 -8892
8659 2809
9444 -1566
-2060 -717
1656 8807
-1865 -6118
4469 392
3483 -9260
-1137 -7550
4876 -8303
8868 6201
-411 -9157
-8991 3287
1243 -5385
867 6472
7580 -9027
3782 3447
-8120 6239
-4479 6946
5752 3541
-8856 7177
1289 -6114
-1653 5613
-8217 -5229
190 7210
7131 6660
-8777 -943
-7656 -3281
5055 -4047
-7576 3587
8281 -357
-6911 -9996
9964 2062
2728 -1309
-4048 -4516
-3618 -1521
6086 -2904
-7292 7671
-3837 -5568
-4638 -1787
-5128 6353
-870 -7508
2933 -184
5770 1474
-1218 -2013
-8650 8194
8198 783
-3434 -5560
6852 8161
-2634 9294
-2227 -7197
-100 7469
5139 -2421
5733 6329
-5459 -4978
-4905 -8906
-6413 3134
-7050 4226
-580 6520
-1773 8720
-9367 -8078
2706 -422
4018 8832
-9288 9272
8565 869
7393 1799
-733 58
7638 -2708
-6379 -1873
6870 3370
8185 1883
-4983 -8035
9912 -8229
8291 1688
407 3052
4975 -3482
9817 4761
7313 1401
4393 3834
-1577 8026
3545 2957
-3264 -4185
6829 -3467
4660 -1906
-4816 -9551
6053 5250
-9065 -6632
-4860 -8931
2757 -9154
3899 -2849
3669 -3116
-8355 2594
-2285 3485
1039 8958
-9297 -7893
8785 -6818
2719 7970
-5498 -4480
3614 -453
3717 -7118
8132 8798
-7834 -231
4560 -7212
-6366 1027
8178 1037
7922 -8747
7568 5568
2773 -6713
-4035 -4718
1110 -2467
715 390
-1641 -105
5415 -2846
-9579 6582
9464 2750
1547 4138
-2372 -8685
-5897 7434
-1540 -4092
6945 1459
6433 359
-4074 8587
-4406 4001
-6997 -7581
-48 1560
-8051 4114
-2271 -5612
1542 4029
610 -6857
5893 1964
-178 3794
5109 1161
2315 -8830
799 -7067
4392 -5504
4855 -2256
51 824
-1455 -5499
641 5646
-2795 5270
-617 -9407
-5019 2875
624 7112
-6025 -9757
5928 -8767
8748 -6411
8471 -529
641 3856
-9491 785
9002 -8560
2905 8622
-554 7577
-4202 -7045
-7679 -8289
6981 6440
7033 -474
-3879 84
916 -4266
-302 6745
-8302 4892
-7799 -4374
8818 -9555
8023 -9329
5177 3179
8340 8532
7154 4179
5476 1244
7921 320
5752 -8726
7714 -9759
3489 2733
-3463 8467
-2079 -6670
-6204 7454
6066 7619
-3035 -4506
-339 -8013
-7342 -4218
-7318 -2317
-65 -8445
5734 -8979
2266 809
-5151 1210
6205 3907
4148 -9399
7055 3918
6105 1357
4688 -2688
-1514 -5975
-4636 8484
-2302 -5449
-3462 6051
-4447 7359
-1238 2917
4473 -1765
-743 -7582
6948 3927
-1143 -4757
9150 -8203
-3881 -4939
8979 7018
-1625 -3106
4206 5083
-7172 -3217
-1013 -7308
964 -1807
-2036 -9595
7765 -8777
4140 3517
-8248 247
6386 -1388
-3740 1009
9973 3334
8852 5117
-9822 9122
6139 -5030
1864 -7123
-8319 -1766
8738 -210
6203 -5491
6423 -2276
-1870 -2833
-1610 -5614
7904 -385
-6418 -7471
4863 -6624
8106 9969
7023 -8878
9960 8078
7199 5874
-5436 -9863
-6985 7058
-987 -9852
-62 -5304
2926 -2250
9196 -3859
7029 -651
7456 -2675
-9340 -4582
1668 5359
-7545 -2037
1652 251
5094 -9440
-7642 -1326
-1732 5054
8912 -6723
-9665 2832
6701 -8074
343 -652
-9182 -3361
6501 -3010
6339 -9987
1059 3529
-7333 7515
6595 1719
9683 8056
-1693 9050
-6669 5055
-6271 -6600
-7826 -4311
-1033 5718
-1450 -8914
-3267 3023
-7630 -4750
5610 -9203
-2213 -3091
-3077 5831
-641 -2154
-4640 7982
3422 5747
3803 -8046
-8996 6825
1879 -4170
-770 -5665
24 9329
5047 5126
6212 -7289
5734 -2683
2567 -3335
-2538 -8176
-1266 1898
-2272 5249
-6906 9378
7359 -9192
6555 2176
4130 780
1325 4078
9908 5134
-6811 -6796
-7468 2859
-2016 6935
9646 -8701
-1384 -2084
4581 9101
-9076 -8817
6802 -4236
-8988 3379
2756 -5471
-942 -2172
-9997 115
-5385 -666
-6589 4133
2988 9662
-7135 -6681
9899 9898
6832 -882
418 -2118
9519 -9802
9299 9034
-6063 7820
-6417 -6057
7323 -5541
-1011 -1683
6145 78
-6087 -8233
1101 9869
7722 2250
1911 4513
-8448 4430
4328 8497
1335 -8550
3053 4880
5078 -8248
-5493 2571
4111 8097
-7960 2165
6625 7695
-3989 9363
3161 -666
1101 -4124
-535 -9205
6766 -7798
-9565 -2814
-4663 2397
4614 -8013
-2842 9665
4544 -4052
1422 -9790
6502 3343
1439 5929
-1907 612
2027 3479
6562 -1562
7772 -8242
1355 3444
7960 -1127
1075 -9181
1727 4725
842 5231
7218 7064
-9552 -4545
1403 -1904
2027 4992
-1666 -7176
-7527 -1472
-7140 -6506
6973 567
-7275 8609
-9634 7256
699 -9503
-630 1722
6262 2379
-2897 -5835
9396 -2012
-1228 -8335
-2880 -9667
2150 -780
-2067 8523
-4932 -5824
6425 9988
-6519 -2459
-8172 -6995
-8387 -5825
-4849 -5446
-4949 -4299
-8857 5850
-1772 8142
-3973 7405
-886 9052
-5563 -857
3197 -8394
827 1557
3800 -4654
-478 -7520
-3812 8868
130 -4054
-1049 3391
7566 1958
-9768 4286
9987 -3563
-7714 -996
-2855 -8871
-7746 4235
7007 6893
-3965 1368
2975 -8557
6721 -7048
-1702 -2478
3723 520
3109 7820
-2514 9911
3301 -6762
8917 -9842
4444 4587
-8977 9150
-1847 8151
-7000 -2970
-5015 9020
5912 -4746
6623 -4288
-2845 -4332
-1380 3318
-9161 -2404
8117 -9361
8459 4562
8193 4946
-8096 -334
3545 5215
-199 -9180
-6310 -2012
-141 4546
-4704 5565
4584 2859
8113 282
5994 4216
-6396 8456
1773 -3130
4466 2225
2864 6333
4615 6303
1248 5043
-1571 6529
1743 6873
7694 -8027
3682 -8457
9810 -8617
6948 -6460
6399 -4894
5388 5252
3189 8233
6688 5102
-4308 6793
-983 2182
-1486 -6121
-9819 -4399
-9356 -3150
-6622 5151
2023 2794
4768 5121
-9616 3437
8542 -1551
5711 -6085
-979 9210
4462 2109
341 -1871
-3049 -2350
-5558 750
-7069 2644
6523 7181
-7219 5166
-4264 -9576
9296 -2854
9941 -886
-2045 1319
-1524 8429
598 2061
5976 -2983
-3773 -3692
8418 -1283
-9434 -5591
5780 2479
-3051 -2483
-6119 -9779
-8878 -120
-1233 -9597
-5451 -2375
4771 4503
-2662 -6156
8884 8432
-9420 5293
1074 -2640
4377 1179
7487 -2951
9487 -5676
-1267 5904
2104 -9948
1291 -5488
-1545 9053
2654 5172
9297 -423
-9078 -4859
9644 -6155
1410 5694
7846 -3019
-4005 294
7654 8427
-395 7069
-2161 5751
-6204 -2909
-3284 -2675
1099 2529
-9238 -7460
-4687 -7611
-8719 2938
-3765 -8313
-3172 -9423
-1857 -2842
-7149 -3528
7174 9554
3568 -5583
-3436 -6832
-6042 1221
692 6169
-3019 1797
-7158 4488
738 7418
9958 7662
-9950 5221
-1842 -4730
679 -8668
-4370 4393
-8450 7507
-2301 3774
7048 -1878
6261 -5127
1762 615
-4444 -7176
8994 9441
4958 6248
4457 -305
-2888 7801
9183 -1085
-5865 -2931
6060 9234
-5714 2293
-3315 -3262
-2034 -84
-6311 1957
-9922 5665
-5742 -5543
5072 6339
9164 9742
9182 -9373
6876 -8123
1572 7861
9382 5053
-6033 8684
-527 8564
7797 -1898
-9606 -747
9713 -4197
5720 800
-7244 -2322
-2937 -6871
-2413 -3444
-3385 5043
4784 -7342
-6714 -501
1376 7686
5546 -6118
-7345 -3332
-928 4927
3491 -3378
8445 -7735
1519 5008
-9189 -7441
3359 4952
-3650 6531
-6620 9837
113 3413
-1545 967
7347 6728
-3773 -3041
-5355 -5647
1956 -8677
-2008 -6089
8839 4611
-5047 -9216
-6950 6050
1057 -6603
-323 4569
3241 1868
2119 -3244
-3408 9591
3003 5500
-3534 6705
7154 -4821
5859 -2467
1886 -6620
-5297 -5776
-1864 -6159
8452 6416
7201 -3026
-6977 -2875
522 -9750
8540 7801
-331 -6081
676 1780
1370 -8213
-8993 7268
7694 -1907
6993 1195
8728 4847
-8053 2852
7076 614
8176 -3350
-3213 -4789
5906 6628
-2527 -6013
-2042 -7351
-9550 7996
-4365 218
-8003 3840
9348 6311
7300 7088
-1099 -9645
1550 4993
3560 -4106
-7534 3998
-1668 5507
-4123 -6738
-1526 -3492
-3144 2664
-9629 -1900
4471 4329
6045 -1671
-7733 8642
2481 -8320
7991 -5736
-4928 5549
9625 5290
4003 7695
-2691 1174
-1107 -2438
-3211 -225
3037 7225
-6268 6388
-949 -4769
7053 588
-1362 3144
-4807 1523
164 -5318
-3638 -2539
5446 -3635
-8087 -5647
-6637 -5761
-8067 -4741
-9847 -8913
2370 -758
9017 -954
-3729 9160
5547 5774
-5274 3724
-1967 -1682
-8539 -8222
7022 6671
-8648 376
7837 906
-9009 -2285
5789 3282
7521 -3375
1884 -7128
-6041 -6826
2416 2038
-8917 6330
9210 5153
927 1075
-5201 8477
-3206 9374
-8849 2832
3223 1977
-7648 -8107
2799 4575
-3990 -6091
-9089 3790
-9586 -4481
-1608 -7847
-4673 2299
-5664 2351
2401 7744
2896 -860
-9785 1610
3807 -2457
-3084 -1265
-4713 -9399
6299 1788
3681 8510
3084 -7629
-3720 200
-2290 -7185
-1666 912
3065 1846
-5856 6726
2798 8393
6136 2201
-4939 -1081
-5750 2752
-5984 -1003
7732 8057
-7622 932
-3559 -6982
-4752 8677
-5232 -6158
4043 -7947
-5132 4769
-4319 -8248
3598 3202
3649 8746
7138 -8538
7384 -3554
5365 6994
3467 -7555
5163 -6665
-8608 7483
2135 2895
9634 -6230
-3832 8576
-7582 -5118
-3065 936
-4295 -9819
-4346 1803
-1275 5107
3852 -7027
-5565 -7627
2540 4711
5425 -4460
1706 1626
4961 -1109
94 -3132
-6517 6353
-6156 -7771
-9196 -6883
1720 12
-5332 -3057
-2876 8655
4178 4094
-800 2779
5752 -3377
-1003 -3227
-8517 -6093
3168 -4743
6883 -9372
-480 -5127
5463 1844
1917 -6666
-4437 8946
-4217 5761
-507 89
-9248 7503
9878 7883
1976 -2123
-5624 7776
-5601 -5103
1670 -6152
-2245 7117
-7627 3153
3781 -9077
-483 -7023
4821 -2979
4077 -5021
-2354 -3263
-3781 -6640
7170 3429
932 9433
7315 7923
-480 809
2306 3012
7909 3896
-8536 6705
7542 -422
-3549 2940
7584 -6365
-3388 -6048
4695 -2899
5801 -8568
1891 -1229
2131 -6554
-9404 -8170
-8738 -699
944 1528
-3943 -7702
5310 -9537
8080 -7917
-7492 3218
-7205 9544
2483 -9951
-6315 2967
6919 67
-9112 4018
5451 1613
-9617 6689
-6144 1062
2892 6236
-743 -5548
9701 7875
-9828 -9800
-9337 -522
1562 5482
2420 -7537
-7994 4070
4120 8936
1902 8210
1997 -8475
5543 -1179
-5846 2885
3295 4714
-504 -1741
-5506 7151
-4677 -3892
-6017 3751
7672 -4977
4501 -2124
-6642 -7945
-5482 -3938
-6147 5778
8435 245
-1546 -8307
-6782 336
9157 -9549
7057 -7519
-9084 -6689
5291 351
-2499 412
-9759 9785
7256 2824
-8433 -5776
5821 4927
6982 6069
-4149 9179
8678 -4780
5465 3425
5118 7112
1168 -6082
-1910 8336
-5462 325
7357 -4853
5498 -4546
9587 6368
6152 -3280
-6736 9828
-2228 7128
5775 -5168
-5379 -6407
-3508 6477
-8304 472
-6103 -1110
-278 7161
-5201 -7265
-5208 -9110
4936 6611
-8243 -670
8505 6013
2380 -9025
1416 -8189
-4640 2252
-621 4681
9513 3132
-9555 -4847
-4650 -5867
8326 659
-6731 -2954
-2073 -4057
2400 2992
7603 6447
3057 7192
-3479 2538
2271 8535
-6769 -1254
557 -1629
-9378 4647
-673 5917
2770 3722
8875 2560
-9587 6936
-2406 -2055
4991 -7540
2124 864
-2424 -7083
9364 -5477
-8286 -4822
-8564 6142
4676 1956
-9299 7428
-4202 7907
2554 1259
896 -3580
-9859 -4399
-8118 -2614
-5678 -7264
681 -3984
-1524 5637
221 -4329
2309 -5679
-1156 7797
-3305 5393
1534 4280
-3765 1852
-721 -69
1558 -3063
-8084 5077
-8504 -5889
3434 2812
-9802 -4642
-1906 9037
-4948 -1759
-6123 8775
-1834 3529
7850 4099
5616 -5805
-6691 414
-5307 -7689
4163 8564
-1506 929
-8414 -6558
-7761 -9948
-2116 -6498
-9966 -6264
-906 -4962
-5926 -6047
2194 -9091
9684 -873
-3624 6072
3891 1571
9487 -2054
8360 -494
5538 -7205
-8641 -3226
-8577 3422
6864 -147
3626 -6991
232 -7177
-3441 -8490
269 266
7941 9375
-9717 4344
-2809 134
-3795 -6313
8979 3567
-4767 -9905
3323 8466
-8740 -2687
4087 -1140
-7719 -3660
9915 9231
-4040 -7135
-4311 3540
8771 6192
179 5969
5343 -960
-6617 -1881
8253 9347
-3245 4295
-2139 -1821
1995 -4267
-2081 6815
-5873 -4683
7899 2901
9241 -8065
-8835 -6100
-3234 9155
2695 -2874
-2962 6176
2144 5186
-5775 -9063
2777 1208
554 1329
-4377 4751
-7071 -8971
484 3484
4019 8645
-2317 8403
5024 8147
-9919 -4419
3202 4265
7140 -5033
2093 9968
6143 3555
-1259 -7148
-6211 2008
-6785 2966
-1984 6567
5038 7490
8520 3639
844 7967
-9669 2724
1126 -5138
-6992 -1986
7316 -129
-2144 -3190
1778 518
4206 -5005
-7729 -2409
443 4070
-3923 1012
-2302 7954
8241 -708
-3219 5714
-647 3278
4965 -979
-8256 -6083
-1221 5296
-2969 6592
-3538 1788
8598 -1933
-7695 4318
-6967 4096
-8313 -9768
4302 -4696
-9964 2130
3804 -9622
3391 -2265
-2831 2044
-4679 -9829
2914 -9758
-5841 -5994
9303 8379
4970 2939
-1553 54
-8159 -4848
-6810 765
-5139 -5853
-1900 -3776
5249 269
-3881 -7599
-3500 5286
-3259 9924
1967 9891
-6218 3910
4153 -8991
-4985 6696
8796 -7968
