2000
-4220 460
-7901 -3546
8588 -2415
4554 1280
-7367 -7068
4583 4627
6305 9035
-1733 2511
-5123 7435
-3804 4660
6380 -7360
9519 5672
1336 -7107
-1598 6502
4418 -9876
584 407
6862 -6082
1504 2684
-2316 9170
-4178 -222
-1875 317
-648 -9596
6636 -1849
-4415 7619
6000 -8488
-5847 5502
4894 2379
8993 -2608
-2386 -3771
-3647 -2605
7802 -4247
-329 -9342
7063 8384
-8727 -5105
8395 -5254
5064 -2905
-2500 -3481
4670 -1864
-525 -2144
-631 -6025
9477 -4526
-8426 7243
-1645 4370
-5680 -9434
-2039 5969
-8279 4394
5052 -516
1588 5114
-9992 5835
-5698 2862
9957 8403
-1357 9366
1222 1177
-7246 -6688
1009 -5583
3613 2123
3086 485
-1424 5187
5753 -8560
7409 2896
-2711 -2565
6919 -7149
7965 -3938
-8104 2227
-1191 -8307
-9904 -3802
-716 2487
-6337 2460
9493 -5774
-1356 138
-7740 501
-9014 -7744
7443 5346
-9494 -438
-3822 6916
-5650 7916
-9234 3467
9529 -5011
7217 -7549
-5856 -4854
1344 -3975
8512 -2039
-9580 -5651
-1425 -4104
9755 9914
4135 -9061
-3084 -7985
-8919 5121
-1597 -5642
-5005 -8412
-6776 8302
1769 -655
8056 -2289
162 5018
-9837 5272
-4983 8027
-4012 5229
9578 -2750
6867 -3592
42 1873
6534 6621
-7644 -5823
-6982 -6551
-2192 -2841
2468 5143
3444 6524
-4132 5692
-2877 -1067
-6049 -6077
-7085 7285
5311 -5886
-6937 1654
-7376 -4981
1428 -3639
-8045 9491
9832 -4810
-633 8489
-8063 -7812
3068 6107
1249 3466
-11 -4465
-8774 -1587
7347 9579
-2778 -1651
-646 -8703
-868 138
-4488 -1615
3405 5917
-7723 -1864
1347 -1447
3743 -5768
-7280 1178
7087 -3169
-3342 -1621
-8156 154
5689 7907
40 1834
1412 -9365
2705 -2614
-1317 8634
2492 -4221
4165 -8464
7453 8004
-140 1290
9843 9730
-2317 -8794
2385 7306
-2143 4124
-7498 3192
-6654 4515
6142 -5653
9902 -7245
-2888 -3818
3568 5034
3667 -6463
-683 -4028
-2492 -120
1604 -2798
8492 -5040
-1590 -8536
-7330 8334
9360 6093
3938 8776
1968 -2783
-8269 6440
-5493 9035
-4490 7874
-2224 -1871
-6838 2622
6160 -8657
-2685 -9450
430 -803
6399 8544
-6497 -7967
-6503 4890
6944 5635
1727 -111
-1336 6303
-6481 -615
-4175 -9369
-6614 -1028
566 4053
-7818 -1103
-4761 8342
-6595 -4656
-385 -4881
4316 4442
2985 -9956
-4201 714
-676 6489
2123 3017
-7095 -3733
-3709 -2430
6956 5291
5922 3531
-7498 -3499
-5726 -6971
1926 6789
8851 -3544
5522 7165
-7716 -7744
6698 -4864
-1098 -9680
4756 -318
-109 8422
5159 -5921
4068 -4266
3305 -8215
7076 -9642
3889 3981
-9519 6718
9747 -9888
6901 -5245
4933 1672
2558 5752
-8272 4175
-6969 8563
8883 8426
1828 1933
4075 3638
-8562 -8281
-2547 -766
1019 5506
5864 -5522
8459 -1906
-5189 3473
3585 -7340
1137 -1721
-6329 4207
3679 -210
-6036 6229
8512 5407
7553 -3005
-7351 7395
4753 -620
4820 -9556
-322 6191
5417 -4006
472 -5583
2511 1280
-5247 2652
9033 -8957
-678 -7942
6265 169
-6321 6714
2943 -57
-930 -2357
8360 1454
2569 -3378
9724 -5271
-4827 1043
954 8264
-5743 8573
-7011 -3629
7651 8451
1102 9222
-6015 -3876
1904 134
-5976 7028
3741 -1832
-8168 -2297
9068 -3317
-8142 902
-8755 -8853
-4124 8148
-810 -5311
-7048 4770
3342 -9856
236 -2790
-4340 -9948
9274 1607
7732 -9518
4337 -6742
-9715 -365
-8477 8361
-215 4026
-5570 -6645
7979 -1148
-1 9
-1844 -7056
-2367 9596
4365 -8933
-5068 585
-8485 1428
1480 5168
-3226 896
1378 753
7732 -5495
7861 -4285
-2204 -8263
5763 -6895
181 7581
-3568 -6087
3922 1880
4824 -9849
9747 -4201
-3134 -7544
6763 7833
-740 1798
-3035 8278
-826 -9261
5213 3739
-8035 -5728
3708 6665
8402 -6454
372 -8496
-7195 7885
-8202 -9447
2433 2959
3110 9441
-4761 -2743
3434 6578
4410 5826
-2377 196
-1526 -2610
1850 8309
5769 -8632
-639 783
-2553 -8546
-5000 -6931
-1706 -4152
-6268 9094
9647 1099
-2222 -749
-1308 5800
-6944 -9112
-8814 7652
3478 -9789
407 5596
-7015 -5179
-6870 -7399
-2310 8556
-662 -7381
-5927 7052
-6159 6785
-3647 2794
1887 5856
-3046 3806
-6943 1533
-2667 4733
9342 5470
3121 4110
4321 -9473
9844 319
5141 -1551
1050 -3451
-4896 -8009
-5390 8741
9513 4442
1226 -1317
-4803 -2926
-7071 -8701
5105 7085
2338 3604
-1664 -8118
-8928 -6609
-8778 1398
5646 7915
-1767 5543
-2288 5489
-7963 -2906
-915 8763
-8777 862
-4697 7416
-181 -5544
1530 -9751
-8452 5017
2101 4459
-1938 -9626
-4023 -1841
1551 -9881
5238 -2950
-5036 2773
2036 884
-3628 6918
-5988 9749
-7769 2131
-7008 6818
4234 -2825
1631 2017
2266 -5948
9069 -3119
-4940 7536
-8370 4890
-3230 3122
6962 -2393
4657 8321
4814 2200
-3196 -6659
-9741 570
4039 6897
-973 -2008
-5191 6270
-2835 5741
1478 -7237
-3184 -7484
-603 -2536
-5001 -395
-1784 4457
1300 350
7958 4986
7027 1982
-5819 6335
9677 1840
-3870 4706
1603 -6344
1648 -9831
6439 -5650
-6189 -9823
-7059 -6396
-159 5289
-7247 -243
-6918 9239
7416 1473
-8177 1298
-3717 2436
-5582 -6499
9836 -2970
8870 2320
-2974 -6768
-3112 -1279
-1110 8629
-3301 -7744
-7566 -4672
2653 511
-4201 -4625
8853 -7506
-4547 2273
-6254 -4345
6954 -3411
9026 -710
2791 -3043
3988 -6557
5763 6347
9580 6578
-4702 -3491
-1142 -3533
2445 4188
-6763 5558
-3932 4879
-6026 9611
-4175 5588
1582 -3453
2202 1278
-8412 9049
-1662 2876
9834 -9387
-2223 -5151
-8805 3821
4119 -2740
3770 -9226
963 9418
7326 -7373
-8095 -6593
-7994 -9438
-6106 1694
-2718 -299
6248 -281
-5282 -7416
-8368 2170
-4954 -3694
640 -30
4819 -5121
-7580 8417
-4324 9735
-9491 -9741
9677 9446
-4206 5193
8600 -9277
-8715 -2301
-6886 -5674
4027 -4821
8620 396
6701 3995
-115 -6663
3364 8333
-1698 4931
-6470 -5997
-7581 -3159
-3425 -329
-69 -1905
1262 805
-4003 3328
4051 -9224
2196 -1683
2643 5337
-5764 5310
-574 390
-1895 -3424
3634 -3874
-5542 7991
6642 -3003
4721 6481
-2958 -6107
3564 7140
-1044 3618
-1857 -6506
6823 -6062
-1565 4141
-3822 4594
-70 -9370
5941 -7458
6653 7888
-1816 -4634
5214 -5242
-3531 -8182
2536 9672
6153 -3169
724 -2743
-1883 -6806
-9468 -1991
1503 -9207
-1548 2397
258 2046
-3360 6887
-8762 6436
8978 -9710
-8102 7179
-3735 9352
-2170 3804
5622 -8522
-5129 4299
-5150 1878
9135 -5256
1659 5575
-6417 973
5487 2192
-1691 8807
4574 -6061
-5454 8567
5002 -5066
-1055 -4216
-3317 7701
7052 4565
-1632 2949
8148 -5119
-7100 -6011
9588 -3261
1483 -2250
-2955 8723
3416 -6858
9055 4349
3156 -1098
6562 -2637
-4071 1450
6384 -8892
-3108 -5349
-3928 -951
-6387 3576
245 -6877
1725 1981
9691 2113
8853 8346
-183 9279
-8279 335
7198 6862
1211 5137
-2241 9973
1056 -1913
-6743 -5679
-850 -9295
-4643 -6639
2410 9763
7059 1429
8274 9745
5446 -2697
-6863 3719
2065 5137
8136 -8011
6045 -8119
-7537 -6423
-7566 6964
6936 7395
-798 193
8235 -2008
-1303 2459
5820 1105
868 7775
2925 1951
1695 -2074
8951 1198
-5084 -2860
-4003 -7913
-2203 -9299
-3697 -5868
-2291 -2438
-1754 -1233
-3839 3864
-5943 -4818
6895 5364
-2178 -3988
7118 -688
808 -2637
9314 -2015
9632 -6268
8651 4729
-8132 -7698
-1890 -2713
-2011 1587
9440 5907
-2810 4292
-6942 870
-5267 5436
-5662 2941
-1696 2511
8524 -5047
7987 9847
930 9362
1067 -1206
6247 3964
-1308 698
3001 4897
-7817 4282
-4132 -8890
-9262 3893
-1815 -972
9898 1649
-2916 4964
1625 -5369
7142 5144
-9904 -6351
-6504 5665
8747 8083
597 8147
2111 -187
-9489 -3157
-4540 -5477
8805 7233
-7937 -2356
-8464 -1607
7422 -3478
8171 3442
2127 -8961
-4330 -1024
-5881 -6249
-2599 -3467
-7803 -5785
-3981 4618
2764 -5335
4478 6616
-2820 -1405
3119 4989
5942 2640
-9717 5644
-2242 8006
-5473 -4459
-7297 -1100
-61 -3581
5395 4830
-7698 9331
-4137 9514
-2551 -297
-1959 1781
6446 3468
3805 -5475
3121 924
-367 -9016
3624 -40
-4397 -4425
-2699 7629
-3110 7082
-298 5549
-8033 -407
-1856 9642
-7308 7362
-9405 446
-9852 -1445
-9665 -1955
-4767 -1811
2714 -9498
1426 9038
-9979 -445
9515 -5221
4075 7367
4995 -1161
-359 -8625
6925 -4395
5198 9344
-7295 -7388
-6305 -6659
3787 -4603
7673 -5710
6056 7656
-435 -8272
-7770 -8711
-9674 -4000
5555 7377
-7844 -5931
-4844 8791
-2371 6231
-8673 -6129
-524 -9010
-9667 -8028
-5416 -5327
1736 -6962
2156 -1721
6291 -4478
-3101 -172
1557 2346
3635 6464
-7537 3787
1164 7683
-4528 -8261
-9471 7041
6992 4349
8220 1879
2869 8319
-5989 -2305
6089 6924
9962 2317
-9405 -2176
7068 2118
-4334 -9394
6674 -6034
-5850 7223
1010 4029
1711 -3386
2074 -4106
-3345 -9097
5252 2603
-1798 -6354
-4314 7192
-1393 -5209
-8286 3418
-4266 -5304
6241 -4603
-8765 51
657 7029
-5285 -3099
-2155 -2670
-8641 -1134
9201 8855
-1531 6791
-8585 1274
-2403 5124
-7510 -9613
7580 9520
-5690 1897
-4685 -3814
4603 -254
8864 1049
-8901 4565
5314 -9902
720 5478
-3472 -9971
2616 8565
-8861 -2113
-1601 1816
-6911 3329
2173 -186
3922 4407
3926 4664
281 1501
-8592 8236
1702 9317
366 9732
8017 565
4384 5186
4384 7052
7081 -1175
-2611 -9088
2520 -304
-8489 2250
-4422 -5361
8174 -1679
-7273 7752
6136 2096
-2683 -9627
-7671 -3584
-4267 2446
5899 4032
-1683 9820
8726 3915
966 -7299
1526 6831
7743 1767
-4817 -7365
4885 3983
8623 415
-7544 -9537
-8065 -9484
2612 -4817
-723 8071
-5514 9930
6096 1607
-4362 3940
3759 1994
-370 7676
-9624 6206
3036 -5684
6084 5623
8259 4499
2202 -5013
5403 6864
-8953 4545
5062 7859
-3237 -7018
-8948 -2327
1323 6040
-2354 -740
-6801 -2581
9413 7005
4681 -9321
-9395 2763
7080 8778
4401 3641
1860 3163
8150 6380
6964 -5939
8607 7273
5132 8012
-9007 7389
-4939 -4385
-8346 -4233
5027 -9895
1245 3022
26 -8054
-7375 4378
-2859 -1573
-2795 -6770
-9409 -5780
-8897 -4674
-8295 2451
-9767 -7027
-9754 -7611
-9600 -7440
9949 9099
-5287 -4885
882 -1270
-1165 -3633
-6891 -371
1575 -9921
8179 3136
-8438 7922
-5128 -4681
-461 2488
7814 -4536
-8365 642
7336 -6761
-4371 -4411
-1851 7582
6680 -3971
4865 1818
-9452 -8608
1481 -533
9096 3104
6905 4590
1446 4392
6034 5083
-9599 6730
-783 -9095
90 3661
-1977 752
3991 5447
-8965 -4642
-3339 -6660
3091 -815
-5277 -6660
-1546 -2045
7423 -4729
8376 -6345
-8035 -9762
8351 9001
4083 3412
3862 4384
9011 4484
1865 -3201
7551 -900
-5454 9888
-1034 5263
-7677 -697
-7792 5627
8968 5414
-2910 -3069
2203 1142
8518 -1767
2192 4299
3299 -9518
7615 543
-1353 -2619
-4415 1476
-8004 -2343
-9522 -8830
-5222 -6733
-7750 -1255
8048 3744
-629 -5426
-6292 -9745
-2813 2059
-3079 798
-7249 9390
7409 -4562
-4080 4944
-793 4428
-8192 -2744
-7548 7854
-768 1114
2284 -5552
-2284 -290
8455 7062
4526 3687
8261 -9777
-9522 -6104
9676 -4310
6488 -2335
775 -3404
2034 -7040
7904 -1817
-7390 -8325
-1069 831
-1316 -1861
-7027 1383
9553 -8364
5067 8978
9760 989
-5325 7243
7466 4286
-8098 -3343
2347 7944
-4391 -8422
1895 -1166
5515 -9896
2009 -2350
-675 3418
-5752 4619
-3521 -8024
7080 6654
8290 3173
2151 6632
-2380 7078
4320 5631
3637 6017
-7327 1785
-272 9261
-9162 5020
-2426 9058
9163 6454
-5897 -6911
-9773 1171
-490 7149
9125 -1803
-1429 9710
2883 6205
6557 581
-2342 -1246
-1895 -2102
-6086 -8023
3762 -8258
-8998 308
-4673 -2789
-11 -4439
-4265 6622
-6569 -849
-5958 -161
-3013 -6341
5577 3553
3262 -3888
-3963 -5853
4728 -135
-7661 -7407
491 -3893
-1916 445
5908 8126
-1567 -4433
6499 -9370
-3809 7481
4103 -3513
9360 1926
-4515 -8746
-1366 -6599
6954 6194
-3974 -5790
2078 3937
-2478 2063
8377 -3194
6634 -138
-5973 2589
714 -5283
4005 9935
-9436 -7132
-9652 503
-9289 476
-3878 8172
9427 -9930
-6529 1608
1522 -1940
2271 -5854
8083 7548
-390 -5652
4875 -675
9187 -2014
-9426 1508
9947 -3066
-3132 5010
7878 7672
1896 1153
-4651 8226
6398 2607
2677 1472
-3200 9545
-2396 9869
-5986 8322
5869 -6405
1665 -4183
5143 -4522
7185 260
-4511 8050
-5016 -8520
6490 -844
-3173 5573
447 4367
6313 8723
5050 5796
-2733 2710
5975 1447
1316 4067
6109 -6421
895 9051
-5132 1977
-8825 -7441
2820 -6269
-4499 -7919
-6439 -7971
1185 4206
-221 -9950
8138 8012
-9545 -9775
9742 4450
881 5505
673 -2991
-5204 -3145
4155 -8012
-5241 -9095
6603 -4950
1330 3348
7079 -8501
-6420 -2130
-101 -3699
-9494 -2859
912 -8917
-7184 4006
7952 -951
-6502 -6729
-7504 7694
-5298 8100
-5045 3169
8878 3219
7845 9110
-2120 -2642
-9295 8169
9668 9211
-2920 -8495
-2194 -6753
4109 6980
-8217 2033
-3961 -1259
7790 -5401
1591 -6010
-8317 -4992
-6892 4088
977 106
-6675 1784
4614 3576
-9067 -5110
-6942 -7506
-8296 -4641
-3136 -7275
-307 2505
3205 8391
424 -6199
6263 4989
-6692 6463
-9548 4052
-7219 4900
2708 -4143
5963 -390
-8607 -2595
-9020 -6992
-2101 6007
8501 -4366
994 957
3683 -6075
-9849 -8422
9970 -2904
4619 3356
2065 393
-3145 881
-1346 5374
3994 1028
-9395 1435
-8956 -3299
7827 6569
-6703 -7563
-7836 -7472
-1838 1196
-4126 -5614
-1689 -7124
-5545 -6723
373 2183
-4461 -5576
8538 -5009
5873 -8676
6698 -4608
-9860 -5474
9682 691
-8888 -9254
-8965 -9275
-3117 8940
-8533 -5668
9250 2768
7154 3350
6227 -4877
-1600 -814
-8632 -5598
2547 8773
-2515 628
1953 1084
6476 -2922
1604 2371
-3217 -9664
-8918 5006
9452 -2105
555 -7883
171 55
-7178 2022
-907 -580
4543 9977
-838 -4681
3442 -3337
-4565 4251
-5121 -4012
7072 2920
-6282 -9448
2923 7268
7604 9043
4048 9706
1322 -7593
-1755 3499
-6447 -8124
7620 8416
1556 97
3794 -3288
5752 -3902
2761 -7045
-9074 -807
5181 -8083
8558 -474
78 5973
3240 -7724
-8682 -3278
148 4564
6971 5367
2586 -8531
-2933 -4784
-2648 9861
3678 -1593
8840 8909
-1273 -2529
4147 8312
-2496 -4791
-2874 5073
-5401 -3595
-3902 -596
1680 4677
-4881 9338
3901 6720
5807 5268
6737 4593
9809 2113
1973 -2476
5931 881
3510 -4350
6842 8491
6802 -7763
-2554 988
-3939 -1974
8152 8293
1417 660
-943 -5751
-6414 -3182
-6463 7898
3165 -8792
5801 -6936
5177 -99
-8854 9330
3931 871
-9759 -9203
9289 -2559
-322 7084
-1929 9811
-2163 -9156
-7143 7853
2233 -4012
238 4274
-8909 -4989
-7092 7545
-7527 -1651
1413 6073
-306 -8006
-4956 -3410
-8819 840
5359 8976
-3584 -8578
-7774 4647
4457 9815
-9342 4019
1871 -3986
2003 -2764
-8491 -5896
-885 -4039
-2774 -7399
950 2023
-1905 -300
1694 -3916
6395 7789
2350 6739
9435 7576
-7282 -2292
-3925 -4150
-615 -5055
-7316 -9469
267 3764
-9001 4555
8659 -7731
1951 -3771
2551 -2227
-6484 9177
-1124 -6499
3306 5332
3121 -5709
-5250 -300
-2725 -809
6899 -5816
3755 3714
-7621 -3306
946 -3140
-9377 -4937
9619 -8788
-6519 -4657
1572 -8003
3492 5432
8330 -5877
1345 7008
2340 -2795
5217 -5350
4350 -819
8372 -6313
-2129 -4655
-7221 8991
-4316 -4654
5927 -4841
222 -9650
-8437 6550
-4387 3561
5559 -1235
-2082 7186
-4971 -950
-3943 -3753
3452 6374
-5256 -7883
1298 2390
6077 -7186
1880 3390
6101 -2331
6736 4659
9818 -4495
-4144 2663
2933 40
-2679 1140
9905 8547
9453 -7121
1929 -2178
4069 -5519
-5425 -8293
-6176 1242
-6369 -681
2133 8844
5954 -6572
1097 -5988
8671 5776
-4999 -2167
-5784 -7791
5970 4578
-4283 7149
9416 -6710
-3830 -4378
3444 8868
-2931 -8181
-6474 1234
-7525 1644
-5317 1072
3636 -173
3255 6816
-5452 -411
-915 -5648
5906 -3060
2870 4087
2385 -9879
-9010 -1161
2129 8103
-2555 -5873
-7006 -7981
-6161 -5391
5843 3785
-4572 -2635
8437 8318
1865 112
648 5793
-4618 -4880
3193 8918
-422 8188
5995 2819
6661 -7553
1286 -1620
203 7651
-8223 -2865
-845 7648
-4023 -1507
-7723 2994
-5921 -8180
-6142 1426
-4742 -3763
-7971 5724
-5436 9628
-7735 1132
3041 7757
575 1843
8011 -965
-8865 956
-1394 3017
-9849 1338
2706 4105
-3682 3027
-259 -7596
-5776 2316
-2538 3821
-6222 1803
-2474 2721
6069 -4193
-9340 2090
3567 -7946
7618 3701
-7265 -2138
8818 5628
2365 -2408
8930 1145
-1030 6237
-736 5357
7761 5288
1324 9005
6546 -4295
7508 8786
5227 -9677
-148 -1245
-5435 5016
7070 512
-5788 8133
-4006 4687
4035 668
8260 -1467
9678 -3601
-7364 -9090
9988 -1353
-2345 1900
4625 -8532
-2827 8979
7764 4892
8936 -1599
7156 6712
1727 -1213
-6981 -8279
-6426 -1203
-2796 952
-8380 3289
-8179 -8761
-2362 -6400
-5490 -8502
3866 274
-4106 -5503
-4035 -8480
-9502 -5760
9132 6859
-4740 -8017
-7585 -8213
575 -3864
1578 4142
-3341 7315
-1733 8873
2162 3864
8824 3608
7208 3983
9203 -3539
-9544 -8282
-64 3068
8310 -3650
4311 9623
6481 -7472
-5489 7163
8951 -4539
5319 647
-5211 3246
560 617
-510 5169
-968 -7453
6155 -8349
9355 -2145
8038 7084
-7478 8557
5346 8494
-1436 2458
5801 3655
6183 -3404
-6242 2282
-8537 -5585
5062 -3571
9675 -9498
1120 9851
8741 3956
-9777 -9391
-7740 1493
-6931 6379
7183 -4665
-6108 -8894
-6680 9705
2162 9238
6613 5605
-7800 -2037
-6035 2795
7210 -320
6109 -851
3373 2272
5843 5784
3460 -5508
-4899 4583
-3924 3683
3782 1082
-9863 -855
3972 964
668 -5971
-3013 -8988
6617 -3449
8235 -6401
-9885 8818
-1503 -4080
8790 -8955
3317 -1674
-2170 2162
6654 2881
1184 -8711
4973 -4525
-9723 -9020
3846 2475
-6561 -9585
-1835 1538
2550 7828
-5622 5153
-7528 -833
1705 -3667
2253 -7413
-2646 -6078
2248 1043
-3075 -9330
7272 -9922
-4912 -6421
2775 2177
6878 -9940
6257 3053
7189 724
-7739 9696
-8757 -4647
-5774 8533
-2301 -657
5676 420
6728 9404
-2954 1650
-7308 -5919
-1527 9294
-6908 3338
6917 -535
-8359 -1819
1962 3413
186 8520
2964 -1782
1634 -2626
6448 8946
7478 2878
-7780 -5605
4815 -4824
-1700 -8384
3266 1542
5624 9067
8361 9679
3017 -2183
7282 -4827
3354 -67
-2934 8924
7443 -963
7255 7252
-5375 4127
3072 -1111
-4513 -5206
-811 550
9447 1428
3044 -5997
9266 -2253
-3187 -3690
-4012 4889
-7295 -1106
7789 9005
2659 9988
-7369 1142
-9822 9725
6977 -6206
7921 -8846
3764 -4678
116 992
-4738 9251
4399 9305
-2972 -5291
6177 -2558
3752 -3706
-5097 -3290
5605 -6539
-7535 1330
5038 7114
-1745 8845
8570 7669
-8538 2155
3309 9267
-5412 -6897
7816 793
3764 8426
-8550 -6922
-2213 -1838
5604 -1521
8494 -6037
673 3077
6538 -6604
4726 -2
-2889 -7277
-8432 3484
1152 9088
4963 -6142
-3155 6335
9438 1992
-7216 1433
3579 7254
-5948 6548
-5291 5030
-2771 1839
9523 -9688
7110 -4278
2839 3916
-2365 3647
6371 1286
-5231 8467
7554 -8341
-762 9643
5977 6237
-1772 6083
1236 9136
-9891 1012
1280 -5185
-6435 -5839
9721 5989
-9978 794
-9764 9243
6879 7132
4500 6796
-1919 -5487
-7020 4591
9971 2851
6214 -5746
-9509 -792
-4710 2190
5046 2440
-2827 6526
-4939 5155
-6964 8453
8163 2347
-3139 -7244
-4281 -8095
-7243 -2903
-6107 -7402
832 7257
5568 5695
2266 3812
-8213 5538
-5255 -1521
-5610 -4001
8439 35
282 9436
8312 -4389
-2215 9064
1411 -8653
-2175 -332
1573 8272
-910 7265
-6417 4330
5308 6704
2398 4416
-1773 875
-3587 -5336
3143 3735
9734 1158
-5086 7533
-9311 8173
-2496 8917
-8300 9001
-5932 9010
-1323 3111
5104 5614
2879 -9751
8301 -5807
-9104 -9818
4598 7329
-1797 7015
-8322 -3454
-9720 8337
-505 8543
9796 -9986
-8093 8130
-9234 -9516
9485 3132
2142 -7534
9299 -2726
-7113 -9182
-5211 8123
-3964 9487
9670 -3190
-5862 -3068
-2333 7988
-5467 2341
4399 -654
1609 -1465
2270 -2386
-4257 1404
5610 4177
-2692 230
6417 8815
-3912 9450
-6011 9436
7558 -1024
2183 -1222
5588 -6407
4246 5573
3561 -6554
9508 -8087
4980 8094
-3372 3906
-8481 -3412
-8288 8898
6795 983
-8788 7322
6137 -5897
-2727 7630
7065 -4055
8642 1262
-6240 8344
-8064 825
-3603 -6932
-3486 6183
-8184 9958
-8228 -3978
-6352 6796
-2896 2121
4740 -4832
6151 2537
-141 1534
9358 -8916
-7566 -284
5661 352
-8387 -6781
-8438 4303
-1152 -905
2163 -6501
-6598 8966
8924 -7602
2141 -1061
-4266 -5584
6537 5789
-9044 6559
-905 1276
-3469 -9172
-8088 -7326
6111 -4112
6240 -5654
1286 5493
3516 -8426
669 2849
-9932 -7637
-8672 -3448
2671 -2809
6130 -6028
-1612 -5189
-9400 -4416
-7858 -1354
-6358 -4723
-3895 4958
7633 173
9783 1738
9805 7464
2956 9743
-8684 1091
-6061 -3529
2555 5706
-4021 -2272
4919 3884
-8424 8650
-6539 1048
-9648 3686
-7669 -2218
6780 -7506
-8828 -4027
9868 -3394
8344 -7475
9990 9650
-6888 -8131
2960 2945
-6863 -1850
-2424 -9381
2068 5692
-425 3555
5926 -3014
-8246 4873
-1442 -6893
889 -7894
-1679 4610
-9418 1389
7995 -507
2019 -5830
-2460 6339
-8072 5729
-1327 653
8803 4888
9228 1810
-2498 -3622
-6346 1295
-7999 -9203
5670 9580
-7314 -2524
3303 -2052
-7443 7296
-1316 -4656
4837 -3139
1031 400
459 576
-3696 8572
2945 2387
995 8699
4229 5468
-8155 222
-4763 -4549
-3751 -780
-1201 -2762
8435 -4361
3588 5206
6222 1737
7081 9866
-3274 -1373
9027 5638
-65 7758
-9951 -515
-8129 9960
8658 6715
2182 2866
-3192 2887
8338 4027
-6753 2045
-6997 -1693
7668 5767
4694 -4842
6895 4976
4841 915
-6738 7696
3333 -8433
-6955 -7712
5494 -3012
-3052 -6906
9809 7365
3951 -4395
-7788 5711
-263 -5521
6524 -5729
6299 6705
6193 -6753
-1595 3966
-1059 886
-8200 -980
-3285 -6218
-930 -4937
1072 -6231
757 2115
8930 -3434
-2349 7705
-2969 -7542
8169 -4677
-198 -757
7235 -2095
-1669 47
7015 3534
-2501 -5477
9130 -859
8161 -9839
-2336 -5350
3434 -1403
2366 6734
-1152 -5494
4793 -3157
-1731 -2223
3956 -7557
1487 5300
-1737 2124
-6251 -8711
5057 -4502
9032 2080
-9677 2071
-8789 251
412 -6827
-2176 -6907
1690 8076
8530 -8743
-4237 -2224
8340 -2623
8875 -9445
-3280 -3392
-4372 6551
-1326 -8073
-6784 3892
-6890 2424
-1776 -8007
7786 -4138
9834 2269
5442 -7283
-4190 246
2042 -6735
-1756 -8780
-1004 572
-8331 4007
8284 1057
7665 -5735
-9185 -1276
651 -2986
-5374 3211
-4366 7589
9582 -2264
7319 7579
-153 7367
-9916 7152
1118 -990
2275 -385
836 -3119
7453 -9482
8247 -6448
4609 -7158
828 -9750
-1026 5995
-6992 5365
-1425 9625
7213 -2366
9091 4209
1787 -9485
-8398 6409
7281 -4645
4365 -4593
5023 -1601
5280 360
879 -421
3131 6453
-6985 2846
3096 1461
-2545 3844
-792 -7931
-4586 4184
-8183 7783
5712 -3652
584 -5372
-8964 -2502
6574 2186
7594 -7963
436 938
-8702 6337
-364 -564
-4112 5898
2464 -3513
7948 -1096
-7253 -4441
1349 -877
-6694 5676
3458 -9517
-3169 -1156
3472 2890
-5892 -8865
3322 8229
-9734 -9318
1620 4636
4693 4423
-6141 6639
6257 -5672
815 -253
-7629 -1280
4279 2484
-8394 -1161
-5486 -652
-168 -5087
7478 -8308
4582 -9617
-8481 950
2899 8691
-6907 8562
6918 3165
-2412 4713
5073 1610
9659 1447
-5086 1329
-9951 473
-7044 -2714
6125 8049
-2603 -1716
6918 -9361
-3948 -9051
-4947 4395
-935 -5645
-6955 -3428
-1146 -8036
5129 -3862
-5429 -4229
7381 -3563
-8396 -6636
4694 7039
1233 240
7526 8464
-9768 7910
-86 3650
8010 1350
2299 -3169
-8774 -2217
2138 7353
-2355 291
2255 8904
-4959 6500
-4009 1105
-8738 3333
-9582 -2907
-2148 -3412
6828 5112
7296 9085
-9285 4353
1723 7528
-1122 629
-8819 3454
-5043 -5103
-4030 -7593
6419 7095
5998 7337
7557 2395
-2780 -5241
-8188 -6453
640 -1518
8791 -7770
-8938 8493
-8703 5618
3691 -7922
9607 -4267
6363 -865
-3691 2205
-9178 7544
-6329 1266
2081 -3207
-5871 -9911
2484 -1922
6558 -8315
-1047 9704
1907 8370
-5679 9594
-8194 697
36 -4617
-2538 -6897
-1163 -6274
6582 789
-3286 -1080
184 -7110
7877 -2464
8050 3855
3944 -43
-8245 -4101
1305 149
3573 8313
-9597 -9742
-6428 -4521
9898 -5276
3828 -4622
-1519 -67
3659 -4990
9520 -8962
-42 3962
6852 -3767
7491 -9859
7717 4729
-5315 9261
