2000
9816 5772
-5487 6069
-1174 -2882
1027 -8224
-6237 4691
353 4687
-5529 7082
781 -3477
-8170 -9605
5762 5793
-3777 6494
2511 9887
2036 2895
7249 -4309
2145 -6041
9731 -8463
-8674 1960
-7201 -2036
-260 3873
2285 3826
2233 3504
4306 -3642
2882 6704
7100 -1193
-1680 4712
4927 6582
-9812 8265
4880 -2563
6849 2224
6184 2128
7386 -1007
-5326 5914
-2401 -7568
6305 -2527
-4981 7339
842 -1411
8669 7252
7676 -1132
-8605 1550
-18 4775
5077 -284
1701 -1371
9788 5265
-2511 -3420
8708 6636
-650 -6328
-6694 9814
-7755 4024
-4783 905
-1756 8550
860 3957
1208 -7194
5396 3249
-1481 -1117
-2621 6791
227 -7779
851 -7545
-8559 -8073
-1493 638
-2727 -1070
6323 935
748 -9657
8088 -6651
7976 6714
8985 -6696
-9019 -3781
2746 3565
-3187 2189
-5207 1862
2374 5332
7553 5893
-7932 -7400
-1751 2124
-7239 -6491
6160 -9524
1412 3756
4099 6203
9553 -4120
-3685 2187
9212 7528
-2533 -4701
8864 -9807
6103 -9788
5796 -603
-5272 -5384
-9492 -1831
769 -3999
8126 -7423
-193 -7262
-6785 -5393
8363 -312
-4110 4627
-5773 6183
-1631 -4558
-7031 542
5841 -2420
1494 4157
8091 8425
-2179 -2403
2213 3886
-7946 6270
-4008 6443
9020 6544
9283 -2162
2445 2547
-7766 -7503
-9156 4529
711 -1875
7288 -1208
9335 -7200
4101 -6022
8135 8896
-8959 -4405
3192 6225
110 -1138
-1147 -875
-4433 5885
2429 4845
-7318 -1693
-9146 5432
-8351 8848
3376 -3191
4934 -7507
1285 -5914
-3114 5943
9921 4340
3236 -9013
-3418 8055
8001 7998
580 -6506
2619 1831
-2284 9433
7998 -8093
214 -6135
-6983 -9321
-6752 1068
-8402 -5334
-2841 6624
-9290 -9748
6195 -7836
6505 1317
6025 6115
7891 3461
1458 -3673
-179 5891
-2279 -7963
-8530 -3839
-1932 9158
-3257 -6812
-2411 8282
3071 -240
4426 837
-2540 4669
4921 -8416
-2530 1891
-3071 4837
951 -6026
7435 -7047
-719 -1159
-1548 -1108
4650 -7178
-1017 9895
9052 6120
9309 -9229
9054 -4205
5555 618
-8546 5845
4234 3702
9007 -1086
-5474 2875
-2289 -3524
450 1455
4408 8663
1224 1605
-9504 -6312
-3489 -6603
-6709 8868
4987 9215
9987 -3937
1858 8016
-1367 -7240
-7675 1134
-5165 3808
-7278 6559
-567 -6159
318 -2752
-7577 7145
9528 -5512
6094 6831
-5760 4472
7869 -9690
9178 4472
3686 -5120
944 7886
9622 7393
-9848 -3478
7656 1976
-4217 -3802
-7244 -3789
53 2226
-6806 5911
3055 -5909
2300 -4383
-3831 6303
4495 2114
6146 409
-5120 2364
-9036 9044
-9351 8566
5959 1908
-7849 -9729
5968 9832
-249 9807
-3982 -4529
-8582 2507
-1583 9792
-2397 -5388
3951 -4808
-4785 -6377
5738 -9881
528 9711
5795 1883
926 5408
7694 6759
2388 5297
5568 7373
-9075 4539
4345 5256
-9274 676
-3097 -5917
-2405 -4135
478 5321
-5767 5198
-7458 -1851
-1732 -551
2880 8280
3883 -7484
-8356 -1326
-4568 -1471
-6175 9338
-9569 -8460
6079 -6887
8369 -4923
5753 4145
-8052 -7184
-1319 -7345
-8304 -456
-1538 -7121
1028 -349
9100 1004
3004 -6984
-747 1979
-5627 -3114
9137 897
3956 3526
5067 -7039
-204 8108
-6816 1145
-990 -1836
4701 8937
-4688 959
-5777 -2897
-18 -2991
-9620 6406
1131 -5269
1468 -6800
5179 -5866
4742 -9279
5339 -6728
6798 7599
-9441 -706
1122 1864
-3270 355
-7760 4306
6963 9461
419 -9339
-2236 -7725
3005 8363
8490 -8533
-3802 3385
6585 -380
7475 -8614
-4172 5484
8756 5937
3535 -8833
4182 9274
1138 7816
1891 -4696
-6670 -8412
-8952 4131
4793 -9707
-7432 5189
7272 -3723
-2256 9294
2678 5761
-4620 7663
9050 2983
-1534 -7145
8792 -1402
3486 942
215 2327
3863 1389
6693 -4927
-3339 -4247
9885 -6257
-5964 1431
-3381 8398
-5326 -3396
-382 -6110
9652 6140
3802 -7705
5278 -1248
5328 6572
-1109 -2536
-7874 7841
167 -7624
3765 2342
-8865 -5971
3503 4178
7922 1518
-7052 3387
5505 -8043
2283 3288
-9102 -6100
-9961 -8100
-2083 -5730
3023 7562
7855 -3085
4380 2071
-89 -3255
-879 6506
2568 -6202
1548 -7114
7064 7425
-1058 -4949
8438 8706
-9337 5611
-1102 7664
-8437 6667
8567 -204
4067 -4677
-7116 -3517
3399 810
-7120 -9262
-2517 1499
1725 2792
6590 -9675
-3068 -1986
-4562 -1862
6910 -2284
-3578 4380
-10 5347
6731 806
-2528 -7392
2404 8294
-2663 -241
9964 191
-5279 222
4681 7083
-1419 1323
-2165 -4115
-3790 -9695
2040 -5576
6283 3142
-9143 7478
1857 6913
2260 1000
-8195 -4433
-1825 2711
4726 2998
-7243 -5700
4491 -7938
6005 -7280
9803 -7067
4256 686
-9709 2104
6130 -7910
235 222
-6637 -1830
-4353 239
-2849 -2059
-7338 -8775
-3208 -6869
5843 -5533
7466 8689
-7012 568
2630 -6057
-3337 -8801
-2147 -1365
-6959 -3535
8569 -7892
-2081 -6668
7275 4698
-3412 8155
2114 -5642
6020 2236
3461 9265
-3883 8682
-3130 -6027
-3618 -8041
6248 -1944
1999 -630
4291 2598
-5047 8662
-1153 -7857
-2027 -2006
5047 1136
-446 5892
7767 2321
6679 6143
-1622 -120
2866 2699
5101 -4441
3253 8983
-5338 -8030
26 9636
2726 -9091
7228 -7976
-5594 -2984
2881 -7819
3896 6974
-1891 -5426
-9535 2664
-1295 -8616
7527 -8047
1833 -895
-4476 -375
5184 -1581
-2599 -9376
-7405 2157
1792 5784
-9587 6342
-7913 -5482
5255 7642
-6457 -3507
-6533 1856
6430 7439
102 5297
6681 6896
-7431 -7472
1633 4207
-2448 4402
-7179 7157
7781 -7265
8614 3943
-273 -5904
-5841 405
8644 3861
1502 -3754
6460 3899
-4246 5045
6205 9927
8945 -7816
-7200 -3694
2555 5625
3553 -910
-6509 -5813
-4936 -8896
-2439 33
-2303 -3434
662 -3826
6579 -8856
5005 8542
-5213 5223
2842 -3493
-4728 -8753
-5106 -7684
-1779 -8524
1504 -6162
-6816 4742
-6169 -5942
1967 6737
7841 -2677
-8924 7031
-6404 -4599
1575 2494
3638 7980
6521 1875
818 -1357
8871 -4971
-3 -6341
-4025 -2137
-660 8612
-3829 7918
2659 -5436
2343 -645
-3909 6491
-2466 -5691
-4939 -2348
3054 -1390
-8896 -1343
357 -1651
-9777 8463
-2895 -3122
5628 1041
8421 -304
7560 -4376
-2044 -1883
-3966 620
5184 4127
-6519 8693
8904 -2474
5557 3293
-9055 -3563
8769 -9383
2995 3999
-3932 -6407
-7945 -6648
3951 -3708
-8947 2882
-7423 -422
8923 -6805
1312 -6143
4477 599
-5274 -8934
9759 3381
-9093 -1793
-8500 8663
-1180 -9816
-9199 -7555
-9836 -2412
1181 7517
-9132 -3768
6245 6958
-161 4819
-1883 -8981
-5786 6137
9995 760
-8641 9247
-9688 4471
-2148 -3915
8013 -9930
-7547 2480
6385 -6767
-4322 1274
8862 7186
8423 -437
9517 3764
721 9292
7831 5761
6780 -5720
-9584 -331
-9572 -5286
-6040 -9590
8603 -4492
5314 -5728
-5657 175
-3625 7048
-9720 517
-8210 -7241
-6335 -320
9243 -5627
8137 -7913
-4901 8759
8241 2578
6858 -7070
2599 5020
9735 7274
-8595 6748
-4023 -2585
1688 -6272
7624 -4989
-7942 9752
268 -2281
478 -7661
2019 5780
-9848 7864
-6329 4982
3741 -7991
8308 -1229
5422 1981
721 5165
6159 1741
-1512 4176
-8409 -8716
-1267 8186
-6803 3279
6751 -3644
4075 -4745
1315 -2982
-7203 -1727
-143 -6667
-7964 -3330
2400 3529
-3980 5777
1478 707
-408 -8559
3182 -4081
-9905 -4249
756 -4610
-6424 -4593
-7594 9490
-434 -3227
5749 9157
-3826 -2638
5635 -2936
4118 2693
-6917 -787
-7259 6154
5651 5484
-3810 -1239
3923 849
6769 5783
-4746 -2896
6215 -9416
-4009 9731
9220 9791
284 2118
1274 2507
9869 -246
-9462 -8832
3861 9224
-1564 4656
810 -9335
6149 4898
-6342 181
-8970 -3941
-4438 -8699
2126 7799
8383 816
4268 -1659
1852 -1906
-6068 7208
-286 -4143
5611 5206
6374 3303
2527 6149
4525 3956
4621 -9038
5861 -945
9237 4490
-9452 -6761
-1738 -9734
8065 -3889
-9353 -9613
2449 -9833
1982 8636
5844 -5699
3879 5914
4840 -4443
8861 -511
-642 4934
-1111 5108
6070 -2397
6659 -2770
-8281 5651
-7389 5895
6161 -4011
5821 4594
4981 7946
-8167 -9812
8825 -2570
5452 7536
3449 4668
-9776 -670
-7461 -1712
-3058 -7195
7913 5618
-6780 5832
-3218 7704
7075 9879
9494 2223
-8068 -6594
8000 9375
7320 7753
7941 6702
-2148 -7127
-9592 6765
1432 -6697
2633 3857
-4135 5378
-8097 5172
789 2808
2360 9817
-8760 7730
7609 -7138
5085 8315
-4558 -9178
-9803 7017
8490 -6559
-6137 7517
-5889 6431
6916 1715
5018 -5481
-7903 -1652
-2554 1371
-3458 1683
-1789 -651
2886 -8949
8782 -9430
-2846 7847
9883 -9890
-9068 -7762
-7024 -4676
2486 -5150
-3912 -8535
-8384 6350
-1936 199
4718 8533
601 -3197
8174 6815
-1502 8047
1116 -1563
-512 6709
-9000 -2277
-4431 1990
5821 -1846
4113 -4549
775 -9526
-4676 7089
-7725 -3018
-6669 1412
-8390 -6109
-7577 5116
-8082 -9951
-9416 3024
4791 -6187
2250 -918
-488 -372
7351 -8263
7449 4233
-7614 -7081
-1629 3269
3743 -9781
-8971 -7134
-152 9068
4200 -6696
916 6900
2016 5811
9581 7061
3805 7655
-8533 -9836
2968 2317
-8056 3717
9176 -7521
6712 9295
-7787 6624
-108 -7182
-6963 4305
-9108 -6365
-3577 -5934
1091 4461
1361 -9378
-9847 -4272
-7212 -6624
-5249 9734
9899 -9687
2630 -3781
-6344 2866
9066 4574
3868 -3448
-6825 9498
-3964 9803
7828 6789
-9577 2794
-9419 8720
3181 567
1189 1672
-8880 -1738
1638 1343
4797 -6092
-5778 -9891
49 4695
1281 -9428
5147 3706
-9743 4067
7285 2735
2537 -2846
-6058 -6680
6115 4086
2805 -1914
8653 6696
2088 -294
7968 3562
-5096 3209
-9163 3326
7157 -6578
8117 -4941
-4368 -2795
-5369 3119
906 -5501
7234 -1390
5764 -1809
1511 -229
-2423 -6574
1512 -2375
-1959 -5898
3809 3885
-2554 -9871
7059 5497
2544 6072
9494 7896
-3324 -300
-9375 -8670
8170 6029
-9473 -4743
3867 -924
7267 7761
1252 3351
6777 -1223
-9877 8829
-7069 -1712
-4107 1885
5735 -9540
9678 3339
3131 2793
689 5942
-638 6345
7676 7365
7114 -12
5245 5845
-1359 7641
9122 2832
-3818 -4093
8406 4095
6644 -7042
4967 -7751
4134 -6705
-6245 -9141
7919 3590
-3618 -2846
-6905 1050
-2606 -9209
-8124 2458
-3834 -1210
-1644 8990
-9650 -4869
7963 6997
-3375 9473
7288 -5856
823 -4970
1000 3931
7227 -4211
369 -1146
-7557 -5298
5577 -1713
-6943 2547
3338 8673
4851 4173
-7038 5215
7925 -5263
-132 5039
5757 8276
-8532 -2170
5695 -7619
1132 8756
2686 238
6027 -7869
985 3633
8336 -3605
8403 7150
-304 3912
6305 -8540
5633 -6967
-8032 4876
9613 -7685
-8925 9894
-8111 -520
-8970 6832
-7067 -6643
-7888 -9555
683 4065
6196 8519
5873 -3291
6825 901
-1950 4208
1840 8949
-9592 7746
-5500 1866
-3259 9762
-4203 -3532
82 75
-6725 593
-2576 1971
5328 -5694
-5249 4078
-1858 -8840
-6600 5435
-4136 -1942
8960 9273
3480 -3590
-4642 730
-1524 -960
-9095 -513
-752 6697
-6836 1368
-8558 8766
-641 3247
-4783 -5283
2744 -9497
4582 -5734
-4574 7496
6651 -3556
4503 -1174
-1902 -3765
2645 3462
-5809 -4702
8060 8003
-2511 6388
6805 -7315
4053 -9543
-7056 9970
6937 9216
-2346 6024
-9753 -4126
140 -9603
-8387 8550
-5006 9288
1834 -8016
-1780 9497
6679 -6347
-1049 -9136
8868 -5410
-5301 731
3417 77
4256 -8497
-4807 -2531
406 7200
3223 -7871
1725 8060
-7823 3470
2020 -4415
-5128 -6209
-504 -9266
-9770 -9573
-5920 7716
8581 -9371
-4781 3031
-2517 -8832
4966 -82
5143 -9101
2089 -779
-3580 -9665
-3814 -7506
-9447 -6637
6834 7911
-2784 -7269
243 2574
3308 2089
6237 9739
-8825 7259
7888 -9684
7068 -6524
-5356 -3173
6746 -5450
-4551 -6670
2552 5609
5944 7539
-9968 -7308
-3944 -4150
-6240 -5693
759 -3390
9184 977
-3214 -5278
-1819 6212
7191 -3257
-2941 -644
2832 5078
-8096 -5874
-1323 -8804
-1752 -7630
7979 7847
9106 -9201
-2788 7644
-6507 9139
-2834 3268
9878 975
-4328 -8355
-3633 -7219
-7287 6179
-7079 4548
-2375 9904
8702 -20
7827 -5823
-905 -9394
-3303 224
-1929 7343
8142 -1603
-239 -2824
35 -926
-7658 6975
-2051 7201
8846 -4060
2443 7342
3520 -1067
-2798 8877
8781 -9839
141 4827
9004 7482
-8192 1689
-8088 -1902
-4560 2227
-5656 -17
-9120 -2698
6377 4105
1079 915
1837 -7561
2100 -7251
-9910 4403
-6664 -5458
-6581 3611
7493 538
-915 -4080
-2878 1355
-6957 1809
9908 2652
-5122 -5045
8660 -932
-9909 2943
-2953 9540
4175 -9812
-3652 -8154
-5405 -268
-2144 8448
-3289 -1593
-4262 1192
-4550 130
9771 -6770
4585 8256
64 -3108
-6736 7628
-3696 3692
-3519 1863
-5195 -5037
-1777 -3428
481 5573
-8860 -3882
9572 6829
8997 -4265
7863 -2573
-7661 -4293
9558 -6400
-3169 -2211
-235 9328
-59 -8585
-7236 9829
3521 6926
-1211 -932
7752 -9999
294 7315
2888 -305
5813 -5505
-4956 4028
-6517 5384
-3469 -5960
-252 -4933
-1333 -1130
6659 -695
2354 5498
-9366 144
-27 -3985
-7060 -6602
2466 -2786
936 1729
-956 3938
-6368 -8771
-555 -4348
-6600 -6835
8550 4489
8529 604
5671 -4920
7672 1997
-8698 -5662
-6444 8051
-1805 7377
-6609 -5810
-2412 8168
-4619 -3669
-8219 -6226
7712 -9963
-5013 4546
-6082 -4936
-1770 4432
-1080 -2682
-8358 500
9301 1169
-6834 7314
-4628 6972
5023 -1811
-714 2649
6840 -6783
-8616 2677
-7272 -1852
5644 486
523 -1770
-7225 3355
8420 9231
3662 414
-8548 370
-9131 -3698
7471 -6905
-5871 -9831
7142 -5643
6267 3222
-4130 2164
5381 -4448
8229 -7291
4579 -9515
4692 -5322
2908 222
-2703 -1065
-1835 9405
3539 -4284
9807 -8174
-1872 4992
8087 -9325
-9155 -681
7398 -4064
9158 7987
3871 3664
9217 -4973
1458 -749
3457 -8835
-436 -3964
6258 -1852
7083 -3807
-4403 -6446
2992 -4753
794 9136
7848 2798
3474 -7358
1961 5934
-4410 8040
9747 -642
-6978 -5253
3496 3617
-3412 -4041
-2876 -5047
989 -9956
-1808 -9591
-3398 967
4521 -1005
4242 5920
8776 1233
-2248 -4965
1398 6624
6278 -8775
-7015 -6642
6438 -8132
-3385 -7269
6348 -6820
-861 -9890
-4937 -7065
-7021 9984
-9608 9773
4460 4892
-6114 -3006
-7087 2702
-6066 -8152
604 -4590
-7967 1686
6632 -7999
-4641 8311
-9822 9617
-3932 -4483
-1303 -3206
625 -3864
2792 -8444
-4739 9410
-7098 9492
4383 -4347
6369 7363
64 -8011
-6163 -6998
-1588 3998
-595 4441
6442 4166
2477 -243
3095 -4478
1039 2655
-6831 9163
-980 9737
-4987 7516
6925 -8189
-8697 274
9649 9827
-9091 5686
7676 9738
-7261 973
-1308 -4767
9675 4873
-962 -8183
1574 9837
-4642 -4765
7891 -5332
-2448 6398
9855 -5220
-7705 6572
8383 -5133
8863 9220
-7233 9686
9093 8511
8248 -2603
8371 -9512
-558 -5293
-6700 783
2600 -884
-1047 2339
7574 -2106
6284 4311
4429 9185
-6035 -6165
-5873 8004
-3408 -19
2922 -3770
-363 -4546
-6036 5689
-3194 2450
2938 -4068
639 -4824
9680 -7621
5217 3940
-1 6000
-6106 -2110
-4079 1293
478 -6102
1454 -9650
-7926 8164
-1856 5581
-4469 -1334
4120 -8935
-9526 5168
-2383 -8196
-2264 -2719
6178 -5725
376 8376
6036 9579
5578 -687
7203 -245
-8953 -6808
-2910 -6877
-2806 5246
3409 -7736
7845 -731
-8345 -4726
-3661 -2903
-7736 5776
7580 535
-8464 3603
-8402 -963
1133 7714
7292 1974
-4993 -2832
6923 6591
9783 -7791
-946 -8310
6937 594
2858 9969
2958 345
5619 4424
-8480 4614
389 -4321
6214 -2495
-8893 1689
-9275 7750
9184 -7294
8401 1858
-7254 -9804
6787 -6592
-662 -6611
-4920 -9711
883 8392
8361 -4263
6082 -2538
-8115 1318
-348 5422
-5179 -2874
4631 -9960
5451 -5245
-7496 9460
-7835 9897
5476 -4592
-4396 -5714
-2306 8222
-4668 -3889
-3599 -9247
9145 4133
9870 -8996
-1534 -8775
6265 9672
5093 351
7477 -4084
-322 9914
-5332 5829
5288 -4872
-4976 893
-9978 -8827
-4541 -5780
-7558 -653
5459 6875
7628 1495
-4373 -4420
-3416 -9508
-8282 -4504
-4833 8772
-878 -8297
-2381 -6019
-2385 320
-131 7297
-3855 2284
-3103 -4844
-3671 4891
9111 -3081
9988 1788
2383 -4727
6768 5446
-5254 10
4224 -3885
5332 1330
3822 5942
7645 -9501
-1799 -3335
6985 -1016
2 5816
1820 574
5730 6147
1037 -7562
3078 -7942
7567 3869
9142 3065
2231 -50
-6320 9631
-4255 6977
2028 7904
7566 -8923
-4703 -4151
2514 8931
1636 7219
3034 3219
-6208 -8363
7784 -5146
1013 9522
-4700 2542
-3590 -5910
7156 -3412
-9742 -728
-1098 -614
-3637 -6062
-4437 8369
-6834 -7889
-2040 -3151
-499 2184
-598 -9526
3693 -8864
-7227 -7565
1010 -8794
-9273 -9444
6819 -7978
-166 -251
6337 -6772
6222 -3011
-9905 6595
-5747 -1156
-2788 179
2290 3537
-5893 4099
-3718 -9750
-5555 3608
4744 5684
-8160 8138
-6936 -8763
-4486 6571
-7686 -6208
7262 -7667
-718 2148
9137 3598
3913 -4497
8069 9232
-589 8166
5424 -4720
-6900 -8300
-4329 9531
3138 -618
-1213 116
1975 1602
2839 4348
918 5039
-7449 -7927
-5594 3232
-4621 9813
3410 7410
-3367 -1764
1189 1043
-791 -5299
3703 -9401
-3980 -5368
-2117 6803
-95 5413
-4472 -8980
6343 -7588
6760 7503
6263 2902
4975 -2322
-5370 8814
8627 -6898
-5768 3731
-8034 5757
-3200 865
9288 3155
7475 9730
-1918 2990
3513 -6505
-7372 5965
-9295 -6583
-4170 -1844
-620 7048
3670 -3690
7709 -4358
-5545 2365
9188 -7661
6070 -3198
-7441 -6581
8006 8036
4912 -641
2809 7293
4003 2386
9602 -9110
6855 -2485
4653 -7771
4107 -8720
-7952 -9518
514 -6514
-872 5718
1803 -1778
561 3583
-5894 991
4410 351
2108 -3335
9745 6136
3428 -2981
9405 2553
7164 1151
8666 -7273
-1323 7739
9019 3319
7522 -7217
-3731 -8934
-9496 1756
9979 5397
2701 2307
-6703 539
-5389 6807
-2808 -8572
-8716 6719
-6263 -3064
-6791 8434
-416 -3138
-411 -9628
-8169 -1750
-4711 -8013
-5230 -9151
-4364 -3469
8288 1040
157 -139
-4112 8266
2525 -3422
-2895 2907
4335 7136
7575 4297
-5047 9340
7773 -8689
-1826 1883
5976 -2643
9328 -8517
-2809 7807
-7624 -1663
4868 1962
-3278 -1988
-8407 6876
8862 6879
-2822 -2518
-9612 5108
5964 4283
2301 8444
7783 3539
4850 -9026
2858 5556
-7088 -3256
1949 -1167
-3360 -4040
4297 9140
4822 -984
-9251 2885
-239 -8457
8423 -3937
3545 2343
-2550 -679
-6397 3933
6097 -6586
6953 9625
-9401 3880
3156 5523
-4012 3457
-3990 9789
-4252 -8343
-5483 6371
-4613 -6235
6650 9340
-5397 -143
5920 -3590
8754 -3254
6067 3186
839 -76
3338 -6609
-6985 -3064
-5464 4011
3255 -6386
-9209 -8588
-8800 -7037
-1659 -3198
-6828 -3052
713 2858
5918 2280
-4143 1083
7494 -9479
-2733 -4502
8684 9968
-109 -2945
446 3243
-9822 -3050
-5319 3461
7076 -1565
-153 7936
-5381 -8413
-1611 1047
-8285 2960
-461 5283
-2438 6149
-2768 -4544
-302 7141
-7362 -1554
2134 -9314
-2259 -4958
8285 -4255
6416 8187
5368 8464
619 -8903
-7247 6164
7752 -9534
5234 -2627
-9668 -139
-4857 -9330
6819 -129
9049 6427
3567 -2229
9938 2467
3153 6205
-5033 2071
-8463 -5386
-7200 -6749
-4565 7953
9050 8169
4332 6055
-9759 -8197
2897 5804
-4335 5475
9866 6950
-3179 808
-2766 6685
-1824 -410
-7944 -5479
-5554 -1886
-6095 8931
-6456 -587
2665 -4558
-6605 66
1955 8100
7875 -3835
-2032 7
-4189 8116
7312 -5415
-8465 1476
-3996 7177
7582 2077
-8334 6960
-8520 -521
7593 -2557
-3627 -4073
9061 -8503
661 -82
-6296 1725
3546 4056
-9780 5659
-4335 5141
3257 1910
6495 1476
-3328 4289
1465 8030
106 2677
3357 2768
-7754 5493
-7064 4837
-5516 -6441
-1223 3030
-3332 -6455
8991 9438
7214 372
-3970 6257
1398 7435
3065 5417
613 -1625
-7337 -441
1310 7286
3683 7849
4337 -4864
-5650 -2961
-4404 6583
-6138 1007
-5964 81
7347 2640
5798 705
-8924 -9943
6315 3012
4167 828
-3756 1433
9808 -2769
-9490 6857
4142 -7530
-9682 5541
-5602 1545
-7696 4656
4959 -1252
9755 -2099
-8298 -7458
5182 -2489
8216 9049
-7174 4700
-2289 -6987
3841 9141
573 -8123
2829 -9916
6941 4101
6571 7061
2601 4804
69 -9390
8987 -9281
-533 2374
-9726 7666
-9793 2942
-9547 -8024
-5255 9110
3810 -7611
-4598 -2429
433 -4759
840 9243
-6953 -5274
8828 -6332
-5551 9989
8513 9119
-6551 7051
7770 -1419
-9046 -7565
-6178 958
-2380 -8772
-3075 -2250
-3140 1794
4184 5391
-3317 -9331
-369 -6694
-7451 7116
-8159 -9530
-5861 -4404
-695 -5611
-2771 2309
-641 -2183
-9881 678
6835 850
-4472 -8927
-3977 -9344
-1594 3148
-5058 6669
2060 5266
9656 -7154
-3848 8743
9579 -713
3478 2422
-8261 -4860
-470 -8663
3647 1044
-7418 6759
-2564 -3274
7576 -7299
-2505 -2009
-1353 -3176
-6307 3518
187 -9226
6040 2356
5202 -4033
-5291 9417
2424 -8647
7497 -5713
-573 -4099
-2761 9236
279 -7323
-6844 -9115
-2389 6582
-6997 4314
-7696 -1092
9453 499
-5984 952
5447 -6855
5501 7924
-6110 1486
4623 702
5777 2320
-9673 767
-9611 3273
6229 3476
6153 -2372
2234 228
-3190 -6970
7344 -6435
6194 -187
-9689 9648
4320 5647
8792 -1951
-4028 -234
-5027 8014
2436 3584
-4097 -6684
4084 1933
-1074 -3769
9707 4473
-4179 -4846
5383 9580
-7391 -8225
-4660 -4087
5726 9953
-6679 -8466
-9099 9759
-2193 -8639
4849 -6587
-8574 7500
1083 -6458
-3142 7584
-484 -9293
-3062 -5338
-7145 8443
-6404 365
-56 -1324
451 -7301
-1388 6275
9948 9513
-5233 -1941
1538 -6732
-1649 -4332
2802 9345
-9436 -6801
-3259 4229
1812 5369
6076 7320
-8018 -4952
-6510 -3266
7099 -5163
7235 808
3507 763
-2963 1406
4639 -4160
3899 -3015
3974 9406
-1206 -4564
-1499 -3955
-756 -8404
9546 2786
-1846 9706
-9254 5078
-9875 -2050
4684 -7272
1286 -2663
8145 5503
-13 2241
-2632 5372
-5068 7024
-2271 -7994
-4867 -7449
1708 -4576
1469 3927
9244 -6071
6716 -5566
-2140 8789
7587 -1410
-9739 -1394
5055 7713
-4951 4945
4169 62
-3977 -3086
-7715 -5845
-5101 3391
5398 -2782
-231 6350
-4506 -5749
8178 -8523
-4594 -9317
-1162 7422
9931 -4158
8154 6699
-975 7518
8951 8415
3359 -2199
-8417 -6001
913 1248
9124 -2394
-9003 6919
-2143 -5977
-5907 -9885
-5634 -8653
-3455 -413
3991 -3736
-2594 5672
-8486 -7171
-6752 1058
-1425 9668
8082 2273
-6206 1246
5245 5161
130 -4623
2984 -122
517 -747
6997 7702
-8463 8375
-6558 -8911
4397 -4097
5888 -13
-4342 -1612
1217 -6706
8073 893
4281 4465
458 -3353
7893 6083
4965 4253
9630 6858
456 -4906
4347 6334
4035 -9028
-6933 1344
6154 5572
-4805 230
-9784 4272
-7341 -5196
1819 -404
-5791 7597
2061 -109
-9742 8491
8294 -3761
-9509 8151
8729 3258
8352 -6158
-6104 2905
7598 6420
1484 7932
7224 -9335
4616 -2363
-8092 -3860
4665 8554
-1851 -1712
-4116 -3517
6374 2358
4569 -8335
-2095 6632
8503 2863
-3880 -1604
5959 -9049
3856 -1807
-5388 9856
-8493 1453
5839 6096
-2547 -7549
-1409 455
-992 -638
-8630 -3024
3459 -9123
6956 -2745
-1080 3553
3905 5246
1829 6825
-1058 6128
7079 7949
-138 -1379
-1524 4655
-171 4474
4290 -17
6156 -4333
9843 -8257
4826 -1533
5444 2571
7169 6196
-2829 -1098
-3824 4125
-630 6092
6637 -9920
6209 -8802
-7133 -701
7921 7008
5384 6451
4645 -3604
-9900 -4788
4600 -1065
4399 9977
-1557 4443
734 -776
-860 -6114
6510 -2097
-4252 -9968
6124 -7315
-3514 5118
-9964 6481
-4220 -3585
-2856 -3376
-6926 -6300
3817 -7473
-2261 -8560
375 7638
7614 -7662
-9499 -5227
7718 -3943
3664 4957
-7141 578
610 3894
6579 -1393
-2555 454
-3065 -3214
6922 1202
-8454 6436
-9865 -5935
-3408 -1658
-218 7673
5311 8052
-9610 -9844
-1350 6645
-3578 -5388
9569 88
-5614 -9914
3980 -3852
8476 8718
-829 4280
-5214 -4080
-9158 9827
6262 -8293
-4227 -7611
731 -9883
-8489 2365
417 -9488
-5611 -9458
7187 4528
-7140 6760
568 -2670
-2584 -3850
2298 4954
3671 -4884
-6884 774
-9586 -3437
110 -2098
-390 -8743
-2633 93
210 5383
1468 8098
-7670 5442
5984 -4395
-6147 440
920 6892
-5779 -3286
6585 -8513
-9839 5358
-9527 -1118
-6624 7554
-5884 -2689
5213 -6209
-1231 7947
-1961 -1457
-2354 6136
4233 -8030
7412 -7165
-1560 -9717
4444 7117
4008 6015
-3551 -4637
571 -8051
7307 -6967
1915 732
-1715 -8500
-1189 5292
-7197 6122
4069 -2255
6288 1572
-2293 -4172
-2202 -2345
490 -4340
-336 -1069
-3953 8930
8665 -5893
3191 -6225
-4276 -4887
-1854 -6239
8214 -3249
-1749 -6218
-7206 -3501
-3659 -9217
2249 -4403
7169 -5870
-41 2257
