2000
-7583 -5602
-9481 -7615
-6726 -1195
-5909 -971
-7536 -6062
-8689 -2053
6528 5603
-8139 3559
178 3337
-5328 6096
3944 -3196
-1358 1772
-4662 3812
5215 -522
7269 4727
-7155 -7101
-4715 -6594
2212 -6635
6115 2280
9939 -9977
-2030 8580
4182 -5030
8529 -1781
-8445 9764
9581 2427
9232 -52
-8281 3524
1056 1594
-5208 778
-774 -3730
-831 -7940
-4533 2071
5436 8175
4175 -8601
-8578 1551
3851 7835
-7196 3113
-8669 1753
1517 -4946
7481 -7113
6556 1097
-1659 6712
2027 8276
2774 9397
-613 6819
-7400 -8001
4071 -7724
-5828 -1933
3187 3227
-1502 -7933
9902 8330
1442 -3931
7823 -7294
-2240 2774
9382 3060
-5844 -4760
-4327 5937
7933 6218
9335 -8580
8239 4428
6427 -1279
4718 -9162
2626 4218
1166 8890
-9043 -4188
-5859 -6616
-546 -9142
-2715 9305
5799 997
-5944 8766
-2273 5180
4837 1933
-1850 3400
4820 6491
918 -2516
6205 6779
7618 1065
-4717 4643
3533 3964
-6503 -9831
-6447 8211
-7211 -2362
663 6728
-2276 3796
2561 -3539
-8360 5501
-2567 -9713
7408 -9802
-9591 5583
-3213 2227
2727 5048
-3888 -7009
-8645 344
-1972 5116
5285 8609
6819 1525
9164 -7441
9287 -6672
7124 3547
-9992 732
-47 -315
-28 -4631
-4433 7387
6690 1101
-2952 -303
-5256 -6523
189 9775
3839 857
-4028 1544
3873 -8133
3392 -5022
-2463 691
4020 6276
-177 544
-5004 1143
-5452 -169
5200 4950
6057 8242
-658 -5512
4185 6467
-6336 6390
6165 8930
3507 7575
2839 3724
5591 -6801
1898 -3288
7403 -1017
-4742 9435
3700 5143
7 8802
-1368 -7584
-8914 4555
6517 -2447
2041 -9137
-8949 -4142
-4031 -3775
-1125 -5285
-7711 -4146
9578 -3898
-698 8850
-4439 8890
-2128 -8801
-5645 -3316
-8173 6851
5653 -8225
-5809 5555
3830 -1995
5558 -1001
-138 347
9926 -2402
7545 913
9350 -4106
5469 140
6243 -8362
-5792 5047
3936 -4456
464 -231
6454 -4472
-7622 4819
6594 -7999
7556 -8249
-243 -5494
3505 5106
-4548 -965
6634 -2913
-8279 -4622
4993 7899
-1962 -8930
-3571 462
-771 -5720
3545 638
-9594 -3115
2413 -5991
8828 -9420
-7419 8512
-6016 9143
-2631 -6143
-7316 3741
-7225 -5406
5402 -1864
7235 -6871
-8973 7123
8193 2228
-3590 -934
7067 -5378
8981 5639
-7477 612
4621 9387
-6312 8657
7168 7169
-9969 -3731
3848 -8849
8613 -2600
5715 6532
-1612 -4891
-1762 1117
-1761 -4377
-8429 2987
-7948 153
8496 1702
-2660 -7161
3451 7476
-9418 3584
2240 -1929
-4760 -5730
4261 -593
4280 -4729
6393 1829
-1640 2892
-8279 2107
-3056 -9532
-188 3681
-3333 8905
-943 5104
-3195 2440
5279 1273
-1252 4145
1449 -1270
6801 -670
7322 -6312
6817 -4239
1033 1582
-6590 4817
1429 1146
-3027 5491
5959 3151
-3169 3918
2822 -508
-5405 3498
-342 -4401
6872 1401
-734 -5064
7387 -660
8670 -9285
-5597 4188
-6331 5991
1293 -5060
9757 8423
-432 4703
193 1186
-1943 6542
459 -127
9365 4888
2106 -2999
2600 -2320
9081 -8237
420 3192
-7469 -1653
-938 -2193
-4285 -5079
-5367 7186
-4153 -616
-2193 5926
4350 -676
-5770 -8905
7637 -5458
8136 2287
895 1816
-7463 -8780
-1099 -7000
-1516 8858
2049 -2019
-9952 8905
432 4580
-6778 -890
17 6147
-749 -2145
-2499 9585
-1092 7058
8154 -8150
114 3139
-4575 9511
5048 -1751
3191 6321
-6959 7585
6443 -7909
3793 1526
4151 -1509
-3208 3842
-3328 -5418
-5551 14
-8411 6689
6273 3700
4479 -910
941 -1098
-7960 6353
5863 -8946
3024 -2535
-2494 4631
2216 -3786
-1695 548
-4206 2379
-5410 -7902
5940 -6335
1968 1382
-4884 -3668
-6979 6417
3837 -3295
9517 -6986
1916 -1685
-1612 457
5232 7677
-4858 -5749
-7398 -1745
4470 6369
637 4818
-2804 -7226
-1407 6431
-6184 1787
-3111 -1747
4586 5784
2200 5727
-3848 -8673
-5659 -242
8073 -4332
9846 9979
7655 -3539
4433 5077
-6668 -3483
-3393 -9245
5574 7802
-5704 7244
7396 -3510
-8003 2890
-5137 -8789
6996 2608
-1666 9449
-9225 2916
-7327 4486
-6125 -1162
2537 -5533
4649 -6280
8798 3912
-5850 2802
3557 -7871
-6349 757
1721 2851
9342 -2053
-5443 2837
4049 -4941
7667 3142
2590 4765
-2320 -279
-2072 7087
-355 4075
8542 1803
5523 -4098
-6466 6911
-288 8041
-6110 -2316
-7839 -6732
9841 -2459
9210 3883
-3281 9182
-2039 -2513
-9372 -5512
9253 -4372
9070 6940
7747 654
-5272 -3003
-7480 -2609
7014 -3010
-6100 -8236
9805 -9453
-1768 3612
-9400 -6305
4957 4114
1717 -9560
-6658 4166
-8347 8437
-3355 1304
-9348 -3998
-7059 -4102
-9728 -6558
440 -5592
5520 -1279
5711 6681
8445 2533
6802 9611
6943 -8030
-4335 -1246
-7133 -8737
-4575 -5658
8509 4585
6742 2488
-2488 -6118
3605 -6614
3005 -1836
5328 -9733
-5325 3277
-8003 -512
-3832 -9805
6449 -8572
-5241 -5387
-3417 3250
-7997 -8299
-3314 5969
-5969 -5129
-6824 5832
-1681 -7461
142 9918
-6697 5832
-2284 -6253
-5986 -9971
3306 -6957
2531 2410
6326 9025
-9548 -7580
-2967 2775
-3976 -4788
634 7337
7026 1749
-9660 -8960
6872 -8944
-2683 -6484
-6567 -1088
-5257 -8821
-5074 457
486 6180
-7056 2661
-1208 -2487
-3463 9196
-8385 -4883
7892 710
5922 2369
3426 -2363
9386 277
1317 451
5229 -6554
-3038 1910
-9179 -3734
-2555 4116
-5428 -715
-815 6093
2474 8780
-3708 2129
1325 -8735
-3617 6550
-2741 2940
-970 -2005
5632 -3098
-9101 -7545
2907 8738
-7817 2216
-2154 1856
8122 -855
-3019 -1333
7952 -713
-4621 1554
4054 -2863
-7014 7854
-7161 -5934
-5664 8032
972 -778
7218 5316
-7783 -6278
-3823 6570
5308 -3163
9054 -7196
4660 7491
357 -3101
9288 6502
-490 7338
2612 -9041
1817 4889
6463 386
4452 4804
2835 9303
2245 8788
7825 -2473
1249 3183
-247 -9959
-3121 -8853
-6049 -1219
-3729 -347
-9728 -7668
-7446 -9652
-8593 -6720
-5760 2064
674 4019
-1874 9778
4581 857
3880 -7423
-4914 1137
-7616 -3875
9308 -7090
-3328 7355
8502 2781
-8439 7272
645 -3827
-1495 1554
1902 4639
7919 1060
-3156 3309
1049 -4121
-4343 -8762
2096 9175
-4528 -6042
8816 -4025
5821 4279
7189 -8800
-7725 5129
1630 -2418
-5147 -9224
670 3192
-1534 9220
3858 9176
3956 -9633
7398 1776
-8624 -5480
-4241 2167
5062 -2967
4712 7855
-6171 -9467
4813 3528
8449 9651
8500 5722
-6697 -9277
-4780 3850
-2959 1878
1097 5890
8786 5507
9596 -5046
-9550 2741
-9018 -9287
2880 -8174
-1141 -3259
-5405 -2059
2195 -6429
-9181 2145
5516 -2993
-3550 9268
9991 7736
1586 -247
-8370 -1069
-5180 -7653
7855 2727
-8599 -6394
-9933 -8830
-4396 -8148
-6322 -8951
-2210 8484
145 2538
9830 6106
1972 -3940
6789 -9352
9916 -2513
-4777 -6762
6712 -6374
2557 6809
9156 8343
4790 -8903
-5297 -9270
-4379 9913
-8236 -1508
3262 1225
3429 -4558
-8300 -5227
-9122 -6427
3355 -4750
-381 2850
-5942 143
3381 3255
6881 -719
-3911 92
2155 3158
4256 -1035
-304 666
578 -7321
4892 9038
263 6063
-8496 -1846
2927 -6309
986 -3074
5897 7526
4097 -5660
4483 -4484
8771 8155
-2565 1584
-8325 5652
2530 7245
-3791 7552
-1783 -3215
3186 9626
8664 -7485
8578 -1923
9952 2647
6338 -9919
728 2878
4125 -2677
5384 -3375
2141 -1779
-3625 -134
-8551 4632
4004 3810
4775 -3154
-5603 -3466
7040 -9017
-5670 6335
8850 3946
-7977 -3286
9361 7427
-8772 -4305
-7706 9419
463 1957
-7698 6419
-5361 -4154
5713 8164
2795 4735
-1456 -9118
-2272 -3201
7054 -6682
-1978 5846
2180 4093
1760 6073
-3493 1029
2176 3783
-6802 -4133
-993 3405
-918 -4508
-8090 9470
-4685 1384
3268 270
-4996 -5252
-648 -217
-9698 7269
-5693 -9200
6647 7356
5170 6051
2123 2547
-6424 -3071
-5568 8631
-1782 9473
2877 -2370
3123 7225
-9586 -8042
7063 8754
2745 -549
4199 4051
-6166 7749
8739 -2729
-1928 -5864
-4787 -6955
9096 -1561
-9015 -9618
-2689 4940
7291 -1718
-2245 5464
-6907 -4492
-3546 -5648
32 9937
-7589 589
-9961 -2906
-5134 5156
6625 7960
-4770 -1300
6557 5363
-7871 7023
-4539 -8231
-4128 -8776
9885 -3553
8450 3183
2367 7175
-3596 -3796
557 5461
9118 6579
-2833 -9412
1403 -8472
6684 -2793
-4834 9990
2410 3309
2392 4117
1140 -1033
4457 4521
9467 6601
-3232 -9671
7233 9351
-9754 -4782
5143 -400
-4940 -3350
-6772 -580
3729 -5823
-573 395
-8678 -4868
-4879 -3890
-6861 209
-5674 -8748
219 9253
3773 5466
5787 -5325
-4996 3239
6311 -3724
1494 -7763
1837 6557
-3073 357
9778 -9383
-1485 155
-5730 3506
-7642 7942
-2227 -686
9523 1201
2453 4633
3885 -2431
-3245 -7329
1067 1379
-5383 -7458
-1182 9793
-4250 -5352
-5075 -5968
4389 -8693
-4355 1852
-4273 7887
1393 4160
5823 3719
-6968 3751
-1328 -6405
8228 -3725
3845 -8876
-2484 5834
-2788 -9401
-3138 -7696
-7904 5550
-9802 5680
-6568 1567
2874 -1156
-9304 -8458
9429 8519
6399 -3577
-6138 4542
2014 2221
9537 -3106
6891 -9315
-4469 -8515
7319 735
1334 3047
5351 -5470
-6200 -8083
-8683 -8833
2734 -2281
6564 -5250
13 -672
1567 7260
-2597 -559
-2296 1687
-6093 4987
-4399 9718
-9598 -6556
-1350 -7509
3226 -346
-7299 -4032
4219 -1719
198 -8228
-3339 8019
-541 1515
9986 -6885
2444 -3978
-2998 -2
-6840 -2269
9418 8126
3112 864
581 -2954
490 8714
-8796 4704
-5642 9140
-1172 8152
-3568 780
2552 -3233
-5215 -9650
1865 -7067
-3951 4244
-6014 5572
-4431 -7787
-56 988
2835 -1271
9593 3083
-9872 -4054
-1620 173
-1402 4339
7199 -415
-2264 2956
-6265 -3974
2793 7889
8239 -9993
-7059 -8702
9264 3824
-605 -1010
1203 -3030
7959 8686
-2586 -5133
7950 793
-9541 -2993
-9100 8078
6137 -1160
-7855 -502
-3826 3335
-6919 3602
1490 3630
3638 5874
-9107 3449
993 -9701
3010 -6123
847 -9612
9074 -5788
2800 2526
-2961 208
-9065 750
2548 -2501
-9941 -4443
8776 -1315
-4260 -7796
5806 -5050
8580 -1178
-1584 1016
-5536 5938
9958 -691
3186 5457
9566 2967
-9101 -2246
-9721 -7641
2568 3700
-1830 -2681
8539 3503
9060 -5562
3123 8598
-9199 7836
-3494 -7416
1406 -9673
1343 -1194
-1535 9822
-869 5807
4984 -1578
-8611 -3963
7512 4550
6909 -7712
5988 -8488
-1169 -524
-3300 -2122
2317 1090
-313 -520
1036 -4561
-1977 4209
4536 7542
69 -6851
-7029 -4122
-4595 8534
-3045 5823
-4420 -9612
4938 -1656
4354 -6908
-5396 5568
-1236 341
-8060 7156
-1755 5464
-5056 4257
9696 -8348
5861 5980
7243 1440
8310 4117
9995 -2689
-4156 -8720
7103 -4601
-4213 6520
-1415 -3596
-504 -5554
-9987 -7062
7000 7821
8697 -1223
-2038 8940
3196 662
2314 6627
6327 6613
1773 1895
-3989 3569
-5400 82
1363 -3995
5125 4165
685 2186
8590 -5368
-922 9270
-7793 1806
3347 2812
-4690 -7073
-8133 2043
-3575 3272
-102 5063
5396 8739
633 -55
-6486 -2832
7251 -9636
90 1835
-4000 2334
-1760 -4786
-153 6685
9675 551
-7644 -7355
5458 -4398
-1471 9425
5188 -5512
7760 396
-820 -8387
-5928 1378
-8678 -5425
1744 4706
8791 -1443
-9608 2715
-1231 -1119
4095 113
518 7009
-2441 -2338
308 192
5794 3637
6782 -514
3974 -5678
4719 1969
7303 5454
-3169 -2381
2194 -8625
9802 1874
-5848 -2342
-5907 8592
-2528 -1735
8378 2862
3592 -8433
-771 -1105
9087 -5129
8508 -6743
2743 8601
-7078 9010
4700 -3284
-7831 -8639
-1020 2002
3377 2721
-1684 -5105
2553 3178
5491 2468
-9268 6647
-492 -7038
-1750 9110
1725 -3180
1692 -8800
-5543 4532
3132 3920
2930 -9079
1358 9775
-8864 1350
-6649 3528
-31 3837
8732 -9551
7348 8285
752 1285
1652 2838
9522 5205
8035 -5120
1701 -2229
-1029 -241
-1989 -2887
-8968 3429
8071 -8858
-5362 7683
-968 -572
-3324 -505
-6669 2384
6554 6646
8651 -4216
-9211 3901
460 3124
-1672 2441
-8959 -19
7752 -3637
9843 2742
9855 444
-6128 -2146
2717 -5392
-7710 -8058
5091 7355
-3151 1323
-2573 -8233
8413 181
9686 -6020
7881 -9217
3907 -9526
2915 2061
-7959 -7765
2319 7677
419 -6486
3958 2161
-6265 3994
-7678 -8450
-2787 6453
3807 -5387
5936 -7697
-5930 -9344
4558 -2917
1063 -3797
-3013 4243
4717 2664
-5275 -9107
-6872 1352
-972 -3234
4001 9168
1329 -6833
-9118 -2042
-492 5064
1516 -6796
-2183 6721
9025 -956
-300 -2527
4556 -6906
-702 -2022
-7780 -661
-7997 6285
7178 -9343
5730 -3272
7215 -5973
-6806 -5243
1646 1216
-7106 8244
7029 2528
5732 2403
-877 2265
-8692 -2730
8464 -1853
4963 4729
-7294 6741
-3921 -2019
-5735 -1353
3025 -1918
8531 -4837
2911 -1246
3512 9467
4403 9827
8070 -1122
-8595 7297
-301 8819
1084 -9143
1848 -7457
4411 6113
4563 4033
773 -627
7354 -9011
-363 6852
-1345 -4661
503 -3618
5137 906
4093 -2866
-3040 2369
-8754 -1505
-487 -1249
-2431 -3628
950 -7068
-804 -7627
8487 -7202
6831 -6393
6701 3049
4038 1324
1896 4055
-6886 -2605
7499 -9450
5178 7338
-5528 2635
-1276 -730
-8514 1432
-9818 -30
-9938 999
7652 1473
3846 1012
7531 -3152
455 2332
-899 8082
-595 -2845
-5070 -3140
7976 -8699
-4428 -1955
-4618 5474
1829 -9251
20 3575
-4993 -9448
522 1506
-3775 -1090
-9618 4305
-4683 -2403
4445 4229
281 -3432
-5350 -1380
9497 -6897
-37 4055
9077 -1853
9913 1659
-2867 -5351
-4602 -984
-7410 8962
9515 9139
4365 1318
-6051 3757
-1938 -9411
-1813 -5669
-7720 7100
-6333 -3648
8694 6283
9386 2038
-3907 8190
-3664 3069
-5273 -1110
7260 -3751
5265 5581
4543 -7342
-4483 -8425
2894 7778
5255 9883
-5808 6843
-5106 -2963
-5864 2379
-7548 896
899 1525
-6438 -8855
9335 4005
-2927 3376
-7734 -609
9361 5521
1102 9526
-4096 8346
9922 -635
863 1422
5025 6536
7099 -3883
6876 9217
5317 -8008
6609 -8989
6257 7769
8914 -2493
-8489 9820
6916 -8032
5080 2305
-2174 9182
-7572 4441
6507 -7352
5734 2053
-2805 6428
6684 317
-9846 -7781
-8564 3782
9496 7030
-8238 6753
8242 6104
-2668 8019
-8442 7155
-7157 -1157
-8852 8475
-8624 7923
2363 2695
9064 -2475
9579 -1130
-982 8518
-1166 -3227
-1007 -577
-6796 2709
-261 4150
4623 -3580
-7476 5222
6961 2864
18 -144
-7581 8520
-9286 6582
4504 -2712
-6297 -4189
3337 588
9458 -7234
-4996 2915
-6592 2196
-4661 7559
268 2401
-3450 -1456
8685 -6273
-7331 -8828
7757 -8792
4785 9630
-8131 -2226
-5645 -9075
-1787 -3696
2116 -7420
3168 1917
8404 -4548
-7913 6346
2262 -6592
-5313 -4505
-8383 7602
-134 8676
-7598 1888
6782 -1450
-241 -4929
-1578 4538
-7688 -1736
-811 291
6596 388
6689 7403
3040 2432
7884 -144
-3799 1443
8572 -6309
-814 8464
6065 -3020
-4345 4524
-3588 -4070
4480 1779
-9430 -6807
7731 -2041
9945 -1008
-6996 -6237
7873 -867
256 -6680
5752 4561
-5583 -6705
8460 7356
-8954 4339
6523 -9249
1452 3953
-1523 6308
-7763 7108
2607 8610
-8198 -9562
2118 3177
-7831 9533
-2983 2062
-5084 -1106
2214 -5111
-6830 5172
-7812 -2035
-4680 1308
-4353 -5632
-4881 87
-5961 -4110
-7802 -9708
7400 6237
4846 -1844
2315 6
-6818 -9632
-6378 -5567
-9785 -928
-8314 639
9249 -4869
-5976 3900
-8136 -7582
3727 -3788
580 905
-9009 -6906
-1016 9420
9712 -1248
-1291 4903
-6941 -9169
837 -6445
-6077 5374
-6473 7741
533 1266
-8096 -6257
-1126 2220
-160 -5127
-2708 6619
-7170 1705
-3670 -5261
1554 7131
6551 1043
9795 -5742
9162 9983
-9186 -1497
5779 -7780
7594 5372
6833 -6577
4689 -8879
-1415 1087
-2973 6594
-8534 -8821
7799 6867
2292 2479
-9062 -9372
7760 8623
-335 2492
6751 8031
8013 -541
-8318 9633
-8148 -7453
7920 7462
-9116 -6834
-1992 4752
-4162 9294
5887 6593
7773 2865
3453 -8926
7274 9292
9920 -4256
-5634 8213
4425 -8601
-6850 7752
931 4896
4528 -8837
-6290 2614
3796 6380
-6733 -4650
-9898 8401
7694 1275
1589 -339
-3753 7302
-7904 3082
2373 -6580
-836 9370
-8698 6013
7413 7252
5003 5728
623 -5717
-4554 -4066
-7732 -1128
-4749 2878
8228 9785
8185 2239
-6486 -7950
5433 5878
3179 5103
1905 -4600
-1180 5275
8366 -5723
-9711 -8296
8956 9668
9116 -8578
-4294 3959
-6387 3460
-7669 4873
-2250 -398
-614 1303
-6458 -301
5470 1291
-2832 777
-400 4623
-6257 -5932
-6937 -8496
-4219 2563
4268 -4851
-1462 -209
1214 6944
4623 1374
-5167 6920
5513 -8044
1558 885
-4091 -6737
6683 -5336
5955 3172
-6052 5873
496 -3156
4633 7269
8773 4239
523 -8584
-3434 -1726
-8215 -1489
-4546 8825
198 2999
3639 -9923
-7967 8753
3358 -848
6136 7313
-4303 9267
2438 6539
2411 -4627
5938 -9894
7375 -7094
-9134 570
5707 9868
1862 1389
9900 -4007
-5183 3648
367 -926
-849 8737
7489 -5994
6879 4906
2218 846
3834 6735
3273 -8365
-2992 -3729
99 -4317
-1410 -7055
3515 -2527
1062 3177
-5435 2943
8936 -7077
6571 -1815
7259 -2526
-3790 -3062
4665 -3590
-4964 -2581
-8015 5264
1998 -9026
-7391 5819
-4189 -4730
953 -382
2563 5910
-2897 -6737
6440 -201
-7259 8165
-8912 -8996
2910 -4603
6592 -8621
2038 169
6579 -3478
3941 -3298
-8035 -4665
-3691 9648
5466 3963
9233 -1082
-7744 -5003
-5373 3907
7170 4820
-1661 1731
3616 7331
-7945 4801
-6082 4704
9805 4966
-4866 -9490
-2968 1842
8545 -4567
768 -5306
-5659 -5770
8194 7077
-285 -6473
-1475 -8854
5053 1972
512 3152
-1397 5944
3274 8851
7372 -7781
6923 5329
294 -8711
-8201 6727
-1431 9149
-5419 2553
7247 834
5064 5349
6146 -8413
-4886 6978
-8155 -418
-4726 7360
512 -9382
6562 5786
8357 -7165
-4946 3556
-1115 5728
7017 -4302
-3855 -7101
-7952 -7463
5090 8435
-732 350
-580 2336
7644 -1947
-1249 -714
8868 -3522
-6162 596
1215 -5859
-6353 8071
-9095 1497
-4947 -7997
7731 -4040
1658 7659
-5722 8469
-8995 7803
6238 47
-9603 6095
2151 -774
7279 -183
9103 -206
6272 -249
-9654 -8309
-447 -6170
-8100 5282
-3221 3201
5204 -3473
6208 1832
3211 6656
8845 1586
-612 7489
-2464 9850
9665 -654
-7707 -2067
-8530 5536
-950 -6708
3043 -5707
-295 -958
2873 3390
2392 9259
2459 8494
-4980 9171
4723 1383
1759 -8773
2813 -2067
-4578 603
4173 -4078
8989 6679
-1668 7558
3093 -8719
-1705 3523
7816 -7858
1185 -8663
8448 1242
500 -5943
-3729 840
10 -3321
-8218 1292
6240 -5267
6387 3542
-2135 2774
8696 -4471
-7793 -7962
-6684 -8596
-3593 4260
-2218 6410
-7728 4702
6039 -681
-9440 3457
-8766 4487
-953 1060
-8541 -2494
-7482 -7223
-2490 -6759
6783 -7522
5252 -2382
3147 -1631
407 7668
9073 9076
3335 7444
3853 -4521
-6099 -5162
4157 6126
3303 9940
8147 4717
-503 4538
-4236 -2807
-29 956
4197 2003
4481 -8799
2540 4701
-6931 -267
1121 -4313
-1517 7197
4640 193
9393 -4462
376 2214
2060 -6707
-3046 -5468
-7031 -4638
-6380 -4900
6015 6187
863 3105
-4893 -294
4628 -1219
-2798 9589
3042 -2832
6576 3992
1188 -5838
8077 -4942
596 -452
-4518 -8811
-1796 -9028
-775 7542
-3375 5158
-6022 5916
5823 245
-6650 -6287
3419 -3314
9188 2178
1766 1768
8936 -3611
-9620 -1472
6412 5511
-9432 5289
-1443 4488
9398 4885
9578 4040
5302 -2399
-3521 -1197
-1561 -8074
5893 4179
7892 -5739
4668 -7037
5141 5032
-3201 3855
-9757 628
9156 -545
-1314 -5656
9633 5567
3775 2975
-2141 -1810
-4050 6894
-1785 -2563
9961 -8749
-3101 4695
2594 -1601
6381 -7209
-4246 485
-763 4770
-1376 -5385
5243 9757
-789 2589
6933 4399
3686 -8383
4592 -9714
-1524 1182
-1925 -7549
-112 8147
9398 6290
4705 3569
-8033 17
6529 -2702
-8496 -7932
6838 -3997
619 741
4219 -817
-8229 -4139
-6020 -2850
-1232 -7576
-7290 -8613
2569 -6641
-4190 4907
3053 -5636
-9347 9419
2987 6172
-91 9080
-3623 8675
-5536 -3562
2441 -2119
-7657 -8699
484 -6941
2642 6562
-2568 5976
-7879 6622
8009 6200
9560 -5169
-6541 4298
8662 -910
2230 -9768
-9876 -6964
-7885 -1063
-2388 34
-9808 2213
-6185 2076
7098 2633
9414 -3842
-3560 1303
-2722 2055
2397 7593
3793 -601
7952 4127
2145 7073
-117 -4869
-4637 807
7564 -7888
4771 -791
-7037 9679
5612 -3897
-8101 -6845
5788 9427
-695 8997
299 8922
4697 9466
7059 -8702
4418 -2906
-5059 851
1644 6090
-8780 7086
1613 -8474
-2640 305
9514 2897
2575 -7870
1954 -7524
-4369 1908
1334 3853
6570 -4861
-5939 -9361
-6175 -3131
1888 8758
-428 -9117
5455 -3695
-7605 8234
9041 -2902
2346 -2664
7641 4374
-2729 -6574
-723 -9126
-2929 9846
5474 -8770
5083 6423
-8438 -3192
1168 1652
-7759 -656
1822 4993
5877 7850
-5845 -4885
-6652 1331
-7850 271
7607 -3891
-9517 4496
-8358 8969
9843 -2246
1320 919
2149 -3086
-2943 -3206
3602 952
-3676 2340
-8317 -1510
-2797 -1434
136 7227
-7659 -6921
8132 4291
-1718 -590
5520 -5998
-7782 -4111
-5143 9724
-2523 -6140
4779 -1580
9055 8797
-4410 648
-8401 -3888
8452 -7088
1402 -2077
-9791 -6144
-5197 -7674
-4595 346
-1643 865
-6005 -2743
4980 6640
-3751 -6765
-7042 7198
-8943 4827
-6754 435
-768 9557
204 -3978
5855 8543
-4824 5524
-2832 4306
-8118 6578
8904 -2623
-8557 406
-8730 -1970
9008 3522
161 -4734
-1499 3988
1185 -9870
4957 1460
-4385 5964
5520 -8077
1666 8568
7111 -555
-5032 -2480
-4453 -7714
-7416 2136
-6766 1150
-8444 -4791
6960 -1602
-8081 -7174
1813 9688
7396 5801
5931 -9686
5495 -1419
-1735 4608
-9748 -5170
-6602 -2495
-9330 1918
-6841 -5771
236 -4361
-8505 -1294
9856 6541
-4530 -1550
6849 -8589
-2041 -3850
-4162 8768
4569 9772
-6194 -6767
5535 4220
-1172 -6979
-2148 -2480
8747 2801
-1561 4971
-7080 9417
-4945 1598
-9697 6877
7138 272
8722 -6120
-988 -7392
2479 5570
4338 6971
-9537 -7963
-1008 2627
-3154 -5731
1012 -1753
5768 9395
5916 -7416
7555 4514
7651 -5645
5953 -5805
-8929 -3573
6699 9978
-6143 8209
-5463 5420
4711 6590
3561 -9263
-7226 2769
-884 7745
-7987 1766
-6266 9683
9078 6746
9330 -6778
-8544 8714
-6932 6884
-5201 9107
-4467 -7258
-7281 -4130
-2200 -7769
-8628 297
607 2337
3074 9804
2572 -5833
-4368 9570
5056 -4592
-4910 -2354
-1888 8790
-7989 -5833
-3398 -2558
-1954 -6533
-7426 -330
6133 2846
8716 1828
7781 -7428
6590 236
-7427 9153
-7324 -2803
5085 9368
8937 8969
-5624 -9283
2084 3993
6503 -534
7355 -9805
-2363 8515
-4298 -6044
7347 5684
2250 1997
-6175 3480
6052 4686
-5078 -8395
-5522 2642
9839 -2505
583 875
-157 4923
9361 3241
954 4219
-2595 1444
1640 -2544
-309 -5241
2436 9277
8681 9115
1111 -217
-6738 930
-4384 8657
-9739 -6966
9397 4259
-8247 -1540
9335 -7045
-8401 6057
-703 -823
-2884 -9041
2404 -6029
1428 4522
-6999 -5957
-2960 -5161
-6047 5438
-4780 -558
-5908 5065
7442 2203
5237 3429
-2313 7704
-116 8355
-8691 3161
-782 -781
-7884 -7092
-6132 -7765
-3793 2954
1196 9993
-2244 -8645
-85 4197
-366 4796
-2042 3869
2654 8575
777 2051
-800 95
1519 -265
-1911 6888
48 -8597
4343 3119
9749 -7014
-1057 -9821
3133 -6384
-2671 8871
-6054 -1951
-7754 5085
3601 3861
-2271 1880
4176 -8441
3610 -9618
4199 -5048
8408 -7191
-6583 -4283
-2880 217
-2943 7187
-6107 -4817
-4637 -3195
4142 2836
5427 -7784
266 -8530
6555 9373
3234 6233
1833 155
1714 -5317
-1213 -3992
4682 -956
5575 -7015
-1298 6810
-2973 8992
9899 9544
-1553 4084
-9112 -6208
-9652 7531
9748 5030
-9780 5776
5148 3734
3687 6775
650 2102
6786 -4481
1528 -3915
8850 -707
2278 -70
-3261 4424
7137 -5300
-5757 7487
1570 7035
-5453 2691
3942 6179
4929 -5104
-9329 7410
1143 5149
5644 9540
5363 -1450
4070 15
6100 2148
-8560 -682
9248 4949
3094 7439
-7862 -293
-2806 230
985 103
-3486 -7516
-7616 9254
-5851 -9545
7866 7313
6183 -1459
1801 2729
-8721 5547
-4439 -2837
-6969 5349
-5334 -4619
-9670 -1808
-4370 -2366
7341 7145
1095 -2231
-8408 -1745
740 -4200
-4947 -1894
-1439 3124
4157 2923
-8537 -3574
9156 339
-393 3265
-9573 -9566
9504 8889
-5730 -2820
5372 -2110
9245 -1679
-4535 -8998
2492 -9695
-1439 6560
-3920 4084
-7811 9301
6145 1134
-5944 4471
-5382 301
-5639 -4480
-7495 -6227
-2072 3968
6577 -3347
3833 1152
9042 -9154
-833 -795
3928 -7994
-7689 8353
8633 -3581
-9498 872
3893 -5287
9568 -3588
