2000
-4653 9079
-6259 2631
6970 365
-9368 -7548
-9124 3223
-8104 -1256
8723 -4422
7490 -5604
7590 -7651
-597 9610
742 5837
-9232 -692
7225 -334
-9142 4334
4174 -9130
9949 5158
1509 -6759
3606 -6310
-137 -1521
-8299 7960
-3297 739
-9963 -2681
5436 -854
1496 -8753
-9143 6746
2583 -5381
3928 5320
-1293 7072
1405 4873
5743 -435
-1557 -701
2540 9413
-3177 9953
2152 -3855
-2175 6686
1145 3853
-5108 4528
-6326 1182
6150 -5951
-9206 5170
-6491 7007
6048 7098
4169 -8843
6031 -5246
4319 -706
-7687 5494
4906 -7238
-7286 4853
-5281 -4551
-7866 8587
2439 2544
-2928 3279
-1819 -8948
-4899 4467
-364 -5669
-4942 -384
-3286 6866
8024 -8895
-420 -5397
7619 4054
3268 -6101
382 9932
4785 -1826
3623 6817
5403 -6776
9489 9479
6478 1562
6335 -3440
-5253 -1620
2711 -4844
4773 8104
4970 -8511
-3684 -8514
-190 2993
767 5896
-6485 -2572
-2640 -5966
5929 7618
4434 -4135
-911 3273
2751 3557
-4881 -1423
8859 -772
7608 -4826
331 -6395
-8291 4039
9250 -4897
310 -9601
3392 -4435
-4819 -9881
-2452 -5842
1913 2418
35 4908
-5507 -2158
-8886 -1810
-8254 3582
-4121 7586
-3187 586
5761 -1542
5785 -1858
-4099 -3909
4915 -8786
-8387 -4850
4436 -4776
-936 5005
-7117 -6662
5756 6612
5240 8517
-3642 -4210
3980 9733
7035 1193
-1222 9448
33 -3365
5093 9313
1175 -4207
5605 4598
5812 -9204
-4053 519
9464 -8855
9871 -5897
-2559 -1472
-4861 -7247
-5009 -3083
6429 -5900
-6168 1349
-3737 408
3576 -5412
1223 8762
8074 -6391
3123 36
-1645 2969
3766 -1272
9247 -5834
-967 -6567
1257 8711
959 -1097
5378 8699
-664 6098
-9803 -9632
5438 -4236
9894 -2249
6060 -8300
-9538 3469
7078 1003
-8962 -7744
8947 3922
-7351 -607
7281 2712
9866 -4384
-1953 34
8937 1122
3541 9006
8825 4314
4682 -7123
2362 -7258
4214 120
5541 2255
-4276 273
-8725 9724
-4299 -3478
-9557 -3965
9149 -5353
-8921 -3187
6151 -9851
183 -5335
9508 -2082
-3076 -880
-2846 3049
9647 -531
2211 -8164
5677 2008
-5737 -3575
6698 4938
8383 3708
-6050 -8306
-2271 -5917
2451 -5606
4928 598
748 7251
-4364 4799
-7283 -9070
50 -4857
8192 -359
-7170 -9075
-7239 -8442
7288 5041
-4814 -7842
-9184 -4729
8979 -4395
-2701 9199
-2998 -7072
1043 8749
-654 9453
-9577 -308
-5510 -9907
-8976 -3941
1203 -2793
-9432 4795
5720 3115
8395 -6602
-7840 -7799
-1920 5682
-9048 -2654
2951 -1103
1816 -6349
300 -9751
-7282 8819
-8009 -8657
4756 2065
5879 -7585
2195 9246
-3547 -9377
5419 -2882
-6046 742
4141 4859
-9219 -7652
8030 6301
-2633 2582
-4801 -7298
-3647 -9682
-5712 7016
9555 6653
-8284 -2993
-7208 -8455
-2319 6472
9439 8671
9295 9877
715 -388
-9647 8434
7013 4669
7017 8215
8236 -8486
4097 8767
-4811 -4397
-358 -6984
-9969 5263
5637 3930
-5343 -6694
-5148 7353
7546 -2551
-3880 6254
9851 6984
-3405 -865
-2432 566
-4766 669
-1116 -1699
-184 -4028
-1541 840
6443 -2367
649 3649
-1089 -3916
-6265 4402
7708 -5453
-4379 -1608
9563 -3720
-7466 -6834
-6130 -597
8538 -7616
6671 4186
-5146 -174
8127 -4374
1598 7459
-1701 -2058
9296 -9944
3705 -1538
4547 -55
-5654 -3663
884 -7998
4115 -4226
2055 6505
-6609 3677
-3200 8310
-5586 -2739
-8554 -942
8884 -8915
-3289 -3699
-6241 -9269
2394 -7971
-4194 5779
-5759 1690
-8366 -6768
-431 -7492
-5490 -299
5475 -9548
-9322 8625
6023 -2471
-4162 -5931
1331 -3457
5602 253
5059 2777
-7202 8206
8937 -4510
-2481 279
-3943 5052
-3259 3325
6557 4019
6527 2096
-8204 -154
299 -8964
-6618 7271
-1479 4698
8767 -6875
-332 8080
2053 97
-3405 -4731
-6525 -2889
2601 3114
-6608 -3868
-8817 -6160
-9114 3171
-2811 -2076
-6260 -8837
1010 -6284
-1527 -4464
-3472 -4971
9727 5576
8701 5049
3128 8493
2311 -1631
7359 -4819
6013 8906
2019 -9167
687 -1386
6175 9133
2303 1870
-6485 7061
8225 9492
-3072 -2745
6513 -766
4263 5402
977 -6960
-8191 7710
6202 3399
-8233 4937
-6162 -1488
1138 9126
-6320 9852
2186 -3122
-3990 8088
3678 -1640
-858 8313
-8476 7193
-1831 1087
-9680 2174
-2425 -1598
1442 8304
6013 -7728
5671 6972
5629 5935
-5553 -8842
-5995 9468
-6961 9306
-3817 1406
-507 8946
1026 2193
4226 -6830
-5916 -9833
1254 9472
1645 2253
-5625 5295
7319 -7060
-1067 5817
2788 7052
2987 -5396
-517 -1584
1604 -8846
-5820 3488
-5107 8364
7309 364
-3723 4386
-8723 -1665
2223 -5776
-2584 -4639
-8666 -2802
-7508 9061
-4279 -4291
-8475 -6468
-5696 4654
-7022 8034
170 7291
-7835 2462
-4051 -4505
-6142 -3654
-9570 4564
2670 -8833
3223 428
8373 3947
9308 -4555
2643 -4212
-1431 -9359
-3650 8857
-3891 4290
-1056 1596
3350 413
1425 1922
-5617 -2759
2736 3590
-6344 4054
-1383 -9686
-4798 -2193
-8044 -8714
8955 -7855
-2409 -9672
-3883 8262
-7376 -6046
-3469 4686
2697 -1026
-5709 2640
-6947 -8360
3562 7641
-1398 4478
1788 -8334
5720 -8663
-4627 9166
-3028 -1943
3064 575
2721 2649
2978 2018
4001 -5968
1707 -7185
-8779 6625
-4402 8239
878 3918
5558 3610
1251 7652
2129 2841
4507 -6427
-1368 -2362
-3197 3947
-4276 4005
-1700 7496
145 8788
4527 -5259
2494 -6878
-342 -1473
-1128 -5799
-7561 879
-1482 8191
1801 7038
8411 -2204
-9364 -3228
345 539
-8103 8864
6531 8977
2981 -1300
-83 -7746
-5237 -4998
-257 -9939
-3096 9290
1537 -7763
159 6562
1161 -9592
8599 6319
3356 9679
-2525 4120
-9109 1766
-3974 1832
696 1237
3934 1644
-9656 -2774
3202 636
5638 3982
4043 7965
7254 -899
5059 -5333
-5051 2511
2919 -4783
-8465 6110
9510 5238
-642 8613
378 705
-3743 3970
-1073 -9876
1769 6953
-2100 -7139
7218 5834
-185 -8899
-7214 2855
-4324 -2422
2245 -9961
6271 -9265
-4048 7194
7024 2910
-1853 1209
-179 6533
958 -8775
8917 -6081
-5956 7216
7889 -2157
4425 9534
5367 -491
4331 1642
-1783 -1098
6480 7117
-9124 3894
4629 2445
-362 7147
56 -5699
5510 -3339
-3085 -8076
-3130 -4670
-750 7873
5088 -4214
7351 7015
6548 6698
-3794 1775
-2862 5635
-1743 -9463
7654 5355
2969 -1543
-9099 8531
9398 1318
5620 539
-9080 -546
5099 4850
-9820 -2165
-571 -8032
-2245 3151
3886 -1763
-5066 -4895
-9400 433
-212 4862
5399 -2262
-3186 -8235
222 3052
5303 9783
1101 1123
-4618 4701
-2125 441
-4710 23
-8421 -7027
-5059 -809
-7659 1008
-7035 2696
-8479 6227
380 1621
-3518 -7878
3581 -6112
-4347 -8120
8653 -9606
-6102 9596
718 7677
2377 8720
-840 9821
3565 -6028
-3055 4450
-2638 5144
-128 1886
-1697 3424
3372 2837
-1822 -176
5667 -6249
1361 4660
-9740 2969
3363 -9266
-9670 -7366
-9690 -9019
9701 4769
8311 6408
-9621 -1140
-2969 1875
-2982 -2676
-7070 4393
-2184 -9390
3447 1233
-5222 -8813
-1340 -4654
-9995 -5835
7134 -6259
-1804 -6013
-3379 497
1478 -1474
-2984 652
-2941 4900
-6241 -4674
7201 1159
8483 4511
-1097 -2061
-1451 -8588
6367 -9560
-4652 -4284
1062 -8856
-4691 7729
-4810 4789
-7504 -3836
6661 3387
-8088 -883
-6511 1859
-3242 2649
7975 4269
-4573 4239
-1251 8896
-3166 -2370
-958 -8627
-4466 5383
-5180 -871
3994 882
2332 9603
4391 -6976
-812 7522
4629 6887
-276 -431
-8573 -9738
2911 6934
1202 1907
-134 886
-219 6629
-5742 8615
9988 -9664
9440 7022
-3850 -758
-9876 -5741
-6138 -6135
-3111 6177
7419 -8027
-7419 6077
-4355 2048
2310 6026
2960 793
-3580 -4780
9827 -5839
-5489 6286
4901 -392
3665 2490
-489 8609
-2149 3104
7364 9383
-6753 1696
1593 -5054
640 136
-67 -989
-8942 3221
-753 5578
91 3368
-7691 -7794
88 6512
2797 -7865
5464 8320
810 1418
3748 -872
-7768 -5959
-6577 -4681
-9265 -6684
1983 391
-5753 2328
-8662 -7378
5844 4180
3478 -7603
9486 -4910
1017 -6431
-6199 -8206
-6070 -5175
-6855 6598
1737 -6886
2243 7676
-8284 -795
4524 8196
-8489 -1139
-7028 8980
1307 3494
6116 -2780
-4880 6366
8763 5680
-5510 8599
-4112 -8031
-2516 5507
-5947 -311
7 5135
8250 919
2315 -8257
4669 492
-1313 4031
-3388 2913
1892 3919
1133 -415
-9475 -3081
-6715 -2752
-7072 -4355
-2036 -4232
-2263 -2582
-3354 3852
-6460 5222
356 4420
-941 7269
9012 -1395
-7183 -8627
5404 7402
314 5225
-857 -4263
5322 -7794
-875 -9725
1245 9568
-4788 6131
-8101 7894
-968 3177
749 3357
-1422 9399
3818 8011
5279 -7345
4981 -7124
-5751 8011
5412 7799
6744 -6626
2832 -4274
1653 -392
3604 1874
1441 -5502
-9371 -5152
-3538 -9627
7271 -3751
9606 5495
4893 -1980
-3970 -1816
4560 2432
9029 -8692
-6961 -460
1059 -3001
373 8452
-5823 -2197
7411 -3075
8799 9551
-5952 1014
9584 239
612 -1602
4647 -3955
-4740 1604
9624 4253
-3843 -6126
6306 -626
4403 -9284
3977 9055
-3947 7442
5893 -4964
6560 -9854
-2929 -6210
-2939 3970
-1296 -4131
9829 1110
-6772 2008
-8226 4162
-4235 7876
5849 755
4629 -4612
8483 -7995
-3558 4655
3710 2885
4047 -9582
-825 -6517
-6370 3661
7451 -4266
-6576 701
-9709 -1767
-6937 5850
-2143 -9881
8002 -3709
-2113 3352
-5893 -6234
2875 -6265
-539 -7544
7112 1357
-2038 5903
-9958 4542
8025 -7991
5670 -783
4952 -4625
9798 6841
-4927 8376
4225 -9912
-6072 -1864
8149 -4197
9155 -4349
-583 -3965
-229 -6739
-4282 -7708
7370 -7048
8856 -3450
-8909 -4668
1062 -7382
1835 -7164
1933 -3269
-2708 -3214
-1117 1730
5539 2366
-5778 -6893
-1090 -6813
-1162 -3909
2127 1786
5047 8256
-5732 -4382
-1430 -5515
4756 -8363
690 1146
3764 5847
-7596 -8249
-1518 -4401
6106 4337
-213 9496
5582 -5012
1817 -4675
2233 9804
-384 -5553
6233 -8929
-6953 -8258
1081 5001
-6794 -2685
2673 9651
797 7963
7530 -6637
-4886 -1719
7601 9934
7991 7318
6813 3707
-7585 1498
-9457 2394
5918 4232
8680 2777
3848 -4467
996 8633
7354 -9385
1651 -7924
-4552 -9440
8523 -5677
1407 9966
-1754 6052
9707 -9758
-8720 -4153
-6726 -8583
2916 8093
4207 -4311
9922 3459
-44 3845
-6901 -7679
-5326 -2476
-1861 4095
9893 -7972
-7412 9790
-2166 -4660
-4695 -5169
-9118 9241
-6797 3551
-6882 -5691
-4273 -5517
-7425 -3608
2082 -7637
9543 -9498
8069 5724
-8235 -501
7023 -8833
8983 160
2188 -1117
-1328 -7405
-2065 8497
-6673 -9774
9468 6961
4233 -2069
2240 -3609
875 7351
-2536 -8313
-5950 7171
7674 9546
8990 -2686
6813 9463
-9371 -5525
4635 3835
-3562 -6668
-4072 544
2761 5111
5337 7584
4545 6089
-5981 8525
-5084 -1223
-3873 9980
-8333 9512
6682 7312
-9423 -562
6752 4355
3817 9567
-2238 7285
4841 8167
-4780 -3882
6662 -8722
-9891 1148
-1269 -578
-769 9168
7692 -3004
5773 6971
6951 -3672
-440 -4379
-7068 -7662
5497 -3758
-5683 -6490
-3203 5970
3254 8135
-9979 4560
-5602 1815
3094 -4759
-9891 -8941
4202 3203
2370 2562
9558 -6567
-5876 3783
-6169 9052
-5328 -5205
854 3392
9634 1325
4835 72
-3959 -6050
-4195 -4647
-6367 -6985
4831 -4173
4789 -1969
-910 -2076
-5153 8620
1181 -2988
4166 7218
1000 4459
3510 8291
-6915 8552
1943 -8098
3228 7661
-2268 1576
9248 -1938
7136 3773
-9492 -4948
4600 -9232
-1201 5339
-3017 3110
1729 -8391
-1378 1831
2769 -3370
-5191 -3492
-5202 -6232
-3960 8320
-9779 1605
-735 7984
3280 7170
-1047 6997
4490 2527
7580 -3912
-3143 4998
4058 5900
-991 5656
7266 -5239
6592 -5542
1088 -392
6116 -640
6849 5898
7938 -5365
6240 -7111
-5407 -8121
9050 -775
-58 7873
400 -1998
4090 -5569
-6851 1700
-2401 -9054
-9677 -9073
-4311 6609
-8934 -8691
917 -3999
9083 5876
1773 753
5388 9652
-3739 3431
5310 5348
-1707 854
2448 4359
-3919 8235
-3614 -7153
4547 -9829
-5162 3257
4184 -7855
-7526 -1118
191 -6407
-405 -2738
-6863 -5172
9303 -1323
2049 8631
2061 8411
3759 8311
-836 1091
-829 -7949
-5993 -8389
-1821 5252
9144 393
-6351 -3554
2313 -2297
6585 -8446
-4853 4787
-7952 497
5325 4742
-2861 -4815
-2464 8348
6759 9189
7499 9597
688 4238
-9991 383
5716 9859
8831 -5984
8131 -2385
4062 7975
-602 -4500
-2946 -3626
-5119 -4018
6479 5923
4385 -3070
5836 5525
7593 -8476
-5567 -6628
-3311 4351
-1412 -4348
9756 -8903
-5324 2319
6335 9192
-3193 -6493
-4798 8186
-6314 -5411
963 4600
-5698 4461
383 5844
-3506 -5498
-9974 -1511
13 -3949
3144 -8661
5691 8167
-6182 -6447
-5349 -2001
-5962 -2706
-3514 -673
2834 -9627
-7721 3293
7882 8036
6356 -314
-5853 2565
2129 -9342
-4840 8251
-3261 -7656
2116 -1093
246 -9528
8639 -4741
-1188 -343
-8623 -3823
3472 7184
-3489 -4585
-491 -6322
-9309 9345
-8899 1789
-8526 -7707
4858 -8823
-8165 -658
1314 707
3051 716
9623 8053
-7754 -1113
7867 3590
-6754 -9116
783 -3321
-2417 -1656
3760 -2025
1653 4094
7160 -6732
8778 2344
8358 -8019
-6842 -6027
7036 3215
-2358 -1285
9431 -1651
-3598 -9307
-420 -7226
-9916 -1352
3253 1168
-8433 -2949
5396 -2244
5731 -850
-6756 -845
6144 1104
-6553 -5876
-3895 8643
-7385 -8196
8740 2984
-8302 -6629
1721 -3618
796 -5150
1345 -8157
491 -5904
5264 1429
8480 -2536
5221 6831
-4019 7596
-3250 951
-7945 2946
7070 -3385
-1022 -777
4749 -3105
9879 5314
8685 7209
-2689 -4702
3869 405
2248 8107
-4076 -4787
-9638 -3541
3924 -8813
-8261 -7438
-9842 2865
-2464 1441
-5614 629
7244 3312
-3744 -4824
2071 -58
-4745 -8996
-8067 5670
-5312 -6060
4345 -755
-2649 8557
-2510 314
6773 3275
8184 1573
4136 4417
-2719 9923
1363 4294
-5078 4818
1850 9470
-5355 -4113
5829 8106
9110 -9564
9827 -8916
-1255 -8957
4009 -5485
-3208 -3190
7124 -8641
8356 4283
-4145 7618
2034 -9741
-9819 9991
8005 -6964
-8426 5265
8455 -7073
2535 3424
1530 -3180
977 -1637
3168 4360
9124 803
5318 -8088
2444 3132
8213 -7890
-9887 -433
-2816 6568
6827 -4032
-320 -7061
-4025 -9272
9714 -2316
4332 -2451
-9028 -8112
-1292 -3134
8951 6223
583 9685
4208 2118
7752 -294
-7162 -474
5357 195
-6518 -8950
-8662 5470
-4842 4388
7327 -8115
-7387 4838
-3757 -2978
8292 -3953
-2065 -5705
4883 9264
9208 -9637
-6232 3833
-4050 -210
-6784 7976
-2499 -2578
-8663 -225
4546 -7143
-7953 -5180
-7072 5884
-8511 -2794
-4236 -9746
997 -2177
3870 5728
-9977 -712
2272 -4475
-4112 4906
-1262 1479
-5011 -344
-2368 8409
-448 -1794
7981 8854
-4568 889
9430 6248
5852 -2521
4685 -7643
-3668 7342
-4836 -5830
9898 7329
-3384 9035
-1720 9921
8547 8889
4088 4169
-2455 1005
3135 9078
-2717 5177
7752 -7314
7296 -1016
-4769 -6817
4383 6726
-7197 -5196
-7855 -932
3238 -864
-3536 1030
64 6856
-9503 6802
5690 -7935
6234 9044
49 3498
2575 -6222
-7324 -3096
3311 9858
2563 -5852
-2669 606
1052 -8486
-3682 -8287
4502 3856
-7009 -1537
9494 1460
-1684 3176
3698 3278
5343 -1187
-2144 3108
-3394 5297
-7204 -8375
2250 9181
9039 -807
3341 -4440
6167 5322
6836 -9329
-3895 939
-5206 -6846
5338 -9393
2067 1506
-1597 8552
5551 -5897
2916 -7900
5209 4614
-89 -5507
-161 -8186
-9006 6428
-4380 -7911
1370 -6247
-7205 8961
-6648 1257
-7804 9632
-7215 -543
3785 711
-4062 -8157
-9605 -427
3676 4341
-9839 9667
4280 313
8527 9091
-9096 -2089
-5662 -1635
4175 -4380
3094 3679
2639 -734
-9478 5890
9242 5991
-831 -3561
7151 -7974
-2410 -7047
2526 -6912
-8851 -2015
-2349 -77
-9765 -8690
-9599 -4348
3563 -7518
847 -4974
4367 -8378
5301 -1257
-8271 1182
792 1661
1372 -7749
-1309 33
5780 -5739
-2785 -438
2650 -6631
5076 -6539
3384 7520
-7450 -3553
2099 7340
9822 -7049
1699 -617
1005 4390
-3147 -214
-9033 26
-4593 -1418
4554 1759
-8209 6780
-8960 -3035
6527 7571
-5339 1976
5438 2897
416 9737
-3817 2542
3603 2967
9639 8283
1386 7145
1534 5058
-5156 -3889
6137 -7893
4410 -4189
-8709 -4735
-7956 -1036
5929 -3197
-1905 -3195
-7498 6177
-927 2756
2492 -8340
4202 9490
6177 -7605
-5602 1525
-1330 9536
4594 5784
-8106 -6076
-247 9438
-1031 -8248
-2983 -5838
6847 3981
-9216 2782
-6693 2776
-1048 2600
-924 -4191
-2531 -8255
-5045 -4712
-2317 -4608
6917 -8869
-5612 2082
1586 -693
6953 8982
-7861 3481
8954 -3295
4588 1108
-1190 -4030
-7528 1435
-5790 3315
-4086 -4221
1589 6883
8628 4990
-9723 9058
-1830 -2696
-1565 1681
-6238 -4913
8115 2823
5525 9070
6271 5067
-4508 7664
2493 5224
-5086 -9920
1515 -8698
4617 -2614
3165 9446
6328 -5749
9241 -1526
1253 8676
-4021 -6762
4919 9423
-1770 8136
4679 -7598
-8529 -3655
-8589 204
1588 7742
6686 -3096
-3016 -5920
-4618 -8401
2706 -7781
-8336 -6281
-2030 -4130
8066 -8288
-9613 931
7890 -682
2461 88
-1777 2809
8932 -9309
-2964 -3378
-9454 -9598
-8136 2168
-7208 2135
6215 8550
-6131 3497
5716 -4682
2758 6575
-7556 7380
9092 -9272
5380 -5770
7269 -6800
3288 3270
-201 -270
4142 -4769
5574 -1270
2853 -8823
7066 6121
-1745 8438
6987 9859
7076 -1810
3508 -9145
7430 2792
3892 -3734
715 -6406
1546 6705
-6375 -185
-3195 -1186
-7736 6913
-4136 6604
-946 6406
7583 -4842
-8722 -8094
-9657 8370
-8052 -467
-8556 -8950
-8095 9024
5536 4952
-5062 -6945
371 3149
3574 9374
2910 -8084
730 7199
7832 9715
6319 6716
3121 -6305
-1147 -4628
1000 4425
2794 3853
-2894 1343
6115 4742
7486 -1450
-2777 8020
-5204 6743
-109 5882
5256 5167
-9197 -6536
-9338 1886
1600 5254
1969 8494
-4091 -2082
7012 -4910
9515 8483
6056 -1989
-6926 2308
770 -6838
1712 9189
-9071 1976
-1282 -7345
8538 -554
-5388 -7671
-486 7514
-601 -864
-5611 3897
6111 -9002
2638 6359
-8552 -7981
-5777 -351
-8620 -5317
-9289 -9722
-2839 -5546
-2636 5202
-2823 8874
-8472 -1707
7739 9617
-8055 -6214
-8701 -3929
5207 5181
-923 4419
5418 -6684
9675 -4812
928 1776
-8576 -5157
-474 5151
9151 -3475
979 237
-4562 -3689
-1095 -7937
356 6337
5953 4155
7941 1815
-8394 -8382
6799 -7039
7380 -9467
-6150 -4124
1064 6518
-1707 -2755
2089 -4288
-5416 3438
9963 -4665
9294 -6266
3766 4663
6726 -1548
-5212 -7329
-9454 803
-3662 -9260
-3920 -7793
-4832 -2055
2199 -7122
2475 -3731
-3493 9770
-2985 -2741
2972 4801
1959 -7176
1880 7556
-4990 1922
305 1173
9626 8776
-4833 -2970
7833 -5587
-1125 -566
1642 -5829
5837 4955
-8447 6810
-3201 -1965
1526 4029
-8713 3307
1828 8541
-4915 4259
5535 -6214
9429 6965
-1862 -9456
-6959 -267
6764 1484
5897 1929
-8637 8317
-7513 -1508
-2833 3005
3535 -7956
3801 -1279
-3530 -9666
3641 -4674
-2413 -2243
-4263 -4532
2975 2672
3357 -5008
-742 2404
-4143 -4785
6699 2299
-2052 -3659
-5342 6317
-1471 -689
-3964 866
2911 5697
-5583 9572
-6374 -3289
5758 4608
-7636 -9013
176 -6656
9737 1822
6815 -6850
9275 3093
-7971 -3928
-7909 -4868
1473 8728
8765 39
-6929 6131
718 -2706
-7010 -893
2399 -6372
4060 1128
-4265 6025
7012 -183
6882 1820
-2637 -2813
4059 6618
-290 -5823
3970 3333
-7815 1739
4188 9782
-180 3659
3510 2952
-9755 6612
-560 -5773
1576 -3044
8084 -8162
-8416 -644
9173 -2461
9360 -7684
-496 6054
2671 -3278
4620 -2717
-9385 -3898
-8439 -1411
2091 -7199
-9820 9470
2422 -8090
-7757 7411
-8362 6388
-6656 1683
7242 6935
-3709 -4852
2688 8826
-8858 -816
-4762 2047
-7511 4367
-8351 -8371
1452 -9171
3139 -4015
-1214 6735
6204 -4771
-2861 2687
98 2346
-1266 3103
-5215 5457
2391 2078
-9054 -7973
-9148 -7598
1587 3634
-599 -4285
-9919 -9455
-4105 1890
6440 -4549
1437 7348
7803 -422
4807 -6057
-9649 4006
-3648 -4333
8770 449
-374 5086
884 -6445
-697 -7984
-1860 1830
-815 3876
9592 9727
-9729 8586
4197 -6607
-1155 -3834
-2766 636
-9786 -5998
1666 -4964
9043 5021
-9313 2017
-3814 -885
-2079 -6822
-3267 5812
-8451 8805
4355 6036
-89 -311
-585 -6461
-4154 3223
6617 3407
-6707 -6237
4399 -818
6905 528
9285 8334
7076 -1430
-5692 -7953
1162 -8517
-5339 494
-3694 9083
-8393 1394
1150 1576
-8736 9684
-3057 -5218
8005 4400
-2194 2789
6552 8342
1244 4820
-932 4672
6726 -1852
-9561 -1647
4121 3801
5285 -5253
8962 -996
-1914 9946
5061 -1012
-9437 3415
6819 -69
4713 -8173
6227 -6239
-9729 6439
8501 -2247
-7427 -9457
5215 -255
-8387 5362
-6286 1941
-538 -7948
520 -8444
560 -5254
-1587 -518
8470 -7634
5781 -2806
7125 9034
-5419 2599
-9919 5559
5718 -5471
2282 -9648
-9105 4218
-2317 8576
3938 9832
1772 -703
1349 -8628
-7072 -8767
-299 -8131
5072 3488
5855 8114
-972 3541
6295 5356
1676 -127
-4569 -9124
-4595 1757
5830 -5131
9088 -8593
9984 6725
6556 -3230
6067 7642
-7266 2048
7003 1137
6727 -616
-3408 -3297
-1463 1798
-941 -3833
-8477 7565
-2563 -4646
-3770 6920
-1324 6590
-8542 1635
6763 -5495
-5050 -5734
1037 6746
8108 -8494
7275 824
-4319 -5437
3947 4277
-9021 -7593
4205 -9462
-3294 3237
801 -3015
2339 1950
-1131 -8041
8549 8569
3924 -8735
-509 -6273
-2006 686
1153 8162
-6612 -7249
7296 2981
7544 -9337
4940 -7023
-895 5211
9471 9641
2877 -2969
4016 -103
-8154 -2601
-642 -3646
-1357 4436
9422 1627
9075 -3713
-9307 2633
794 -2932
3540 1846
-1452 7904
8567 4557
7534 -188
-4977 7227
6867 359
7390 -5507
4390 -256
7143 1405
-8521 9957
8113 221
-4432 122
6409 -8746
3887 -5358
5432 7103
2669 -1599
-3696 2692
-2752 -5063
4750 -1409
-4182 -1498
8862 -6507
1707 -7316
6149 6251
1377 -3904
-227 7012
-2768 2856
-7022 1606
2860 2800
7443 -6893
-9791 -3254
8868 6595
-714 6600
-8464 -4828
7484 6535
-4964 6286
-6501 -6699
-293 -6103
-6131 5206
-4978 -4145
-7133 5246
1822 4795
-3600 3820
-3380 4800
-8372 -7020
-274 -2217
-5623 -4442
-7843 2315
7487 3663
3918 -2585
-2579 8691
-8008 8955
-3428 921
-3874 1699
-8726 4162
3128 1149
-336 -5859
7962 -5050
-6530 9786
-7235 -1698
9806 -4902
657 6213
-1473 -5818
-8435 6535
-6051 -266
-1576 5484
8159 1371
-7709 4137
-4165 -1549
-3666 2138
-6714 831
4972 9462
-5589 6672
6457 6654
-1324 -2118
6701 -7058
9155 -1519
6384 1078
-2387 -2319
7415 7950
7154 5283
374 -440
-6304 9033
1204 2665
-1476 -468
-5917 7538
7000 5531
2202 -7225
9430 -4869
6734 2379
5322 1826
-9693 3435
-5488 8197
-4122 6691
8361 5846
1129 -2987
6573 9235
-8013 -8498
7889 -9731
3522 3192
729 -3588
-4337 7605
-9621 1449
6581 -8414
3965 -6471
9077 3314
469 3007
1204 9384
9795 4982
827 -9198
-2185 -8124
-5169 -4324
900 -1891
2099 -3181
-9990 -1212
8921 -4380
-3055 4460
-370 -5417
-3831 1045
8296 -3790
-6756 -6145
6862 7372
-9525 3714
2416 1786
2588 -6010
-4134 -3037
2640 -5876
5954 698
-8763 -6461
6048 -1948
7393 -8753
9428 8689
-6729 -1942
9103 -943
8988 3162
-9263 -8882
8490 -4047
9667 -8681
3106 -7315
-3324 5803
-7235 -586
7259 6263
681 9126
-3615 3212
-5016 1918
6886 -3847
-5159 -7624
434 -9966
-909 1834
-1284 3258
8097 1800
7753 -547
772 6587
-7008 7419
6942 -2402
-9267 3389
3373 9707
-7447 -8288
8646 -5947
9693 2659
8813 -6371
-273 -9702
-9668 -6347
9208 -6119
7139 -576
-8777 -2077
-8904 5236
5543 -7304
-9886 5590
-6813 -7745
5645 -9224
-5797 -2359
3075 -983
6791 -3244
-6864 1720
9070 6483
-9498 -8052
-678 -1204
2678 -9166
3979 -1470
-9827 3537
2493 8923
-8382 -8730
6860 -1965
4012 -4547
-3771 -6233
5130 -344
-7607 433
-9091 -1796
-6356 9184
9388 -5955
-286 -7287
1510 -6390
-5556 9037
1287 -5813
7724 8424
-8934 1460
6451 3938
-4307 -7315
1859 3310
-9202 9705
3081 8089
2242 5928
-2148 5474
8379 6872
-9083 1496
4209 -8514
-4904 631
3388 -561
3626 3261
5405 -5326
9856 5071
-992 6472
-7123 6306
3337 4701
8127 4736
6545 7856
7504 1207
402 2507
-621 -4645
-9429 2501
3987 4017
-5353 8501
-2060 -7197
6064 8036
-3570 -4714
-5923 5190
1661 6
33 6806
5228 8259
6715 -6631
-5055 3354
-5440 6981
-513 -7552
1524 8683
1183 -7414
6603 5816
4316 -4831
1693 -8750
-6994 -4024
1263 1478
-3333 3157
-6837 5340
2146 -7952
-9694 3196
