2000
-6737 -3809
-2326 -9673
-345 2880
-9082 -8719
9588 7095
-5021 2888
-9771 -2332
5797 -8187
389 2012
4476 -9080
-9347 4190
-8447 5986
-3146 8634
6767 9097
3110 -4289
5624 6480
6807 6373
2973 -2982
-1700 183
-2723 7612
4220 1608
9276 2257
7791 4450
-3539 5072
9713 -1821
-3910 -9064
6923 -5914
-7280 1364
4181 -2503
3208 -6793
9688 -2710
-2616 -1169
5850 -9786
397 -5923
-8311 -2130
9478 7675
3652 5909
4079 -7527
7546 1442
-6659 -5739
-4803 7258
-4935 3152
-5485 -4160
7058 -2215
992 8697
-293 3987
-3462 4400
4615 7091
-8832 -7613
3978 -1268
-3594 -7143
-7514 3455
5929 -6222
5220 6566
-9174 7195
8173 -7718
5434 -256
9306 -6763
4743 9950
-7634 6363
4070 -4265
-6145 5794
2885 -9392
-7005 -7810
923 7774
-5649 -9306
4149 -8951
-5172 -3163
-6598 3798
992 -6232
-3950 -2051
7694 -835
6123 -8516
-4846 -9281
-9198 866
-9679 1241
-2966 4873
5481 -5824
-3633 9919
-8588 -7804
-7110 -8990
-7941 -4237
6322 -9240
4558 -3113
656 -6556
1394 -729
-7844 -9574
-8090 2808
3527 8279
-856 785
-7975 4329
-799 3186
7363 -940
2699 -5319
599 -2550
-1540 7833
-6405 3489
4249 519
-8873 9917
-6639 2528
-8202 5504
5930 8476
1283 -6046
-7768 -8439
6067 -1470
-7142 5098
-1717 8093
873 5781
-5818 -634
-9464 -2708
-4876 4781
-1730 2717
-3043 -1280
2357 -3761
8767 -1916
-2692 9439
7914 -9436
-1761 -6763
-1481 2917
-8554 4193
3011 -5414
-3601 -1974
-6194 -8707
4381 7272
-1716 -2012
-3510 8638
1355 3409
-4151 8481
-5281 8312
-3605 8206
-8635 -2793
1492 3703
-9340 -7001
5917 9732
7645 2901
-8793 -8917
-891 655
5669 1327
2319 6636
-1655 49
2408 -9398
4011 4835
3315 -6238
-7927 9860
-8214 -8246
-1039 2189
-388 -6849
-129 -5826
-6095 3993
614 -492
592 -8451
5925 1821
-6853 -6579
-9943 1593
-8358 5466
6069 2123
-3043 4050
-8468 3800
3660 -6008
-4254 -2674
9515 9167
-3962 8429
-7398 2847
-3161 5909
-4583 -3493
1777 7454
2995 6009
-6850 -2299
9294 6143
5329 -3072
9051 -5344
-7574 5118
-1082 -3993
3720 -2321
5005 -3702
-4536 9467
7895 8240
1086 1502
1131 -9504
724 -8354
9100 6548
6277 -7500
3922 2094
1957 9428
-3645 6936
-4687 1007
-3876 -873
8855 1460
9140 8763
-4940 2575
2041 4144
2384 4245
-4254 3656
4152 -2810
-1164 -9402
7146 -1404
4817 -2065
-6250 3423
6571 -1262
-606 9428
4155 -7075
5773 4707
-3833 -9721
9042 4628
-2798 -973
-3109 -2177
-7933 -7037
6619 9275
-3535 1535
2133 4491
-6914 9022
678 -722
-3579 7903
361 8149
7576 -7009
-362 9755
8183 5452
5731 -4590
-9963 -5651
7097 8493
-3685 960
3923 -6013
-3017 2104
-6362 4262
-1248 7169
6190 9492
-1231 5559
3461 -3133
-4985 8912
-8098 -6179
-2703 -3688
-8237 1540
-9329 -4521
3549 -8786
-6573 -9292
1669 645
4632 3464
-4433 -688
-2705 -8386
8783 2926
2417 6047
1606 8694
-4440 -5094
-6183 -1213
6330 4297
-9392 -559
-5299 -6374
-895 -3908
1027 -4628
-198 -7347
3298 4454
-2083 -8530
4503 1650
3265 7205
130 -8203
-8435 5768
4461 -3733
4895 6892
-4322 -6258
8039 -7568
1873 -4272
-646 -7633
-1541 -9705
-4333 8459
-5168 9486
7660 5469
-9341 -8150
3501 -702
-3498 8884
-9320 486
-26 -9647
-3380 -4034
-7143 -5565
1898 -4765
-2332 2257
7985 -64
2303 9541
-6444 1060
3239 -5518
-2312 -776
-5308 8072
9922 -932
8366 -927
-2044 7143
-2372 -5132
-1058 2357
8324 7603
-4242 9283
-5482 -8820
7158 7656
1312 2186
5447 8864
-77 -2665
1817 9004
-1773 -6839
-8768 -6775
2293 6640
-4288 -5125
-7983 659
9248 7389
-254 3367
969 -1811
-2529 -1931
2970 -9553
-8177 1989
-2105 128
-1009 3135
-5810 -6658
-3934 -7366
-4205 9728
-7048 4293
4653 749
5624 8966
3345 -5914
-8526 -8639
4728 2592
-5499 4941
-6991 -4304
-136 5694
-2318 5980
-172 1687
-1458 9299
-7360 -7461
-4827 2732
2459 -1294
-3281 4689
-4563 9132
8098 -4908
-822 -8940
-7578 1442
-2245 4374
-686 -9130
288 2256
1670 6045
5745 -9849
5560 9353
-7629 -4428
1832 -5899
-9446 -1268
-8842 -9275
5414 3013
5866 -2123
6690 -9149
-4368 3963
-875 -411
-6038 1775
2646 6880
2857 6997
3041 -7067
-6916 -5474
-2401 2506
-8202 8644
-3534 3691
-7578 3630
4355 -2980
-6247 -6420
5178 -231
4341 9619
7302 1868
-8544 9973
5469 148
748 -861
-3865 -1886
1047 -6396
1852 -7103
9124 7852
-9784 -6829
6863 -9078
8273 403
7423 9285
-7135 2628
-3883 -5104
-1764 8043
3631 -5822
-2129 -742
9406 5087
-5775 -6661
1453 154
7479 4082
-9301 -3780
-5928 3051
6223 9823
-9256 -1991
8412 6806
6090 9018
5366 9555
-1829 -7325
-5561 -4797
3102 6407
-4335 8070
6878 -9028
-5688 -1209
8945 -5177
8905 5765
-8015 6424
-526 -6676
-6853 -222
-8493 -583
-3778 -2388
350 -6361
-6807 -3967
-1292 -564
8360 1364
1492 6868
8659 1461
2434 7157
-4053 5536
-9642 6746
6231 -1387
-1243 -7016
-3692 8216
1714 -8049
1369 3176
-9212 6942
-9420 -8689
-2656 4859
-5705 -6227
8859 9774
-9639 -7346
4116 350
1227 9020
4555 -3451
-2985 -9106
3228 8635
-8382 -6755
-4818 -8016
-2343 1647
-5177 -9384
7559 -7254
-5943 -4389
-9531 8139
-4367 5123
8617 -1515
1140 -1788
-7718 8978
7998 -1024
9246 3509
8124 6273
4907 -3740
3226 1352
7057 6525
-1828 8408
9025 -5287
-2541 6716
-3953 6583
8442 5238
360 237
8723 -2205
6007 -1024
-2047 3583
-7442 -7991
9239 -329
-4056 -8197
1784 7363
2435 -9150
-8904 -4991
-2862 3212
-8354 2989
-296 -3838
-3535 -895
-1937 5751
-4013 -1373
6423 8423
1119 -5291
-7988 6150
8160 9073
-1257 -5430
94 7398
8481 8408
9259 -4402
608 915
-2152 -9646
7064 7746
-2372 -506
8599 -3233
-3762 4093
-3560 -3338
-1195 2225
-9345 -7138
-7267 9925
-7283 -7333
959 -9108
-7990 5181
3589 -8948
372 -9509
5127 2847
6922 -5300
-7555 -7026
2468 3985
-5528 3794
1607 4788
-4830 710
-3345 8047
-9091 3975
7620 1031
7420 -6358
-1745 -9664
9239 -1622
3151 265
756 2827
-606 -6478
-1778 -4117
2578 -3685
-5980 4388
1902 -4954
9834 2213
-7078 -6492
-8445 -1276
-3581 3298
-5671 -3815
3548 -5961
-1904 -8252
3847 -4477
5788 -2666
-6119 -3003
4241 265
9869 3275
-6690 -7538
-9429 2446
-8788 1051
-6737 2473
5982 -5234
3490 -94
-6796 -8743
1163 9910
-2331 -2467
3002 -5290
3954 5765
-3180 -3152
7566 -259
-6274 701
-2303 1806
7990 -2685
-6518 1007
-4221 -7719
4754 -5306
3182 -958
8949 4456
9434 -3329
301 -4127
7127 596
9027 7970
7456 128
-9304 2980
-3558 -5725
8697 8262
3789 3889
-8796 -3607
-8879 5499
7780 -5314
3101 -3100
9663 2533
710 -3718
6675 -7669
-1796 143
-5540 -3025
-1334 -4670
9179 -2793
-9813 -3879
4117 9875
-8143 350
-5762 2813
9207 5646
1144 -837
3849 -9673
948 2644
-4824 -3050
6953 610
2942 9607
3471 3627
-5677 -5134
197 7931
-1142 2989
-7170 3096
2971 -955
-6885 6947
-241 8549
7915 -2646
-9763 2686
6734 2779
-4578 4087
-5243 1402
-7988 4319
3926 -4570
9058 8675
-2739 -2604
-953 -6620
-9911 7458
554 7905
671 -7081
-6414 -2755
-4207 3786
-5140 7066
-248 -6293
6486 -4902
-7095 206
-8392 -4372
9947 1383
6813 -2659
-264 3872
-5012 5870
-7030 6997
8176 7756
5661 -3220
-301 2450
-6585 52
-2442 7006
4072 2929
-9644 6140
-5042 -2456
-8530 -9438
-3810 1584
-7034 -6922
4140 -3864
-9992 9779
9370 -6125
-5407 -1283
-3527 -3940
2841 -3511
8939 -4146
5906 -3740
-6734 -7647
5282 -2816
-6677 7338
-1398 9359
9921 2002
-6415 72
3151 -3890
2246 -3449
51 1011
8608 5975
-5308 -580
9201 -3079
3410 1165
7019 2041
8302 2348
8422 6645
-6172 -4712
-7375 7424
6782 873
-7126 1227
-8702 6702
-7189 -3540
6732 8170
2902 5057
1032 -3218
9923 1509
8430 9445
609 9124
4885 1839
-2093 1348
-2008 6907
-7806 49
-2528 5541
134 -5181
9767 -2026
-5325 3009
-6811 -5214
-3324 1207
-16 -6359
424 9578
4807 -5264
-5820 4067
6911 6957
2516 8510
-143 1796
-1298 -5857
4192 -8431
-9169 4618
-6843 -4616
3358 965
-2306 -7076
1431 -8247
2960 4604
8246 -8173
-4874 -3335
1401 -1331
-3544 9933
-9390 9303
7812 -6633
8884 6847
-9010 1390
2959 1306
-4077 8903
-5713 7511
-1524 -919
5726 -8635
-6881 9891
4495 -2844
-1017 9800
185 6461
-4871 7830
7763 -8414
-5391 5306
8673 -7907
8940 -7580
7531 7556
-1138 -6350
-7447 4211
1721 8506
-2414 561
1926 -6083
-2471 -6689
4188 8766
8566 -7977
8484 -3108
-5279 -1250
4057 -2667
-3641 -3796
-1703 -7614
-5193 -4968
-3692 958
4608 -3942
-9732 8891
7397 -9119
1442 5711
9628 -5018
2015 -6632
-4146 -2844
2900 -3798
3094 -1860
-9389 5104
-3843 -8464
-2260 4668
7055 2517
-8731 9759
716 -4418
5361 -2423
189 -956
3647 5630
1340 -2415
6288 -4912
2177 4688
-4435 -1698
8226 8032
-3829 -7815
7290 5040
6576 -3218
-4829 -2833
9684 -5684
-5926 -4054
5249 -9048
2251 8511
1275 4330
-41 -7561
3745 -5079
10 -4981
-6572 32
-7945 -4093
-2341 -1007
1178 -9720
9041 7552
-1946 2188
9356 5617
-6347 3225
-7109 -7241
-2567 -2273
-42 -8140
6191 -6596
-436 -8768
-3846 -130
8611 -6692
7061 9885
-4209 -7962
4752 -7164
-3163 7172
4723 -4071
-8162 -4122
-8506 -7224
9723 -5086
-2327 -4853
6595 -3666
-1805 8827
-7770 -3448
1505 -1894
7976 5515
8823 7659
-8737 6586
-7656 9605
-7560 -2945
-5774 7096
-6975 -722
8877 -7331
-4555 -1416
3498 -9630
-762 -4833
1502 -5109
-2561 -447
9826 -6583
1523 -331
-4816 1330
2710 3219
3526 -2273
1052 3973
-5252 5870
2966 3493
-3509 -1026
1643 9712
-1705 -4633
-542 -9191
-303 -4487
4125 -7584
1969 -8802
-1664 -8437
4954 1794
-3156 -6421
6799 -6142
5306 9554
3527 324
-86 -3642
9851 8275
970 -7121
-7410 62
9150 -3667
-2858 4606
-9882 -1393
4744 -9440
-8242 7965
9528 -3288
-7774 3816
7395 4481
-7941 2791
2345 7914
1958 7366
-6277 -408
-2134 -8128
-5249 -2706
7356 -7444
-1110 1063
-4332 6505
-1168 9753
-9688 -492
-2528 -6425
4008 -4208
-6672 720
-4799 6234
2745 -9278
-7643 -2740
-1654 -4911
4681 4315
9908 2069
9363 -3732
-1176 -1620
9443 6718
6943 -8566
-5092 -1169
-7941 -4226
-651 -1059
8454 3252
-6028 -6644
-6690 -8219
-3775 2894
-6126 6056
-5135 -1418
-3383 2221
-5711 -6733
-465 246
8626 -6348
-5910 -7921
-2765 -8212
4340 -5246
528 5864
-5196 6400
-349 -6402
675 -6742
-1240 7344
237 7707
7483 4985
-2713 4112
-3668 -7653
-4386 7626
-2129 4342
7994 8870
-5330 217
2005 -4195
559 5626
1489 65
-3536 -5193
-1595 -9987
-3008 9837
7180 -7199
-9493 5753
4458 1138
-4751 7990
-9664 -4534
-3188 5302
-357 -328
2262 4683
-1380 1358
-9117 -9348
6278 -5655
4410 1442
9970 1487
1501 -5405
-5569 2096
4897 -7787
7966 -4669
6469 5404
3393 6145
-4669 -4562
-5540 7450
842 2143
-3175 4104
-818 -6896
-6244 9166
-6490 65
-4773 -6245
5242 7920
-7486 -4804
7292 -3258
-1044 666
5998 2188
-2409 642
507 6187
-4654 -5296
-4125 5838
-2020 -194
-6091 6717
-6459 8526
7691 3091
-3124 1019
4774 -8800
9121 2103
7300 15
-9522 -4645
6022 8312
500 3155
-2483 5740
1926 -8189
237 -8255
7583 -9008
799 6112
6549 -716
-2191 8429
5241 -6189
4830 -779
421 -7884
4220 3324
-2941 3262
-7662 1519
-170 -2463
-5588 8360
4099 -5950
-417 5651
7396 -255
738 9820
9652 8699
-2018 -4743
-6315 9921
-6269 5792
-1267 8926
-8958 8561
1884 9154
6137 8983
4222 8944
201 8475
-9446 -2228
1823 8335
3985 4653
-1882 -4874
-5055 5101
3799 -7424
1554 -1683
-1763 -8219
-8707 5240
7886 1969
4250 26
2900 -7352
-8370 -3866
-1202 2757
1231 9573
-2655 -7281
-5226 1785
158 -7112
-1986 -7521
7580 -8003
-5427 6680
-5004 5100
-9399 6128
5088 3233
-1078 -8106
5641 6694
-6937 -6828
3027 2261
-4982 -1586
-2013 -4455
-1736 9970
1755 5332
8220 3039
5518 -4367
-2370 -46
-3367 6819
1918 5925
5773 5350
2303 2519
8134 4581
1274 -8775
-1882 7495
-245 4337
-3528 -8856
-3311 8494
8464 4459
3511 8674
5433 3939
9572 5451
-4596 4672
1490 -2798
-3153 2037
-2614 -2872
9647 -7381
7200 -6591
-5366 7780
8995 2194
252 2752
7617 -1251
964 6724
1182 -1974
-3300 -573
-6635 -1587
-6137 -4147
-9476 -7064
3859 -733
-4976 5735
-7138 -5574
-2955 6131
9540 -3771
-2271 -2035
-9841 -2105
-9354 -3277
9194 411
-2866 -8016
10 157
9584 -7964
449 -9570
-3716 -3331
3326 4312
-2701 529
-15 906
5332 6044
2174 2847
-7203 -7623
342 5434
-6672 526
7250 4222
-5368 -2304
3401 -9837
320 5487
7523 -6590
-2438 -97
-9708 -2029
-3997 7567
-1905 3618
-5477 3302
-655 -8200
8369 9856
-4047 -4761
-5606 -8835
1691 -9985
4238 1443
-7141 2661
2824 8870
8078 6260
9671 -3136
-9513 5600
-2708 953
-1481 -9221
4398 3295
318 -9666
-7865 8921
-7504 -6617
2344 -9497
-8332 -1551
2186 6738
-1820 7080
-259 -3577
-987 1040
1020 -3715
3150 -2910
-3589 690
-4637 3637
8138 3703
-3003 3882
4217 2535
5176 -8965
-5581 6352
-9425 -8607
3563 -9517
7221 -7757
9323 -4252
2171 -879
-6119 2784
-7210 -5095
5716 4902
-688 9661
7018 -7874
5829 4676
-1443 5155
-2311 -3453
-2418 -3506
-3434 -3414
-2021 5722
6205 -2859
3105 -8459
-2710 3425
-3733 6149
2653 -6819
1807 148
-1230 5443
5103 -2477
-351 8083
2758 5842
996 -4522
5746 -4965
5251 -7594
-1008 -6673
9050 -8184
-1042 -9309
-7768 8975
2400 -4217
-8069 3243
-9855 -7613
6256 4585
27 1952
-6805 -4974
-6892 -1149
-5308 2845
-7957 9587
-1658 9409
-8186 7789
-5164 -6408
-870 4527
5218 -6115
-3419 -8192
-2409 -8829
4414 -7299
-4912 -477
-5893 8280
3953 -8657
-3631 7855
426 7148
-8 3198
6505 8839
8248 5756
3544 -5153
2160 -9939
4589 8381
-4014 -8711
-3182 3527
4698 2567
5268 4410
-6068 2833
1112 -5924
-4580 -1961
-386 -1215
-4067 5510
2429 -9960
8879 9646
5402 2654
-8779 7126
-9092 2666
4767 3382
8392 9218
2744 -5526
-9239 -4790
9620 1163
-6005 9751
-6174 -2728
9032 8828
-2387 2967
2198 -1355
2406 3546
6912 -1653
-9000 1285
2131 2313
-1300 -7778
9325 6760
5977 -6534
1661 7716
-3354 2442
-6396 2423
2173 -14
7258 -2401
147 9720
6408 -9991
-1345 7760
5026 -1395
6952 -5219
6066 1938
-5750 -8328
-6106 -1803
-5044 6671
-9863 -6782
-5345 -5346
7096 5519
-2059 1301
-4992 -5580
5740 -6166
-2725 -4014
-4004 -4114
-2633 -6318
6008 8372
-6848 -7608
4330 6680
8352 -7061
4857 -7699
8972 -7754
-815 -6467
-1813 -7171
8349 3840
-1138 -997
7144 10
7566 7591
-6424 2883
-7510 -5160
2243 3293
1664 -143
2249 -1750
-1350 8538
-8524 -3421
-1120 -2999
2968 -9947
-6414 1572
4402 -7847
9714 5495
-5503 6471
-3520 2296
-114 -4638
8245 -5955
2606 3463
476 -9266
4312 -1431
-9461 -7860
-5602 -3439
6861 -811
6191 -405
-352 -539
-8968 2879
5032 6955
2449 9155
5625 8467
762 -9333
-3971 -7895
-129 -9352
7832 -2006
2450 -3802
4767 -1693
4168 -3239
7043 5307
-5505 8566
1881 3903
-2916 -5594
7286 -4751
-7796 -1883
-2729 6038
4504 8374
9041 -7104
-1278 -1013
-365 -1210
6785 -7687
-1489 1187
9494 2955
9716 -6722
-7695 3662
5948 6759
4382 -3200
4928 -2171
6799 -8534
3304 2213
1971 -7277
-8903 -9426
-2809 196
9183 -6142
2649 5913
8227 2538
-6276 3154
-3892 458
7457 -3062
-9401 -456
23 9762
-3438 -9732
1818 -5595
-408 -4790
-8857 -1384
1340 -7105
-2810 3114
-6691 2437
6295 4382
4015 -3788
-7530 2664
-4183 5962
141 -3806
6854 5646
-4810 -2403
-2641 7453
7721 5213
-6662 7642
-7149 3259
-8125 2930
9546 -6006
-9172 6936
3093 -3264
-5162 -2141
4071 -613
-4228 -7427
-7744 -9738
177 5310
956 2397
9994 -2970
-5517 9867
5079 1073
-1286 -4076
9184 -7862
8789 1565
9280 -5221
-8286 8335
-1209 -9892
-2033 4807
-2086 7350
-6357 -4242
-3980 3686
2717 -380
-7984 6198
-6773 -6328
-6462 -4269
6804 1431
-8924 -7663
-5525 -761
-5476 -9741
-1241 -6736
-4681 -6196
-2367 473
-1000 4110
5180 5600
-4922 6914
4321 8823
-1557 1099
1017 -2963
4430 4180
-6369 4244
-604 -8312
-5975 -5844
3395 472
4452 -1499
5486 7919
-4557 -6790
7404 -9196
8635 3076
2396 -3597
-2963 7535
6357 7475
2294 -8643
2115 -1480
-3579 -6690
-8726 -3456
-1768 52
4208 4391
-5138 5979
-5521 1323
2963 -6966
-3756 -6315
-1790 8406
5203 -6353
3771 -3156
-1901 -2402
-1207 -9192
-7835 -5545
6697 -8914
-1883 8002
-5455 -6883
6890 3113
1224 6499
2477 4819
-3859 6087
-7159 -9324
-1918 9104
-8770 -914
6454 6292
-3144 6433
-5970 3946
4754 4955
-6870 6545
-8649 -9361
8641 9827
-3336 3190
23 -3093
-6595 -2725
-7907 -8754
7333 9603
-6001 -1766
1059 -9826
2981 2081
-1628 2289
-1279 3155
-2900 5228
3903 6472
6737 -8147
-3786 7033
-9420 8089
1278 -5146
5482 965
8240 -8700
-7454 8887
-7791 -9668
2288 -6400
-2505 -3792
8289 -2933
9356 -5804
7351 381
-671 1797
1989 -1828
25 -6769
-6015 -1274
535 9960
-5186 -5435
9251 -8188
-3167 -9705
-7097 7491
-8457 3100
-9580 -1167
5042 7552
-5382 1636
5832 7051
-2568 -2306
9491 6904
-4925 6761
-6287 1480
-6074 8821
-7499 -2302
5984 4461
9994 -2685
1331 5234
6445 -3174
-6354 7955
-3212 -8291
9261 -2212
9424 -8171
8880 -2400
5294 8977
9601 32
-3207 4785
-15 -5325
-2784 506
8204 3911
-1629 -283
-9248 7908
3141 -1636
8911 2084
38 3307
5016 -3723
4065 -9454
-7625 7997
-4404 3489
6186 -5024
5008 -5389
-6884 5786
-9540 -8200
6027 3101
732 1397
-5165 7951
5858 -7177
4908 -692
-4888 -1001
-3974 7539
-6185 8872
9418 -8959
-7242 7881
5090 -8207
490 2076
6687 1275
-2940 -4503
1019 -6477
6624 1241
-3642 -2955
-5004 1076
7620 4914
-5778 -5426
7294 2527
3786 -666
-1795 -6681
-1919 7601
9202 1344
6858 840
-3364 4291
-714 -2653
6565 -2957
566 6346
-2414 -2417
8350 910
-8015 7666
2579 -2934
1640 -6675
5852 6801
-144 -1066
5974 -363
958 -8219
3125 -5945
8616 160
-1829 -18
-8951 -4749
6015 7458
7524 7615
-4803 -3420
7490 -4890
-3504 -2733
4333 -6805
-3480 9075
9597 -4027
8628 -3908
9450 -548
1233 4601
-7624 4128
-5713 -1921
8061 -9009
-37 6180
3637 -7169
-9555 -4023
6278 1160
9991 -637
6631 3767
-9318 -3514
-718 963
-9344 923
7015 -1122
8330 9284
7606 -9816
4313 3283
-8639 9982
-5306 -7680
8500 -6857
-4026 4657
-5645 5857
738 -3581
9503 -9368
8121 4449
-5344 6133
-2904 -7477
3447 3938
-3464 1473
757 461
4367 -1414
-8132 2083
2064 -1321
4720 -3049
94 -9522
5136 3220
2797 9789
-3793 -6789
-2436 -6466
-8296 -4291
-4437 -4316
-1792 -3640
-5982 2659
-5869 -4625
9557 554
9140 8609
4412 3923
-3678 -8993
-2042 197
675 -8958
7983 -8228
-8440 -469
2742 779
8035 1488
-9082 -5973
-289 9739
-181 -3519
-7140 -8361
735 3837
-5610 712
3042 292
-5786 -6471
-1743 -2547
7650 4258
5300 9937
-4571 -1675
-8424 3282
-2219 -3010
-7802 4319
8346 -464
-726 -6884
3318 1777
7138 9093
6650 6178
611 -2128
8164 -8961
-1711 -6348
1105 -3901
-9644 -9733
-6076 -1245
-9200 9377
6379 -647
-9937 -7624
-9585 -5841
3696 -7738
-901 -7519
7980 -3310
-496 -3862
-3964 8838
-3291 -3847
914 6647
-9702 -1406
8414 9203
-6810 1404
-6121 -7510
-8134 -2886
-9812 -1600
4497 8245
-3876 -9749
-3766 4913
-8886 9820
-3490 9055
-4808 9094
7931 9735
-4113 1228
1596 -1639
-9325 6801
6004 1894
-2982 -7191
-4701 -7086
29 4618
-6983 886
-870 217
4189 7515
6148 8975
8795 -5856
-6802 -9018
-9924 -975
-1241 2111
-2941 -8273
3809 4646
5168 8655
549 4484
7293 4892
7806 -8713
5906 -3688
7198 -2166
-8229 -7357
-9843 48
-977 9682
-6175 -9975
-8992 -2183
-9438 -2977
-7146 -5195
253 -679
-2313 -87
-1432 -5938
-7734 -7146
7746 -7163
-5876 -6720
-408 9273
827 -9971
-7327 511
-9442 2599
2280 -3449
298 -419
-8882 6105
-3152 5027
9832 -8320
4722 -298
9615 3805
-8413 -3870
2705 1903
4740 -6146
855 4172
3444 8865
-7386 -5833
4678 -5730
-9411 -4713
5560 8958
-1462 2869
2694 -4143
-9117 3378
8779 -6738
2964 -5565
8240 7222
-6649 6300
-1798 9828
-2598 9777
3948 -7058
-4473 -8023
-3856 1112
9104 -1859
7150 -5457
-6500 9693
6283 2709
-7714 5759
-864 2697
5960 -6831
1325 1636
-1143 2644
-1057 -436
3112 5929
5705 -9134
-2471 -5766
-3789 3374
-5515 3056
-5083 6077
-9381 -2691
-2998 -7934
4775 -2160
-6402 -2995
9702 -9219
-6050 6456
-1909 9382
2026 8996
2281 -9332
6597 -5311
-4445 -4608
-373 6022
3116 3084
-140 9559
5635 -8678
-1369 4778
6844 9975
-2186 9354
-3642 5340
6121 1413
1589 -219
-838 -6208
-7213 -6600
-2211 -8813
-402 5068
-5819 -5615
-5873 5153
1958 7529
7087 7244
8566 -8183
6595 6443
6417 -2804
-3450 3439
-1222 -5769
9365 6629
-3591 -1381
2411 4674
8074 5572
-9521 5199
3987 -4138
3968 3798
-1049 8168
5696 -8185
9059 -9092
-3554 2783
2946 -8656
-1459 -6959
-9800 -638
3593 8812
5440 2699
-8683 6678
1351 -4430
-5138 3729
2648 3145
9007 -938
-7140 355
-1477 6695
8511 1811
6440 -5782
-9279 -8711
-7366 -7115
-353 3667
-3250 4896
3707 -153
-7455 -5937
-9259 2867
-7843 -2416
-8688 5813
-1042 -2981
6082 7681
-1965 1685
-1620 -7338
8194 -9722
-1782 611
1900 8354
-8762 2660
48 4534
-571 4607
-5547 6798
-9140 -3144
9724 720
8304 -4678
-8865 -4399
2621 -6664
-8984 93
-8223 2423
8806 2772
6772 157
-5512 6999
5352 -5011
-8631 6389
922 -9690
4917 1417
-1786 -5928
928 9371
3811 2796
8118 4372
9974 2114
5450 9253
-655 6315
2458 -9814
6679 1123
-5000 1263
-1739 3450
-7841 -511
-4123 -6388
-2357 -6471
4946 -9481
-5409 -7440
-4349 -3119
9677 9241
3612 9462
1575 7794
7047 7306
3620 -2976
931 112
-5045 -202
-8940 -2391
-5220 -44
-6835 -679
6654 -3061
4189 2763
3282 -5703
-3143 2856
9737 -8406
-5445 6229
5690 -6867
-5353 8167
9194 985
8009 -8307
5527 6534
-3668 2660
-9732 -9519
4158 -2608
-9566 -4952
5709 7323
85 7088
-4895 -103
-7248 -2912
2403 5683
1911 -3791
-658 6958
8845 -2400
8585 3990
9404 8038
8293 -9687
2973 4930
9133 -5376
5737 6963
-4269 3290
613 6171
3259 -8561
1337 -5582
5227 -7916
7768 7810
-5981 -2371
-1693 -322
-9001 7082
4792 -2848
-1090 -6696
-2661 4196
2846 -2798
1826 -5968
-9006 1978
-1011 -2437
-2546 -3274
1886 -6678
-2260 -5567
-3482 -6778
-5247 -7033
4317 -5715
7684 2493
-426 -7376
-224 -7597
-4292 -5634
-7718 -7594
-391 6768
-9201 5128
827 -4845
6439 -4485
5962 9816
-3142 -6107
-1674 -2153
1070 4598
-8715 4844
-7151 9544
2036 9324
-4332 -5746
-3343 -8391
-304 9165
-8430 2365
-868 1978
827 4900
-9945 3653
9168 -8347
-4811 -9786
-5893 5129
-7025 2047
365 6155
4719 7766
-8971 5372
8416 -8711
-4457 3065
4675 -5917
-6753 2200
-1714 -5630
-9931 -5183
9718 7418
4791 896
2549 -6507
-6293 7679
6528 -8542
7226 1536
1411 -6776
-9011 1311
403 -3871
-2582 -4260
8805 -1182
2901 2961
-4839 7200
-4709 9869
-1593 3447
4585 -4640
6256 1845
5338 3097
775 2525
3983 -7235
8022 -2697
527 4929
-3761 -568
5562 5237
-9024 6643
-819 -3300
9662 -6498
-9299 -4197
-4329 -1457
-4290 -4008
1352 4078
-357 -5985
7112 1328
-6148 -1299
1467 1608
-7369 -8445
6484 3209
-7359 3158
2115 -7277
-6914 -8077
-1377 6813
-9686 2267
8070 -1716
-9453 -8985
-2992 -2538
-4740 -22
3994 -7920
3409 4904
-6396 4826
154 7261
8817 8792
2001 2785
-4058 5300
-8257 4642
6565 -8222
8591 -1450
-9183 -1092
-9087 8905
9920 -7393
3790 -8540
1439 648
2729 9051
3954 -847
-2301 -3863
-2882 -8722
-9930 7854
638 -345
-1324 5792
4154 -9699
-7921 419
-7310 4439
-6654 -9331
9574 -2772
-165 -5741
-4280 -6787
7583 -6375
-3604 -9121
3753 311
-9832 -9651
-4652 -8549
9305 1007
-9338 -861
-5070 -57
244 -662
-6523 9084
3522 6044
6713 -3833
3395 -9411
-5152 -9994
-3060 -3049
4297 4289
8889 -5478
8554 -9308
-5238 2641
4093 -7558
3450 3831
