2000
-7038 -6489
3342 1641
1028 3217
8669 -8677
-45 530
9162 -3001
-9659 3835
-152 3083
-232 -6690
-4522 4268
-2604 4266
-1192 -819
-8079 -1251
-14 1344
-7978 -9107
-5596 8555
3916 -5016
8201 -8533
-7210 -1336
-7085 6869
-6132 6466
4021 -7924
8880 -2070
1240 -6132
-8144 2368
-3367 6719
-380 2973
-8278 9163
506 1541
6155 5429
7704 2528
7513 -5720
-4253 1619
-9718 5713
6303 2258
-1277 -6803
-1005 -6109
1821 -3536
332 1595
-6037 -3219
-2780 5910
2603 4317
3479 6840
2101 4325
3474 -2295
-9767 -1744
2536 4898
-3484 -8534
-9101 8283
540 520
7438 -9078
-5187 -7017
3168 153
-8252 -9646
-2864 -6501
-6871 -4289
-9973 4356
1196 5733
3778 7228
-5068 -2983
5273 -2748
-7851 -1114
4073 1529
3532 2387
-3373 4973
5895 -2208
775 -5936
4218 -5571
-5217 -2337
4884 5966
-4603 5640
-4 8013
3745 -855
93 -5088
1929 1244
8496 5026
-2368 923
-7549 -5635
-9528 -8295
-9602 5984
-6225 -2901
4885 -9987
-5558 8272
-4066 -898
-1212 2947
-1414 -9183
-7449 7906
-2950 -7698
-2786 -9984
1260 -9136
9611 -7136
3787 3476
-8438 -2758
-1053 9959
9663 -7966
2855 3066
3080 -2841
-849 -2261
-9439 -8758
4189 8806
-6656 -651
975 -3504
-1202 -4105
-4089 -8255
-7391 9734
-7403 -9108
4368 -7781
-538 -9896
-6217 5930
-8315 -7871
5196 -6554
4326 4540
-4001 1996
3238 -6524
-7719 -3440
5909 -2573
7644 -4375
5241 -3117
-1372 -3559
-105 -5127
-4235 4959
7178 2492
6317 -6147
9784 360
2490 -9900
-2733 -4811
-6551 1406
-6599 -8408
-1211 -552
6008 6639
-2214 1070
-9584 5637
-7481 -4571
5592 9378
-5750 4868
-174 -4514
-8301 15
7590 725
-8916 8016
-8164 7373
-3718 3574
-1300 -897
695 -269
9179 5822
2461 9484
4275 5186
822 -6033
-603 8412
7789 7062
5650 -1291
4195 -4240
9496 -803
9922 5894
3910 7085
8178 -8995
8301 5746
-1430 -5541
4190 721
-3457 -7015
-7531 7089
2274 -7276
-3309 -9536
8876 -3184
-2402 9809
-1483 -9616
-3856 -6752
6166 -7288
8606 -4360
-7276 6087
-9188 6236
5703 -5377
-918 -7167
7276 -5728
-2743 -6728
-5919 -6182
-3458 3447
7632 6356
-3108 3233
3042 -9773
-9388 4491
-8541 -8442
-2009 477
9838 7625
7432 318
-3447 -3717
906 -8036
-1481 -4024
3969 9988
-3020 -4206
-388 -5053
8394 1062
1138 9875
3107 9747
9974 -8250
9962 -131
5149 -9415
4784 -8580
-7235 -3140
7178 4621
-9097 -9804
-4118 -2548
3428 5530
5518 4401
-9806 1118
6065 -3782
7280 3527
3401 4458
4204 2138
3889 228
-6182 7899
-7796 3850
8992 -7313
-453 6988
5330 -8244
-4326 -3275
4177 9954
5484 5277
-323 1325
-7558 1001
-9061 3592
839 8507
6686 -8060
4078 -2040
-8092 4610
2508 1687
-742 -4274
2134 8434
5421 1970
7447 -8319
2127 750
704 -3159
-7883 -3697
-8652 -3813
-9092 5515
2827 -6209
-3982 -8153
-6213 -6335
5346 -3576
-5245 -8414
6994 7255
-3299 -9017
9417 -28
-8059 -7444
-5763 4838
-692 9389
-3771 6364
-3613 -6268
3640 -1653
-2418 -2265
5247 4548
-9884 -9591
-2205 -5014
5131 -2376
2931 -3138
-5884 9886
-9131 -75
9897 4538
7094 -9715
8844 -4441
-5053 -4949
-8586 -1848
1884 4897
-3036 1522
-7022 -4476
-6208 4547
8677 8225
-3069 -2371
5254 -3529
3333 -7938
-8053 1905
-4450 -8831
9429 -3463
-3177 -4553
1006 -9758
-4706 -613
7539 9674
4570 429
-8049 3144
-7612 -8466
9802 -5071
-3126 -99
7531 8478
-5052 7527
9589 6505
2130 -7998
-6829 -8465
-1927 7681
-3152 -3680
-3437 8617
-1997 -8426
-8753 1857
-3994 -737
-3873 9538
-5208 -2043
6607 2236
-7864 -5407
-3209 -2798
-5272 -6613
-6388 5461
7463 -1963
-428 5743
3423 -5646
675 -8635
-6298 -9730
-8156 7238
2815 5427
-5311 -3188
70 8821
499 4537
-3228 4863
-6824 826
-8252 -1092
6017 -32
-4572 -3524
4513 9629
9092 -3389
965 -2194
2892 6235
-9775 -4640
-3682 -9685
5742 -4210
2602 -7147
-8326 -5849
8688 -7328
-8745 5894
440 -4541
8088 -5569
4399 2189
-7615 7825
7454 -6453
158 6899
-1575 -9735
6501 -5156
204 -4963
-4648 6726
-3763 6523
9376 -5186
-1035 -7441
-4769 -5230
-5616 1373
-9448 207
4639 4825
-2987 8641
6465 2758
6306 -602
17 7639
7905 -3537
1307 8442
-2800 8126
8572 -4768
-4525 6273
-8913 -5192
-2632 -5150
3342 3773
-4854 6320
248 7726
2550 -4302
-1941 -5114
7644 -6717
2682 -5476
-4117 7670
-2146 -7302
-5139 -2492
-646 9161
-1887 2061
2054 -2074
6455 3588
-7841 3141
-3086 -2457
-2416 5501
6947 5781
-4801 7832
-3562 3218
6501 3259
-8497 -2198
-4528 -818
5602 1107
8616 7047
9928 -5817
9965 -2031
9616 -1959
-8372 2018
-4841 9792
1055 -6213
-6992 5794
5295 -7641
-6089 9956
6894 -9507
3752 349
-8128 3394
-3703 8976
83 1065
-1889 -4381
-198 -1302
-9613 -1962
6079 3487
-4496 -6276
-2764 -8572
-1064 4384
3898 -7989
-5629 1945
5621 -808
3407 -1718
-7648 2514
-372 -2842
-145 -2055
9010 5925
-8457 9938
2356 841
8879 5066
-1448 6464
-9813 8679
-6173 7778
2161 1144
3156 2763
-1572 -220
8972 7527
-471 -5952
-9718 2378
-6743 5602
-6454 -89
-444 3112
6770 -3724
7117 4821
-114 -875
-4412 9717
-7885 -7841
9937 -503
-9360 -4058
-7575 5818
-4403 3796
5043 854
8623 -5431
-9333 -5428
-6106 8906
2537 -2355
-9244 -2559
7438 -7908
6913 7526
371 4555
7992 520
2679 5960
-4544 -9894
-231 6336
2153 -183
-6387 2194
-6953 7751
-3960 -7624
-3052 -8330
-5704 -3293
4353 4564
-4275 6833
-7355 8830
-9924 -6838
-8563 -6721
3799 4168
127 9429
9535 198
-3467 9304
-879 3024
-4782 -7594
-9844 6455
8831 1986
7377 -3804
6625 -500
-5937 -8328
-7775 4698
7248 3509
6671 -5129
-1850 7324
1492 8109
-8743 -4331
9588 -4661
-1636 -5487
7537 -3880
-1474 -8795
7660 -7246
4741 2404
-7680 -9790
3431 5838
7511 -7335
7363 -8786
4723 9736
-1673 4611
5655 1394
3223 -9803
-4134 867
9928 4480
-7287 -826
5294 -1709
3217 -9750
-3275 -2459
-6335 4597
4807 -4814
-8976 -4015
-1349 -1762
3173 8535
-8010 -266
-1935 -2104
-6990 4039
4236 -6280
8308 6233
4433 -6177
2997 8235
246 7147
-8883 2012
-6727 -6538
8059 -2158
3029 -3062
6644 6587
-1455 4053
6308 -985
-7530 -8283
-387 8298
2336 535
4255 2623
2576 293
4116 6284
4518 730
1597 833
-7156 -5236
-1774 2714
-5724 -3883
6776 6
-3408 7305
5078 7141
-3845 5137
6854 1385
3404 -1375
-7119 -3533
-7190 -540
9753 -9144
7140 9108
-163 7589
-1578 1658
-9858 -4846
-8412 1266
-8896 -1632
-7906 -4136
-3110 7880
5020 -1314
-6178 -8033
7074 -5104
7242 -5603
864 477
9937 -9878
-9021 7395
6502 -6590
-9002 8119
3497 59
5213 -580
-5593 3639
-4272 6801
-3614 -4489
-2889 -2178
6509 3276
5243 -4148
748 -5949
-1552 6037
-3487 1710
1833 -6968
-9573 171
7302 6533
4651 -9351
4430 8300
1441 1869
-4493 -358
164 9569
-1200 1235
-7222 6550
3546 5911
-8238 -6993
779 2509
-1454 6231
-2059 9228
-4020 5059
-1050 -6506
-9974 128
778 -3749
-1728 8398
266 -4793
8570 -6567
-6999 9495
4450 2454
2724 1801
1432 7228
-6045 -3731
8779 6916
3146 4735
3962 -2676
-3897 -5193
-1699 -6338
3791 8775
-1254 2048
446 -1711
7217 7018
-9550 -5568
-6074 5786
1961 -2828
-7307 8377
5604 -5316
4675 4126
1041 9560
4294 3453
-5503 -2093
2715 1976
5638 4321
6816 -5264
6785 3149
-8563 -4438
-7421 951
5383 8654
8161 -3249
7644 9310
7686 3842
8526 -9663
4463 7010
-9711 6921
4094 -776
7131 8304
279 8591
6633 3566
8303 -362
-3493 3448
9010 8808
3479 -2055
319 -4690
2061 -1139
1891 2200
-238 3425
3762 -424
307 2009
-1071 -1776
7448 596
-1100 -6977
-4666 4579
1865 -7101
6258 -8034
9136 3888
2695 -7235
4431 8145
-2825 -106
8756 -1530
-5609 -7044
6382 4367
-6057 4153
-3839 143
-7912 7971
-1434 5091
-8166 9536
7835 -8814
-2193 -2832
2856 -300
-2692 -5936
550 1991
3856 -6276
3618 -5020
7172 -8969
-2292 6094
461 -8438
9436 -5911
4233 8125
6095 -4403
-5592 -9959
9577 -1619
-432 -3758
3410 -8868
4553 7375
-4841 -3735
-8024 -8140
-4416 5710
-5590 5833
-9416 -7077
9017 -8419
-3136 -1708
2382 -523
-2399 -3700
5618 335
376 -6305
2077 -9975
-12 3673
8526 -4635
-3540 -2882
3384 3078
8660 1619
-2672 9081
8634 -2036
887 5460
-9239 9218
-2490 -96
9381 -2374
3926 -6388
7668 -3018
4398 -457
3289 1764
-4564 195
5560 -6724
394 -2317
-9240 -7981
3639 -2502
300 -6860
1105 -5313
-6133 -1067
-1849 -8009
5616 -5371
2255 9382
-3286 4997
-4301 -99
-6836 -5619
6145 -6183
4013 -9827
-6551 -4699
2984 3293
5313 7564
-1217 7466
-5674 2672
-8921 9083
-1985 5431
-8857 -5053
3297 9887
9268 6759
5476 -4449
9173 -4019
4083 -5105
2434 -7664
-7491 3948
9250 -3554
9739 -321
963 5954
7140 8772
5164 9746
-7452 -8534
-9383 6244
-5089 4285
4171 -8240
-7760 8208
-6242 3439
-6860 -8564
53 -3349
2708 7224
1171 -7514
2653 8938
-1384 4141
3816 2391
4884 -6701
-3234 955
2421 47
-3710 -686
-6402 3039
8520 4922
3129 7770
4929 -5520
-4083 -9393
-2742 -8211
9013 5970
-7824 9966
8903 3905
1766 4829
940 1239
8260 -4419
6537 -4177
5871 -4975
8060 2678
-4284 -4119
-9197 -4621
-3131 -2043
2437 7653
8261 -8203
-2693 -7926
-8236 -4482
-795 41
-6055 -6060
8769 1828
-3212 5711
-8708 3430
9253 -4953
72 -8451
4227 8844
-1554 1852
7231 -6336
5342 2970
622 -5901
-383 -2222
-147 -1118
8122 6925
-3035 5338
9279 1047
-7126 4631
4062 -8233
5197 -338
4709 5354
-9377 8171
7014 -1499
-9647 8572
-7765 -820
-7851 7584
-4596 7577
-925 2772
-4626 5021
5666 -7352
7987 -6505
4542 -7370
7261 7265
-7248 -8863
799 5044
397 -8330
9841 -771
7730 4742
3313 -9426
-245 8083
9388 9269
6845 5625
2117 -5209
-6468 -360
2289 7492
-5293 9199
-4451 275
1260 -7030
-5893 -3469
-8426 7733
9403 4906
-5866 5692
433 9243
-6462 -4415
-2612 -2534
-3266 7014
2638 -3225
5287 -6422
3219 -5245
-7754 -7460
-4541 -772
9503 674
3644 1008
-8741 4483
2215 7751
6378 -7167
8526 1618
4581 -5768
-183 2679
-9855 -8161
8853 -9074
1422 600
7900 1491
9967 430
2970 4839
-5934 -7788
6607 -7851
3157 -2711
-8229 251
1722 4417
-9030 3986
-676 -1901
6053 -6784
9617 -2374
-535 -410
516 9762
4082 -1682
-6471 -8062
2368 1981
-3181 -6505
-572 -942
1207 885
8174 -3966
6285 -1916
-3779 -6335
-8628 -1993
9827 -2808
4129 4417
-7958 9600
-810 3745
7227 5229
-6454 -6574
-4636 1309
-6711 796
4291 -8548
4231 109
-5286 -6282
3473 -842
7243 -3391
274 3479
-4794 -2816
8097 1646
-3937 -4968
-5368 2226
-4030 -1895
-6667 7543
-9032 -6803
4506 600
-8605 54
5227 7795
1624 9407
-3155 -542
-7664 6339
-7053 -9682
3797 9579
-3237 6942
-1412 9003
-2245 -5141
-9195 8372
197 6108
3650 -3224
3694 7252
-2149 8340
-1607 -1801
-286 2968
2374 -2660
-9482 -4941
-4882 -7060
-6742 -7145
-7567 1786
-1273 7055
9778 2917
-8503 7315
9407 -2468
-6360 -7698
2799 -396
-3145 -8990
-6930 -3508
8412 8427
1394 5184
-7476 -1874
3185 -2511
429 -6958
-4103 -7977
3809 7408
8183 2052
-1311 -7465
-6429 7960
-788 3907
9931 -7023
2581 6573
-8696 2729
-7058 9436
7863 -5626
9559 -8647
3200 2977
-9535 -4197
-1155 105
2128 4615
2022 8464
4236 -4064
2193 3925
1884 -7076
-9448 5764
8741 -5183
-8611 -9518
6932 5043
4478 -3586
789 9874
-5052 6061
-962 4068
9871 8148
-1747 3224
1560 -1285
899 -5899
38 -2698
-8773 -4866
1780 -4049
-8286 6832
-8352 2332
6535 -5825
9218 -3241
3173 3466
7061 7417
3477 -6039
-8251 -4271
-6124 -3765
-6820 -8381
4056 5850
-6328 4740
-7959 -5046
3810 7431
-6619 -3011
-6179 -4411
-8359 -4905
-730 -810
5949 8176
5362 2209
-375 2843
-9476 6143
-8129 -3178
3058 -7726
-6107 -4252
-4682 9959
4698 7949
-3376 -1010
141 -9541
-2551 -9567
-3978 3522
-7663 4991
-5820 1384
-441 1608
-2463 -6150
6693 -1359
-5216 7162
-6017 7217
-6789 -3345
6124 -9239
-9281 -2895
-1226 -8558
4153 9138
-6682 5398
5831 -5706
-8464 4488
-522 -4427
6957 -6126
9203 7379
-8772 236
8878 -3261
-2379 -8359
-7421 -6339
316 5325
6087 -4210
2895 -3560
1603 -9474
-6615 -8331
-9213 -4245
3770 -3297
-8810 6619
-7809 5307
9181 668
1767 -7131
3105 -7897
-1158 6717
8358 1982
5643 6463
1787 -5343
448 -320
6120 1594
2121 -2937
2453 -2278
7198 5506
-4071 3241
3580 4689
-5 -2881
-8493 9492
-7640 2896
4999 3274
3711 9187
1168 -2439
-5977 2069
-9554 532
-9789 9531
1125 894
7958 -9949
1494 -3034
-7529 4131
-2629 -1309
-6621 2121
9240 -9050
-9558 7095
3711 -9254
7741 -3477
-4291 2430
9991 1452
-2759 6878
1130 -2266
-2735 -2313
-7698 5062
5113 -7890
-924 -6020
8111 -3394
9018 5268
-2612 -797
153 -3882
-6788 -3373
1094 4316
-9161 -9356
3074 2555
-2273 -3452
-2854 6786
-1760 4968
-3624 -8004
7058 5505
7615 2399
6379 5891
-3783 411
-4322 8210
-2588 -4765
1353 3066
-6587 7566
5602 8286
8930 8228
783 -9839
431 5725
6231 8510
7199 -8703
-6706 -5530
9976 -6426
9694 -5928
9964 -8690
1722 6072
4281 -3820
5136 -8880
4187 -8307
-7021 -3512
-1505 -8680
9549 -7699
-7537 1145
-3131 331
2561 6615
7912 -6901
-2430 -241
7054 -8795
-1001 1266
6297 6747
6539 -1038
8863 1739
2860 820
6234 3999
-5793 767
2087 -7067
-4766 2702
-6153 5356
-4314 1418
-1968 4437
-8743 -8032
1727 -4056
870 2548
-6187 2502
-752 9869
2551 -6170
5570 -4213
-9673 1414
-867 -1571
-7084 -9719
-3065 3340
-237 5003
4080 5890
-2692 7331
5488 9766
-4546 9061
-1275 6745
-708 7182
-317 -6684
-6816 6826
-9344 -7349
2159 9457
870 9947
2096 6207
6488 -6277
7063 5012
3735 -2857
-6967 546
1597 -2186
1301 4062
3122 -2915
-6171 6755
7657 -8153
-1116 6843
3668 1060
3712 2068
1524 8045
7991 -409
-4202 -3886
-163 86
-1182 -3994
3150 621
-5113 -7447
4088 9904
3965 6485
-6431 -4612
-4136 -2914
2654 1119
-2039 -6480
8302 -8463
7327 -4650
-6606 5734
-4676 2571
8686 -4894
8913 4843
-5430 2243
-7137 -2269
4005 -8560
-8657 1472
-2044 1813
-9078 5308
-7607 1525
-3636 -3214
4027 8769
-9695 4326
9676 2328
-1939 7632
203 -6931
1896 7107
1949 2609
-5149 809
-7740 -9761
-8321 1436
-3372 6265
1798 -6978
8330 4584
-171 2720
9506 -9277
-6788 6193
518 7254
-419 -6483
-5130 3914
-9296 -8637
-7810 8794
5123 2600
-6592 7860
8100 -6306
8851 -4332
-4347 9779
-7199 -4522
-9939 7452
3892 -5149
-705 -110
-196 3398
651 2507
6025 -9679
7957 -6048
-964 -5385
-6592 8661
1260 4947
2807 8531
-4055 8390
-2222 906
4405 -5204
274 7153
8325 -9074
-4222 336
-6054 2216
-666 5073
1301 3750
7793 9985
-2342 -2675
5661 5749
4409 -9586
5362 -7211
-4960 -611
-2222 -1832
-7206 985
5781 9278
6430 -9081
-8154 -3945
6391 4754
-3031 1345
138 -5943
7808 6304
-9992 -8562
2484 5600
5069 1387
5523 -1856
4654 -523
-7414 4605
-3507 9694
679 365
-358 -713
3927 -3541
2514 -208
-1734 9494
838 2625
6683 8956
8980 -5303
-144 8211
3810 -7291
4096 -7660
4205 2599
-7925 3339
-2057 -1141
-1448 -1618
8747 4436
-2557 9231
-589 2109
-4379 -8630
-9137 -4355
8271 3887
2843 5423
-9881 8674
6884 1822
4531 -25
6036 4414
-2988 2348
-4314 3962
-7180 2808
-8811 3630
1786 5093
8045 -6343
9487 9230
-9401 -2545
3100 -4892
-7285 -4817
-9395 5091
7485 5558
1101 -5555
8142 4368
2502 -4369
-8301 4177
-1862 9514
6042 -2614
-5264 4679
-228 -9048
-5391 -9758
9472 -2184
8992 -2184
6645 -6209
2696 5812
903 9361
8639 3301
-8533 -1613
-3524 -261
9092 9609
7506 8978
-7788 -9210
1897 -4356
-9678 -8026
-7074 -9647
-9404 3815
-8370 1256
-7207 -6212
-2420 -5658
-9846 9438
-7482 -6004
-8983 4778
-3115 -8843
4617 -7516
-7908 3361
6060 3708
8220 9599
-1037 -8008
-2313 116
4191 3006
-3179 614
-4410 4787
-7705 2172
6515 -1617
1542 3596
7592 -9611
5167 4060
5217 8610
-8907 -7949
9134 -166
-2738 -3093
226 8914
-9095 -4519
9319 -7091
5915 2313
-7074 3509
2016 -7265
8629 2238
-5659 4311
-2093 5143
5532 5883
-57 -4502
-5893 4419
6470 -4841
8714 -1078
9550 9324
8237 -303
5178 -225
6405 -7138
5176 8217
1725 2319
8776 -8178
4060 -6260
-8228 7404
2546 8402
8005 -321
8898 1798
-3784 -2053
6828 -3274
9369 -3594
-549 9262
-1042 8918
2413 1408
4271 -5864
-7648 -1183
-5144 3167
8710 7799
-4741 -6369
-8966 6491
8613 -2969
-9570 7301
2819 6617
-5436 9329
-225 -7245
2883 -4888
-5627 -857
-1940 -7667
3741 3332
-8812 -5807
6731 1732
-1381 -6460
-4941 -8414
-4782 -2671
-6181 319
-8930 -27
-2726 -3848
-7232 -8499
-5450 -6187
-3431 1053
6165 8046
-2812 9452
-8216 -9462
3870 8969
-6839 9246
4699 5058
-7682 -6388
-4802 -6683
4367 1099
-8583 416
-5890 -8094
-1942 -7513
-2291 1384
8918 827
-8121 5980
4025 -4514
-5063 8045
-7697 -8788
-6099 442
3409 6173
4951 783
4395 -1893
1424 -9011
2088 9594
3730 -4209
1418 3505
9714 7840
2944 9477
303 1143
-2877 1862
7348 5903
7668 -8853
-3919 -3994
-9832 9971
9864 -18
-9235 3577
-8317 4814
9525 8881
8474 6829
-3660 1612
-1162 2204
3764 7758
7234 -1449
-6586 -3292
8570 1257
881 537
5406 9638
-4357 -1452
2240 -8514
5189 -467
-6891 2103
638 9675
8556 -5207
-4658 162
-4506 -9251
6674 1682
3160 4332
-3397 438
7146 394
-4629 18
-5725 9436
9073 6252
-1479 9681
-5113 -1563
7970 -9240
6584 -6203
-6529 -8922
-408 942
-5176 -4253
-3503 8655
336 319
-1629 -6830
3608 -2783
7611 4975
-1287 4474
3909 -3298
-3325 6709
6390 6703
-4861 5196
9677 -5003
-1206 -3171
1628 9981
4644 5987
-8267 -8780
9875 9468
3507 -1770
5122 3932
-8852 -8122
-9427 2450
-3076 -7521
2902 3007
-285 -9168
7535 9577
8493 -3896
4823 -3606
3223 8169
-8130 -6384
9603 -5149
-208 6514
5981 -4943
3287 3387
1039 3209
8808 2129
-5421 2187
8387 9381
2387 1503
6056 1289
865 -7899
1927 7312
-6295 3079
1247 -3251
4086 -9351
-779 6838
3351 7410
-7534 9013
6120 3053
-18 9474
1603 -2841
-6934 -1211
-1831 6182
1405 -8547
6463 -5724
98 -2540
-5229 1048
-5874 -7976
2494 2198
6568 9095
5932 301
-2290 -4212
-1479 3004
-223 3897
7091 -5360
5520 9759
-1453 -1307
-1405 8587
-6240 6716
-5288 -6280
1181 -9778
1270 4810
6835 9673
5591 9118
8212 3049
-6651 2158
-8334 7864
867 4780
2397 3908
-7731 -9357
-9599 -512
-8099 7789
6375 -1052
-616 4218
7938 -6145
-5923 4096
-1094 -882
2512 9069
-8094 -539
-7491 1823
-2298 -6162
-8299 -420
-5641 -632
-3003 6290
6933 6757
-35 -734
-2946 -8945
3724 1866
-3917 -2850
1005 -3171
-9076 -5979
6860 8804
-8408 3551
-3268 3092
-5085 -6502
-2664 -758
-7458 2617
-4295 2758
-953 -3099
-2622 2702
-8033 -299
756 7343
2930 2743
-6387 -1800
5029 -7267
475 8339
7142 9675
3225 1056
-5853 -7546
-327 9958
2920 2783
-4601 -9271
3488 5462
-3917 4826
-2473 -7466
2235 7183
8246 3216
-321 -3289
4912 1175
7630 3292
1630 3661
3335 -1896
9160 2493
4947 281
3959 -6693
6090 -5380
-4651 -3122
-3940 -4790
-6244 -7443
-1187 5864
3046 5004
-1781 -8953
1480 1292
-3813 -8382
4910 112
-6228 -6184
1921 261
-7247 7108
-2612 1080
8108 -8580
-239 -4933
1945 7919
-3151 8832
-8612 -8275
7589 605
-4392 201
4970 635
-4353 7549
-7113 -3551
-9719 1834
9372 -8482
1779 -5947
-5119 1292
-3908 8253
9673 2269
7336 -2079
-4161 -566
1986 3001
8447 6409
734 3374
-2704 6036
391 6342
7611 -7735
2435 9759
5313 -5781
-4263 2716
-9511 4684
-4025 7516
5768 -4629
-8640 5789
-6291 9161
2315 -7583
5418 3269
-323 -5700
7675 7586
7342 -9590
-9528 -1309
956 1453
1211 -8196
-3977 -2889
-6453 -3477
-8793 1760
2996 -5964
-593 903
412 -1237
1644 768
3185 4121
-2611 -6041
-1741 2323
-92 -9214
-8804 -346
8345 -2751
8702 -4610
-2806 3021
-9869 3633
-6123 6938
-1303 -6322
1436 -4916
9708 -8308
4176 -9158
1610 120
-2039 -460
3499 -1485
-9162 9072
9858 -4521
5133 4467
-4563 -5225
3886 7199
3940 -2141
-8508 -5200
-8263 4072
-8530 -4631
4174 4155
9568 6627
7470 7602
1442 7464
-2997 2800
-8685 9404
-7805 -9498
-298 -4126
-5939 -4227
4269 -1445
-4247 -502
7358 -1846
2954 -6586
-8794 -7430
1660 8412
2566 -7324
-6976 -4167
-2845 2133
-404 -9507
7014 8598
-8279 -9680
-5457 -7951
1644 -6084
3410 4245
-7201 5706
-4797 -2321
9554 2274
5688 -3719
-1149 6229
4640 6894
-6710 -9490
64 927
-3220 -3686
528 7220
9538 6377
6697 -2458
3312 -8742
-1105 -5040
9205 -5044
-9339 -7696
3704 -4276
7998 -415
5867 6979
3207 7406
8020 -1562
2670 1567
-7507 -4969
5066 -3546
-6327 -726
-629 -4406
6857 -6790
-1811 -212
4748 168
8845 7084
-6891 7673
-6604 9506
-909 -9467
7512 -4885
-3759 -1322
-9164 4439
-3994 -5739
-708 7227
-6319 2220
-4786 -5643
3672 -2646
4286 4585
-1907 4249
-5583 -7526
-6721 -3439
-5767 -6739
-3512 109
4363 -2370
6466 9300
1698 1875
34 -7294
-3033 2534
-239 9761
1981 9980
-5663 3442
-5484 7195
5501 -8271
5979 -7478
-1282 -6407
155 -5884
1098 1997
-4174 8109
-4262 7586
6885 -9812
5784 -7797
-5090 2303
-5163 -461
-701 5598
5578 8319
5481 -8721
-7805 -6365
-4636 -6283
-3760 7696
-4991 -4937
-821 4958
675 8885
6994 -9723
-8417 6501
-9591 -3548
2377 8469
771 9915
-547 -8993
6605 9329
-8633 8752
-6248 5903
-6742 6848
-9435 -4053
-2637 2344
7407 -3195
-4517 2372
4978 307
584 6158
6379 5692
-4136 2167
4356 6788
-9578 8241
-7032 -1152
1897 -125
2348 -6706
9197 3265
3833 6100
-7954 -3824
8520 4398
-5077 3130
-778 5926
-3768 406
284 -5801
-6389 -9464
6425 -3338
-2829 -524
1437 780
-6652 -2407
-8811 4406
7700 5246
2231 3537
-364 -9384
-3208 -3937
-5818 5403
-1468 -4689
-5042 2826
-6768 7754
-4326 4911
5448 7237
-6101 -715
-7519 1872
-3628 1070
-7617 3919
2045 -279
-1313 -6428
-9171 3465
7802 -5362
701 4186
3309 -5406
3626 8604
1430 -8160
-6685 -7696
7216 8383
5619 2710
-4285 2663
-1745 9518
4308 -1803
-7885 4627
-5653 -9588
-2295 7881
1345 6755
-8608 2256
-3559 -854
7461 5815
4418 9751
-4689 4808
7112 -432
-2050 2347
-4944 4327
710 -6431
-3193 772
-7311 8965
3592 -5164
-4752 -1475
-3595 -8341
-7865 6674
-1071 7750
-3105 -6473
9342 5371
8842 -1923
-7116 7481
-2952 -5848
6500 9996
8044 4999
-7712 -4724
6048 -1247
1439 -905
7652 8737
-2739 -1249
4131 -3380
-6706 7387
5136 6266
9794 5944
1314 -4248
3829 -7145
-9665 3876
8029 6713
6708 -2616
-3897 8249
-6476 8472
-2775 -1609
-8794 -6707
-4250 -7616
1135 8859
-4522 6733
4119 -4735
-4748 -1228
-5284 2976
8728 -4955
1621 9751
7348 6277
2989 1957
-6939 5376
7345 3417
1889 2885
-8725 -5411
-2118 -7166
-4782 -7519
-4940 7354
4086 -9927
-941 539
-6969 1925
-5100 4311
-6924 -2253
1219 -2652
-6376 4698
375 -1434
-2338 -9667
7472 7157
41 -1273
3316 3081
9636 5037
-8762 -5081
-7728 -1426
-1353 -3701
6838 -9922
2003 -8574
9459 9869
1337 -9376
-2028 -7466
-9048 -3724
8563 5318
9372 5048
2204 -3776
4951 -9437
3644 -4035
-8999 1987
6906 3279
-8148 -7760
-1461 9178
9256 4220
5647 -903
-1035 4980
5604 5105
-8641 -5978
298 -2704
-3666 -3967
-8920 -1140
8805 -4294
-10 7006
-7030 7476
-537 -6366
-9367 -2307
3654 89
-733 -7514
6706 -7808
5010 2243
943 6073
4898 -2305
1718 -3454
7564 6258
-7710 -4264
4597 -6103
3324 -6630
-5904 7122
4598 -6686
669 -2933
8481 -2219
7870 1302
3788 2134
8047 857
-3179 4215
4008 3056
-9250 7764
-1969 -1094
-4837 2468
-8075 -4406
-509 1174
8265 6522
7364 -3464
-150 -7639
3149 5682
-2817 -9482
5541 1629
-6238 -4947
9631 -671
-2736 -8192
8585 -3549
-2064 -8729
177 9335
5524 5967
-8440 9061
234 7449
7691 4772
-8693 -1501
860 8775
4457 4878
9117 -5992
9358 -8361
413 8379
