2000
-8185 -6239
9020 -2794
7620 -3097
9053 -271
-4278 9128
-3578 8985
1457 3222
-5058 -6626
-18 2020
4358 465
6044 6079
-5804 -5085
-3662 9440
3321 3707
-1844 8854
-3665 -6444
4483 3692
-9406 -4646
5083 5823
4950 -6632
-7648 -9196
7747 -4908
-1534 7530
-451 -7312
3153 8449
8248 -2372
2543 2917
2356 -7557
9871 -7398
-8545 -4323
2954 -1974
-8282 1511
6865 -2563
-6741 -3967
3122 5668
-9807 -8070
743 9195
6724 7940
-9372 -7070
-4901 -6
7622 7502
419 -6654
-4211 164
6487 -3505
5893 -620
7407 -8338
3173 -1153
-9996 -7155
-1122 3758
-574 -3016
-1086 -4279
-5085 -381
-2442 -6622
-3692 -8361
5354 1907
-591 1407
4753 2975
-3141 -6452
43 -5738
3642 -6654
-4992 -4064
8504 4769
7614 -8098
5660 8508
-4509 213
5934 -4915
8425 8127
-8496 -5431
-3792 -296
-8390 1533
-7061 -4718
8257 1019
4567 7692
-4326 -1163
2183 -1669
4267 9316
4085 -9089
-3466 6491
4998 5419
-4369 -7806
1000 -9512
-7665 -4715
-145 -575
9129 -2440
9093 9784
-4934 -5541
5479 -7969
-6557 -2957
5880 3766
-4183 -883
2154 1783
2695 -6196
-9706 -41
-4623 -7051
-4857 5292
9502 1009
-9986 6144
-711 -4443
3118 -131
3374 2138
6597 2210
7963 8440
-4518 5796
-438 -4874
4244 -4917
6866 9100
-7096 118
-9924 3281
6231 -6802
-7789 -4547
-9818 -8627
-8763 -8288
-2731 -6082
3787 526
-7337 -5893
6318 881
-680 9261
5056 8001
-6874 8524
-6394 -1662
-2562 7370
1208 -9529
7474 4063
7261 1284
-9542 3704
8798 9472
-5096 -5639
-1721 -9965
4282 5895
-9999 -4213
6668 -9334
-6353 -9961
8040 -291
1953 -7577
4483 -8834
-7744 9280
-6529 -8080
9704 3465
-1531 -9056
4648 6964
-9844 2648
7010 7167
7202 -1219
-5325 -991
8517 5204
9591 -1602
-1563 8906
-1386 -6763
-4339 -3523
-2357 -5713
-6434 -9857
-4216 3620
-2916 -2963
-2018 -792
-3829 9275
1922 -3650
-6484 48
-7450 2652
-4618 -5562
9643 -2775
9344 -6102
-7197 9233
-3809 -2219
7979 5138
9425 5573
5716 -658
-7039 -7010
28 -4780
4428 3767
3041 -8270
-1920 -5681
8089 -5038
-8665 1597
6035 -9362
1584 -3283
615 9398
-7649 928
-7571 7140
2277 -1458
-5886 -5872
3470 5423
8413 -6450
2491 6431
3918 2161
3891 639
4958 -3042
5642 -4308
7289 6767
-8875 6977
-2586 7044
6442 2710
-2642 8029
8889 -7487
1055 3508
7636 4887
309 8890
-3840 1105
1256 2442
-1676 8651
-711 -4826
5853 -4065
1627 -2033
-5266 1494
2191 2636
-320 -4141
-7711 9605
7634 -158
2355 -353
-3125 -9758
5129 -2870
-3981 -5490
9336 -842
-8400 2179
829 4313
9487 -76
9580 -6162
1805 5339
554 1207
-6158 6539
-3881 -7256
-7651 7243
-2916 -1592
-8224 -6297
-6055 9439
289 -1349
6883 -7205
1953 6308
2207 6218
530 7274
918 -6965
594 3737
2797 498
-8296 -7601
-7342 -6650
-3906 -733
-3490 -1223
7186 2164
5867 7315
-9526 8962
1333 -6467
-3672 763
792 -1785
-5567 8281
5555 -7002
-245 8684
6142 -3528
-9310 -9652
-7253 -1062
6009 -3885
5383 -873
7904 -7898
7988 -4387
-3352 8810
-8509 3854
7387 843
-8394 2825
-8961 -2565
-4284 2398
5396 -807
1598 -5009
5184 -4850
-780 -2261
6677 5875
-4290 1967
-5186 2685
8508 -5187
4147 -3561
-4752 6495
4070 -9205
1638 -3260
9565 1456
8892 6965
-638 -5676
3518 -1672
7040 -1521
7350 -4885
6575 5944
1818 -3431
-7743 3251
-344 -8751
-3938 -2929
3510 1884
2100 -9791
-5275 8759
-781 -3831
-8655 6363
3328 2504
6828 -6043
6006 -3590
8610 4066
-7099 3045
-1011 5960
-7472 9476
6447 -5473
-4224 -5215
5578 -3898
-8293 1839
5769 -913
1566 3807
9976 -9507
-9424 -9216
7009 -4959
-1001 7625
-5965 3837
1623 -1275
-8230 -3635
-7676 4525
7721 4480
9007 -5147
3359 4168
-6010 -1496
-5937 -1064
8024 -4303
-6776 9832
-5955 3310
7816 -6801
1962 -5379
-7754 4824
2381 -5319
3406 2
6367 -5996
-7751 8897
3376 8692
-2735 9970
7858 6104
-1672 -5656
3281 -8152
1266 2391
5943 5025
-1666 4491
-8590 -6292
-1671 -3851
-9027 3372
8053 4296
-1982 3354
-8922 5180
4076 -5615
-3203 -6673
-2982 -2548
-6445 7783
-7874 -5125
-3277 5604
-2006 5407
4152 7990
6201 -2343
1365 -7514
-1365 7611
983 -6586
7711 3329
404 2756
-2065 -4272
3834 1482
8531 -7989
3184 -5649
-7867 -4452
423 -9541
6063 -5740
-6613 7147
8857 -2223
5434 7540
-6254 5057
6388 519
3933 6102
-569 1091
-6153 5364
-5187 -6445
5037 5503
7514 8647
-7002 3567
9115 697
1156 -1148
6833 -462
405 -2782
4995 -9780
-8520 2982
1759 4149
-5333 -4774
-8673 1867
-7042 -7679
7685 4479
8034 -3195
-7693 -3782
-5135 6792
4079 -6458
4239 1584
-5844 3194
-3548 -884
-9946 -9011
-8791 -9423
7280 8771
6640 -3590
5357 2759
-5375 -4972
-2651 6684
4884 -2417
8109 -1246
4973 2917
3429 -9584
-6042 -6442
8863 -2492
-5578 -8083
4754 -6982
-5993 874
5172 8530
7300 -1063
5347 2451
-1070 3939
8967 703
1108 3555
-8862 36
8791 -4009
-7372 9247
-6617 7484
-8959 9779
-2714 1062
6701 -6376
-3358 1708
-3698 1454
3704 650
-6693 -8527
7645 1003
-1337 -7625
6799 -3426
-9872 1350
-4893 -2094
7618 -5013
-2045 -2382
-4899 -6033
-6255 1338
-7600 -137
3487 4752
-3541 -7179
7996 -6151
8220 6482
7955 1700
-3577 -8473
-6098 9320
-386 8807
157 -5579
2328 -258
8451 8985
-3398 3666
-8647 -3595
-8537 5424
-4714 -1181
-6430 -2416
405 -7507
-3658 3750
231 -1599
-9900 -1717
-190 1906
4946 -3477
-4670 7433
-8147 -5441
8023 9208
-8088 7902
5289 6473
-3402 -1486
-2342 6642
-4539 -1939
5646 2944
9158 2752
-3498 -3950
8172 -780
7503 -9547
2360 -8008
-1484 1033
2186 -2695
5586 7567
-9506 7761
9383 3608
3801 -7594
4641 4671
5034 -9602
-1541 -7702
8963 -5785
6967 -2175
7597 8120
1060 -2811
-2357 5768
7761 2284
-6684 -6277
4749 -3
1284 9224
6984 334
-2338 1778
7905 -9914
4758 -8538
-8140 2545
4843 3512
7727 4041
-8135 7526
5645 8414
-676 9462
8951 425
-7292 -9313
-5590 -9569
428 -254
2690 -7121
3214 -8289
7210 -327
3480 -9125
-3941 5114
-2342 1958
-4531 -2081
-8041 -3779
-6254 -3084
-949 -2454
728 -6889
3536 8375
9062 3399
3830 9966
3432 -2808
71 -5743
-311 -3879
9515 -2995
1602 -3102
-4268 2994
-5048 7661
-700 7111
-6669 4142
-8942 1260
-7474 798
3909 3830
2204 6975
374 1166
4852 4986
-7823 -5797
2182 -1717
8125 5969
-7026 -8130
2490 7639
4353 4576
5957 -8058
9054 -6975
7168 -4744
-9764 -7616
3183 -8054
5776 -7238
9738 812
-8023 1700
-3315 111
8035 6829
-1168 2583
-1449 216
5808 -3044
-5406 5246
3542 -1703
3960 -7332
-4307 -502
4755 3013
9119 -7140
-1473 4991
-8526 2301
-3167 -5698
9723 -8789
5043 -1189
-640 128
-7290 3077
-6707 8193
-4852 4983
3949 9101
1118 3464
6132 -2509
6989 -4923
-8189 -4455
2127 1743
455 -9071
6951 -9347
-1323 1929
6861 -6217
6315 -1601
8528 1903
-1300 -4325
-2412 -5042
-6339 5714
4814 2736
-80 7611
-1178 -348
8451 -228
5318 -4190
-8726 -9739
-8810 -2556
1818 1729
-2622 8141
-4356 -9506
-1106 -5762
9862 -8041
-2366 1142
9821 -1439
-5725 5222
1678 -6518
-5187 -7191
6183 -4681
5091 3635
-6835 4633
8615 4129
-4707 -1840
-6391 -6475
-4614 -9168
-8674 987
8946 1030
6710 3941
-1197 8807
1089 -5657
-6715 -1376
5827 9085
-8107 8685
-2276 -5640
-8285 -8204
-9851 -3465
-9336 -5120
6762 8764
-3991 -322
510 -9630
5079 1395
-3854 5558
3219 4024
6552 -7145
920 -7978
646 1361
445 7926
-9670 193
4553 6059
7856 -1946
4590 9989
-1411 8005
-9511 8975
2373 -4650
-4279 -3502
-8386 -3396
-7839 -5480
8544 1481
8057 9101
-8878 8816
176 2697
4344 5489
-4319 -9380
-9600 4674
-3551 -6046
-6058 8256
9981 -5241
-2546 2532
7882 -9531
689 9827
151 -2677
1843 6024
1225 6033
5134 4108
6644 -719
-4301 6256
1745 -3180
1161 -9958
4716 -8854
-4899 1561
3537 -5115
-356 2764
-984 3518
7708 7098
-9355 -3102
7942 2117
1861 796
-3171 3506
1334 -3194
9809 -8038
8218 -2023
8518 -4493
-4451 3683
8551 3400
-1319 -6015
-1129 -2628
-9865 -4061
-6823 -7765
9334 -848
9771 -5395
6723 9979
4495 -8568
8659 2304
9111 -8677
-6715 -8
-8310 8919
-1854 -4776
-7373 -6072
-8952 3695
-8600 -8823
-1451 -270
9390 3992
6228 2406
-4722 -7434
-2829 9282
-7020 -4952
201 -2386
-6361 7475
8799 -1140
8852 -7251
-4612 -4196
4749 -5738
-1809 3534
949 -8903
-4005 -761
-7311 6070
62 4545
671 -4201
-1635 10
3012 5949
-5283 9258
-3129 5992
7187 4918
-2502 4231
6980 9706
-769 -3650
4333 -3912
-6658 -2300
-1203 -3756
9205 4291
4082 4793
3058 -4386
1414 -2136
7874 -6272
-6603 9779
-7244 4606
4318 -1886
-3248 3349
-2421 1504
4931 4251
-5679 -1720
4368 -5839
1861 -7626
-1381 7711
5722 -5621
9172 -2177
3437 3524
-8613 2229
9678 -5150
-1650 9261
7587 -6926
4909 4827
-1825 1904
-2871 -4619
-6648 5755
-5966 -7941
-59 1394
3769 8402
9833 -4478
-99 -3892
3931 9276
2799 -928
-4979 1088
9660 4187
7168 -5302
1493 1730
-3444 4755
379 122
9225 4732
486 7508
9567 -7424
3971 4520
6642 3228
8751 1460
7568 -9805
-6809 -1349
-8556 5219
-3694 5990
3897 -3535
4885 -314
-8585 4786
3261 98
-9780 -2028
-3576 -6361
-8853 9445
-4259 -9370
5150 -5566
7663 9712
4892 5512
9428 -9867
-1216 2459
-2323 -7382
-7671 3949
-5865 7705
-2610 6226
4732 9020
-883 2527
-5781 -2008
5353 3058
6223 643
1273 6500
-5346 -8036
-4604 143
-625 -3963
-3830 -9712
6468 -1197
1421 8676
6345 -5855
-4430 7471
3697 -9521
-6781 2960
-4514 2149
-9859 6058
-885 -295
-5932 5494
5714 -941
1023 5341
-796 -5912
126 6419
-9573 8580
-2618 -9984
-7588 6896
-5239 -7477
9995 -7522
-7043 331
-6710 7412
3281 -3823
-7766 2498
-4077 3422
2636 5070
-5872 -8
-947 2070
6159 5151
5291 8258
6837 5
3742 9439
6334 -2061
4183 6155
-7647 -8906
5146 4177
5309 -4690
5208 -7843
4655 -1410
-4268 7442
6233 -5702
4290 -7911
4159 -9640
9233 -6657
-8400 317
-9679 8244
7682 -7843
96 4064
3939 7737
-7449 -5722
-7824 6292
-4678 7698
9855 -8795
3516 -9470
-8308 4509
8807 9249
-4942 7925
-7994 6818
-6119 9217
-466 -5041
-3077 -798
1359 3576
1360 -1675
-3939 -8546
-547 -981
-4690 -1387
-3690 1629
6556 4354
4884 -3836
-5607 71
3040 -9704
-8058 -3080
-2542 8098
7315 -2331
2628 1339
-9460 569
-5856 -6729
1596 1899
7074 9226
-1756 7658
-9 248
-8124 7276
1629 6301
-3815 -7848
2224 233
4250 4299
-5061 -4737
-2918 6192
-2419 2398
-6264 -5604
8686 -6071
-2800 -2002
-6383 -3450
-4225 8797
-9826 -9309
939 7741
5016 165
186 6536
-7591 365
-5682 6371
4390 4633
-6384 -7712
-7799 9329
1726 4419
8815 -218
3712 9184
-2819 -8780
-2229 -5368
-6572 798
5210 7267
5007 -2677
-8792 -131
126 3743
-2172 1394
1485 2535
888 5867
8156 -4126
-4797 8225
2644 -9644
3859 -9351
9833 5179
6400 -2430
5924 734
-4747 -2109
-4843 -6928
396 -5817
7774 -6115
-8652 1604
-3281 1620
-2125 2898
2485 8204
-2201 8763
-9293 640
4717 3002
7372 3351
-1470 2297
-6413 7205
1659 -1350
6541 9511
-7417 6912
-8905 -4582
3024 2979
-1697 -7411
4209 8094
4712 5022
6947 -7917
-5434 -2804
-8443 -5255
-8533 -4727
8625 6274
2291 8839
9764 875
9525 5879
5389 1423
2055 9786
-1076 7972
4671 6871
9460 -4331
-2517 -3305
-8284 3668
5751 -7806
-610 -7617
-2872 -9684
-689 947
942 -1405
1155 -2065
8810 -6768
9111 918
-7660 -7946
-4440 8221
6192 8117
4987 4484
-6127 4584
-8722 4447
1835 1356
3550 -3285
-901 1307
5344 -3339
7608 6227
-1457 -5346
2589 2270
9224 9698
4336 5119
-9107 -7946
-9726 6677
4793 -3547
-5342 -9813
8492 3500
-2054 2252
-6392 9770
205 9782
1088 -9122
-2461 9304
9252 -3569
4807 -1132
-8863 1515
4933 -2605
-3765 -5919
-3864 -732
-335 -2872
7303 131
4039 -5543
7958 -4319
7933 2530
2299 -376
3126 -8460
-7581 -7496
-4472 -2066
4366 -42
-7454 -1500
-9986 -828
-9713 -6316
1486 4947
-5785 243
-8908 7622
1474 3880
-7942 8395
-5925 -4488
8043 -6264
7081 -7993
-2731 4062
-9714 207
8141 3409
-2913 -4185
4315 6227
-881 -366
7039 8051
2997 3128
-6630 -1476
-3854 -9068
8534 -5538
-7144 7620
-3148 -9409
-1952 652
6381 -5106
8957 -4872
5335 -6351
-9222 9243
-1222 7197
3423 -2135
7499 -6907
-5136 -3737
9391 4537
-6939 -8419
-7486 -7240
-2777 2928
4268 -5232
-920 3800
-1827 -8881
-3986 7128
-4024 -5447
1923 -1309
-2067 -4968
-7772 2701
-9435 6712
-6475 9372
-4366 8065
6322 -1611
3691 -4976
1506 9383
6031 9926
-5307 -7551
6249 4019
5139 3773
4621 -5579
2695 -5127
3564 -9403
-4371 -5383
-8962 -4783
-4351 1578
949 -4675
-2890 -826
-8717 6584
-4672 -6569
-3465 8696
8621 6834
9283 -7435
-9695 -6686
7087 9253
-2606 5444
-5963 1708
6026 -9911
-1573 -8679
-3462 -8346
3232 3187
8512 5909
-1197 -5820
-5516 -4379
-948 87
-1218 3534
4088 9308
-8127 -2598
4437 7092
6344 -7822
-8658 5245
-3048 -2542
-2453 -4621
421 -3302
-1648 9696
2882 6959
6588 -8417
-516 5114
-9266 -4609
5478 7690
4944 -214
-906 -2020
9103 -969
-3878 4688
-9414 7261
2505 -3814
3645 -4351
4749 -6823
-125 -5088
-1672 -4831
-4152 8227
-6470 -5070
-9957 -7564
-2173 6735
8145 -9223
4285 -2975
8726 3088
-4160 -2901
-4493 -8452
8809 5683
-8131 -3907
5463 1313
4490 9235
-2133 211
9101 -5636
-3689 6196
-8875 -1331
1105 3562
4018 -5110
-4333 -7348
3398 2162
-4750 9952
771 2123
3672 4811
493 6278
-3909 6201
-2486 2362
5317 -8447
5485 -4276
3810 -6816
-6900 8306
-3025 -6159
7404 -2054
2836 -8200
-5547 1421
-6418 8504
-7825 7851
3695 2553
-2637 2947
2945 1087
-2713 -8423
3939 9037
-5690 8522
-2033 2977
6161 -6484
-8179 -8224
-4383 -7019
927 -1204
4318 -3259
8162 -6237
-7734 -7509
-5938 -4535
-8262 -1838
-5171 7757
2564 2823
4400 7775
-9469 -6428
-7907 2059
-1244 -5159
-1643 60
5557 -1363
1618 3900
-3584 -5105
1636 -7455
-3692 -9267
-6776 3519
-7296 2295
-9544 -2713
-1236 -1837
-5294 -4714
-3219 -8672
-5100 9106
4886 -2688
2153 -3007
-9226 -6359
6000 -5769
8131 -9949
-5054 -2383
162 -5454
-4720 -9697
3822 6470
-1236 -1496
9512 -9754
-1591 2942
-8052 -1724
-396 3116
5942 -1271
9762 8225
-4783 4548
-8090 1914
9866 -288
-236 7910
-4474 7996
-7458 8431
8734 5689
5879 1543
-6233 6276
6522 -1636
-4974 -6721
1555 -1348
-8233 -3026
9424 -5121
-6897 -8571
5978 9185
4819 2041
-4526 -8392
9518 4685
2680 8959
7389 -1236
-1827 8943
485 9844
6119 -5948
6137 4253
7532 2641
-4987 -8838
1857 2807
-8594 -3220
1930 1280
464 -1770
-9730 -2093
-485 -4718
-6313 -4256
-1577 2753
-8483 6368
5310 -4188
-624 -310
7463 -484
-6232 -4506
-8145 7320
8482 -4980
-8453 -3132
7369 338
-4662 -7047
1183 -701
-9074 5802
-5195 5174
-5361 442
-3085 -1508
-1420 3062
-7406 2153
-4436 -2389
7127 1970
7465 -3253
-5933 -5385
-365 -6960
-91 -7452
6608 4903
7856 998
-9704 -8055
-8532 2759
1653 -8777
5386 -6
-7794 6292
-646 -3979
8175 787
-7882 5669
-2361 -6262
485 9245
-6141 -1176
1864 4552
-9179 7215
2117 -4507
6492 -8851
-3185 3693
172 -9492
-4548 -1717
-8003 -8176
8117 -9163
-3141 -5796
8712 1191
-3141 -1246
2492 -9171
-6206 4498
-2958 -3303
-5030 1374
-1412 8907
-1880 -4209
661 -5575
8118 -1668
-1159 7476
-520 -1711
3834 4293
8852 1477
9402 1950
-3139 -569
8185 8113
-7338 3721
1939 4397
-8907 -3544
7830 8982
-8392 -3937
5575 138
4563 -272
-8219 -3765
-2568 6401
-1590 622
-1365 -9368
2109 -7756
7915 -2514
-9363 5232
3344 -5224
-7783 8822
3218 9728
-3817 4156
6858 8033
-5905 -2266
7872 -7814
1915 -6609
3347 6156
6277 7417
-1962 -9222
-8590 -5313
652 -9607
1601 7241
2472 -1434
7063 2238
4781 -464
-737 9280
7157 -2002
-3970 9168
622 7735
9922 3847
-9042 2214
-1631 5557
2973 4305
8805 -1633
3054 -5269
-4876 -6065
-8825 -6295
2271 -9555
2684 7368
625 3055
2334 -2536
9183 -6392
-3504 3211
946 -1066
-3499 7118
-668 867
-3577 -2541
-8237 -8579
-212 -6884
-2153 -9433
-1776 -3438
267 6692
7138 3120
488 -3741
9314 -179
-8995 -5167
-1559 5368
-1421 -9813
2842 4938
5776 -6755
4112 9343
-3199 -1172
3971 -5745
1092 2286
6574 -6242
4042 8939
5630 -5203
7918 -1971
4288 2767
-3692 2126
6959 7322
6411 -2687
1222 -880
-5943 -5011
-1766 -2216
-2873 -6446
2382 -3934
4042 7649
3655 -3648
3832 -1146
-2208 229
8747 -2127
5902 -2858
-6370 -9616
6231 3911
4953 -62
-9028 3189
-3970 1363
6352 5915
-6302 3808
7362 -1694
8093 4546
5916 -256
9817 5855
-1571 -430
-6481 3648
-4759 6221
-2916 -4013
-3629 -5136
-7505 714
-5628 -7398
9512 7448
-1189 -4656
-8742 -4459
-6930 -1117
-9090 -1322
-6777 -9569
3896 -7277
-7701 9139
-1291 3713
1081 728
-3051 5949
-8065 6323
-5093 7754
-1533 -1693
4630 -2598
-5151 6560
-8096 7862
-2876 3660
-3736 -3117
5561 194
625 -2826
-103 8785
7923 -1758
-8046 2196
-7076 352
-3699 3035
3078 3594
5068 -1764
-9737 7985
-893 -6466
-6186 4893
6476 3957
1337 -4282
6323 -6401
3793 7601
-5226 1883
667 -1862
6380 8393
4309 2311
-3617 8334
5090 7233
4547 2684
-5359 1888
3594 -386
6869 -5096
-6482 -7300
-9623 -9317
122 9994
-6408 1715
3036 -3556
8328 -8895
-757 -8469
9924 2715
-1254 -4377
-2323 4232
5186 5130
1534 -3513
8376 3453
-6933 9896
-1479 5690
-7890 -6344
-1940 2039
5753 -7512
4203 8183
-1653 -6935
-5830 -2762
2490 395
-3169 3413
-7244 2413
366 5577
4427 434
6921 -728
-3555 -318
-423 9017
8427 -488
6890 8098
3857 -9463
-6975 -5051
-3148 3330
6395 -9052
1907 5200
-4406 -9436
7699 -5603
-9470 6146
1723 -9546
4609 896
-6112 -130
9552 5251
4267 334
-6434 2850
4668 2694
3231 -5824
-874 -1475
-4425 9977
-9076 9699
4898 -8030
-3745 2831
-9052 -5787
-9642 -6047
-1871 -8521
6096 5802
-607 -7263
-8292 -6295
4039 2665
-4486 5976
2390 -8675
-4498 -6097
6149 -659
-683 4628
4326 -8277
-6307 3962
513 2945
-9122 -51
7623 1462
2941 -5043
-5520 -528
5931 2757
6462 3873
-3463 7639
7335 500
5547 5773
9676 -276
-7215 -8952
9397 5824
7547 2102
-216 7443
387 -5039
8631 -9703
1759 4986
9944 9974
-554 -1580
-8824 -5577
-7984 -4624
-6986 -8641
5580 -1447
-5675 -5930
3794 1126
2174 -2279
-6456 6580
2402 1570
-987 -5188
3494 -7814
-7517 -6880
8107 2124
2097 7963
-3618 -8230
-86 -4737
639 1279
2638 1930
-5797 7375
-8556 -1782
9344 2250
9971 8959
9259 5239
529 -2764
5769 5382
-8712 9542
-3617 -738
-4894 -6229
-4546 -1790
3701 -9077
-3813 1836
-3165 -6386
9265 -9454
7921 -6806
1412 -2812
9438 -6915
-4235 4476
3435 -6871
4086 -1256
-5875 -6036
-2774 -146
-7164 -4587
2905 3609
-8182 1663
2586 8359
3915 5519
-7147 8773
9320 -9250
-6056 -4162
3027 -9040
-2233 9077
7273 6185
-6966 7253
-4004 708
8393 7120
694 122
9256 -4382
9228 7251
-1087 2161
519 -8955
-9715 -8501
-6008 -5566
-1095 -6862
-1023 -2968
1714 6570
9367 -4276
-8092 9481
-9547 6639
1067 -1336
-4217 -3551
-9709 -541
5078 -9802
7449 9548
1708 4305
9071 -3638
-2139 -7774
381 -6924
-3785 5574
-7394 -6994
9576 8913
-1643 4320
7521 8942
9302 3986
-7351 7974
-1857 368
9828 -1567
-1369 -1565
-2018 8626
6651 -200
6162 9690
-4364 5721
8798 -2257
-6683 9739
-7256 -1267
1366 -356
-6037 -3959
-1297 -6557
7429 -4796
-3102 1725
-7907 -9922
2232 5041
-2804 -4359
-5734 -5417
4383 5178
8588 -9084
-9643 545
8288 -5776
-2317 -7125
5329 -4675
4969 4148
-6091 415
3858 -7348
1577 2613
-5663 1287
1365 8475
7237 151
9513 -2683
1900 -5568
9611 -2501
-1585 -3718
-9453 8198
-3858 2494
5369 -7444
1602 3825
-2027 4419
-5167 -3429
-777 5603
-1785 8692
-22 -9200
-7005 6274
145 -4937
2380 -9769
-1615 -342
7157 -2000
8003 1716
-87 -707
-4493 8551
-5173 9777
7322 -9125
9015 6429
-3280 -985
-5382 -6152
-7461 5944
-9536 6554
6548 6238
-4979 -2820
1133 -3307
-9929 -8879
-879 9518
1233 -9052
241 -2877
-606 -5134
-1637 5748
-9656 7942
4371 -4315
4700 -6921
-3073 -8910
-9246 9318
9593 3187
3145 -5061
5841 6140
-3447 8166
9287 -3027
211 -3376
-2427 2128
-7028 -8557
30 -8466
-8997 2366
308 8394
-5922 -4932
-1853 -1601
3210 -7502
-4463 8796
5703 3965
-7376 -4871
-5011 -1152
734 8465
-4563 1543
8167 3742
-4131 5648
-9189 -540
4716 -1159
-5072 842
2956 9440
-5493 8957
1076 -9246
-6748 6375
8891 -5715
8250 -1211
7639 4594
-6559 -5405
-6941 -7372
7892 4175
1637 -1503
-2135 9779
2960 7507
68 2398
-6761 -2325
835 8717
-8607 9916
-9331 9063
5437 2469
6755 -6079
6432 4328
2642 8725
-6681 7791
-5861 6083
3978 100
-7683 -7970
-8191 -4385
-3158 182
-7421 4769
-3836 -9370
9348 -461
3175 6999
6061 -5539
6931 3844
-8514 5218
3266 7406
9851 -8362
9429 -4093
-4290 -3109
6991 -6432
-681 9689
-976 9308
3210 4849
3338 9587
-9784 9511
-951 9502
-9780 -6716
-2254 -4055
9789 6281
5220 -1603
-477 -8726
-7088 -1515
8114 -627
6264 -3938
3351 -6177
-2768 6975
6282 -3610
-8761 6256
9563 -508
-998 4577
4079 9780
-3216 -8229
-2284 4299
4301 8251
368 1226
6221 -480
-8275 9891
2985 -7146
-1084 9839
-2617 2969
-56 -4013
2377 4615
4592 -54
9438 3616
-1807 4154
7654 2160
3932 -4008
-5989 -5562
-3591 -4632
6594 8312
1552 6778
-9612 2815
5669 6999
6837 7094
3784 -1695
4292 -2060
-7445 -6273
7394 -3332
-9716 -9133
5021 6832
2712 2198
8190 6396
-5446 -3357
2012 -4079
-2046 963
1461 2326
-4860 9506
-9776 1850
2664 -9192
-887 -9218
-1278 -3553
3895 -2875
3794 1277
2144 1289
1841 7799
-4 886
-2719 -5448
4917 1906
7827 1835
-3482 649
-7026 -4220
-993 7980
3550 -1885
2644 -769
13 -3787
6382 -4522
2603 8736
3733 276
-8436 117
-2085 -402
-9517 7126
-8322 -8369
3537 1485
-6681 6595
964 5085
-9136 3558
1537 3938
-4227 3592
-7177 -1193
8742 8418
-2384 6557
5292 5123
-4602 -6061
4057 2746
-7657 684
-2191 -8029
-6397 -7174
8032 3208
3523 -9140
5945 -8650
4908 -5514
-7855 -9470
4122 166
-7307 -2082
56 -9335
7223 -8566
6557 7672
-4668 6235
2701 -4324
-9920 9389
-4920 5044
-8410 1610
-5182 2404
6986 9622
-5308 -7939
269 2930
7181 -6679
7208 2414
-9669 5024
5689 9901
-8665 4109
1780 6632
6588 -8388
-2712 -9168
-6059 -712
-5668 1089
-7301 -978
-4854 -357
-735 1238
7020 -7869
8783 3957
-9002 -2712
9702 5963
986 8206
8107 -6246
7863 -3325
-2973 -6838
-5226 3363
4196 -6386
2903 5784
-3128 8137
879 -9045
598 3292
-5471 6026
-8123 -6417
-8739 -8451
-1163 -9341
6623 -7741
-9535 2260
9735 -2392
8004 -7708
-4546 7597
959 -1248
2366 3949
-268 -1125
733 -1011
3665 -9675
3617 -8389
-8643 -5737
-2154 -8133
-6584 -6765
-6106 2828
5088 5974
1954 -5763
5567 9274
-4714 1688
3005 7291
-3958 740
-5312 -6036
6560 8409
1118 8142
8467 -2708
2625 -5217
2767 2083
7671 7703
-5342 -5667
7162 -8914
-9219 -1447
6511 2249
5243 6456
-1856 2077
-632 -9472
4989 -5131
-1167 5410
7539 9677
-8462 -886
-9874 2378
-9119 -9996
5809 6472
4175 3648
7981 3479
8287 8833
1106 5142
1111 -7212
-7036 -2383
-6586 74
602 4829
9699 6503
5634 -4410
-1012 2252
-8635 3172
-730 526
4252 -4787
-8316 151
-6202 3781
-2741 5859
8413 -4500
-5638 -734
5775 -482
-9145 9195
-732 8740
3568 -2009
-5507 9871
-4540 3266
-4482 -9874
7020 8169
-1305 604
5817 -3711
-9839 -3333
-9553 7502
7081 -2320
3180 -2294
-9307 9214
-1268 7543
-9543 -9812
8928 3308
-8702 -275
-405 6217
-518 -487
3360 8777
6945 8721
-675 379
-9611 -640
6027 -4859
-3637 -9450
-1770 6474
-2099 -2835
-3622 -4869
-3606 2315
2503 8831
5860 -3149
6576 5152
1368 7158
391 -108
2389 -5430
-6709 -6249
7851 3054
-3865 6337
-4802 8240
-7490 -7839
