2000
-5230 -9971
-2689 -155
-2570 3905
-9292 1813
1171 6880
-9550 -4260
9103 -7692
-4215 -8766
-6445 -9594
285 7753
-1373 9866
3662 927
1187 -771
-4202 -4296
-9994 -50
-21 -2959
-9393 -1503
-7598 -8989
2824 -1963
-1363 -3169
6292 -2285
3745 -912
4043 5395
9522 9530
-8997 -8682
-5096 3527
-1826 3351
-7421 8567
-2009 -6919
3032 2099
-7140 1718
-9785 -3269
-2258 -6533
5226 -3662
3169 -9435
2002 -6138
6671 -539
-1424 -4254
-1004 4435
5753 -1903
-4656 -1
-6650 -5622
-7056 7240
-9680 -350
-4531 935
-7347 7073
-6196 -1670
5518 -3411
2927 1546
5833 743
8327 -3905
5556 -2166
3580 4997
3152 -5869
5949 -7425
6296 2626
7004 -4986
-7747 -6634
6737 9948
4603 -3706
-6633 -7794
4257 7256
-2435 -2829
8717 -226
-5762 -9509
-3413 4549
-3897 -7436
-8719 -4137
3716 9683
-4021 4434
-2941 3385
-7881 -7726
-639 -5938
-2270 -5628
4388 -3903
-1697 -7668
-6691 7755
-5075 -3720
6055 874
1366 -2638
-4368 -9708
-3423 -8327
1257 1735
5139 -2142
-3988 -1307
-7922 -5162
833 6792
-5426 -5803
2291 -9807
-3710 2304
4637 -3322
-1847 8315
-5406 7946
2540 6799
-5840 -5631
-1618 -6095
-701 3513
-4752 4959
-3462 -5723
2970 -5893
-1055 6271
3063 8769
-3313 9778
-6309 7637
-59 8978
-624 -19
2016 -1702
-36 7529
8048 6611
-5300 -7497
-3591 -7793
9442 3083
1762 9429
-6295 -5311
2517 -7980
8292 -9604
9165 -4818
-5041 5075
6432 -4149
-1451 -1350
-7649 -3628
8391 -8355
-7106 4368
4699 -1646
858 -9059
-3130 -6881
6202 -9013
-9585 -3689
4721 1685
3705 -2158
-1762 -2763
2419 5717
791 1123
-9305 -8902
3469 -2777
7316 2965
4611 9541
3908 9428
-2219 -8775
-4112 2327
9168 -7641
-6654 2758
-7211 5369
774 -2517
5325 7510
-1533 -1800
-6084 -2717
-7874 -5394
-575 8429
-628 -7179
5787 -7107
-7567 408
-165 4118
9064 -9938
6110 -8663
-6304 -5049
-8571 5277
4367 -2957
8247 -5782
-4552 -4860
3340 7292
-1705 3915
-7759 7257
9406 421
3243 1666
4559 -1223
9185 2750
588 -9287
-9225 2741
4078 3372
-7956 -9395
5883 7774
-1463 -6527
1413 249
9110 -3217
-5926 6861
4497 2450
3427 2369
-3489 6738
-1596 2832
-4671 -6526
9945 -3317
-2604 -5487
7254 4253
-2376 1892
2498 5052
2826 -332
6863 2101
-7651 -8638
1867 -1725
-4865 -4821
7629 9662
5752 9632
6370 4776
1328 -7738
-4264 -1506
5177 6657
-5109 -599
-6347 -3706
-8094 -4135
-9083 1277
-5334 8125
225 7464
-7454 -8472
-197 6295
-8526 4413
7796 8659
8291 -7177
7600 3547
5809 8381
595 -1073
-695 -4735
4666 -508
5786 7917
-6219 8319
3316 -8587
9538 -1581
-4118 7982
9510 3484
-222 2150
-3438 3033
1692 1252
7797 -5643
-8376 3703
5804 5396
-1957 7433
-3582 -3602
5890 -8932
8985 -5196
-6878 5397
6810 -3513
8627 -9841
8141 -9933
3551 -5491
-9621 -8629
4404 -6671
8302 -3059
5020 -3905
-6482 6098
5214 6644
7798 9322
-4281 -3022
-1954 -2064
2741 -8391
7006 -2969
7239 9584
9743 7536
7603 5865
-5906 -8396
-7025 1154
8204 -5527
5136 -8901
916 -9775
6324 3876
519 4434
3756 5258
-7765 2037
-6306 9475
-5196 282
-8967 6435
9739 -4470
-3214 8272
4136 -6798
-5194 -5611
9264 -8049
-3576 1502
2601 -8813
-8588 -8441
5435 -6484
7951 -8544
6715 -325
-4568 5427
4901 8950
2952 2847
-719 -6574
2677 3985
5977 2741
5943 9464
-6148 3834
5785 -5531
5971 -3164
-1977 -4071
1210 2292
5809 3156
4613 365
-6240 7480
2906 1327
3997 -807
-7961 1527
4953 -3051
-5346 5042
1503 -2370
-2907 -5648
8186 1166
5635 4666
-4778 7691
-6381 5326
-2383 3245
121 4829
-1085 -2854
-5375 -5267
9781 2675
-4412 7531
-942 3778
-5553 1349
-3610 -2269
5361 2822
7174 -8387
2779 -3826
-5440 9080
6770 2134
1180 -218
-3253 -5890
-7341 8797
-336 6869
-8399 1574
-2030 8010
5541 -8618
8881 3558
-5094 -1681
9771 -2952
9870 5017
6630 5132
-4974 -9236
9844 3129
-4738 -413
9369 -9666
-1835 6442
8960 -163
-3295 824
-3881 -1377
-3368 2027
7130 4089
1367 -4107
7933 6010
-6943 6274
1290 7704
6556 -3352
-2588 1641
-5231 -8419
4889 976
1310 32
194 7979
-2185 9475
4020 -847
-8504 8241
267 -6141
7948 1850
7743 -2603
-6594 -686
-692 5676
7100 185
6833 -5681
5960 3655
8957 -2035
8941 -9272
4481 3846
5545 3972
7167 -5325
7549 -6641
-8401 1186
5045 9046
895 5587
-7017 6713
-252 2358
1754 111
-9705 -7224
-2905 -1147
-7493 -9152
-1187 -6946
-2496 -4815
-7249 1474
-4555 -8016
380 8296
-8346 -7388
7519 1650
4416 -3026
-7440 6285
6718 -4690
-8612 -4456
9376 -3535
-758 3143
-8005 -6609
-5761 -9943
-6888 -1776
7130 6773
-1754 4337
-9959 9881
8176 7413
-6255 422
-4208 9830
524 -8737
7548 -9793
-762 3084
-7652 4266
-5549 626
-6232 -8277
-4886 7414
7472 -515
-8571 3074
3567 -5696
8641 8559
8439 -4466
-7054 8682
2824 6614
-9837 -3309
1675 8616
8823 687
-6230 -777
-2791 -1940
-7593 -160
5284 5381
2795 -3825
5660 -5881
7193 3987
8291 -9191
9368 760
-9986 6931
9333 7806
4419 -7040
3372 2157
4493 4582
-1011 -4954
7990 3316
-4904 6481
-3680 -1081
-5700 -2497
7400 -8397
-557 7095
1081 6780
7590 -3364
-8884 3092
3743 6957
8484 -8870
-2189 3075
-1048 6623
4926 -5097
-51 -6555
-9519 -6086
-9606 1660
-9422 -702
6802 435
5760 -5122
-8028 7922
4701 -4798
5559 6774
-135 6011
2968 -9605
-4754 -6393
-9597 5172
1794 6778
-8320 -645
2800 -3281
4355 1630
-2990 7002
-3700 4749
-4816 -2412
2467 -3178
-5257 -5336
-134 8160
4934 9444
9176 -854
-459 -1481
5848 5864
1035 4788
5286 6251
-4395 -7172
3269 6967
2317 -7874
9128 -2377
-7629 9327
-3086 -4573
2249 1276
9661 9381
-8739 -9288
-6123 -473
-7607 6195
-1566 -6948
8916 1934
442 -5719
-5748 -50
6499 -4272
-7306 3579
5705 -233
7390 5011
4337 8553
-2299 -6518
8479 -5029
-5648 -6330
-5617 8140
1387 -4387
-4472 -1740
1312 3780
-566 7683
-4315 3948
-6103 9877
-675 -63
-6485 -9605
3884 5740
4471 -7060
-4786 4994
8476 2528
7499 2915
6585 -9325
8815 -4429
4905 -9033
2948 3922
-2299 -5847
-8164 -5741
8207 -9145
-9269 -2479
-8822 -4176
-59 3777
3237 -1585
1355 -6176
8818 -2293
-6045 -9711
3204 -8986
-8311 -8546
746 3510
4477 -5776
8146 -4349
3525 -2575
5405 -433
422 5361
-3398 7333
-3123 4875
2372 -2219
6196 6818
-5638 -4391
7037 1271
1561 -6820
-2085 -9008
-3833 -1515
-8006 -396
7549 6913
-3716 -9808
-2383 9415
-1019 9810
8891 -3258
-2205 -6877
7998 -4507
3274 4673
1490 4091
9700 3190
-1819 5853
-7247 6736
7728 -6538
1948 4389
-2287 -2385
-5472 3942
4134 -4739
-5325 4533
8063 -4529
5935 7377
-9501 6954
-7554 -6271
8402 -7782
6309 9441
6351 3613
3186 6008
6464 -5469
-2006 5939
327 7913
-4473 9942
7604 -8240
-2979 3776
2030 5459
-9071 5417
2793 92
-2955 -9416
-5686 7013
9231 3212
6373 -7285
-9952 9260
8988 2723
-9025 3234
2893 5452
7085 2690
6352 -3060
-1300 -7389
-9892 3955
-587 5721
4858 2138
-4050 4064
4648 -2350
-1616 2996
-72 -7318
-881 -2386
-3126 -3699
-7256 -833
-7599 -418
-4967 -2560
-9871 5294
-4045 -7883
-1550 6481
436 4655
4097 2279
-1863 -6431
-8647 -1046
-9675 4087
803 9723
-7596 -1291
6323 -5548
753 1523
-9310 -3083
6500 7218
-5342 -3188
-4174 -4747
1092 -5213
-8732 1781
-3564 -6738
5541 5425
-7286 -9468
3207 -2602
-8516 -5932
-2489 3532
-7760 6009
-9540 -85
-8562 -7716
2922 4934
2151 -4151
2661 -579
8396 -9471
-4683 8487
268 -513
6470 306
-549 -9576
-5323 2010
-6872 2165
9954 7884
1416 -5388
-5659 -2536
7380 3656
5940 -5199
9735 -7462
2108 2583
-7997 5607
6136 -5232
-3025 -5881
7327 -4827
5479 -9037
-8613 3796
-474 -5071
-9185 -215
-2331 2654
-9013 -9232
-1767 9085
6461 -4672
130 -667
5592 6122
-1296 3585
-809 -2301
6188 4428
8548 -952
4221 -6838
-2153 5874
3391 -300
8350 2955
-7260 -7084
9292 9165
-6346 409
3214 -9722
-4394 1887
-5060 -326
-4205 9457
6763 -9469
1951 4499
-1073 -326
8722 -1862
1300 -2526
-2932 2943
-3637 -7133
5823 -9542
-2904 -1567
-2402 -7717
2692 -3613
386 4973
580 -4095
5579 9713
9170 5520
9772 -4905
9594 9653
-674 1722
9860 2241
-6565 -1952
-9010 4880
7748 504
4683 1074
9507 7291
9574 -4501
1886 825
-4203 5986
-8110 -4008
-4295 6377
5617 -8811
-3716 -1405
-1753 5388
830 -401
-8161 7573
-659 689
-710 -4725
9500 4052
-4875 758
-1952 7903
-6598 -1647
9178 1342
-2673 9009
-4999 -5025
-4928 2938
7848 706
9301 -5590
9798 -2147
7452 1268
-1160 4349
-4963 -6989
2007 -8098
5954 8048
-1195 1506
3130 -8921
-568 -9427
1915 -9748
9261 2330
-8975 -7038
5900 -2018
-7592 -3902
508 7469
-4679 -4571
6697 4026
-1626 -7228
-496 -742
1160 7133
8901 -8489
6738 -2887
1913 -2294
2000 -133
119 -4935
7396 -2364
4319 3101
-5197 -7859
1960 219
1408 -2788
2641 -3812
-9786 6729
9501 -662
-7684 2309
3162 -996
4236 3476
-5691 2063
-6511 974
-5439 6223
-4992 9210
-3155 4681
1502 -3876
-1734 -8836
5104 6305
-2763 -9775
-3586 -3489
-6761 9879
2937 349
-3622 -3540
9185 5253
2449 -6739
9045 3421
-1885 6758
2980 -3746
-4537 2676
1077 -8291
-2167 6030
7194 -7422
-7396 9820
-6234 6018
-3751 -159
3440 3901
-5751 3209
9669 97
-4651 4348
-8671 -7427
9715 7798
8277 -9627
-3373 -2171
-9495 1256
6686 5812
1841 1582
7882 -5481
-1941 -966
-1228 -9515
4047 1825
-4275 5021
-1771 -2513
-8696 3695
1764 1618
4191 -3346
-1828 3093
3467 3906
-4545 -3552
-8575 -6186
9626 -4040
-8737 -8169
71 1466
-5780 9145
9630 8131
-45 6713
1733 7397
-1396 9402
3096 -6318
9021 -91
-9717 -5141
-8327 3212
838 -1545
8625 8861
-7326 -9987
-4026 -6230
-4399 -3979
-8793 -2763
-3619 5673
7524 -851
-4139 -269
848 1199
600 -8685
-1282 9453
-639 -2583
2276 -2261
-5329 -356
-8181 7670
6530 9230
9243 -5836
1655 9205
-1054 -4784
6174 7257
6650 153
-6978 -3725
9727 7894
-908 2605
3920 575
27 9693
830 -7363
4097 9388
2752 -6895
-5504 8768
7997 8292
-7544 -8975
-6050 -9040
-103 4111
5088 2896
-3230 -3929
6067 5458
3351 -208
-7604 5794
-3632 -3836
-423 -9964
-3605 -9885
-6777 -9594
-2768 -9509
-7020 9696
7987 1728
2754 -5303
-4343 -5837
-8005 6704
-400 5555
-4654 7083
6262 -9910
3603 -8588
-9074 3333
9497 6000
9757 1015
1130 -927
3200 -3849
-3357 4353
7769 -9568
2160 3344
8041 5756
9919 -5087
-4662 -6302
-7027 -8087
-7283 8659
8749 2040
7173 -7301
6032 2351
2071 8100
-886 9250
2043 1828
7979 -6035
-7962 -4757
-4325 -1658
-4594 9808
5563 7835
-3531 -6553
866 9202
-5164 5528
4186 7560
-401 -2447
252 6655
-995 -3229
-1409 4
-747 -5203
6625 7706
-4609 -8704
260 8324
387 -2571
957 5935
7490 9514
-7040 240
-558 -2321
-6794 7547
5106 4278
-4449 -8888
7767 -1575
5197 9524
-473 493
5290 -6213
-4787 -7499
-2482 5635
7679 4325
-8246 7778
7433 1786
1300 6432
-3328 4922
-3678 7981
5528 9835
7833 3249
4362 4354
-7221 -2896
-3373 2128
-7380 -8304
-4517 9875
-3904 -8370
7265 4418
-1258 7335
5112 8665
450 4217
4370 6265
4908 -8251
9731 -8959
-5404 -8771
4478 8979
3332 -3851
3253 -1161
-5312 9832
-8473 -6400
-2805 -2692
-1061 732
-1130 7013
4347 -76
-1412 7612
5550 3180
-556 9039
-5492 -81
4681 -5649
-4420 -2041
-3063 9277
-854 -6221
2618 -6010
-6179 -7602
-281 -8974
-1665 -930
9802 6914
3926 -9006
4639 -1329
3 1994
-4827 -6773
-4014 -4448
9192 4617
8969 494
-7826 3872
6869 -1731
2048 -889
3101 -3986
-1588 -1613
-587 -9357
-287 -8149
8766 -8532
-3817 -486
-8095 6412
-1595 -9178
-2230 1908
-8819 7299
1916 3756
-2030 -9628
4245 4605
-7127 144
-7024 1113
7128 8643
750 9798
-9560 -740
1112 -6117
-4648 153
-6613 3598
3730 5256
6078 -4708
-9079 -4144
-6846 -6153
-8677 -4177
-3805 5070
3395 3015
-6842 -5840
8995 6269
8632 -3866
-4068 6122
-898 3102
6985 93
-9754 -6066
-8748 -3943
-8687 -2646
6368 4983
-9162 -8889
-5041 7289
-6889 -6008
-7217 3
-6983 3027
7188 6178
6167 -103
9752 6182
6024 8519
1620 -596
9498 -1154
2781 -1395
4662 -6536
818 4033
2736 9696
-9193 -2815
-1806 7295
-4992 -513
9490 5026
-1947 -2209
-2311 -3772
6125 -4760
-4858 -2423
-184 5876
-4720 -8835
11 -8564
3762 -1502
1962 -3488
-5734 2144
1840 -3500
7407 7002
8018 6368
-4146 -4400
-9374 -6975
4537 -936
5292 2400
-8640 -7775
3523 1416
1013 -3498
-2333 -6661
-5225 -9987
-1489 -8602
-2089 -7743
4401 -9528
693 5898
6620 -39
-3672 -1901
3700 4637
7662 2182
-8754 8047
446 2198
8145 6538
1675 1806
8308 5388
8727 -7313
-3579 -305
4814 -2778
-521 4932
9125 -3555
-7658 -2399
7562 -183
7917 8963
3599 -6110
9793 5337
3383 4982
900 -8962
-8703 -2451
-6925 -956
-5568 6693
-6900 -8618
4798 -3121
7823 -479
-5548 -389
6057 1022
8623 -6424
7114 -7881
-8919 9906
-6205 5030
4087 8402
3383 -6413
-1653 1190
8739 -5718
7048 -356
57 -8187
-3084 -4800
2079 3157
-7323 -4566
8767 3622
-5356 -2871
4426 4823
-9338 -6734
-3108 5260
4011 -8256
-6134 687
7996 -1903
9288 7249
-4749 -3658
9707 -8254
-6440 -7702
1219 -237
-7081 4197
9632 -2981
-9360 -4404
6446 8398
6941 -4716
2272 4592
-149 7603
-6933 9164
3572 -6139
5680 -3067
-5819 1567
-8371 4967
6713 3154
9173 -8665
4819 -6007
8191 392
-8869 7738
-2946 -8458
9940 -8229
777 -2780
-4468 -9400
8203 -3231
-4068 9104
-7035 -8730
1924 -6776
8512 8645
7332 9827
2980 -9860
-4804 4044
8038 2152
-3736 -9986
-8528 9949
-8510 -2605
2888 2247
-6813 -4850
-4250 -6336
433 -1281
-2177 -2327
2664 -9915
-6690 4509
3153 -5412
-5586 -8179
-4317 4205
-1752 7394
3266 879
4615 6
3675 -6749
4367 9808
2055 5165
-9686 -2746
918 5242
-2318 -215
7459 -4929
-4843 5505
3734 122
8431 2188
7730 607
-5189 -7156
-6042 -2867
-8267 3059
-3214 -9055
-5804 6348
6155 -9540
9347 -7717
-462 1930
893 -6619
3167 -5824
-752 8575
7800 4346
-1812 8126
4034 1533
-7861 -3381
-537 5484
-7383 -3050
-6271 7143
8088 -1929
-5582 515
4697 -3996
-1713 -5707
9945 4043
7424 7825
-4278 837
-589 4311
-1344 8691
6816 -2790
8743 6845
-2816 4570
3774 -5398
1552 -9633
7510 -9889
-1818 5281
-483 9318
-4679 6321
-9386 -2066
-8024 7330
8875 -9442
1395 -6880
7432 -5404
-6714 -5474
1736 -192
373 -6178
-7888 4199
8801 7557
7925 5887
5998 4073
3074 5434
8473 -5820
-9500 -7410
4245 -6207
-8878 -5165
-886 6221
-6938 9998
-1686 -5771
-1245 -5786
7743 1601
5423 -5789
-7870 -1884
-4328 7536
7143 -5349
8724 -2683
-3528 3140
-8960 1798
8109 -5056
-1263 -4738
97 2354
2295 3581
7299 -7068
882 5357
-6709 -4388
7213 9638
-2431 -8966
-850 6357
7613 -300
8072 8543
-4140 4755
1615 6796
2314 2332
7276 2656
7918 422
-3504 -267
-2966 1735
8388 8792
7869 -5668
3666 -730
2628 -5119
-4085 878
955 -6083
7338 8786
7328 2288
763 5410
2205 -3092
-7040 -7622
8755 -5482
8661 -6044
7411 -9608
5848 -4843
-2331 -5556
2498 4236
-2774 -4463
418 -3837
-9239 9854
-6230 -9947
8839 1717
-5996 -8892
6518 9888
516 8489
-9134 2443
-9319 3477
7433 -6659
-6267 9342
-5502 8564
-6992 -6699
-8743 5888
-8575 5506
-8332 -1517
2057 5564
5618 -7571
7867 5828
-9344 8177
8064 -4408
-5920 -9106
3337 2301
-4223 -1333
2008 4018
7080 -3070
-4506 9462
-3517 -4701
-8814 2223
-2272 -2259
6224 -3668
-8104 3117
9267 -1719
-2171 -8766
9411 -9146
-3554 -1515
-621 -8805
3496 4247
-7087 -3564
-5826 -7007
-77 8642
-8177 -8747
273 9138
1360 -1694
6047 1460
7792 -7192
9646 5992
-2007 9688
-5358 8913
9767 5822
-1973 -2226
-1031 -67
-5821 -8874
-2438 -3815
2899 813
3175 5457
-9570 -7179
-4320 8719
-2976 704
-7837 7040
9849 -3208
-3496 9955
-6637 -6786
-7874 4497
318 1726
9500 -4387
9267 8345
-6809 2189
-7906 -6555
7979 4474
-70 4993
-8465 4874
3592 360
-8937 -2785
-2025 -9384
1129 -3053
623 1544
4759 7633
5850 7707
-568 6885
-3781 -3833
-1768 2653
-5159 -4515
2652 1423
-4104 -3064
-8072 4351
-775 9547
-94 -2816
4399 -7184
-6568 4691
-4642 -7626
3918 8282
9635 5981
3687 -1324
-718 5484
-4629 -3160
9493 9222
-5294 7324
-1254 -5667
4990 -8922
5430 8363
-8371 -9361
-2177 -5346
-2530 5257
-53 -4057
-1683 4624
2905 5305
5007 -4045
8353 6261
1744 -1307
5533 1355
576 7116
4439 8746
-6921 5282
6361 -3094
-1011 8069
-7572 1790
-9836 619
-404 252
6195 -2366
-7743 -6737
-7712 -1768
7908 8884
5144 7295
-291 6260
-2386 -3113
-2277 -4759
-6013 -8090
-9087 -4117
2789 787
2576 -9006
6505 -4502
9838 5005
-1023 6669
-5698 -567
2696 -1108
7124 281
-836 4985
2279 8752
5012 -1972
8636 -8013
950 -3654
-1743 80
5963 8658
3165 2891
3885 -1249
7970 -4260
-5535 389
-2943 7808
-2760 3442
-7667 5080
-4640 9937
8642 -6823
-8071 8245
-3728 920
6629 -9339
728 -1371
8709 1299
3677 -7295
5596 4671
-2858 -3159
2581 -520
-6411 -4889
-3361 -9233
7930 646
-4274 3880
7537 -6016
-2839 1086
3052 6178
818 2811
7193 -6956
1673 1167
-7535 -2079
4347 381
-1228 9863
-3297 3664
-6857 9635
-1533 -6995
-6228 -3267
-8901 5106
2706 -8299
-4315 -3175
-8368 242
140 6568
3099 4684
-8552 -5321
9567 292
-8067 3122
-2777 -4247
-4385 -10000
3664 9717
9351 2319
5324 -9472
982 -2183
-3356 -7184
-5483 2081
-7373 9350
3313 3924
4212 -5741
-7337 -2827
5573 -2690
-8678 -5889
-9047 5140
-9108 -3024
-3023 -1823
1614 228
-7454 -9360
-8832 964
-7498 -8410
-5594 5871
-2048 2867
2216 2645
289 579
8559 -751
6423 -5500
1810 -5058
2774 1995
-2866 6854
-6171 3728
-4375 1747
-8025 806
5168 7239
1923 -1758
-167 -9944
5928 8146
1012 7960
4325 -2400
8179 -6772
6198 -5387
-887 -9543
-4601 2620
-1664 -5356
-8503 -8107
9342 5470
938 -953
-6426 -1313
-4075 6634
-5125 8742
-7482 -8431
9715 8429
6389 -7834
-234 4448
-8604 4434
9048 1665
2122 7594
214 1881
-9755 -8759
-6865 8550
7740 -4537
4511 -3803
4885 -1323
-969 8085
-9454 -5470
-3901 3907
2335 -3215
-1048 -465
-6018 2444
-3122 8718
383 -4622
-7029 -354
-4753 -3775
-2533 6906
5455 -4507
956 4323
-9481 6916
-687 -813
992 5404
9935 8345
5972 5259
-7956 -246
9289 -1694
-5529 4717
7155 -3009
2369 5070
-1564 -2463
7484 9062
5967 3683
-7104 -1329
-7007 5143
2058 7574
-3240 -2767
-7363 -8630
-6565 -8527
-9548 -3708
6046 9407
1434 -7504
-9067 9056
-3954 5905
4695 8089
-654 -7864
-8803 -6870
-9467 -3171
5500 7164
6027 -6570
-8997 8493
-553 -1916
3176 1484
6678 2084
-7904 6611
6018 7131
9627 -8138
-9083 -2549
-2924 -5719
-7631 685
2821 -4509
2342 1715
8545 4018
4902 2875
-9975 4044
6258 929
-7267 -8972
6234 -4296
-8492 5909
6241 2911
41 -6396
-813 5979
-6571 3389
7670 3826
-5490 4226
-6563 -9962
1753 7331
5069 5779
-1347 4018
1783 3691
-1660 2400
7149 -1960
7465 1074
703 3382
14 8973
-3703 -3057
-7079 -9946
7164 5484
-691 71
-1983 8554
-7688 7540
8591 1454
-2768 7787
1804 3659
-2650 9607
5727 -6414
1626 9411
484 2875
-3743 2811
1783 -8813
1851 6271
-9955 -8200
-8995 4773
-1436 -9070
9484 4035
1575 6582
1756 -8204
9583 165
-2455 -7291
-3964 5107
8694 8616
8026 -8238
4637 4040
-3149 -1490
3418 -5386
-5395 -7646
-5845 -4732
-6239 -5349
-698 -1119
-7085 6047
6349 -1215
4302 8211
-1624 -1896
4534 3884
-1009 5921
4536 -9431
-3948 1405
-4556 6282
-1488 -9311
-976 6016
-7909 -8071
919 3630
-7999 -33
8848 8401
8168 1303
-9913 -8238
9974 4516
-3659 4390
1994 2070
1711 -9126
-4835 -5295
6110 -33
-3752 1217
5627 -4725
-4989 4761
-9590 -1628
-7999 -2898
7069 1329
3451 -5998
9026 5916
-8601 1618
-3866 9113
7223 -4907
-9117 6196
-9210 2938
7643 2594
-7440 -4045
-9107 7474
-3531 2529
-2711 -9760
-1388 1480
-7697 -2300
-7251 4334
-7944 9372
9009 9921
1539 -8919
-9806 -5872
-779 -8607
7589 -8863
4075 104
-3582 8379
-1945 1718
-809 -1022
-8494 -1052
2909 5660
860 2517
-6063 -4758
9576 3163
2535 407
328 -8368
-7287 5264
9392 -8134
-6741 -3372
-2234 -1388
-7564 -5432
-7054 -8160
7279 -1146
-8448 1001
-6331 190
-430 -3221
-6984 6579
-8180 -9570
3593 -3047
-8919 -4884
-3252 -152
-4889 1409
3275 -538
6090 -1777
-9445 -9746
-5178 -2424
-583 -7009
5566 -2232
-7510 416
-9394 -9162
1339 -3841
-3542 176
606 4355
-4971 1999
7116 -2080
-8512 -3890
7519 -6137
7046 321
8544 4514
8489 6857
-5568 9100
-4189 -6690
4799 7570
-2014 -4902
-4064 -8991
-2831 2313
-7512 -9005
5351 7348
-653 6816
-5265 -9621
210 183
4046 -3777
6544 -2272
-4038 4813
1669 5088
7908 -5550
1481 9822
7392 -2561
2537 -3721
-2711 -902
-8590 -7806
-6811 8179
9247 -2381
-5566 -7740
-7361 2314
-7504 -831
9114 6570
-1982 -9737
5076 5657
4465 3980
-7850 465
286 6093
-6468 3631
9911 1398
-5784 9790
-8017 920
2819 -4374
6967 -1106
1154 2065
-5621 -8600
570 7515
4084 -3125
859 3404
-940 -7898
9803 -4066
-9881 -2754
-2941 -8047
5584 4127
-4476 591
381 9215
134 -259
9088 6085
-5022 -7048
8739 6054
7455 9854
7368 -6883
3713 1745
-4852 5172
-9006 -5428
4227 7929
-1105 -9203
-3529 8068
2194 5955
-3455 -4225
-5010 7718
1179 -9354
-9548 8845
-4482 3988
3762 -4570
-996 -5744
1094 4937
402 -3629
-4736 -1473
6820 5550
7200 -3742
776 4768
2835 -3906
-4231 7247
-3257 -4972
-3534 6036
6682 1733
4298 -8634
5354 -9146
-3715 9816
-2208 -885
-2227 5289
-4619 -7394
1134 8175
7446 645
-9377 -2047
-3559 4645
-5541 1400
2367 9276
-1976 229
-15 9110
4563 4491
5857 387
1242 -1139
2397 4931
-2234 7527
6536 -6090
-3484 5539
3714 -4363
-9998 -8630
3045 1159
-476 -5653
9468 9486
8762 3983
-2068 1834
4665 -3215
-5004 7917
-1696 2948
-8192 -5427
9504 9546
-9208 7927
-8164 991
-3471 -8952
407 2073
3444 -6037
8843 4130
8477 -3512
-4027 -1634
-3930 7944
3499 -1545
8962 7723
9361 1884
-5169 -2322
2252 1385
4651 361
-1713 5476
-3534 9164
-6068 3844
-4084 6717
-9321 4339
2190 -6920
3289 -6757
1609 666
2331 -7017
1438 -8601
-7157 -450
-8567 4120
-8202 -7797
3588 -3736
6625 7771
3246 1959
1122 -1368
-7525 -6567
-9851 5054
3114 2113
5193 -5451
-2208 -4697
9690 2203
5186 -6878
-5479 5741
-4710 344
-5536 1085
3288 -3277
6709 -17
1474 596
-7446 3333
-8035 -1560
1873 7397
2451 -1839
-9727 5743
-9708 -715
8309 9188
1390 -1916
1206 7998
3739 -3425
-9361 9449
533 -7251
3194 -4897
8807 -2458
-8142 -98
-3045 280
8721 -5587
-4470 2641
-5477 593
57 -8299
986 -5204
-2296 349
-7847 -706
1013 -7186
3110 7081
6529 -1528
1221 3750
-7427 782
-7956 -1865
8037 -8620
1660 -6097
2037 -1287
-4926 4101
-1585 7567
9269 -403
8115 8472
-1180 3975
-6731 -4182
-1367 4694
1774 8003
-3526 -4537
9213 2023
-3474 7695
-4170 -8214
-6834 -1430
2473 -2413
-9980 8547
6369 -1770
-482 -4905
4692 -5217
-3025 2507
-3519 2806
-7655 5795
488 3471
1473 4699
-9839 -4017
8006 7947
9363 -6905
-5119 -5469
3102 -1087
6500 1768
4035 -705
-8754 6521
-4664 403
8907 764
-6730 -9973
6555 -4119
-4604 -249
-3057 -7380
-8961 5885
-4412 -7864
-9917 -8800
-5705 -6407
-1875 -6834
2079 2897
-5336 -5053
7963 2299
-1181 -7580
2823 9209
-28 4155
7904 1730
7611 6963
-3286 8179
-9202 -6993
-7388 7378
9514 -8163
-3242 -1800
5514 -6683
-3517 4775
1392 -2641
2306 8562
861 9778
-7803 269
3198 -6600
-8724 5020
470 -6830
-9868 -7100
-8922 -1919
4809 567
1665 -4403
1155 -8859
-659 1179
4496 -8367
-9872 -1425
5935 -5300
-6739 1521
1298 -1760
-7771 7843
-8757 3495
-1486 5428
-7682 -3760
-860 -7295
786 -3829
-9541 3939
9536 -685
456 2124
-2977 4411
6044 9797
2092 -4760
