2000
-6101 -3098
836 -3318
9466 2079
-6 8005
2993 4051
-9466 -706
-2153 5660
4391 7389
1718 -671
-7087 -7122
-1577 624
-5204 -9487
-9351 -1677
416 -1433
-6510 -5896
4727 2093
-7504 -2611
9468 -4437
-2712 -8039
9733 3182
-7525 -9719
9662 -6013
-8625 323
9652 7774
-9349 6814
1159 -3715
-3201 2795
-8882 5955
-1758 -2552
5273 5255
-2652 1732
-7159 -1
9283 -156
5526 -3970
9212 -3429
573 5258
-7035 -8313
2010 3955
1728 -5660
-5126 5382
-8334 2380
-4826 6033
1987 2186
9634 13
-4732 -6050
9403 8627
2347 6337
-3820 -7756
-1726 5350
-4359 -4574
-5596 -2515
2893 6214
3890 -2631
5430 -5098
-9717 -4383
-8283 -9697
6337 -4329
7857 613
-5654 -1677
5994 -8789
9838 -386
-4050 5397
7641 5905
1255 5851
-5003 -365
-9160 6896
6831 -599
6770 3734
-7644 720
-9943 2199
2503 -3639
2032 -4504
6109 2560
-5397 3609
4820 -9546
3790 -9403
5994 4658
4283 -6540
-6968 7355
710 -4463
-7567 -1971
7431 1550
-4717 9264
3704 7921
120 -2360
7722 3761
9257 -3657
8903 -247
-6639 9086
-6739 -6495
-5898 8182
6560 -9229
-2048 -6184
-5109 842
-9900 984
-7266 5601
-2849 -3746
-4483 -9836
8085 6155
-2485 -7059
-9578 1925
-8012 -4764
4989 -6600
-7515 -9110
-1883 -7929
-6027 -533
238 5940
9757 -9468
5095 8191
2895 -1632
-6031 8916
-4831 5629
9514 4841
995 4407
7348 -8681
6965 8511
-6254 7771
-8830 8954
-6436 -7544
-5473 -2624
-9436 1681
1342 -1500
2753 4523
6434 4819
-6814 1568
484 -671
-1322 -2845
-8005 5653
3781 1913
3232 6712
5222 1128
2619 3917
2870 -7312
-1135 7510
-1393 -9845
5557 3392
-4388 -829
-6307 -3102
-8284 -7915
3654 -9873
3177 -5097
5779 -2142
-2769 -4425
7488 -8505
8207 -8989
5861 4440
-1643 7149
-6443 -1521
-290 -5053
-4898 2423
-465 8317
1208 -9341
1278 5148
7233 8622
-7531 2995
-8382 4607
-3815 5646
-8779 -8883
-7388 3417
4428 -7571
6870 -5461
-8313 288
-7512 -4774
3894 -1034
-8612 2198
514 8997
-6624 923
-209 -4558
-5937 4654
1369 -2976
-4649 -3467
-7822 2987
4105 1537
-5047 -2880
3271 -9563
-5023 -6899
7111 140
9087 385
9351 9599
5517 2980
5697 -5541
5383 -3970
5193 9073
7448 -4827
5918 9256
-4212 -1184
-8197 -8731
6527 1688
8808 9629
-9935 -4800
-1699 5799
-341 -1237
9149 -868
-1270 -1255
-4554 -7781
-3321 -5754
3997 -5137
-2343 -4218
4676 -811
-1555 -4896
3920 594
5584 7954
-359 9444
9072 2110
-8970 2170
-2032 -7142
1621 3052
-7816 7628
93 4490
-9570 914
8882 5539
-5877 830
6612 6599
-4212 1780
6884 1287
-8120 7954
5907 803
3968 -8816
7015 -4452
7718 3039
5897 8045
1097 -594
-2967 1239
-4272 3281
-2085 7127
6386 -3842
6988 517
-2884 -9492
2288 7320
-1393 6625
4578 2892
-2584 4208
9114 4205
-6527 -8617
8143 6128
7894 -8810
4318 7761
-1001 2711
-288 -8650
-7803 8448
-1673 7627
1865 8584
-7188 -965
-3645 8981
5605 8822
1713 8683
6611 3903
-1893 9129
-9489 5724
5573 1581
6492 -7625
-9865 3466
-3824 809
5881 -866
-2419 9609
7235 8078
-9619 5908
-1336 -901
1800 -6806
-7985 5019
7422 -2596
-8694 3728
6578 4032
3477 3135
-5285 -9191
-6816 -951
-3765 -8794
5737 -6681
2453 6132
5740 1617
3415 -6245
-6617 6695
-485 3797
6991 2047
786 -8686
2440 -7274
6454 -1793
-7761 3746
-3120 6752
7562 9437
-1515 5316
-9757 -9255
-5935 4720
4572 5980
1317 -9762
-2286 311
-2995 -5269
8528 1098
-3135 -9760
-8445 5518
8244 -8628
-421 3995
1461 8419
5170 5539
4975 -7938
7378 2731
7198 -2820
-8101 7621
7321 -5017
-4779 -9809
502 -1363
3369 2936
-2246 -8772
-8532 5617
1135 8340
9712 -3256
-5541 3099
5238 -709
-1450 9642
-8297 4129
580 -6475
705 -7199
-5857 -2223
2760 6326
6517 -8537
3822 -8298
8359 740
5689 911
-3473 -3888
-1828 7157
-2378 -8618
4482 -2116
-9105 2081
5443 3440
-2432 3166
6691 7146
-6332 8149
-354 1117
1163 -2189
2995 -7594
-2171 1400
-7861 -3184
-8553 -3813
6020 -8452
-7574 -2025
-643 -5809
5796 48
-4151 -2441
-5280 -9589
3578 -8708
-7842 2288
4157 3989
-1174 -4174
3637 -6197
-70 9989
5110 353
-9111 7759
-2334 -9031
-7482 -7663
4033 -6315
-2124 -5056
8713 -6611
4670 -2607
-2196 -5439
-426 9390
1677 -8619
9092 1733
-8721 -445
7079 -2083
-2094 8638
-1010 -2992
-1513 -3264
-2295 -121
5937 6153
9838 223
8888 -31
7080 1434
-7453 7600
-4118 1749
1138 352
5454 5456
909 -3465
6090 4545
-7538 2189
826 6889
-6104 4089
-9176 9816
3415 6104
2256 2250
-3806 3073
-6959 5814
969 -4919
-7319 -9880
1869 3516
-6133 2284
-2261 -3273
3263 -6958
7587 -7631
4558 3073
-38 -9952
7858 -4617
-1081 7579
3683 8682
932 -3946
9127 -341
-806 7126
-4073 -7832
-3991 -9838
3678 2329
-5388 -8401
-1674 -8734
-5692 6073
8442 -4691
-7897 -4385
-4336 6720
-7898 5786
3364 -6479
-4076 4742
-9205 767
-5853 -9424
-8578 9923
-4189 3341
7224 -2651
9679 1820
3419 901
5888 -1989
-5917 -4534
4496 -6084
-468 -3755
-7036 6599
2384 5196
-7563 -1213
-6472 -531
-6044 2082
2658 -1955
-2033 -1897
-4836 7801
-4850 7499
-682 -7613
7010 -1451
6560 -3542
5645 2897
6814 -5636
4330 140
-3261 -3655
-4739 7295
-3919 -7157
6033 1419
-6499 3331
-8625 9990
1813 9880
7681 3063
561 -9302
-3194 -3449
5100 -6401
57 -6185
-9567 5380
-6536 -4299
5842 7247
-2688 7795
8810 -3699
2865 6294
-2288 -1389
-8059 -1102
2608 4934
4814 -2963
-9901 -1859
-1161 6215
-7235 660
4260 5646
-6819 -8415
-9315 -1963
3739 -6386
-5419 -2129
-614 3301
9602 1893
1907 -1805
6806 6187
-4916 -6660
8274 -7532
-495 -8588
-446 6808
3022 -395
-6015 -7887
-8521 9508
-8908 8245
3 -5339
1996 -4501
3370 -2538
-9238 6578
2191 -7245
950 -5916
-9730 -5902
-2562 1476
3944 -924
488 -4289
-3760 -2830
-9505 -9959
-7845 9262
8770 -5520
-3554 -2645
2016 -6418
-919 6449
-6090 -5988
-5690 -3829
-1074 -1607
2477 6501
-5681 -6404
5073 6468
-4457 1757
-8811 2737
-6373 6032
6073 -2571
411 -5878
-1397 -8052
3025 2901
-9796 8770
5218 -4960
2773 -715
9178 -7152
1241 7083
3584 -1897
5421 -2562
-6095 7903
3381 4214
-3050 -551
-799 8291
-560 4299
8421 -1006
943 9851
2752 744
-487 -6033
2728 6677
-318 -1549
1299 -778
-3696 -1141
6963 -3740
3698 -6392
-4768 6104
317 7604
773 -7667
-9377 -9013
5286 9974
-1033 63
3634 3707
-5550 -6370
1318 106
-3218 7685
-3865 -2233
6989 6465
-4677 7435
-6306 -2987
4343 -3994
-7891 -8887
8717 9575
-4372 2426
3414 3210
3183 -28
-9966 2420
-3874 -4130
3222 3668
-2505 4298
1982 -5461
2306 4277
741 -8163
-7008 3015
-9972 9786
-4209 408
1521 4371
7666 1622
-2232 3958
-2833 -2986
6986 -5098
7323 -5930
-60 -9260
4408 -6552
-8534 -6839
1422 -4377
9901 7169
9007 -2552
-9537 4362
4147 -4281
6127 -5788
-7697 -6341
9002 -2353
-4675 -6311
703 -3231
1672 2492
6562 1409
2149 2715
9884 223
7105 277
5901 -8650
8519 -1474
9696 5801
162 -8755
-3035 -9842
-1909 -1970
1689 -3188
4460 4115
7804 690
-8821 9785
5998 2227
-6365 6572
-714 6280
223 5784
-219 -830
520 -2672
9575 -4319
-8519 2759
7726 9270
-6852 5365
-6606 -1589
5223 1239
-926 8804
3214 3403
6909 -3123
-7176 4393
965 2906
2906 -3541
-4037 -9750
-580 -6871
457 5745
-4854 -6340
-9860 3752
3022 349
-4287 7866
-3 6170
1130 2828
5352 -4781
-7657 -9797
802 -1435
-3322 9252
5878 3626
-6194 -8637
-8386 -1217
1912 3490
-766 4755
-7864 -3911
9842 8102
-1550 -7724
-6138 6584
2753 7884
711 3859
-7202 -2397
1528 -217
8348 -4859
-5608 -3950
9676 -1254
110 -6010
2774 -2798
-9308 5445
199 -1594
4496 3647
1748 6056
-7948 8058
4641 -9803
8081 -365
-2786 1114
-7562 2512
-3985 13
8875 7687
-6264 -5638
6830 -3012
978 -2868
4335 -3061
-7617 -2528
5879 5027
-1327 6303
2359 4095
5873 -5858
-1940 8132
-2233 513
-4653 -138
-7627 4981
-1286 -2215
-4529 -1611
6472 -2411
8298 2928
-9940 3301
-6040 -725
-9532 4395
3142 -3657
-7354 6347
4162 -4465
-323 8726
6857 34
-5733 7738
1320 -1656
-6675 3335
-8880 3693
-4198 5760
-2931 312
-6760 -4005
-6984 -4634
4642 -2979
-8585 -3023
7041 5110
5177 8278
-6188 -6593
-7868 3059
-6908 3490
4948 -7290
1054 1080
-5586 -3733
-6320 8100
3860 -745
-6712 3204
-7081 -9072
-3705 249
7270 -344
-9647 -5343
-6513 -7595
-9318 7395
-9199 -7616
5443 -5506
-8296 -3345
-635 -7745
3335 -9628
360 -5861
-7761 -8531
4446 4041
965 9820
-9253 7734
-2018 7605
-2740 763
5420 -4749
-2344 -2386
-1271 -7373
-4989 2059
-9727 3251
9906 -9547
-7292 -8022
-7650 2991
7131 9764
-5046 6432
472 -6910
-7091 9400
-9147 -4843
-7239 -6344
8141 -1165
7807 21
-8645 3560
9909 -817
-8759 84
-2944 -5081
-906 -8486
-2787 -3039
-6327 5523
9008 3285
-284 -5476
-2386 -6039
-2919 -6092
-935 523
7900 -2066
6769 1826
-4433 9761
7042 8296
-2522 644
-5552 6950
-8132 -1281
3954 1504
-7814 4683
206 -8833
4452 -4141
383 -787
6895 -2112
1796 7997
2240 -6025
1909 -9140
6407 3860
3621 2398
4414 -4306
6338 662
-2389 -8109
4331 -9214
6011 3200
-2117 2005
3172 8197
-2224 8089
1022 1344
9232 8159
9876 -2084
1891 1027
5608 5836
3417 -2480
-6362 2014
-8571 -2963
-8581 8052
-6337 7767
-7727 2751
-4050 7994
-2 -7995
-9799 7554
9363 -3109
-8045 1699
-143 384
8300 -5092
5935 3454
-711 3911
-4849 5264
998 -7295
3463 2510
561 2427
3915 8603
1353 7945
9659 9909
-8087 -8976
8578 -343
-9732 -4164
7535 -8339
2045 -7777
-2869 1112
-5435 4066
1697 -3213
-4229 7576
-5999 6849
-642 6769
2917 7465
6067 -6360
-4695 552
460 1141
2165 -5036
8342 6095
-4349 4463
6124 8610
-5447 -6815
8018 1890
-324 5406
-4087 -7417
-6121 -8628
-8059 1684
2173 -2120
-935 5021
-7619 -4911
5641 -1147
9994 -2314
2650 -178
-4084 5879
341 991
3321 1567
8473 -3535
-7925 7875
3280 6490
-7207 1751
6844 -7087
4597 -3328
8274 -7494
7527 -3231
5580 -2662
9912 -6372
1314 4941
-5238 9905
9504 -6036
8676 4399
-314 -155
-9970 1997
3592 1879
-1631 -4174
7577 -3129
3505 4883
-8445 8141
-9354 -1899
8591 9829
887 8173
-8200 4170
2832 799
4424 6836
-5480 -8686
9435 3928
-2507 -6805
8913 -880
-9001 -2477
3349 2504
-6905 3089
1692 4646
2786 6600
-5300 3247
6796 3433
5326 -2988
-5098 -2317
-7798 7127
3962 7734
9049 6626
553 8482
-4603 8483
1323 -8234
-711 -5690
6814 6043
2852 -3642
-5276 9910
6509 -5456
7791 7511
4664 -5070
1942 8308
-289 -11
-2885 6844
8299 1913
-1462 -5203
-3001 -8933
9550 -7188
-5422 2397
-9573 4593
636 7589
-2333 7241
-9130 -6513
1752 2392
3623 7380
-3970 3264
1571 -1714
8275 -8308
-7744 -8719
3194 -889
7629 -9446
-8379 -4548
1985 -5372
-9255 -5109
9485 6564
7873 -8828
-7867 3841
-8952 -4461
-8349 -6996
-5896 2801
-3936 5274
-6441 134
5547 7635
-7364 -4445
4666 7803
8358 9551
-4998 2294
-9358 -6301
-1409 6988
7272 -4892
1 1796
-4364 8865
-1876 2135
8860 -3316
9485 -224
-1230 -7037
6818 -731
624 6051
-8395 2364
166 3260
6531 9992
2285 2244
5944 -8467
-7759 6649
-8244 -1745
-9950 -6767
-7903 1758
-2387 -4314
6091 3942
-6283 -3528
-565 9297
-1435 6209
2259 -27
-3943 -7090
9891 3864
7576 6223
2188 6422
7955 -140
229 1852
-9894 -6084
-2851 5707
1185 -9844
-437 2967
-3092 8798
-4731 -626
-1330 4347
555 8425
2118 -9044
-2413 -3466
-5882 8175
8118 -2523
-6102 -8307
5274 305
-7844 -4427
-511 -4497
-5070 -7738
-3861 -9642
3325 6115
4912 9423
2518 -6046
8301 -6099
-3954 -5092
-415 2576
-7170 8164
-9942 7172
-5351 -3052
-1359 8176
-1519 2268
7842 -2365
6859 4358
-9659 1051
1410 -8212
7903 201
-376 -1545
2409 2814
-9565 -4138
770 4430
726 202
-1635 -9645
7527 7277
-5776 2144
320 -4104
8165 6586
-5779 -7479
6879 9727
777 -5200
-3411 -9060
1142 -4093
4363 -5509
-8974 -5514
348 492
-1357 -4818
5385 -8883
-4807 -6911
-9634 -2530
9615 -3559
2337 -1689
-1382 -66
2455 4222
3948 6560
-8641 3054
3995 -1554
8074 -2052
2440 -4864
3343 2436
-3351 7187
-7632 -6310
-1472 9013
-4178 7753
-4777 7443
-6117 -91
8221 -5163
8492 6220
4163 -3162
-6603 4667
-2280 1831
-9724 -5244
6426 -4565
4292 -7929
8228 2586
-228 -2366
5045 -5124
-2391 5861
3614 -2706
-5264 3432
-6660 -7443
1115 -1381
-1441 -4719
2119 -394
-5728 -7279
4553 9237
-2286 5713
-8852 8550
-9380 -5861
6725 5440
-6926 8849
-2555 -3504
-7644 -8161
-867 5055
2207 9691
-4032 3869
-7513 9268
-5451 7083
409 1047
7489 -9612
-6654 4681
394 2041
4312 1060
5199 5263
702 4932
7501 1923
-7861 7497
9337 -1333
-6279 -1784
-2093 2190
-3941 9649
-7364 7596
4679 2267
-2966 906
5016 -4913
-6511 -5477
-9716 8362
-579 7604
2866 4596
3249 -1660
-6017 -2712
-5215 4470
-6864 -3878
4338 -2158
-9969 578
226 -4035
-6439 -3910
-7922 6584
-2511 -8040
768 -888
7356 -7496
-5414 4257
5581 7641
2236 4007
-3933 2167
9456 -795
-6325 50
6172 -2039
5803 -3189
7390 4231
-6084 9555
-4355 1336
-2081 -2523
3158 1444
-9445 9130
-8367 -6074
-8097 -8368
9273 -3780
-6053 7485
-349 1508
-5566 15
-6215 2827
-9213 -1891
4920 9958
7909 6590
6145 6030
-2634 -8176
-698 -4490
-9326 9006
8135 -3820
106 -5050
-3418 -6511
3430 2010
-506 -4146
-8917 -8903
4833 -7135
5693 -4483
3626 8619
-7704 6480
6791 2266
2017 -9796
-7972 6656
-4114 -6897
-7892 5051
-8769 -3440
5231 -6036
-2547 5058
-2933 -8187
-2333 -5397
-4300 -9719
-3132 2471
7988 -9467
-7128 -7440
-7240 5334
1321 -4832
-4628 -6729
-6353 -6663
-3560 1121
-3828 3254
-6466 2269
6233 1124
-3819 8766
-9422 -2594
2009 6970
7251 1966
-5563 -8570
-8037 -2161
399 -3855
-8521 -1444
3724 6881
-9849 6521
9858 -7184
3937 -2480
-9227 18
-7714 -6171
8674 -5692
-6927 8520
-354 -5145
-4455 -2628
9338 -8345
-6915 -3484
4356 -2505
3641 -1231
7325 -1525
-4645 8841
5361 4769
7585 -772
6748 8939
-1044 1521
5351 -8759
-4451 1242
3482 4024
-7401 2343
9715 -6872
-1496 -1856
8382 -7227
268 5310
-2201 2737
-8789 -2371
-3531 -4877
-6388 -3433
9516 -4450
-5512 -8804
2717 6263
-8776 7165
-1593 1788
-467 -3226
-7163 -4391
2458 5853
-2282 -3727
-954 -9039
6271 -3901
8836 -6966
4385 -2210
6634 -9954
334 -5426
125 -9755
-8559 -151
-168 8334
5499 7880
3388 1057
-8449 -2374
3235 -7080
-7506 -5612
661 -4307
375 212
6311 -6573
183 367
8157 8867
-7367 -5433
-859 4791
5036 2968
-3463 9266
-8680 6478
8078 6370
1147 6819
-5556 1465
8107 2698
-9194 7679
-2908 -9400
4533 5189
-7664 7468
-2166 4564
3430 2519
7086 -4010
-5499 6063
2751 -52
2934 9538
9736 9289
5658 4254
1072 7813
2998 525
-6778 9237
6916 1104
5425 -2251
-3342 -2272
-4805 -43
-5480 -1005
-4766 6750
-3539 -8330
7734 -3959
5989 962
499 484
-228 2643
-3103 3955
5488 -850
9675 -8311
-9074 -1514
-6690 -3383
8088 -8438
-710 -7544
2413 -5255
7461 8207
4956 -9346
-7676 -7305
2457 -8584
2379 -6222
7984 -1555
-8913 -3402
-9447 -2245
-9374 1705
3395 9762
1968 -9700
639 8042
9604 9000
-8545 -1274
7192 -1107
-2901 7589
-8037 4653
-8932 -4224
-2808 -5712
1787 3525
-4310 -6709
-110 -230
-8754 498
-7797 4164
3925 -8128
-4107 9319
7360 -386
-1387 -9748
-1022 -9317
3297 68
1377 -109
-5457 -5883
-107 3341
-8651 -668
-7144 7085
-9624 3136
-3373 2267
-7236 3987
-1850 -2127
3466 -1312
1727 -4205
9130 -6921
-6668 2807
3490 -2258
-8470 6031
-4079 508
4625 2908
-3752 4185
-6484 -5483
-4678 1318
-5547 93
-7641 -4302
-6595 4801
-3606 -1155
-8747 5276
-8929 9860
-3340 2981
-492 -9800
1664 -8
-257 -3281
7227 3194
-178 5665
-151 1851
-9912 9791
1108 7087
-2821 -4590
4830 9283
4083 3260
-7896 8235
3511 -5802
-5943 -2922
-6221 8303
-7777 4438
-1850 3288
-9994 3887
802 7894
7279 -9047
2804 -5656
-5865 848
-2066 2892
-7978 8964
8246 8835
2094 6852
8808 6050
-9753 7919
-5004 2318
4341 -1975
-7537 -1224
-4216 6564
4172 613
-1494 -489
464 -5027
3038 -4216
6633 -3012
-6400 7173
6137 -1713
-2879 -4378
-3805 8103
4152 9215
7133 -4998
7320 4399
-3855 -4150
8347 1660
1944 -1392
9221 -5870
7362 -3885
4809 1448
-9048 -2175
4813 -2153
-1260 -8695
-407 -7867
-2245 -5124
-7021 6714
9650 3950
8952 -9149
8972 6782
-3648 9992
5372 -4884
3724 -5302
2549 -2684
7152 6665
1833 -90
-8545 5682
-2751 2786
4091 9989
-7879 5989
-5414 -6317
-9603 -123
-2453 1286
2137 -9954
-9452 220
211 1108
9945 622
9041 -696
-9660 3668
4054 5311
-4780 7492
6894 -4114
8672 397
385 -5858
-6148 2763
-9834 2507
-3896 -1562
-6556 -5716
-1949 7372
-2409 9302
4131 -1400
-7058 -8477
827 4075
1464 -8018
7293 1167
2379 -4483
5124 -3766
6631 -727
3415 3796
279 736
-3037 -9013
3146 4166
8451 3067
4160 6590
5892 -3499
8822 -8250
-6727 22
-5904 -8237
-6254 7821
-1013 9281
-5203 -5241
993 -8634
4360 9922
7438 1344
-7920 1495
2483 1437
-4398 -957
-4169 -4372
-7782 -5948
554 9991
-4539 -8170
5573 3096
4860 2456
276 -6611
-7330 -7674
806 9264
-5650 -2533
1109 -8201
6864 8710
204 2267
-6297 -7336
1708 -3593
2036 -694
7079 -8741
-8751 7975
9805 -2368
-5551 -3290
9166 9098
-7514 9309
-4645 3163
6147 -4844
6345 6161
-8320 -9504
-7074 -2547
-6559 8545
-5071 6851
-6742 -2856
6450 6637
7896 5294
6989 3529
-5119 -7135
3297 -9487
9611 3051
2359 6183
-655 -7904
-2747 -8566
7596 -4509
-292 -2682
8492 -7004
-4739 6355
3206 -8068
-923 191
548 6464
5478 -753
-3504 -1556
5030 2466
2979 5099
-1851 -1674
-1770 2589
8406 -5771
-4337 7575
-3213 -621
6697 -3021
-24 6495
2850 5189
7121 5237
-852 -224
-3761 -82
-7114 9697
1861 -8284
7903 -618
-5520 -3110
8938 881
-2810 6351
-9421 -2833
-5259 -4405
4975 -37
6943 5249
5465 1671
580 639
-404 2035
-8190 1422
-4940 8745
-7839 1770
7207 -2054
7329 4022
-9089 5109
-290 -4471
-4400 -6431
736 6900
-7506 -3821
9864 9199
4447 -8811
6582 -9474
1165 -89
-4334 -2839
-7697 -5519
-3054 -2524
9246 -2636
5310 -893
-6872 -9828
5281 6359
-4391 -2239
1330 -5010
-8111 1209
-8891 -7934
-5015 -1895
3015 -9028
-8502 -6848
6785 -404
-9522 6384
-9136 -7550
3648 -7219
3866 -2189
6918 2893
6787 -824
-745 -6233
1528 2067
-9222 4864
-3927 -3422
2365 -3612
8214 -2818
1875 7350
-9498 1229
-9176 3373
3477 -8993
-6543 -8698
-2195 4341
-4128 7105
3719 -8330
4567 -3489
278 505
-3708 -6178
8686 -4474
2104 -2930
7180 -5242
5661 -1810
-4461 5393
-3379 -2465
-5372 -238
769 1167
6190 8105
2446 7948
5052 -6006
-614 -7962
-1451 -1230
-7005 -6048
-2226 8827
-1927 -712
-9922 181
8660 -6102
2088 -9022
6372 4321
-4424 -8653
1110 -3287
7880 205
-1691 -4401
-2733 4070
-8216 -5525
-3486 -7681
4810 1170
5123 5063
7611 -8474
4535 -3383
-9482 -4317
3302 4613
5592 9179
7220 -4611
-3263 5684
-7604 -7205
3000 -8433
887 -9724
8067 -4970
-495 8155
-9527 9851
1021 6019
1082 9004
-9471 -136
6481 2413
-8184 5064
3398 -9280
9899 5119
-9493 2710
-1607 -9162
-6367 965
2532 4510
4786 -9646
-895 -6581
-4706 6573
6424 8610
8350 -512
-1509 -2556
7308 3152
-4436 2742
1526 7509
8229 -2620
-7502 -1356
-8647 -8153
-7315 -3273
7692 3467
-2023 40
4115 224
7364 -3517
-6944 -6781
-4451 -3622
5866 9480
644 -6102
7050 -1923
-5461 1672
-820 -3666
3715 6066
-5291 1130
2977 9934
-3340 -216
-3029 9384
-577 -5648
8297 4948
-4848 -2742
4198 9381
-4242 1929
5129 9747
-6355 -4656
3421 -4228
7444 -5585
750 -8319
7747 344
-8527 -1815
-1882 -3824
5960 4451
7555 8500
-3428 -3348
-8401 698
7956 -1411
-2031 472
-3879 2153
5620 7448
-3488 -8751
-2979 -7015
-2599 -6347
-4666 -1815
8530 -8129
56 -3199
2978 -6277
-8106 -8106
-9607 2658
9310 9449
146 686
9275 -5370
5102 1822
-2305 964
-1589 -8777
-3807 -6685
-3700 8644
-7703 6936
-4880 7422
-6987 1352
8154 -2630
4815 6790
8685 1131
-6212 6709
6158 -7202
3485 -3181
1449 24
-4433 6480
-2556 271
5215 3262
6577 9576
8220 -8592
8344 -3402
-2260 -5763
5589 -2816
8276 754
-2457 3742
-5128 3090
3519 -52
2747 2382
9201 3397
-6579 -48
-3569 4370
-1639 -1012
-4030 7596
7172 -6424
-1295 -7453
2866 5391
9628 769
-8327 -9395
1359 8937
2679 9949
6759 -7377
2571 -8729
3653 278
-2605 -962
8990 6574
4664 4537
-6476 -858
-3263 -6975
-3399 3216
5763 -6092
-6981 9027
-205 2349
2954 -3633
-4696 1468
5138 -1966
657 -8297
-7026 1896
-4106 -6773
5987 -9652
-9358 3290
-2174 8697
-2162 5307
-7948 5072
-1713 8297
-4075 2374
1400 -2230
-9882 2666
9033 -8806
6383 6793
-5174 -1943
-240 1520
-2863 9204
-7569 6456
6804 6752
41 8418
7114 -8834
-9807 -8412
-9620 -1327
690 -7755
4619 2388
-6122 6615
-720 -261
4654 -2283
-5491 2034
-6189 1037
-3723 3057
2260 7293
3748 3414
166 8412
-9451 4272
5438 -6073
-764 -8616
57 5632
-8403 -384
-4276 -5533
-5198 9938
-324 -398
7319 4083
-163 -5670
9088 -4451
8606 3648
4661 -4636
-7501 4586
2998 -1592
-7321 6386
-9688 3547
4931 -8162
-8810 -451
-7115 -1292
3175 -7213
-3555 -1390
8212 7978
5781 6122
-5828 9252
-5200 -662
-3294 -3020
6065 -2874
-8289 -8633
-225 8564
4949 4709
1977 6176
8014 8983
2252 -3093
9337 -7076
-568 8858
-2533 2511
4209 5878
5720 -600
2372 -11
-6953 9892
592 -9108
-1982 -246
1121 -3344
-1059 3450
1880 -5384
-9209 -2390
313 -6144
4484 -7475
-4551 -7436
-8578 3820
52 4882
4480 2610
-4270 -5740
7971 199
3811 -8178
-7286 -8983
4492 -5598
1058 4453
-2097 -4388
229 -6281
1330 -6497
-2641 4741
7267 -8358
-2072 -4437
9384 -3564
-4962 3071
-599 3156
7416 9518
-284 8853
-9326 9107
-9876 -6474
-2072 -6611
-8438 4616
-6051 -7293
147 3186
6689 7899
2639 -8524
-3160 -2232
3332 3626
-9938 8489
5280 6436
-409 -4900
-5382 -5320
-2747 727
-166 8055
-8419 -2072
5038 3679
-1706 3230
5937 6600
-214 5964
3862 -3916
1281 -3526
7964 222
-6153 -8159
-5950 1295
1451 -2370
2731 9330
-2269 -5238
5489 -8931
-7156 4984
-7089 -4678
9001 -5575
7656 -8331
8270 1016
-3021 7313
-2883 -1945
8250 -5438
4784 -7881
-6040 6213
1228 8631
-3739 1732
1061 -3601
1161 -7288
-2498 -7488
-8783 -3350
1972 346
8493 -2151
-481 4694
-4291 9869
7181 -2212
9564 6409
-9030 -5702
138 7813
7747 9475
8106 4098
-450 2695
9095 -1913
4520 -5668
-3156 255
6905 -4258
9809 -1939
5911 2598
-2709 8301
8169 -4571
6938 3000
3129 5350
-6632 6501
8034 4100
3574 7227
5045 5780
-1525 5400
-2793 -5405
-1073 1290
-8456 -8274
1189 5771
-2447 -7830
4768 998
-702 -2816
6334 -7942
8779 1188
258 3271
3492 1907
-273 7347
4573 1525
1026 -6699
-7579 -383
4212 -6779
4511 -371
5076 -3141
-7370 9776
-8055 -3735
-9017 3904
-5192 -9567
-3788 281
-8532 -8859
8133 -5010
-9382 5447
2793 1624
-3131 345
7367 -2635
6983 -8385
-1443 9789
3138 4915
-8226 -6933
-3436 -1787
8199 -1875
-7972 2230
2664 9182
3184 -3164
1698 8876
-2413 8373
3820 -170
-8547 -1795
-7730 -3388
7699 2043
3659 -6642
-3133 4681
3316 -7785
-996 -9996
1938 5090
-6786 9289
1518 137
3039 -1037
9520 -5819
-3222 -57
-1684 1217
-5233 4365
-3710 -4144
6189 -3780
-8016 2281
5639 3887
2288 5643
-8422 -7495
-7491 -4396
-9307 4303
3591 4448
-1695 -2371
-9688 -4891
3011 -4936
5008 9833
4770 9789
4153 -2956
2900 9538
-522 -5837
6445 -912
-3304 1462
825 5804
8310 8984
-1692 6125
427 -5461
-7293 2723
-9649 -5982
-873 1012
9798 -9337
-5784 -4142
-4353 4805
-8152 -7293
-7756 -6480
-2316 4748
-2444 1722
-3095 -2151
-6348 4252
6957 7730
3854 -4318
222 -4736
7987 -5719
