2000
-8470 8704
-7343 1509
-7991 -1913
7851 1316
-9040 9153
3167 6799
-3991 -6843
-8731 -4037
1336 7485
9107 249
9831 4944
4308 6543
460 4571
9193 -5940
-8812 -5122
-6418 6021
-2471 -7282
4526 -40
-5004 3260
6133 2377
-825 -4043
2835 3021
8984 8905
-9891 7826
-1926 4040
2705 9216
9479 1626
-3804 733
4793 -62
4817 -4611
-4870 9702
-3860 -7881
2079 6380
-361 -9334
6764 -9204
-3247 -4228
8793 -341
-1437 9588
7413 -8504
9258 -1328
1608 -792
-5446 1962
-7306 1087
-8976 750
9860 -8793
-9091 5841
-8320 -5011
-8631 -2951
1436 7481
8277 4729
-5779 -1801
7858 -4971
-1663 -6987
-1769 141
8813 -529
-7601 1209
-6830 4142
-4772 -3047
7703 -415
792 -3748
-4186 -8717
-3728 1701
-7529 -2506
-5026 1362
-3909 3907
-4173 -6750
2000 312
7047 -2595
7547 -9663
3529 -1002
-9794 -9921
4221 5928
-7120 -2903
6682 9449
-578 -5697
-4414 -2527
-7105 5236
-7271 5580
-3059 -4634
9273 1425
8396 6753
786 -4901
2505 396
4454 1553
-5729 3772
3851 -2018
-2370 -1802
5295 1793
1241 510
8534 1976
-6831 -9338
9619 -5880
-6580 -3936
1430 -7652
7494 4082
835 4424
-6757 5889
-3716 -4659
-9386 9469
3240 -5542
6161 -5115
3083 812
-7396 -6210
8021 2098
-5927 7566
8229 -9725
-1884 963
7028 7847
-6085 1536
-4383 2178
-3399 -4871
-8982 -9828
-4487 3566
3034 1023
9203 -3873
4733 -3726
-9194 5363
-7126 -2185
9913 -6590
-9025 -9106
-8831 -2294
8670 -7076
-5508 -715
-5459 9418
1595 2128
7258 159
331 -8083
5483 -8004
6740 9566
-587 -1484
8511 5942
5026 -5854
1961 9317
-3553 7900
-7486 5595
-6700 1144
7789 -2595
-9590 -4310
-4893 -7720
8130 -5048
8832 -9577
-3939 9108
-5176 -838
2448 -8457
3780 -8437
-8774 -8139
-3993 2291
5328 9973
7872 -8312
7283 -4504
6640 -5894
1511 -5696
-6 8149
-9571 1922
-9406 8823
-7034 -7721
-8614 9426
2308 -973
570 -3790
1494 -5244
-3383 -1930
-5919 6441
6413 6345
8033 -6870
-1374 8005
-7889 5316
9620 -1014
-2866 7343
2985 3334
5877 1284
3563 3579
6725 8843
1590 8670
-1400 -967
3789 -4120
3951 -6185
-9745 -5874
-9530 8032
-8839 -9611
-7886 -7777
7539 -213
-7507 -2054
-4711 -9122
7934 3349
-5368 -8006
9295 7531
6374 -8084
-5694 6019
-4949 1684
7565 6628
-9558 -7440
407 1515
-454 -5582
-1472 4598
6822 4429
-2064 643
8589 4360
8960 430
-2501 -2402
-407 -9387
8144 2131
7768 -1113
-5095 8238
-78 -7926
8702 3678
9959 -2514
9001 -7136
-2718 366
-5037 2267
-3305 5811
174 -4495
-6414 8353
-1218 -1238
6361 -7455
-6842 6281
2132 -4047
8561 -8699
-6740 3621
9416 -2814
-9137 3182
-9333 -8163
-5299 -9178
4909 -6612
5655 5704
5235 -6408
-902 -3929
-5577 -4592
4171 2684
8950 6926
6927 4252
-6075 -7893
-2871 2779
-3601 -7515
-329 389
-2709 -4186
-2349 4256
5078 -2042
5067 6073
1777 3707
7299 4443
-9487 -2989
2420 -3604
-7200 -1343
-697 311
-5438 -8251
-6144 -50
-7272 -1513
972 4707
-1184 2849
-7617 -5637
8619 6108
-2214 3756
-172 7417
4844 -7147
7296 -4675
2337 2143
-7741 -8471
3907 -1523
-7492 -4940
-3191 -3070
6880 -2930
5557 4387
-907 -6672
6177 249
8333 -8371
-8543 -7719
6037 -9328
-8191 2965
5818 -4136
1190 6654
-1204 6834
-7917 -2753
9445 1055
9836 9711
-3360 -8048
-978 -3355
-8969 -2760
4289 -1701
-7732 3845
9195 4187
6468 -5679
-5007 -9348
3617 2504
8368 -3197
-6544 3155
3709 3278
-5755 5973
748 9513
9223 -6311
-638 584
-9051 -417
-9457 8384
403 -8020
9546 4832
-982 6392
-9287 8740
-6888 -4515
7989 -4294
6230 -9551
3604 -9923
7076 -6594
9379 1033
545 -8679
-1269 3848
-5569 3488
-3209 8094
6477 -899
4802 -2666
-4113 601
-3008 4347
6807 8626
-2168 1426
7133 9920
-9632 -459
-382 7083
-9511 7694
2447 415
1736 9868
7436 -7008
-9800 -9534
8560 -8134
967 -3008
8047 8758
3079 -4232
-6165 -6067
-3720 -6209
5218 -9358
-5718 4112
-6348 6071
3153 -1629
-215 3271
-6315 3642
7231 -7768
-1055 9142
-6672 4666
-9747 -855
9858 -4391
-5634 4941
-5570 7905
-4442 -8835
-5044 1986
2628 1838
-4051 -9827
6244 -9370
-998 -398
-3407 3118
-3241 -7493
-5261 3999
3140 -2290
-3903 3684
-7171 6468
-7924 -3650
-4989 -7314
-5689 163
1328 3162
-4852 -130
-8293 6285
-9822 -8504
-7873 1378
-9021 -9857
3261 4850
7357 -2428
-4709 -9981
1451 -4183
9501 8431
8619 7548
-2382 -3950
2458 -5584
8300 6350
-488 6769
-3362 3349
3354 4660
6156 2067
-6556 3532
3675 -7997
-9427 -1856
9437 -3065
676 -8349
-2532 -5273
-3122 -7874
-6606 689
6740 -4504
3633 1012
-2639 -803
-4035 5654
-998 6873
5253 6325
2112 -7645
5887 5130
-9147 9277
-2580 3283
-9783 -8573
-3201 -3144
5304 4614
6740 4267
-5045 -7819
1398 -9867
4866 -4585
8333 -1248
-5595 -7773
-7180 -1981
-5657 3407
5762 -8206
6924 -9825
9452 5369
-1349 7777
-7076 -3129
7448 2590
-2797 -277
-2290 2751
8653 -6057
-2203 2666
-8199 50
8802 -3616
2332 -9866
-1847 -6794
6613 5152
6946 6217
6392 6095
1464 7590
5367 9564
155 -9886
2704 -7989
1735 -2398
-5927 -6372
1292 9445
5831 -7275
2775 9089
-4528 7633
-8513 5298
8504 7804
6677 3361
-423 8838
4932 7343
4933 -311
2973 -3605
231 4020
6031 -6873
4450 -3345
283 1486
931 8523
-5032 -8426
-5616 482
1835 7743
6761 3577
1381 7043
403 5265
7823 1778
2841 -6300
7110 2754
-7130 -2227
-4487 82
3209 3101
9756 -4735
-9529 1379
-99 3760
5334 5123
-4395 4869
6333 9718
3295 -8840
8204 3093
2078 -1604
-6106 -1394
2307 -100
-3625 6735
-1771 3137
-6781 -755
-3934 3742
-7273 -9852
1528 -458
-6699 -6801
8322 -4851
-6261 8636
-7927 -2353
-1192 -6208
-9395 9089
1205 -2989
5617 2684
-3696 5099
1834 1644
-1498 2679
-4356 -9938
7525 1721
5590 1710
-8748 -9748
-2828 838
9709 -5447
-3091 -786
6862 -6553
-2761 2704
1792 -4331
6401 -2156
-5752 -3282
-8184 5738
1103 553
-3048 3650
7433 9605
1325 6318
-1973 4958
8931 635
-8527 3000
-8726 -177
9037 -8819
-1651 -1817
-5393 5898
-4713 9309
873 -9880
-3162 -4592
-8854 5122
-605 -1346
-3975 2249
1853 -9933
6385 -6543
-7865 -3102
7533 -5588
7412 -8935
4609 -7274
-2372 -7594
4311 3646
3264 9698
9006 8918
-7242 -7728
-2320 -121
-1279 -404
-8029 -1174
-5205 8116
8183 -2004
5174 6648
-2734 4568
-7300 -8970
-4184 -5201
1246 -6168
-3761 -9575
4071 -7405
-7708 -9451
-6813 1055
3327 -8702
1177 -4054
5542 -8993
3554 -6382
-8267 -8767
2950 8350
4997 -6364
-8076 -1876
-846 -7737
783 -5376
2178 4970
9116 -7972
-1656 -7863
-7314 3186
-5759 637
1935 -406
5540 7568
-7705 -3168
450 4803
9757 5850
4199 5904
9540 2707
-9170 2916
5179 -4815
-191 3705
2395 -318
5432 -4293
-2156 1511
-1583 -6225
4412 4251
-6155 6379
7668 67
6899 -6895
-8372 9963
9533 1069
-3028 -8615
4092 3731
368 233
5418 8643
6068 -4454
8950 -1053
4655 2183
-2586 4381
-8124 -3781
-9530 9553
5931 6289
-3645 -1964
4862 3598
7282 -3025
8044 -9789
-4683 6814
4266 -1263
8970 -6871
-4508 -5367
3900 8108
-2946 -8441
7463 2849
950 -4571
1649 -5123
-5571 2827
2836 5840
-2404 -5920
-8601 -7089
-114 -3822
-3611 8681
9215 1651
-9613 1706
4835 3480
-8167 -6923
-8816 -5953
-4394 9455
2303 -1762
7389 -3210
1667 -3026
-6479 2758
-1403 9817
-6104 -9923
-7012 9914
-3909 -4705
-2304 6596
-1754 6202
-2093 -3089
-5889 2354
5431 -3537
510 -334
-880 -9665
2294 9838
-3373 -4857
2117 -318
-7561 -7986
-4449 9359
9436 4757
4670 -553
8464 -7576
-7260 -9239
6963 -120
6791 4707
-2940 -1410
8774 -5377
4289 -3789
-3454 3005
6563 -6592
-1449 -7440
2243 -3090
-1076 -5611
-6253 8403
3160 4475
-2358 -3096
-672 1550
2311 -174
9707 5789
495 2994
-4695 -9783
-5160 -8725
-2514 -2201
-9197 -7151
-22 7753
-9688 -8914
-2004 -7750
360 6276
4679 -9360
8836 4107
-5269 1559
-6892 199
-9976 7780
3568 5420
2134 -6549
-6331 -5938
-4663 -8841
-1041 2230
8801 6544
8017 3483
8291 -1222
4749 8330
8326 -3714
-3073 -4892
-7064 3004
-5438 -517
9682 -2333
-4553 -2329
-3189 9707
-6843 -7265
-3202 -7335
-2454 547
-3502 5856
6121 6505
3708 -4702
7797 4137
6187 1998
-7995 2546
-8626 4513
1237 2653
-7865 -5690
5699 9521
912 -8183
-8477 -5134
-2399 -8557
-5892 -1599
-7331 4399
3976 1654
1879 2888
8186 3817
-2047 -692
-8695 9703
5969 -2139
-3906 -2969
9684 7344
-4626 7331
6851 -8181
-6364 -5207
-341 -2238
-795 -1120
-8999 7261
5380 7035
2409 -2609
-9722 3076
-3108 -5712
7317 8464
-8113 8567
-3573 8622
-626 7856
8920 2521
-149 -943
876 -1985
2808 423
-8095 8233
-2888 -7533
-6552 1111
1866 1835
9226 8828
1904 -5726
2283 9505
-8312 8796
7362 -401
1942 -2704
-4848 -2491
-9971 -8685
372 -2208
9528 3602
-5976 -5031
-6799 2336
8524 -350
-9240 4035
-410 -8029
-9202 2626
-9379 -1185
2040 6423
5219 2904
-7497 3729
-8976 6301
-6190 4445
5760 -103
-8590 -6161
-8839 -148
8542 -9063
6994 -1094
8557 -8257
9499 9238
-8792 -6963
9385 -912
-8377 -4272
-7850 -9995
2909 3664
1113 -8911
7391 9133
3577 5858
-524 -8800
-1240 3057
-3370 886
5544 3643
-7452 -4829
635 6259
5496 -8896
-2137 133
-7059 6705
-3847 -2753
-2748 -1714
-8051 -1697
3114 -9840
9294 6783
2640 504
5425 6591
3369 -7885
6722 -2095
-8453 9999
-4831 5987
2245 -5904
-1079 9526
3379 -2260
-5556 -9496
-2249 6321
-1673 4318
-3658 5003
8885 3997
779 9456
-41 -8102
8489 -2861
2976 -896
7009 5578
5576 3418
-596 8557
-3627 -5534
-6009 -8352
-611 9015
9520 7370
7411 7554
1872 991
-4006 -4263
9734 -8066
-8611 -5122
497 4233
-8628 5069
-5828 -1015
-1716 4348
-2235 -5099
-2822 -6141
-1675 -9110
-7462 3551
6287 6037
3407 5648
3202 9527
517 4538
-9725 -1206
728 -9769
-1170 -6271
7963 2117
906 9327
2033 9335
7403 5078
9979 -9684
-2104 -1112
-222 -2843
-5572 9943
5979 6038
1685 -5565
-2318 3106
1365 -1393
7401 -8080
-4128 1640
5369 1849
-2314 4703
7750 7052
6386 8592
7390 3503
3819 7509
-3603 7369
-1754 -8285
-4622 9896
5933 6395
-5449 -8644
8184 -2382
6225 2233
7874 -452
-5092 7347
-805 -6254
8449 -6003
-8951 6882
9194 9919
3422 -8845
8665 6584
7673 -2760
2676 -1218
-1323 -361
-246 -8226
-3148 -1669
5949 4305
259 -4965
8304 5894
3240 -1868
1878 -6789
929 -3844
-3242 4047
3966 1978
6855 -4049
-3745 -2613
8348 5519
-1979 -6073
7287 4745
6519 -9582
-1251 -2959
-8655 -6630
2126 -1582
-5688 1604
-6543 429
7361 7552
-6293 5335
-618 -1710
-6012 4186
-9863 -2932
4455 -9158
-9919 -3608
4041 6523
1267 1823
2242 5048
-7912 -2214
4877 -9010
-591 -2845
-7521 -2997
-8848 7442
4993 -4064
-8729 8514
524 -7579
-9673 4374
-4838 8233
9076 -9536
578 -6663
9860 -7123
4701 -1661
-6614 4848
-3646 663
5374 -804
6351 -8770
-1767 -5218
-4056 8830
-1513 -614
1620 -5342
800 3479
1573 -7857
-9625 1127
1592 6735
-9929 -6829
-230 -4110
4229 -6349
8499 -1809
8854 -8665
531 -5148
-196 4227
-7270 602
3153 -8243
4864 -1326
3332 -8361
5118 -3517
2347 -5869
5259 -3310
-2855 6444
-6665 571
6461 -2784
4588 6826
-4984 4410
9466 6808
-4620 -6131
-8183 -3
-5681 5184
6942 -1732
6942 7472
9111 1805
-7991 3995
-8154 7949
-5362 8077
8241 7105
1396 1783
-7281 -8424
-7878 1577
-293 -8972
7836 -2861
4729 -827
-7110 -6785
8400 6546
-5187 -2791
-1598 9062
4587 -4524
9471 -2488
-4539 -9684
8394 -4963
-7858 3820
-676 -9646
-4349 7259
2557 5764
6792 -2226
4913 -7737
1436 4627
-8437 -359
-92 8047
-1023 9963
-7256 8442
-2362 7379
-5110 7331
7648 829
5867 4072
1613 9762
-9885 -8271
8988 -9064
6700 -512
7262 1544
7529 7213
1839 5895
-4465 2685
732 7123
7085 9164
-8674 9709
7087 -6451
-9120 -1036
9794 -4303
9770 -7752
-4270 5660
7389 5103
6039 -434
9054 -9904
5362 6459
3671 6315
2209 2890
-4426 -769
-3647 -8535
-5651 -9974
9735 -2841
708 -4325
8361 -9459
-3761 5309
7557 -8126
7534 -271
-5169 -2993
6574 8643
-7541 -5410
-5231 5627
5663 7821
4431 8441
1392 1592
6778 -6274
-6248 -8535
2345 -8873
523 -2792
-2251 -3226
-7918 2604
4478 3988
-2563 -6640
367 5732
8095 2268
-9422 661
9 -9446
-7905 -4652
-2491 -608
-9017 -9753
-6027 -7379
-5914 -8518
-3670 -2275
8654 -9848
-3074 6853
3178 -3597
-5889 2729
6089 -2345
-6613 1549
-2463 177
-5442 -4798
-4244 -1884
3464 4567
-2321 1573
1820 -5307
-2686 -1337
3866 9514
959 1400
5273 -9805
-9232 -387
6016 -7802
4928 3946
-4678 -6153
5396 4737
-1366 2430
7632 -3346
4770 3193
1480 -2891
8682 1954
6647 9160
1543 4222
3735 -6040
9081 -4592
-4397 -5307
8027 8075
-9728 92
-2241 4042
-8390 8921
7379 3081
-4490 7006
-6341 -3988
-7075 -6859
250 -7851
7824 4406
3565 2652
-3127 4470
-7850 -4893
4236 -5672
2743 -5048
-3253 -6441
3651 769
-1468 -2981
-339 -8591
8211 142
-2853 -2961
6772 -6280
583 4528
-9603 9698
4103 -9168
7206 8222
6412 1388
-9785 -5922
-1593 -7717
956 8172
-8270 -8851
5639 7703
-1558 9102
-5768 -5830
4312 -8177
-1138 -7558
-116 -4820
-6572 -645
2773 -9534
-4981 -6175
-7954 -3125
-8017 -7776
24 -7821
-5538 -7802
-9631 -7849
-2979 5418
6841 -4180
-5079 -7341
551 -4718
-2894 2874
5317 -5138
3763 9689
2764 -4800
-613 -9089
-5263 -4464
2411 4406
-9649 504
2683 8115
-5967 4096
6247 -9135
-9997 -1877
3943 -6733
-353 6844
-4153 -7415
5459 -9803
-1219 6674
6362 4496
-6584 -7457
-6545 -874
4662 6524
4651 1913
-3863 794
2629 5002
-903 -7459
-6594 6663
-5215 -936
2331 -2869
-6026 -7551
-1245 -4302
-4104 3542
215 -2066
-3849 8398
-5339 -3423
9424 3288
-188 1837
-6251 7806
-1401 -5538
-6816 -113
6149 -8772
-8389 2281
-8656 9555
-3315 117
2566 7396
-3186 4381
1643 -4959
6697 6431
4828 -8142
2156 -7153
6135 9490
1326 5300
3105 -4054
408 8797
2404 -4575
-3347 3592
-407 -1448
-1894 1985
-7899 4658
5774 8513
6614 8389
-6571 -7412
9019 1977
3835 -9875
-3307 7568
7057 -289
-4990 -7172
2495 2103
899 -8164
-2739 -3376
-6064 -6698
1854 7635
-381 3530
1908 -6319
-4086 1720
3829 1403
7712 -7473
4504 7259
-8896 -9550
8018 2060
-4509 1519
4347 5074
898 502
2338 -3159
3465 -8204
-4901 -6681
-9047 7402
4652 6953
-9367 572
-3988 280
-8318 -3453
2795 9842
-9180 9394
9845 1020
-3200 -4355
7164 -8418
-9623 2291
-3487 5231
-7928 1275
3071 -7429
-4110 9258
-9621 8170
8844 -3157
-8865 8752
-968 -6803
3466 -2852
710 714
3829 -3740
-9000 1530
-9105 3673
8976 -2200
-6188 8060
7011 9353
627 4046
6618 9083
-7939 -6302
-4412 -7493
3072 -7560
-8808 -5569
-2371 4207
-4925 3945
-5342 -8906
1075 5785
1035 -7793
9601 2076
-6404 1931
3711 8577
7929 1129
-4825 721
3525 -1444
2254 -8208
-1980 9307
-4533 7842
-4006 -8909
9020 -3341
-5676 7344
8438 -5906
9880 -1017
1190 3233
-971 914
-3435 791
3088 2626
-2525 -6004
8439 1016
9572 2650
8163 5684
4990 5546
7109 -96
995 -9544
837 -6898
-9555 14
4109 5161
-2136 -7397
5836 7709
2343 -7225
7287 -5135
-8789 8909
-3375 374
-8611 2407
-1222 -1216
-5533 -5318
-9773 -3060
-9436 9457
-6366 -8944
-2121 1560
-4706 8192
3352 2045
4648 -6877
-9169 -5063
-2288 4205
-7210 3175
5804 -5002
5372 -2278
-9872 -3851
4934 6761
-4837 -1094
9568 9401
-7422 -4609
-3553 -9869
5412 -67
-1876 8048
92 -5573
-2450 -8525
-3588 -1539
-7335 2103
-1002 7845
-7158 -824
6898 -1478
4671 -8066
-7584 -9254
3374 3325
6447 -2421
2970 2941
6793 9025
2678 -6862
-8815 5926
-9648 -9199
-4003 4998
-6542 -2098
-6275 6131
3975 -156
9020 2723
-8756 -9462
-7528 9638
-9616 9637
2961 -5112
2468 3758
419 -593
2152 -842
6017 932
-3143 -5171
-4370 7202
5921 -2791
8833 5349
1479 9379
-777 -7443
5281 -4547
-4009 1963
1601 6525
9882 -1536
7073 1985
-537 2843
-4030 -460
8699 9882
813 -8157
-3328 4715
5638 -8609
-1400 6024
1372 5279
4657 -2568
-10 -7150
2024 -2400
9564 -4730
-4485 8016
200 1164
-3131 -882
-8040 993
-9467 6332
9934 1651
3494 -7048
-8613 4467
5858 -6113
9911 -9255
6024 -5542
5611 1282
7853 4402
-4278 -4400
4591 -124
1612 -4715
-9831 -6173
2945 -4468
6526 759
811 8626
3997 7059
-6269 744
-1068 -2509
1378 -1161
-415 -1490
2968 1288
-3710 -671
-6270 2300
-8380 -5858
4018 -547
8459 6212
-6241 -649
4883 -7651
3108 6704
9050 1408
2187 -6081
8384 3046
-9464 5918
-5243 -2685
5826 5635
643 8063
-2609 2514
-5187 -9347
-5205 4843
-5705 155
-3634 -7466
1885 -3526
-1177 3846
549 488
-8104 -8069
-4150 3319
-3636 4083
1 -2046
8991 622
-23 8479
6541 4816
1050 -9380
-8727 -6069
8774 9585
-261 -210
6045 -3211
3264 9826
3671 -2071
8417 -7914
-2262 -2060
-8742 -5967
8117 7309
-4737 1343
-4315 1838
316 -5747
-7211 5663
6283 577
4508 3839
7144 -8724
4787 7003
-2488 603
428 831
8760 -5504
-3417 -2181
5759 -9103
-5070 8042
5351 -9263
2081 -3233
8605 -5666
2308 7766
3428 2641
-6783 5097
2656 3431
8429 -8554
-7831 3521
-5877 3215
-5954 -319
4178 4552
-7630 -3474
1144 -5519
-3757 -8150
-7413 9796
-3438 -4686
-352 4668
6155 -1112
-4751 -8045
-9228 3303
455 -1533
3634 7150
670 2604
-4182 5803
-796 4793
-656 3585
-9889 -2898
1583 5436
7286 4976
4771 -8453
-3139 -6407
8262 -4946
7663 6510
-7815 8137
5160 -7089
1378 -7042
-9893 -4386
8218 -4989
-5466 4498
-710 -2243
-8659 3739
-9160 -7645
7791 -4827
-6130 6145
7692 8797
-7611 8641
-2585 -5448
-5218 -5629
-3772 -4923
1710 -3032
3647 -8612
723 -6913
1820 7475
1972 2662
-9582 -9926
3813 -8739
-2663 -4520
4375 8375
4519 -1152
-2356 8245
-9395 5931
-5797 3755
8126 -1979
6819 -1014
9675 -1925
-537 -1472
5337 3321
795 -9815
6568 877
951 -3513
-2252 6986
-3813 -1515
-3141 8807
-2346 -9439
8806 -4902
-5251 9020
2774 9411
1152 -1048
-8342 4620
-7306 -2029
-9781 -8668
4653 5878
9785 5556
-3568 -832
9376 6352
7059 7384
-411 845
-349 -6755
-2473 6448
-4734 7305
6324 53
3184 15
-7313 2818
-2562 -5664
6028 -5654
-601 3853
-269 6247
5524 -5948
6941 -485
-413 -8045
-6941 6317
-2839 -3355
3611 2648
2816 -9468
7837 -8863
1190 -8198
5538 7882
699 -5626
2431 8226
-3708 8137
1990 -1542
-1575 5691
-6537 -8280
4956 -6052
-375 -5875
-5838 -5458
4909 2684
-947 5044
5576 -1481
-343 -4411
-2608 3412
5014 -9154
-1059 -7071
-5125 -4287
-6151 -4908
3550 4888
579 9560
-5000 -4304
3365 4042
-8113 9956
-1781 -7011
9395 -3951
-8908 -6873
1646 2168
7757 6668
3801 -4977
-4130 -4852
1799 -1186
4527 8532
-6376 -9606
5283 -7903
-4623 -9106
311 -4139
-6377 378
4054 -6324
386 -768
5281 -4007
-880 3501
-4332 -9906
-9518 -5513
-490 -6575
2294 4283
-3182 9101
7633 -2187
-1792 -4935
-2838 -5023
-408 -2789
6793 6261
-3362 9904
-2700 -5864
3368 -5588
406 7686
1187 2370
2464 -6754
-2267 6855
-6000 2946
950 7244
-9936 -9985
-2172 7768
-7168 -8583
-3606 9757
-3033 3716
-24 5987
9611 -6241
-2104 -9666
-5254 -3090
-5405 -8737
3633 5152
-7881 9503
-9922 -183
-7237 -148
816 -2201
-2186 3713
1480 881
6019 5643
5399 8033
1748 -7587
-7880 -3913
-154 -4556
-4222 -4549
2361 -8538
-7274 525
-603 -9324
-9821 -9921
-103 1516
-4911 -9743
-1944 6381
3814 9626
506 9592
5234 -986
-2954 246
2659 4353
-5840 -7485
-2041 8500
-6050 4007
5469 3738
-5738 -9969
-9293 -8085
-4284 7380
2617 -9114
-5136 9334
5714 7706
7331 6642
6233 -473
8541 1558
-8197 5187
3260 -693
1822 8183
-9598 7421
5148 9782
3519 -1927
-1896 4337
6253 -8499
8881 -1189
3419 -8032
-8699 5218
6644 8283
8645 -9265
262 7696
-747 4877
3784 2523
-8171 4777
6680 765
-1815 3652
3433 -9198
-1125 -2947
-8611 672
2173 6979
-490 7642
-6670 4774
3713 -7072
-5068 -5369
-913 356
-1949 -6424
-7826 -6931
5592 -8976
5801 5958
-3278 -8858
8515 6201
7003 8628
-4320 5668
-3661 -402
297 -2930
-1568 -7768
-9274 9808
-3544 1763
-9886 4439
-5205 1388
4965 -798
2271 2846
7592 7139
6817 1584
2726 7113
3314 -2740
-4113 4961
628 4037
-6365 5289
-7642 6967
-7081 3932
7460 4511
-3727 -6355
8085 -6084
9025 109
9311 -3400
9446 3989
4848 5302
-3115 -9243
7871 5386
-7355 -6669
8292 1184
-4780 2253
1262 -1081
-394 2576
229 7341
1852 2525
9892 -2312
5325 8125
-1767 7976
-5425 4350
2059 1264
-3434 -2259
-1501 628
-266 7172
-9497 -3631
-8727 6100
-1648 -7485
5156 214
-3489 9615
6955 -5239
-8993 6740
-1852 2527
652 -9102
-7406 -6527
7823 -7395
7591 -2831
8631 3602
-5771 -5844
-4952 850
-9061 3963
62 -4449
1788 -4067
6148 -7865
-4530 -3057
1704 -7342
-6882 -3855
8673 6432
7330 1266
4739 3045
9371 9924
813 6282
3605 6961
-5163 3165
-5986 7834
5518 -114
9158 -1325
4608 -700
5156 945
7888 4476
-9146 -9375
492 3313
3465 -6028
5239 2885
-4071 795
4439 3698
3701 -980
-4019 -1027
-4142 -2695
-1141 818
-5576 3593
-7733 -5624
7398 -6418
8248 6876
1351 2553
6900 9857
3169 2206
9899 -2609
-9725 -3367
-8852 8858
2556 -75
8945 9309
2002 -23
7282 -1354
9465 7860
1452 -3860
4238 -2391
1191 3720
4316 1635
-2092 3160
3016 -613
-4687 -5193
5919 -95
-9742 -4788
-5931 9915
3560 -8593
-5564 -9655
322 2505
-5129 6438
4297 1324
7465 -1944
5666 -531
-6812 5423
-2943 577
-6264 -8776
612 4965
-6507 6752
-3344 9646
-1422 -6868
-6953 636
2043 6369
6714 6607
2832 -9801
6637 757
-7920 7704
-4241 4654
-5878 -6735
8688 -8576
2002 1032
5977 -535
-1849 9459
6211 309
-45 1644
4776 -3413
7223 8533
8622 -8457
-8129 2986
3185 5336
-187 4703
6127 3542
1916 1893
8880 -8114
-2969 9760
4512 7567
-2968 -7247
-7788 488
-9203 5183
547 -7857
2451 4473
6726 -957
587 3395
-3620 5348
4404 2458
881 -6714
-9452 -5784
9830 -2992
2615 2465
5945 8709
9997 -6634
-3880 456
-9057 -2972
-4069 2053
7917 -4539
9934 6478
-4480 367
-6239 6660
2007 9828
6006 3863
-9131 -3590
4347 -3113
7616 -8583
7603 4176
6606 230
3596 3547
-5998 6602
-6371 -6564
5489 -1333
4128 3281
-242 3405
-2507 4062
4442 8999
-7453 1254
-1163 169
-9701 8553
-4561 -294
4845 4646
-1179 -6946
7005 2447
-285 -853
-4252 4322
7758 7438
-3896 3098
-3622 3247
372 -9768
8015 9857
-7424 7865
2840 6177
-3655 -4877
-6325 -8324
5104 -3356
-4990 2836
5890 -52
-7606 7552
-3301 6616
937 5830
3268 2447
-4455 -1306
-4339 9372
-6676 5644
5501 9755
7619 -4941
-8765 8077
-3080 4179
9577 1301
-8335 595
-6570 4680
-1652 -3325
-5773 -6959
9657 4463
293 926
-2907 4314
-3272 -6440
-3348 6359
2003 2390
2144 3698
8757 1224
3021 3483
-2338 -6287
8735 9941
4256 959
-4362 -9600
796 7687
-9273 3986
2169 5023
-331 -5896
8418 -7539
-3979 6763
6842 -4855
-8745 6395
92 -1156
-6212 7120
603 2569
-9998 6809
-9531 -8015
2944 8738
-7142 4726
2412 -7698
-9992 3654
2398 6860
-5316 2177
4639 -7934
-7451 -3178
5688 -5620
-5505 9392
1956 6944
4063 4587
877 5745
6274 -1614
371 879
3337 6744
5190 -2965
-663 6195
-151 1322
1902 3066
-4757 -4033
-1967 6586
-6593 -6398
1703 4304
3695 -7185
9759 6199
4506 -629
-4885 7543
-4072 -4618
9983 -4890
-4426 -9980
-2945 3319
-486 -9237
5806 -9887
3179 -6917
-950 -2293
-5708 -7858
-535 7083
5107 1420
4235 -8832
7367 2522
-8107 7715
8978 5593
-9025 729
5839 -1374
-1354 -9043
7997 -8588
-4104 9423
-6744 -2490
593 -8299
3129 6435
-7702 -6637
-5833 7421
2561 1763
6652 9274
1796 517
1952 7739
3332 3689
-1862 929
-6725 8028
-7295 -6023
-890 1922
5065 -9299
-1788 5007
-9572 8321
4755 -7475
-4111 3558
4699 -9227
2537 3777
3050 981
-4782 -812
-3073 -5155
-7746 -9110
