2000
6300 6450
4860 9959
-3891 -3135
-780 -6661
3314 -4577
9999 -9270
672 -244
2403 -9466
3196 7826
1137 -9291
5254 -1824
1978 -1162
-6428 -5655
-7863 -3381
-1744 9097
9267 2056
2014 -1723
8863 4127
7466 -8157
-2734 1804
2534 780
-9465 985
5240 -3074
-1527 6659
7368 -1564
6612 -6670
2169 2622
-9313 2310
-7351 9462
8558 -7176
8601 906
-7097 7825
1951 614
2457 -4514
7290 3137
-2363 -6557
4429 3544
-5809 1893
-1448 -332
-8176 2664
5994 -360
-4018 8436
4466 -1838
-2376 -3331
3214 7116
-1979 -98
-2274 1814
-3852 4645
-9870 -6603
-9745 8605
-4231 -8859
4685 1613
-6494 -6082
7307 8876
1539 5779
-4582 9132
-8713 1254
9416 1401
-8210 5754
2869 760
-9338 8726
539 -5390
-7025 2109
9228 6688
9013 -6895
-2033 -6797
4816 -5219
-1301 -7348
-4752 -7958
7821 -273
-1142 -9492
1762 -3040
-7919 145
-381 4898
-621 -2408
-3683 -7513
818 3762
-4130 6857
7265 3793
-9381 -1182
2021 9998
-1500 -1414
4959 558
2600 -9081
646 -6072
-5564 4142
-8899 9504
3370 9919
8537 -3097
4495 -3291
2918 -2085
-8324 -9188
-8611 -6265
7529 1268
-9915 8654
-7629 -8132
454 5828
-3615 871
1791 -866
3062 -7295
6847 -7564
-4339 7498
-8864 -8332
-1429 9031
-4261 9673
-2412 -6934
-6122 8657
-3887 2985
-5748 -4733
-2359 -2638
-770 -1941
-2393 12
-9117 -6596
2538 3992
-9583 2674
8831 -4401
-3183 7265
8933 -5509
-2758 -2047
1347 1225
4291 2982
5359 -7345
5640 -8111
-2844 -4808
2554 -6387
1672 8518
2250 -4496
-1091 9279
6991 3133
-473 -4833
767 -8872
-7887 -1642
2849 -8696
2979 -8954
5992 -6188
6794 -5675
701 282
2171 5873
-8935 61
3674 -6953
-8436 7340
-7156 -934
2065 3814
668 1753
6920 2776
3905 -6085
2273 1407
6433 6018
-9216 -1157
2655 -589
7457 6776
778 3169
2762 -1843
8218 -7052
-284 7548
4888 1892
-5322 1280
-1185 -8548
6926 6744
3240 -6797
-2882 7566
-1027 865
-3117 -6888
5676 -4595
8537 1388
1885 2051
-1060 5993
-5851 -7338
-668 -8299
-7030 -3913
-8301 9048
4049 -8422
-6970 -3622
-3158 -3416
-213 -6324
-8759 -9919
947 -9375
-6263 214
9340 -8450
2938 -6867
5184 -8404
7589 -1457
1206 -5877
-454 -4542
1546 -5742
-6695 2516
7815 3245
-6657 -8926
-2342 -9156
-5480 185
3988 -8835
-8209 -518
9697 -1345
205 -751
2383 -7244
-5647 -3137
5407 -2434
5411 -4338
1121 333
4591 -5044
-8808 -7334
9632 -8384
-3588 9007
-6429 -7025
3160 7791
8957 1812
-8707 868
9523 -5532
7438 -5290
-2533 -273
-9689 3541
-5172 5541
-8798 9439
3492 -9762
-1085 6044
-7570 1803
7140 107
-887 -7938
-4963 -6449
-8658 6405
-1784 -8083
2786 -5981
2208 -491
4220 2308
-4244 -355
-3093 -4593
-9053 -212
2947 1735
1973 -4130
-8086 -3562
8241 -5392
4715 -5656
127 5380
8932 -2452
-6048 8885
-9198 -6006
1734 2168
-4603 7309
3337 -6059
7307 9617
-4977 -7187
2601 -5787
5948 -309
5562 -4453
5706 1641
6249 -8804
-4460 3946
3047 4684
-7769 9389
8273 5699
9693 -96
-4208 9075
-9897 1426
9088 1190
4527 3441
6254 6394
-9393 9551
2962 2576
-8157 -9725
1917 -1477
-281 7550
5216 1886
-3430 8981
8369 -1738
-6040 2522
-3853 6641
9437 -2627
8799 1939
-3151 9540
2980 7886
8001 -4903
-5353 2955
-749 -7672
-7397 -8671
-147 1094
2364 8241
3848 -6708
-4007 -2420
9563 -5862
6660 -5639
-5277 -6477
896 -3473
-7813 -5841
-6302 3416
5022 -964
4133 -9601
7075 3022
5350 -7500
-6170 -3675
-8861 -8326
9915 7404
-9305 3504
-5196 3762
7900 -3311
4771 -5634
-2111 8281
-5193 9494
-2627 -7494
5922 -3006
9752 4793
5192 943
-2314 7605
-6174 5987
-7689 -6965
-1570 -2344
-1220 -6550
-9326 -1655
-4173 3196
9885 -4522
3566 -2552
-551 8377
-8410 -4825
-2319 7977
-1308 -1036
-6244 -2677
-8013 -1557
-232 -7332
8655 -327
6429 3594
-8751 -9035
-1864 -5141
6925 3750
-3054 2532
-8270 -3528
3920 551
-1073 5296
-9529 -6632
-8655 518
-6798 -1848
9197 3758
-7800 -3042
-374 -8817
4577 1968
-717 2001
6687 4726
9585 4253
-1997 -5178
7354 -9771
-3298 4949
-4501 9085
8101 -9379
-2289 8148
2386 8572
445 2777
-3466 5588
-3734 -359
4545 2455
-1857 9613
1613 -879
-6154 7426
1679 -1701
6842 -2848
-2619 9682
8351 7917
-9279 4083
8426 -6151
-4283 8822
7394 -3864
-7367 8103
7411 1559
-8801 -833
-4658 -6324
-2991 9465
-1415 3485
911 -7658
641 6152
-6697 -3690
-288 1204
-880 4406
-1512 -1938
5632 -159
2383 634
-9510 -8651
-6828 3497
-4945 -6877
6011 -9417
-2020 -25
-561 -8648
8559 8711
-8948 -8256
7897 -531
9500 5415
-3382 -5080
9326 -789
7273 5738
-701 1535
-7832 6625
-8306 -8319
5179 -3620
-497 -5133
-829 -6046
3930 -765
587 -9129
9582 -2911
-1166 -855
-7666 -5645
9770 451
5371 -4446
4765 -3613
-4155 8418
-48 5758
6104 8865
-9455 5841
-7780 7798
-7336 9445
-6601 1724
-9042 5556
6428 -8951
-1862 5266
-1868 9730
-2195 6972
-2578 4187
9742 -2426
7682 -3486
-5069 8227
7706 -2753
-3889 4883
723 3809
1606 378
3543 2944
-1612 7992
3547 -9338
-8289 3067
2053 3695
7146 -150
542 -6095
8093 -5050
6246 7965
-1801 -8446
9781 7648
-5105 3130
-1988 7486
1294 4727
-1175 -7545
9120 -7100
-9109 -3911
-3249 1228
-1985 8159
1854 2184
-7967 -9932
-6027 2720
7670 6296
4260 -4214
-2660 7636
5284 -7542
9309 842
-1673 -6101
8626 -2680
3497 -6658
-37 1172
7261 6337
-2435 4575
2733 -2268
9916 5580
9369 -1693
-8974 -4331
-8035 -2937
2849 -7583
-9948 9946
-3875 -6090
4752 9057
-7045 -4567
6475 -3201
141 -4698
6474 3692
28 -6176
8399 7455
-1093 7593
6894 4853
-6841 -1177
8213 9983
-2955 -2093
4045 -9823
-6156 -6385
-2475 7818
6875 -31
9123 -4003
2796 9830
-4869 5597
-712 -3342
4203 -4675
-7221 9317
-9371 2602
-2546 5408
-5770 -8757
-8774 4334
-7760 -3837
-3659 1992
5607 -9995
7824 3906
-6126 -3148
2849 4698
8248 -3283
-7686 -634
9745 -6621
2425 5323
8360 3947
-3452 8926
4333 8990
-6047 7723
2057 8563
-1554 -4821
-9108 8018
-8256 4787
2413 6499
-6649 9568
4265 -9993
-3275 9921
-714 2512
9612 -961
-5639 2751
-3302 5758
4683 -3558
-4569 6967
4690 -985
1298 3105
-7995 467
2205 9744
8252 -7103
9396 3949
3516 664
672 -3533
-3612 1501
-2266 7397
156 9395
2146 -2655
-6898 8238
-5321 8844
5810 -8495
520 3831
-3064 4220
-5314 -4462
-4718 -1059
1838 6892
840 -2746
-8362 4954
-8579 -1923
9578 2310
3427 1530
924 -2689
8378 -2697
-4459 -6931
-4367 -4800
-3294 3941
-2228 -4836
9384 7226
-3515 8429
-2631 -2209
-5318 1767
-7259 -7073
7881 9243
-2681 -5621
-9590 -6978
4552 618
7929 7558
-5139 -4524
2266 6306
-8494 4123
-1937 -8380
-3216 -1788
-842 9556
7984 -112
-8601 5643
1130 -927
5721 -198
-955 3871
-8029 7323
-9656 -9916
702 -7619
9939 4897
-5907 2352
-1343 -1480
-7358 6359
-8301 3884
-4184 706
3982 2204
-7908 4975
4338 1966
-5241 -6509
3294 -811
-3220 -9520
7803 -3941
-136 -1249
4853 8147
6764 -5713
6639 8513
-2968 -9144
-9064 -984
-7100 -325
-5899 -7365
4840 2437
1132 8083
3769 -9348
-2136 -4530
8380 8529
-7271 -8843
937 -4841
7632 -5748
-7602 -9199
-4912 2484
4717 -7117
-6261 -4553
4463 -8251
1424 -5325
1032 -8917
3521 9246
7328 -4129
-3477 -5348
3843 1097
3346 8108
9266 2222
7382 6075
-9674 3923
8445 8734
4938 -3555
-672 -2747
2700 -345
1404 6789
-4816 884
1967 -3452
-4207 9937
-4193 -4513
3861 -3159
-8342 6051
4159 -2297
9926 5004
4799 7145
4788 -8973
-6519 8846
-4709 3233
-9515 8419
-1927 8340
8849 6907
-2210 -6803
-255 -2246
-2310 9757
-1035 9259
-3900 7219
6990 -7175
4249 -2242
-7238 4869
2013 7895
8922 -8719
-9873 522
-6246 -3877
-5458 -4582
-2522 -2040
-5134 6336
9534 -3673
7802 6377
9855 -722
-1463 -4509
-7291 -1181
5365 8358
-3885 9700
4568 3334
1229 2598
3880 302
-9177 3871
9995 4007
-6855 -1702
9979 -1743
-5408 623
-9330 -1434
-5058 -5875
7125 8472
-2316 -5204
7336 -618
-2261 4114
7534 6421
-245 3854
-3548 5823
-3876 -5296
8575 -9669
8059 668
-7314 -7711
546 -8797
5547 -7336
4951 5139
9264 9939
-7870 9894
-1590 -9892
-510 -186
-6072 -533
-392 7229
1083 -8539
-8996 -6917
-2213 -8745
-4693 -2872
-8484 83
2372 -6635
-1711 -2077
588 -7082
8057 -6165
-2506 -741
-848 -8960
-8851 -375
9439 -8717
4471 639
-2132 -2913
2270 -5922
-2838 -7329
-6074 3274
-5877 8670
-1248 -767
6319 -640
7284 -8876
-2237 -1672
2163 1592
-9150 -460
580 -6622
3003 3724
5007 5450
-190 6162
-6751 -523
7276 -8602
-5931 9240
6234 -5563
-3172 1716
-5331 -9644
3438 5580
-9576 -5292
3036 721
-7688 -1813
7727 -1081
2297 -6838
-9394 2028
1198 -4701
-8539 5613
-1190 -5272
-3874 -1569
-2330 -3914
4244 3916
-4369 -2376
1702 -8929
6652 4021
8729 -4861
5860 -9204
2705 1764
-9317 -8108
-1225 4152
-3821 2980
-8000 -618
-5006 -8902
-4174 -6539
1892 7526
-6389 5674
-411 -6718
906 -8425
-7353 8942
2962 -7393
-2254 -6981
-6185 5412
-2825 -2674
-782 6520
672 1579
-5441 7994
-2625 -9429
-4610 -3441
3741 6090
3615 4938
611 -647
2635 -9054
-7478 -9801
-7139 -2739
3590 -4831
1909 5824
1235 -8665
2383 9445
5965 -7870
3710 -8400
-6686 357
4649 -8011
2269 4410
500 -9961
4977 -3991
5362 -2165
2503 -4413
-493 1717
8978 5025
-6086 2369
1913 2567
7624 9544
8988 -3132
-1002 3727
5327 8673
-971 -3572
-1583 -7638
6772 -2601
-2562 -5594
4136 992
-7452 -3865
5443 -503
-5066 5051
3796 -1330
-8962 -2367
-6080 7710
7253 6672
-6461 -4736
8991 6240
4913 2538
-7314 8039
-5879 -2338
5061 1104
9231 -9108
5606 -3781
2354 3367
-3416 8154
6925 -2204
-9813 1519
-7128 720
2150 -8775
-8382 -3208
5778 -598
-638 -4843
-8585 4768
6527 -2005
9379 -5898
8927 -9353
-4739 4439
-9342 8157
1523 -9134
-7260 6733
-1750 8108
3347 9665
4105 -1563
3383 6219
-3269 -3746
9377 5001
-9842 -7492
-9003 -1262
-9546 -4706
-604 7524
8172 9833
4271 -1678
200 -2847
-1981 8650
5383 -4557
-6450 4480
7865 -2647
5790 -9383
-9444 1969
8223 -828
-2106 -2712
3517 7599
57 -1948
3346 8235
5759 511
343 -3537
8506 7651
-5197 -1665
-3016 -1295
4149 6543
1022 -3913
7161 -8581
-7963 -1114
-5425 2950
-4157 -3686
3602 -7203
-5884 3737
-4491 840
-926 7894
-1595 -7425
-962 -1447
-3797 -7532
803 -2456
9970 4727
4990 -8492
1316 7839
9259 -268
8618 -1523
-4853 -4984
1330 -3087
3431 4711
-1553 -1347
-6787 7547
5441 7677
-9748 2287
-9160 -2434
34 3011
-9446 764
-788 -5442
-213 -5755
-7917 -5799
7655 -8898
3300 -4938
78 6272
-3094 -7832
6879 -4871
7503 -9664
7884 -4674
-3277 -9285
6723 7045
-5390 -3025
-6293 -8717
5769 8365
-7078 -2018
2227 -5020
2902 6430
-8747 8032
-6907 556
549 4553
6721 3172
-7979 7455
7791 3600
-7354 9524
-6041 9395
6439 3090
-6214 -9319
-4314 -5231
-3145 -2507
5475 -8546
155 3498
-72 -2298
-4267 -3223
7334 1181
-546 2547
-561 1603
2778 -3825
-6505 1460
4704 4289
3684 -138
-7049 8663
-6935 3843
-7667 -3263
7951 -1249
205 2909
-3594 3426
-5152 -9641
857 6334
1235 4302
-3152 1911
-6487 -9311
585 6288
1468 -9989
4301 7801
-2338 -3828
-1445 1705
-732 4334
-5208 1620
-5909 5322
-1770 -7258
6168 8017
-7904 4637
4691 -5264
9038 2954
-5136 -4074
336 -4114
-4106 2099
2110 -9080
8721 7362
-6467 131
-4444 103
-5564 5810
1150 4825
3867 -772
5692 5242
3258 -7903
-9546 5580
-9684 9076
2029 8866
-5209 9354
-1040 6893
-1009 5127
9768 8575
5937 -5178
4953 -7792
2311 -6810
-7280 -9491
9055 -9532
-304 3871
-888 6642
8739 -892
-5312 -3910
-4835 -7087
-8221 -4996
-1922 -9086
-8472 291
-861 -9241
9334 519
9062 -1094
1115 8991
-4098 7736
8245 -2854
-2386 -1378
-3787 -8981
7661 -8969
139 9046
-4864 -9880
-3246 4827
-6449 4022
8658 -1467
-7455 5351
6110 -9815
4425 1684
-5690 9164
-8125 3487
1222 9146
-3708 1498
-9881 3187
4206 7627
8658 -3667
-4622 5587
5707 -1203
-2656 4235
1978 -7539
4715 4617
-33 635
820 7260
2664 -203
-1040 -4756
8731 -9305
9841 4556
-3947 3673
-3141 -147
-2520 -106
6227 -5215
-9628 -142
8655 -4675
-6719 9800
-4019 -280
-5664 5259
-386 -9304
-8324 4303
-5901 -9567
-602 8062
8757 6780
1336 1850
-4478 -7683
5892 7389
-2718 6103
-9113 -2908
6950 -2771
6276 -5020
-5220 9326
-955 9557
8536 4482
5178 3381
1404 1870
2303 -9425
8637 5503
6003 -4579
7271 -8887
-2849 -2662
-1552 -3486
-3663 -3237
3855 5730
-3320 945
5926 805
130 -7045
-3768 -5574
8908 -7105
6276 -1512
-9643 7807
-7898 1400
-3098 6381
-8199 -9262
-4428 -3375
3964 -7207
3028 6444
-6793 -7589
-8139 9365
309 7062
1587 -1459
5217 -45
4381 -4563
-1668 -4831
3657 7010
8537 -1672
9728 7735
4115 -9362
-8624 350
6976 9638
-7570 669
-2888 939
7071 5458
8543 319
1102 -7348
4915 -1149
8807 -7312
-1874 131
9022 6908
7638 -9822
-1493 6399
4134 6174
6812 -1766
-7695 -1752
1606 -8092
2577 9281
3940 7757
3214 -6590
7450 4731
7383 5477
-5672 -1449
4961 2297
-3851 -3145
-6238 -6914
-6736 -4830
-8432 -8600
-8706 5492
-2553 9423
1392 8107
-9986 -248
2753 -7003
-9246 6313
9723 413
-4857 7689
3166 7172
-556 -3754
-7736 7494
-1931 -5596
1211 -1587
7304 5552
-9328 4475
3688 -7408
-7985 -8033
-9927 -8866
886 3407
-9876 -9913
6400 -2641
7772 -9122
-7712 9843
-9265 -3365
2881 5454
6668 179
8304 8866
-2722 -5264
-9713 -486
-2291 -1698
895 -9040
-3352 -8604
-7470 6631
3758 -3279
-3192 7137
-5505 3882
8482 -3071
492 -4013
2622 -9231
6223 1227
-4874 -776
-1911 6611
-8654 -6571
2943 9089
-2610 -4646
35 -5627
-4231 -7995
-7644 6683
-2876 2021
-843 6114
-4 3933
-5418 7374
-6640 -1523
2967 5074
-3699 5983
-4794 -811
-480 5148
8578 7016
6104 866
9941 5241
9614 -2785
2941 3697
4100 -4617
-8876 5298
1411 -8776
8878 281
-2346 -4873
7325 -2820
-7747 1015
718 291
-6800 2275
-2577 9645
6660 2720
-2694 -279
-5039 6485
-2580 968
-5336 -5425
3679 -9640
9379 -7516
-6292 4803
-4917 790
9638 -3694
3486 6459
1194 6963
974 9461
5456 -4368
-4724 4175
-3106 -3401
6320 -4344
-4139 7922
-1111 -8719
-423 3281
7363 7274
9758 -6745
8058 6741
1251 -2813
7214 -3139
-2960 889
1572 700
3881 8234
-6135 -7455
-9560 -664
5936 2862
8519 -2665
-1023 5976
7257 -5621
-8619 7866
8860 -3167
3809 -7536
9205 8617
-476 1866
-7552 4177
-1214 -3262
-8842 -512
-2278 -9643
-3377 8760
-1905 5308
-1830 -2936
8120 -2249
-6273 -3312
4788 -2904
-1318 -5296
5259 9890
-7647 -2459
-3843 -933
-9067 -4721
9456 9403
-139 -6619
6590 -1759
2319 1019
3499 -5689
9620 8942
-3995 -4686
3066 1510
-8082 -5876
4941 -9487
-1062 6706
-9684 -6378
1163 -5804
3264 -7331
1669 -8959
-9557 7918
-4981 1124
-6915 304
-4957 -8392
-359 5404
8067 -7738
-2424 2981
-5510 -5929
1917 -5638
-1404 -3592
-3166 578
4201 7535
-4549 871
7262 -916
125 -7565
-9648 -1070
-6225 4289
-1687 -908
4422 -3140
-4015 3356
9339 -2217
-9237 -5949
1843 -3085
1277 -1026
9103 -2520
8059 9874
7408 -343
-9472 5980
-4937 -3421
-985 7790
440 5189
3198 3088
-4099 4215
-5204 -8489
8588 -9678
-1895 781
8553 7927
-5159 2589
-8438 4116
-8404 6118
9712 -9336
321 -6625
9355 -9161
-2581 4570
2359 -1862
-6674 6434
3242 -7201
-9266 6525
-8244 9143
9465 -4470
-9969 -9657
8270 1290
-6122 8584
6421 -3169
-3330 -839
3546 -8263
-4888 -3619
-2779 -2412
-7843 -1813
6325 8361
8515 8238
-5243 -6628
-6383 1756
899 -4509
1022 -4627
-563 4084
-4626 4774
3358 -2293
4538 2973
-7866 3499
5236 -8793
1310 5680
-6733 -5932
2255 8531
-9389 -854
-2617 -1421
5672 9126
881 2140
7631 9289
-1618 -8221
5864 2373
-2853 7820
-753 -5042
7931 -5775
7724 -6216
-1287 -9936
9466 6680
-9253 -9978
-7727 -3547
5599 3002
-4699 -7116
-7991 -3298
8842 -5306
-6018 6611
8391 -9807
6287 6086
3905 7975
-7068 -2846
1379 -6849
656 -9138
-5352 2823
-498 -6911
-3168 -2166
4287 3970
-3029 -895
5710 3607
-9692 5994
-9313 -8561
8051 -7129
-3215 -1610
-5525 -9839
8136 -6929
226 -7900
-1028 -5212
-629 -4675
-8131 9629
-3562 7740
-4427 5092
-938 3271
-7625 -6419
7188 6033
5747 -8194
-6755 -8784
-2192 6434
-1455 -4984
-4823 4593
-8615 3020
8842 -2967
5542 5332
-9344 -2187
1162 -5087
-7348 -3754
-8662 7601
871 1947
5528 400
153 6967
8773 6436
-8628 -4100
-3946 -4261
4476 -819
-6227 4599
1340 -6626
407 -1121
-5790 181
7994 -330
8304 -1412
4834 -844
477 -9045
6623 9893
292 -8653
-7966 2150
2306 -5834
66 -5472
267 3679
-7141 9841
4440 -5258
1837 353
9233 -4221
9681 -7756
5635 -6558
5751 7674
550 3938
8614 4306
4198 -8974
-3906 5237
-2614 -5510
2377 -1871
6378 9693
7092 -7558
-3997 -3356
5107 9951
303 -9558
-58 -3056
2909 3256
-9581 3343
1017 -1457
-3799 6170
4196 -4713
35 -5186
-9950 -1606
6605 6129
-2022 1158
4571 -1019
5144 -5645
4720 1662
1612 -8854
-4690 3548
-5788 -4365
-7388 8973
2316 7121
-616 -6969
-7079 -2947
2340 9306
-5881 7118
-768 -7626
-7776 -5830
9049 -4164
4817 202
4558 3619
-4720 3681
4827 2998
-3455 -9388
-32 -6143
-7170 757
1598 2580
9332 5146
-4081 -5298
-5993 -7747
-6909 8259
-5646 1848
6018 2323
-8121 -3422
-9500 5066
2405 6696
4097 8779
1777 7685
-7983 2644
6502 8322
2800 1985
-1714 9332
8198 -1882
2821 -2383
3591 -5884
-3905 -9452
2396 -9598
2725 449
7027 2134
920 4604
5020 -8752
-9974 -6676
-5271 2837
-4519 1803
3846 -3254
-7548 -8018
-4966 366
8484 738
-7925 -6769
-2653 5025
9295 5667
9790 3442
-2388 1690
-2455 2515
839 -1641
-393 8465
-4490 -420
-7584 -366
-4843 239
-9294 -2103
3600 -7277
3089 -6842
3896 8634
-8136 5294
4039 5971
5358 2932
95 3333
-1256 5148
1383 7707
-214 6289
8474 -4058
9243 9394
2748 -2296
7944 -8341
3277 -8375
-5651 8650
-8193 -3123
-769 -8842
-9828 9424
9115 1096
-2252 4212
-2456 4473
3341 7843
9270 -9992
6297 -5277
4386 2777
5891 8492
-3805 3629
9009 2359
3984 -2141
229 2285
-7118 -7947
-3067 5757
5180 2114
-3070 -2895
-4963 4295
2488 8399
9963 2582
2590 -4172
4272 -7048
5729 2608
4820 -1343
-3994 1619
-6023 -8986
-1126 -4986
-8980 -8318
-6265 -7177
8581 -6098
9737 4389
-8506 3760
1775 387
-1214 -3469
-7167 -5738
3811 -1252
5421 9145
5473 1803
-5819 1150
-3511 292
1306 187
8923 467
5870 -6100
-3276 9943
-2435 -6675
7715 -975
-7216 1023
-8591 -7071
-540 8281
-3737 3916
-3616 6015
5159 -6205
5598 -8195
6676 4352
-5357 9779
3687 -6836
7352 5949
-6430 2609
6272 3221
6547 4015
-6961 -6164
4859 7982
-9090 -456
1545 9990
7626 4091
105 7809
-8397 -2269
-464 -1016
-6665 -9079
-9300 -3789
3096 1699
-2352 8108
4437 448
-6332 4939
2674 708
4544 -6065
-4363 5713
-1023 3124
6834 -3453
-9362 -9478
8331 4459
-7811 4464
-2831 -6346
-5425 5446
-4623 4225
-4076 -1004
824 8474
-1079 7293
5952 -4740
5968 6310
-6034 -1375
-5663 4233
-2644 -397
6151 7035
7557 -5811
-7632 -9491
8694 9608
-3018 -1721
-2555 -417
-6192 5279
-5726 2823
1296 3453
4466 5099
-9642 -6063
-6033 417
9042 -9953
4280 -2067
7537 -2901
-5867 -8365
-455 7408
-8363 -4589
-1261 5634
-2367 -9670
3635 5722
1000 5079
-2099 7443
4616 8995
4093 -7083
-3146 -919
9498 8173
8220 4542
-7525 -7741
-642 6220
-8425 -6268
-5140 7212
-7378 1120
474 -3503
548 1362
804 8108
3186 -2097
-4655 -8197
-9203 -8914
-2276 -6319
2762 8612
-9496 8299
2840 5980
8239 -7556
8664 5315
-7233 1317
-1471 -9762
5079 -2373
7845 4872
-46 -4448
-6341 2114
-9984 -9243
-3719 -9435
-4628 -917
6485 800
-589 3096
1394 -753
-1053 3636
6080 -5766
-6731 907
-7777 4743
4981 -242
7385 4473
3066 59
9332 8951
4785 -6981
-2502 -3288
-2723 8522
1325 7500
-1701 6371
-534 -2190
-9223 -8570
8787 -5419
2536 -276
-9370 4866
-392 9526
-717 -3425
-5232 -1691
8368 389
-661 7834
-5426 -8580
-1868 -2156
-3635 5793
3292 9130
5500 7691
-4500 -4688
463 -1313
3268 -3723
9722 -750
-5885 -476
-951 -5927
4369 7445
-4247 8333
-1279 9137
-9309 -2158
-738 -8220
3345 -1014
-5222 7394
-9757 9710
-8880 -8210
823 5744
-5570 341
-9662 -8714
4257 -8582
942 -6219
-2146 8372
9537 9991
-7957 -7778
-4921 -4710
6853 4485
6265 -4230
4756 -3886
-2772 3330
6761 -6746
-4955 -2529
-3065 7881
1943 5868
-9126 1365
2783 2281
6062 5131
7224 -2555
-2564 -2364
-142 -9520
-4230 3200
-2315 8659
-1851 -3657
2457 -2330
-9000 -3374
-120 -6595
4598 7761
9362 8646
8235 -8468
2898 1304
-2694 9109
7961 -599
6847 -2912
4725 8905
9385 -1997
-8798 -1697
-3039 -1124
5219 2608
-6001 5111
-4543 1397
4802 -5001
-3520 5337
7704 3120
4653 -4159
-9134 5938
8767 -2450
-9329 -1828
5260 -9553
9352 -8762
-759 -16
-7992 -7543
5054 4165
493 -1031
-2200 3993
-4611 4492
9491 3257
2315 -6088
7032 -309
5533 18
-324 5405
-3325 -9881
-1709 -1558
-1110 -2653
-1415 -2729
-9024 1962
8140 -8453
5712 -7016
5674 3193
907 -75
-5583 -2805
-9549 -9984
-6072 -2372
7320 6487
-3496 -5319
-6194 6573
6692 6180
-1657 482
7829 -5018
2253 -9047
2915 134
1681 6950
9934 4776
1689 1113
-8962 5608
-7198 -7405
-7388 -824
6804 -3026
-2818 261
8663 4123
695 7407
3587 -7531
2951 -2614
6089 -4350
-3397 4500
-1646 2063
-988 -6762
8014 -9965
4869 2667
-1726 3424
6019 9628
-1197 4797
-4509 -7649
6334 -672
-6550 2673
80 4996
-8815 7867
-1027 -2613
6758 4136
2356 -4938
-9155 -6640
319 -9290
-5534 -143
-3756 2054
-4523 -6945
-7317 8239
3035 -4784
-2432 5207
-1745 -7753
8641 -6099
-7383 5427
3293 2441
9828 -6197
-8341 -7735
1048 6585
-6335 7737
8447 1893
-4529 7706
-241 -3367
-312 1715
-46 5236
-5828 6092
5020 -3291
2677 1740
9362 -6726
8701 1318
-6242 -4300
3224 5714
7980 -2693
-2388 4883
6340 2748
-1638 4999
2704 4786
-8582 7554
2989 -7538
-8582 4828
919 -3337
3373 -4410
-8949 -341
2934 -230
-8913 -5867
-167 5355
1069 -1433
9595 -6944
-8340 2769
-4484 -2794
-4075 8000
6507 3878
5152 8629
-5189 -8355
6473 -1859
4804 -3771
5541 1113
-5508 -1824
-8333 6592
-9276 7426
6502 -3525
5042 4279
-8945 -2430
-9662 8357
-716 -7285
-5564 -425
-2826 5209
3838 -5337
-3692 -7675
466 -7631
-1401 -3498
-8665 -4730
7167 -5861
-5549 -4173
-3026 8834
-4691 -4825
-6826 -6525
4766 -5929
-7572 -5770
666 5104
-5322 1712
641 5102
9765 1852
7899 -1801
569 -206
-9984 -1636
3634 -7112
748 -8649
-2822 4522
7076 5199
-5906 7873
-8653 -7616
177 -2731
1499 6113
4937 6326
1758 -4115
-5292 -6664
5188 -7602
598 -1807
7987 6807
-4829 -5113
-2225 8003
9354 -7475
7047 8523
3721 253
-1875 7844
-6052 -8465
-1196 3194
-694 4125
4171 -5977
3630 -5757
-2421 -4072
2048 8338
-3470 -3513
-6706 -7355
-2468 -5483
-3760 2186
4711 9028
7550 -685
9568 5479
3322 4991
6526 1413
-5394 7270
5116 -949
6795 7634
-4403 -714
8936 424
-1239 6897
-6617 983
7349 9013
-6471 398
-3696 -1399
-2372 3490
-7196 -5264
-6065 -1102
-6112 -3908
-8774 -9023
-8033 -5866
6906 -4168
-2814 7083
90 7422
1566 2783
-321 2746
-6272 -5952
-6940 6784
902 -5203
3398 310
-6201 7207
-4337 -5254
3644 325
6417 -402
575 -8748
-893 7643
-2804 2542
3346 -266
-2845 4382
-2835 -2844
9902 8721
-3511 -9436
-8932 -6371
-1574 -451
9859 1971
2898 -4456
290 -2621
7704 8561
1879 -6067
-1094 7841
9205 -7547
8716 8013
-2254 -3600
-9219 2061
-7063 8622
-8937 1667
5953 -7162
188 -2448
-9178 7021
2712 8614
-2122 -5599
1780 -4391
-2110 8168
-4179 3204
1045 9769
-4058 4727
2740 3970
-9631 -5342
-9561 -5794
-7172 -5129
-9741 -6623
-64 -6109
5164 6212
6953 -9876
-7542 5986
-9613 -335
