2000
7664 -6562
8683 5109
403 2930
2086 6375
8046 -4392
6441 8618
7296 -4012
-2271 1683
1533 -5774
-2599 3743
-2625 -7071
-8236 -296
-9997 -2820
7949 3729
-466 4093
-8749 -1796
-6688 918
-6153 9935
6309 3715
-6957 9655
8272 4355
-5937 9485
1167 9288
-6486 5513
-745 -7301
-4371 4636
-5661 6630
-2470 1114
-5158 -1937
-4123 -4522
7403 8097
-985 -2872
783 -9286
8151 6583
6237 -2908
-4833 -8807
-5602 8230
7517 -770
-5258 5566
8265 -5249
9388 7718
8068 -2386
8728 -2553
9232 -4403
1075 -2709
-4613 -4892
5957 2198
2912 8123
4706 -3260
3832 4783
9698 4663
2892 -7281
1949 -5905
-6619 409
5160 -9589
-8151 -4633
2981 8268
-564 9917
-4487 5430
-7280 -1333
7496 -9692
2506 1828
-49 3452
-6088 -862
-2358 -1623
-3240 7744
-5817 -2661
5155 9653
3782 6132
-9737 8537
-2376 2662
4651 -7888
-7972 -5675
9755 -5914
2753 1262
5291 -3805
8024 248
-2580 -2204
-9345 1695
-6208 1333
2797 -1703
9357 552
3925 6981
6833 4511
6768 -2294
-9632 7097
-7071 -5609
-1283 5019
-7175 -1321
9941 2192
8388 5578
-454 5232
-3252 6411
1826 6966
2019 -2597
5700 5618
-110 -5184
-8204 5056
3288 -6185
1521 -7651
9446 3776
-8112 5610
4349 -3904
4775 605
-3483 -9106
-9808 8436
7388 -5096
-4965 -262
425 -5864
5260 6861
6199 -3836
980 4681
-264 -3911
3625 6497
8847 -3256
-9480 -4855
-5524 -7988
-1892 -7592
6734 -7455
-6560 -7118
-4961 -6750
1876 -6368
7092 -7574
-3438 6911
7493 1237
7401 -4457
-9777 3691
-6500 -1619
-1402 -41
-9576 7125
-4009 -2556
3178 -9056
-2927 4188
6733 -8715
-2111 -6194
777 -6107
1247 2928
5354 -7348
-6716 -1662
9575 -4363
1180 -9224
8188 -9305
2797 1403
-4918 -8312
-7467 -8605
2560 -4494
171 -1476
-7289 -4263
744 -9036
-5230 -6835
-2942 8633
5281 9269
-4359 8305
-3358 4355
9992 -1075
3422 -63
633 4892
-3706 1610
7019 -6571
-1455 5098
-5676 9552
-1924 -8895
563 4496
5460 4508
7673 -8694
-6341 -6049
-3060 -5269
-3244 -7340
7016 6302
-4773 7120
-2944 7007
1899 -7631
7700 -8591
-1440 -8087
-9269 4718
4270 -9175
-8070 -4944
-6728 -3934
-5706 6215
-8759 -7548
124 -8033
419 -1378
1282 7064
3366 7175
4294 -1703
-4696 -7687
-5318 -4929
201 -9077
-3443 -3897
-9180 -7519
-6693 -2711
2345 8811
-1403 -1042
-4828 5617
-8211 2892
8580 -3586
5036 1914
-1023 -1002
-107 -3683
8336 -3937
2097 -2092
2979 -2640
-1717 -9500
-3397 -3100
-618 8561
-430 -2577
-45 2689
-8354 -8086
-8749 8552
5164 540
6954 -6959
8676 3743
-3539 5710
-4253 -2348
7437 6355
-5738 -5918
1442 -467
33 -9039
-2139 -6555
-4273 6636
-2220 7243
3652 5297
-9068 7735
6286 9020
-441 -4096
2666 5171
-1087 233
-4058 1341
8994 5375
1729 5410
-6787 -9850
-317 9712
-9328 8376
-8179 9717
6352 2254
3218 1269
-3435 -5869
-4414 -3131
-4112 -2503
7123 -4407
-9237 9168
-600 -212
-8871 -324
-1229 9063
4473 -6157
-6007 -5780
-6069 -8594
9782 3676
7113 -1676
-9422 -4677
6592 7186
-4963 3796
-5615 -6843
4375 624
6217 3995
3162 1497
-4994 6980
376 -7438
-8376 -3865
-22 9148
-2912 9818
-8777 7692
5088 4741
-6936 -8995
49 2201
-614 -2637
-5121 -3359
3519 8144
-1233 -735
-3020 1614
-3168 -1296
-596 -9859
-3576 1838
7973 -6499
-3631 1770
5308 1671
3083 3457
-1803 6532
-8743 -1830
-9630 4983
-7655 1306
-8333 3477
5342 -2775
-9790 5186
-3200 -2171
6534 -2810
1052 3632
-810 -342
3159 -8803
2967 883
-3726 9528
2985 -1726
-1474 9357
-2474 -5098
9885 3504
-1469 1618
-1185 -7770
3176 198
-895 -5844
1986 7107
-1983 9626
3257 2240
-8103 -7211
-6014 -3833
7050 5057
4584 6953
-1052 -6677
-3600 1289
6192 7474
4699 3926
-736 9797
-4253 -6771
7148 8080
-4044 8923
9750 -3748
-4123 7942
3902 -2234
556 -7146
-979 5800
856 4542
5216 -209
6835 -840
-5830 -5837
-4643 -6766
-9119 -9639
-6122 -6224
-2995 145
1945 -374
-1452 -2126
4126 7902
9564 2019
9785 -6276
-3422 3466
2986 4061
2324 9321
2832 -6159
6722 -2461
5423 -333
6622 -9109
-5027 -5500
-1723 7503
-2352 -1148
8478 9003
-3124 9593
-8786 746
-7236 -5277
-1553 -9222
7965 -3730
-5949 8746
-8214 950
8512 6375
-6087 4619
-1994 5233
9846 -6944
-2443 -5373
-7870 -1461
-8889 9555
8557 3499
6812 9589
4056 -4567
3877 8027
-7475 -9460
531 -3956
-5211 -9511
1439 4583
957 297
-1364 3671
2624 8592
-8353 -9638
-5011 6190
-5271 2925
2479 840
-5662 -4160
-850 1036
-9811 -8850
-7103 -3074
-2534 4066
-6170 -4578
-4089 7998
2580 2340
-7364 -8930
8462 -2743
-4152 4993
5355 1085
-2725 -2504
-5859 -9656
4905 5725
-8436 6621
1377 -7036
-5886 4435
-8640 1566
-648 732
6154 -1173
545 3182
-4479 -4215
576 -3155
4102 1879
-3129 -963
-6158 9951
1167 -7774
-3709 4838
562 9029
5649 -5084
-2120 5848
282 -2975
-7689 5715
-3554 1643
-5810 1663
-1435 -3680
2105 4735
-4700 7808
-314 -3599
9159 9402
-6928 -9723
-3776 -6999
-8441 7960
6989 6236
-8848 2122
-2031 2637
-6617 2753
-1532 -8029
3614 -4306
-8922 8635
-5045 -8476
6259 -357
1171 -9220
-2818 -4721
-5319 -5423
-5145 61
6783 1474
-566 4800
1036 8343
464 -3578
-7221 5909
2382 -7847
-5876 -3838
5578 -9151
-6795 -8541
-7017 6656
19 1881
2661 -7037
-1758 -8810
-512 -6437
3625 6644
-1882 8064
2864 4128
2470 7552
-2306 -2380
-2751 -3346
2528 4194
-9644 9631
-5799 -9627
-8168 9655
6310 -2594
-6993 -1464
5220 49
4960 5668
-7048 -6538
-6174 -5552
-7489 -9703
4425 1944
3216 9096
-3285 616
7270 -5370
8825 3964
7316 -202
171 9181
-7445 -8484
2643 5724
-2020 8865
2634 5650
5038 -6800
383 -2406
2042 -8290
-7993 4209
-126 8274
7370 -9847
769 -3190
1441 -5916
-8231 -1962
-8444 265
3166 -7195
-1958 5448
4892 5721
8306 -9316
-9946 -7128
-207 939
-7747 8813
-9477 -9825
8105 8016
6290 -3749
-3596 1699
8510 3659
-8537 -9107
2653 3671
-6065 -3047
-242 4209
-343 -9179
-9738 7800
-7796 -5452
1141 8568
3227 -4021
-5208 -9067
-5171 5481
3496 -964
9008 -7066
4633 3506
885 -4588
26 6863
533 2349
-6978 -7322
6888 8189
9010 6502
8022 265
8534 9272
-8441 -6053
-74 -325
4329 8508
3988 8439
1195 9159
-7908 1204
-5290 203
9336 -9555
-8971 5595
1664 -639
2040 1562
-249 8408
4909 2648
-3367 2481
5474 6651
-9403 -4834
8562 7033
5540 4245
2683 2891
2049 3248
-1827 -2401
7802 7862
-7973 2883
2198 -9143
218 -6944
8340 -6138
-4010 -4022
8626 1811
-5709 -9102
7549 -4742
4146 -6515
-9482 -8133
6112 2707
-682 9779
6748 -1206
-9887 -4913
-3331 -5080
-8477 7915
-7508 2418
5474 3721
-8697 2711
8689 7534
-656 -2707
-1809 -8965
14 7357
-9159 -539
1328 -5841
-9413 -4920
-1420 -2561
9954 3626
8714 -952
3968 -9933
-8298 -897
-8480 9212
2932 -5805
-9374 -9285
8249 4236
-4751 -6965
-2209 1314
2391 7162
-3378 7806
-4315 6953
-7967 -8330
2830 -7
-6381 4334
-6619 2783
6571 -3947
5156 -8931
-9720 -8006
-90 6677
-8888 6933
4889 4257
-8988 9361
4395 -9862
7300 -1196
330 -3215
-6262 -6079
-688 9736
3450 -508
-2454 -7859
8645 -9211
-3158 4648
5717 8937
-5349 -4282
-3885 9718
-9630 4561
2538 -2773
309 5260
5398 3550
-3926 -5297
5210 2697
-9662 6404
9861 8948
-1561 3371
5512 3310
4099 9706
4353 7877
6813 -5339
379 3790
3507 -8537
9745 -9785
-2558 7598
2857 2282
-447 -8529
-3825 -1746
-5329 5627
5752 -8616
-5948 -1270
-7900 5612
-1079 6212
5917 -8668
9210 -3260
1401 269
-5942 6022
-8794 -4500
-4285 -8715
8883 -9050
6954 6879
8350 1740
-6286 -3494
-4147 -5476
-371 2107
-9164 -8396
-9064 3681
-108 -7063
-5731 3578
-9683 -471
9798 -2801
-6779 5439
-9061 -2424
-1139 -5573
-902 375
-2747 1465
-6796 -3949
6278 -4397
3848 639
-7255 -7869
-2544 -2802
-9122 -2697
3961 -1607
-4309 4492
-5980 -8050
-850 -3991
-4832 -2461
5115 2371
-9482 -3893
6483 -2303
9162 -384
5668 -2544
3059 -3914
6725 5666
7797 628
7826 -6809
4215 -1026
-8913 -7576
-9364 -1825
125 -3222
6508 -5343
5917 9275
5366 -8324
1504 1031
8728 5884
-779 1707
9164 -8391
-2305 -5112
-5726 2222
-3430 -1859
5053 -4208
4766 -5605
541 -733
7442 9574
-3649 1177
5834 -2434
562 -3420
1977 1750
-3498 -352
-4468 -6520
5188 -1050
560 8474
-2918 8072
293 8255
116 1356
7148 -9416
-5021 -4832
4435 1913
1486 9241
418 1876
-6837 -8442
1859 -3749
-8278 7446
-2907 -6165
1036 1945
-9106 6346
4819 -56
-1985 5175
3430 -8100
3257 -7971
-7387 -2734
2435 404
-3962 1313
554 -3131
-7534 -8756
-3477 -9029
943 -650
-3205 8382
-4063 6386
-1670 7609
3955 6974
638 2946
-1880 2494
4395 8654
-9318 -4730
2537 1372
-4504 -6705
4608 -5029
5561 1534
6500 -1118
-147 -8253
1097 -3257
-1154 -9204
-9098 7892
9222 4783
5477 -767
-4101 3176
-4331 -3885
-5232 7740
-6990 -6216
5156 -829
2466 9268
-2041 -5627
5907 794
9677 -6481
-1012 6127
-7130 3250
7767 -9916
-8303 5437
219 8670
1623 -9082
7815 -583
5532 7522
5261 -6517
989 -5980
3191 -8009
-8742 -135
4238 -623
-6109 -783
6458 3866
-8 -6433
-9462 -4555
-750 6583
2019 8305
6974 947
1865 -4041
5376 -1404
-3883 -321
6884 4628
8648 -4901
-2910 1593
-8543 5559
-5065 2070
-8714 5696
-439 -1174
6115 -8536
630 -6727
-6423 6653
8678 9881
4548 9317
-1004 5652
-2032 -3587
9813 -1908
-7281 7807
-7095 -9584
2009 -4913
-9355 3716
-4215 3467
2883 -699
-8152 793
2257 -7557
-563 7963
8336 -3392
209 6735
6052 7013
6385 -5244
4890 -1232
6861 -1926
-4120 4703
5119 9580
-5333 2506
-3779 849
-5685 -967
8335 2007
-7201 7198
-6639 -6097
-8135 8777
-895 6519
3254 -6079
-5346 9314
-5930 3026
-8207 -5240
2834 -7320
7383 8654
-8046 8714
4940 6223
792 342
9375 -8840
6888 5107
6025 -8571
-947 9687
-7816 -6894
9625 918
8560 1289
4324 6599
-376 -6786
1695 -7886
-5206 5139
7513 -5472
-3038 -4102
-4159 9467
3529 -8099
-6939 6633
5460 6625
-8226 -6330
-2923 5205
8311 828
-4534 -739
-5729 -8345
8255 -5974
961 -7685
-5571 1599
458 -7345
904 2944
8842 -2029
1158 7866
-6513 -1597
-4965 -5313
-4968 269
3939 -5785
9420 -3194
7634 -8984
3998 -8550
-6894 -6900
847 8269
-5696 -4919
-9600 -8193
-1817 -1267
-8323 4580
-3729 -7193
-9328 -5761
2643 7429
-4164 -2120
8149 -8602
-4386 868
-8605 2088
3104 -4967
205 9029
-4151 822
2812 3311
-7888 6696
-7777 7116
-4151 -3767
-9188 4127
6934 1247
5486 -2917
-1767 -8674
-794 1849
3248 7790
2379 -2645
-6837 8862
-2385 3774
2802 9988
809 7820
4851 -7628
-7212 -6380
-9264 -9317
-3083 -4988
-7141 306
-8448 1450
8534 9794
-5160 -9242
2608 487
-1724 4047
-4878 -4145
-5284 -9346
4428 -1715
-1728 2331
3872 951
3323 9081
-7299 -1278
-594 6111
-5157 -2842
7464 -9957
1493 -2297
1217 9016
9774 26
-9488 6057
3824 2381
-8044 -1211
3164 8946
951 -3328
-7276 -2408
8543 9223
-7976 6596
-962 5586
5417 -5275
1883 8444
-7793 -6019
5405 -654
2082 3701
-6274 -3379
-3602 5576
-2043 -2040
-9531 -9778
-7112 -87
-9694 3633
-5055 3840
3062 -3249
-6654 -2792
-3486 5086
-6469 6105
8270 -8069
-4088 9135
2201 -9524
4177 -8684
1658 -5718
9859 -8376
-416 8056
-8002 1536
-4831 3774
1127 -1392
-7553 -4525
5947 6073
-2999 9230
8037 -6987
9119 3516
5447 -8433
-5577 7388
7864 -4921
116 6624
-9094 2041
3665 -8227
-6451 -5515
6021 -3031
-9258 -731
7877 -8811
386 1869
1662 -5956
-6727 53
3067 8664
2179 -4970
319 2185
-428 1346
-9855 4742
1365 -2565
9476 3982
5755 5992
-9524 6861
-6171 -6976
6014 -9783
-4872 -5429
-9839 7611
-8346 9235
-713 1823
4207 -1351
3679 -7647
4538 106
-4828 -6003
8739 -5891
5266 -4683
9299 3825
3537 8462
5323 8774
-4481 4014
7952 9152
-6277 -4747
-7136 -6921
-7687 -2395
-6852 -1761
6888 5322
7675 7356
1182 567
8285 2213
-9958 6355
-4608 -9256
4569 5308
7491 -5309
-2815 1826
-4161 2813
1964 6425
-8322 -2488
591 9408
-2988 -5458
2781 6626
1947 3882
1237 3390
-2323 3342
-725 -3861
-7507 -4039
-3295 -682
-1654 -2114
6298 -5006
6821 -4164
-7631 -2797
-6372 -3620
7613 4334
3741 -973
3569 1925
-1450 -5526
8356 70
-6541 -5783
-8721 3313
-6828 4857
-9182 555
-6407 -4334
7273 1244
9960 5660
-4783 7291
-5507 -9500
-3120 -2414
-8081 -1879
7148 -5507
6418 9382
-2424 4437
-1772 -1312
6626 -348
-3315 5408
265 7905
-1541 -143
5523 4804
-3953 5773
1433 6516
3806 -3994
227 6650
-5765 8300
141 -9172
-958 -124
-743 1010
-833 -820
7868 -9447
205 7395
6524 8214
9839 6890
467 -3212
-8409 -1702
-2209 -289
-3774 1359
-8914 9224
5873 -9968
-7948 1313
2141 -9892
-16 5914
-3077 -8818
362 -7039
-6486 9812
-9074 1950
163 7440
8050 7450
-2042 2
-7980 -1484
-8053 -451
-5371 -189
-965 -1826
1927 -4285
7028 -1372
2457 7700
3613 -831
4072 -7560
-878 -5743
-2211 -5566
6384 6357
7517 -1285
-3835 268
-6010 5566
-2197 4123
-2607 -3990
9542 -250
-8356 2022
7737 2297
-9075 7292
4991 8485
1374 3382
9544 2325
-9698 -4554
3601 -1335
-1257 -1909
6806 3705
-6028 -3741
-8175 -3309
-9186 -2038
7693 3349
-3181 1928
-6051 7235
3252 -1536
-4245 -4594
-2389 4177
-2441 -5533
6792 8986
-1848 -2898
9488 7094
-4816 -8248
5457 -1770
4490 -4290
2402 -6850
4833 -9965
7105 6937
-1136 2526
3481 -6077
2387 6534
-4340 -3268
-5370 -8137
-3670 3271
5977 2189
-6989 -6879
-6065 -5872
-4120 -7502
4450 2840
8550 -8663
-1792 2660
6416 4672
1608 -6960
9287 3520
7443 -5808
-9275 6488
-3059 3551
5414 106
-6623 1571
-2520 -8257
-1415 9354
-6518 491
6710 6241
-920 3083
8141 4880
-2461 1350
-3978 -3652
3110 -2325
-8806 7630
-4457 2396
2605 -7642
5909 -3732
-9905 9546
4837 1322
6786 -6528
-3454 -7684
6528 -909
-4669 3749
-3168 6958
5559 8132
-519 -1307
5042 -6903
773 9224
-9426 -1849
-5733 5688
8046 -3883
6106 6872
-9863 3954
-1004 6201
-6607 8695
-5269 -498
8593 -60
-2591 -5021
-8063 -2356
-4225 7962
-3345 7496
-5687 8978
-8079 -4583
7289 8807
8216 -7505
2333 -8445
-7852 6261
3936 -1561
-1640 -3994
-5299 -3348
6155 1754
-4586 3153
8133 8468
-3888 2823
4506 -9931
-8715 5608
4585 -8840
-3423 -681
-1874 6507
-7278 -6135
-859 62
-3678 5056
-2785 5010
-5263 -6022
631 5575
-2672 -562
-7410 506
-1027 2742
-714 -5557
-5488 8806
4414 -6209
-1328 -482
-7442 2719
2946 5249
-7166 4405
-5534 5669
4445 5696
4427 788
4767 -8341
7234 9164
2322 -882
-6656 -1717
-5255 8633
-6924 2317
4844 4031
-8458 1309
-5452 2978
-4304 214
-817 -2894
-8490 -7637
-8248 5738
1434 -4024
-9516 6197
-8424 -4140
-1256 8972
-1911 -7470
813 -8935
9698 1433
-2529 9280
7031 -3506
7804 -7686
5292 8574
2508 -7649
-543 -5292
-2929 -4588
-8851 967
-9337 -1177
-1260 6304
-4116 -8853
-9881 316
2847 4628
9414 -1792
-6638 -2620
-3341 9112
-4395 4554
6868 -6310
-4016 -2871
-520 5880
-5692 8492
-2376 -7343
7345 1380
-6077 -1226
-1202 8008
9156 2664
-7021 4683
3031 -7005
4924 5826
-3073 2445
1556 8286
2839 3586
-9004 -9119
-1989 3427
3027 -3020
-807 -8789
-6131 7336
2436 -9463
-689 -5066
-7058 6359
-978 -8170
6513 -4182
-1187 5723
5269 -457
-4292 -6264
-7978 -7805
9503 -9016
-8134 8582
5730 -9502
1200 3598
8530 2477
3533 -5887
-5350 -3881
1054 -4032
-3952 7683
9513 3996
9814 8791
4513 6025
-712 -1374
6083 -218
1977 4997
9702 8105
-9593 1479
5699 -8433
8886 9858
6055 -3102
1011 7416
-6466 -412
9277 5661
7064 4588
2304 -4676
-5885 6576
6321 2117
-5537 -7652
2130 -670
-1953 -9454
-7629 -5893
9307 -2252
-684 -3501
77 5005
-4377 1922
3058 -3868
5720 6634
6016 6593
4901 4996
-5959 3079
3376 -2795
-6958 1877
4225 -304
9026 1227
1773 76
4183 -2928
4821 7865
-5636 7210
2215 -2143
-6501 4441
-5707 7838
8193 6558
6871 -9988
8730 7929
4728 1771
-7304 -3509
-7912 -1897
7800 -4261
-9314 6313
-3612 -9455
-2382 6180
4044 -5709
-4778 -3841
7737 -7872
-9710 7437
8995 -8765
-8487 -5417
-1683 -9093
8836 8384
155 -2954
7258 3564
-4613 2851
-7690 9346
9379 -6814
-2547 -3283
-7104 -512
7500 5071
-5050 6941
-7211 -7279
-6122 -3593
1363 -3200
1384 -7127
-2499 2877
1260 9701
467 -3663
-6379 -8586
7987 1445
790 2729
5916 -5983
735 3889
-6624 -6632
-7841 7352
8013 -9124
-6403 830
-9043 -9198
-2398 -2524
4070 2320
-4804 -7294
-3873 -8430
1628 6457
7871 6594
1759 8970
1699 9578
-2684 -7452
-9842 1335
8424 8051
5402 -6466
-1869 -5697
8854 7136
7938 5450
-7075 9811
2130 -740
1967 -9285
-3994 7327
3783 8094
8409 -8645
-9676 5374
4952 167
6437 5744
-2922 -4012
-5962 6595
-6151 -778
3525 -6840
-9705 5702
1151 2378
5909 -8047
1214 7797
8512 -1961
-4635 -3099
-5006 -1762
-407 -7132
8242 -2877
-8989 3639
-618 6914
-7099 7448
7763 -9819
-597 660
7542 -4668
-8967 -3351
-7253 -8443
-6489 5905
3701 8657
-3305 8446
-933 5933
-5829 5781
-7631 4061
-5095 3764
-2598 -9390
-8755 -4084
-2916 -9495
-9314 -2133
-7752 -1433
7620 89
-9542 9790
-4933 8654
8279 -6794
-8138 2299
744 1980
-2088 2278
1779 -6469
7593 5804
3289 4148
8479 -3782
5855 -5589
-5084 -6556
1312 -7062
5226 -677
9413 3560
7070 2845
5219 -6409
-3203 -7864
8157 3498
-802 2380
-1622 2621
6153 -9170
6635 -6123
-8255 7466
-6317 -77
8055 -9776
-2611 9538
-3804 -7029
6015 -7579
9702 -8579
4266 9148
-7261 6771
-7372 3206
-3297 -464
-4363 -9216
3405 5901
6731 7736
-8387 3278
743 7086
729 -6642
-2697 4426
7684 -1216
5476 4693
7114 -6121
-4700 1490
638 6816
7307 -6713
6493 3377
-3367 -6345
-5561 -3084
-3463 5991
3727 -8435
8564 -3012
-5926 5340
-7582 -693
-6268 8524
-2693 -278
-5586 -4863
-984 -3497
-8286 -4752
-4216 8038
-8676 2352
-551 -6909
467 -8463
2174 9803
5794 4907
-9808 8711
-4302 3241
-1420 8756
1783 3493
2017 998
-5560 9237
-5627 -6956
3269 2575
7824 3389
1426 4983
1055 -2672
4140 6471
-8272 -5776
-5974 -5393
-6766 3902
2612 -6460
-9499 -2853
-377 -7969
9245 -919
-6200 -8594
-9358 1261
8027 1961
-5464 -4985
-7876 1295
-3723 -3920
3408 7272
3742 -8948
-4724 -2452
5876 5471
-628 3023
6564 9110
-3744 -4295
1457 7065
-133 5879
7285 701
-4317 7388
-652 -8353
-3338 -6291
8725 7605
-6316 -1213
-3942 -1278
-226 -9187
2082 -6480
-7289 5050
-1928 -2043
-2934 5805
-4770 -1644
-858 3322
2921 6687
-2613 -7271
-6163 3927
5574 3070
-9501 3185
790 -7764
4744 -7056
1666 8195
9008 -5478
1763 -8561
-9791 1089
9046 4475
4000 2003
-9642 -168
-3126 9230
5916 3221
9671 9796
3722 -2977
-6186 -6493
-9587 -705
5252 -1966
979 4924
3118 3716
-8042 -7356
-2195 5847
-3065 3722
1917 -1986
-9984 -298
9534 -4084
-1134 -5904
7317 -3592
-76 -1498
5525 6988
-5785 -6355
6661 -6941
1094 -5372
9552 5634
-651 -4207
-1563 2670
-1484 1308
-1250 6242
-2023 9172
2594 -9334
303 1714
5810 2128
-7744 -7111
1391 6848
7556 5901
-6734 636
3696 -8230
-3601 9927
9281 -1490
4303 -4050
8620 2351
-2621 -3540
-3577 856
3749 6129
-9485 4400
-3887 -3658
8470 4539
7428 -4356
-7509 -5554
-9654 -1182
-6826 -9954
-8184 -6388
-2740 -9410
-900 -1785
7887 -3460
-7389 -6598
3584 -9774
1083 -10
-161 -9994
4406 -5169
4894 354
-5108 -5761
-117 7085
-8470 -3960
4858 6095
6141 -4402
2931 -8247
-7657 -8322
3614 -9810
452 1444
8567 1500
1727 6784
-3226 2150
2156 -3470
5082 6613
688 282
8243 -25
-2941 5580
-8380 -1875
-5780 2311
-8371 -9802
-8049 -5919
-4241 4560
8472 -1984
9460 -6906
4594 -1077
-4294 -8254
7618 41
6571 6201
2814 3494
-2503 5373
-931 -2778
-3478 -4261
7585 9849
2159 -1858
2062 -4475
-393 3788
2069 7734
-4251 9087
-7820 540
9463 -1071
4397 -9505
536 -1111
-1189 2014
-4493 828
-3800 -4655
2567 3004
8743 8990
8839 9089
952 6328
-8148 997
-1494 -6987
-5533 5180
4267 -9426
1114 3938
-3413 -9833
-9338 4297
-3094 -9017
2997 1199
-4253 5717
-8939 8505
5229 1947
4658 3628
2717 7693
7741 3496
-1787 -2611
4123 -6687
8494 6719
-8987 8590
6248 6481
6648 5848
144 -7165
-6182 -8969
2230 -9229
6488 6816
9041 7977
3644 -8730
4898 7990
5682 -1699
-4483 1335
8724 3422
-9544 3731
4170 2846
5157 8950
9151 5184
1031 1404
4239 9519
-9451 -5104
-612 -8222
8594 6500
4476 -4125
866 -8646
-6936 1841
-6138 -4236
-9181 8747
5889 -620
-6890 -6736
6110 6345
9015 7280
6184 1266
-3609 -8115
-8596 936
9553 -5650
-3872 -8047
8454 -1060
8536 -5279
-204 6650
2211 -598
8887 2861
5328 9795
-826 9706
-7031 4937
1282 6005
7005 -7200
7787 4017
5903 3189
-5876 -5823
-1472 -8973
-7020 -2603
6337 8377
-3181 -4846
-4475 8593
-2006 6615
3196 7736
7530 601
4028 -1477
-6540 424
-3572 -9283
-2762 8463
6200 -2846
-9658 -4975
2923 5823
6850 -1813
5584 -4829
-6452 -6449
-1295 5641
4233 367
702 7951
9408 -4052
-9731 -6102
6142 -9343
1082 4297
8736 -6678
-4495 -8770
-1616 -4027
998 -8295
7528 2447
-9367 -2358
2813 4378
-8351 9938
9299 -9919
4169 4075
2026 3532
-6800 -5129
2490 1433
5811 -2810
-8513 -1369
5675 -3108
1844 -6057
-84 -8821
-7116 -6052
6396 -5365
2277 -5867
-7769 -9251
-5592 -1190
2613 -6120
7955 -6294
-9042 -3219
1652 -20
-4867 -2121
5070 -2138
-9786 -9056
1557 -9723
-5780 5889
7068 -2879
1070 4136
-7509 -6327
-2194 1186
5656 4768
-2701 37
3917 -6216
-2509 9912
-3308 5592
-707 2170
-6230 -7935
-73 4426
9091 8840
-7163 3862
-250 648
7769 -2943
-5087 -3182
4212 2559
-2535 -2595
-4107 -7983
5775 -6879
-3095 6913
6824 3412
-997 8117
4008 -2763
3023 8296
6443 7778
-9663 -3330
-9468 5533
-99 -6826
3952 282
-9180 -2330
-6051 8865
-10 5032
-9231 1415
8257 9605
6517 6544
-45 -1118
-3001 7062
-1981 -7321
-9026 -5273
-3775 -8959
-2289 7417
2950 -3438
-264 1964
-4033 -3429
4241 -2592
-7 -3213
-4460 -8089
3326 9984
-6692 -3691
-3426 5303
-5816 9825
-9394 6529
9208 4904
9631 -1375
3387 -6097
-8681 -4145
6138 -5181
6783 7990
-5439 -406
7002 -7251
3258 -7478
-1846 -3005
699 8798
-1173 -4800
-9498 4007
7552 5401
5651 -5313
9591 8159
504 4858
-7519 -7058
2518 -6109
2431 -2478
-768 -1344
8250 -787
5684 7514
-6243 8973
-4033 2662
1459 1911
7112 -9614
4393 -5994
9408 7614
-3979 5665
3823 5058
3636 -4388
2275 -1952
5660 9839
-2640 -5208
7169 -1910
-8977 6592
4106 9140
8112 -9573
3089 7863
3494 -2201
-1815 -1732
2275 605
1940 -7423
8242 5403
4181 7961
-2707 5786
-2446 1537
1375 9568
-1919 -6787
5024 8735
9048 -1030
-1891 9768
-6084 6874
4736 -3780
7740 7005
-1006 1950
-7445 -4076
2222 -5011
-9609 8216
6176 4185
-30 8293
-171 -2810
478 -8756
-1822 -8796
-6341 8559
-2471 -6799
-3311 -7294
9580 9359
-700 605
1331 8036
-14 -2961
2964 -9676
-4687 6262
8198 -4815
9370 -575
-2283 8094
-4717 3060
4304 -8734
-7530 5762
8041 -7519
-597 -149
2557 -710
-1351 9814
418 5858
3893 7949
-5013 -8252
-4207 -2401
-2419 7951
-3143 4827
-5749 -4222
-6128 -53
-6993 5689
6956 2876
-1363 -8969
-2766 -6854
2997 399
9689 6637
-9830 -725
-1147 -1663
6 589
6058 -3534
4066 4994
6665 -8149
6678 -4633
4867 -2758
7190 -5350
-5941 -7541
5335 -6083
-5052 -5265
-2118 -2307
8092 5903
6261 -5401
7595 -8500
-162 6431
-2981 -3553
2914 -6436
8558 -3202
-1351 700
9788 8944
-94 -953
7418 4654
-9167 -2905
4733 -8523
-67 6169
-2418 -6598
9305 7815
-3865 -606
894 5565
1996 -2550
3898 -9269
-1983 -7265
-467 532
-8769 295
-762 -8098
4671 -8982
9394 -7135
3681 2088
7286 -9774
-9885 -1586
1816 -2781
-1246 -2303
7091 4841
406 8610
-3940 1706
2437 -3878
2578 -6322
4210 -5826
4470 -4168
-2266 9162
-6100 -6293
-3428 -3875
