2000
7248 6653
2742 8546
-7822 5646
2672 -5489
7853 -1824
5463 3532
6307 5096
3803 -4024
1702 2383
5185 7809
-3570 6106
5850 -8068
5536 6767
-7747 8280
-6851 -1004
-631 -2768
-501 -9604
6042 -4168
343 5398
-6426 2435
-4034 -1804
-2988 -7243
2454 -4007
-7903 -9186
-7657 -5844
-9739 7282
9215 -1227
-4461 9833
-8168 8471
1187 1514
-7534 -5019
-901 -9445
-3613 5686
1084 -1139
-8705 6731
-1353 4658
-8865 982
6976 9380
-9806 3589
-8535 -7207
-9926 -3742
5032 -4552
-999 -6991
-8521 -5709
9526 833
5815 2666
3222 -4287
-8602 -1366
7495 9609
-9941 2482
860 8791
-228 -1294
1807 1995
-695 468
3261 5722
-8021 770
6218 3336
6345 -9269
-1256 -4782
9773 -8455
4211 -1731
3982 5587
-5780 -2568
-2959 9102
1583 -4565
-5775 -2900
9528 -3836
-8121 7719
-1814 1334
-2945 1184
-4325 -4832
-7776 2755
3487 -4387
4553 -7711
-6166 -7770
499 4325
3632 8046
-4523 -1798
-2697 -8428
-2993 6239
-2940 -7394
-1230 4954
2672 -3413
-8359 4371
-4446 -9143
-254 2417
-4829 4950
-9437 1970
4260 -7622
-5392 5116
-560 8094
6139 8829
-2970 -3208
-1636 -4663
-8425 8054
-5620 5371
4045 -1365
8943 6872
1242 -3284
1295 -5696
-9559 -9484
5467 -8960
3011 -666
1712 6030
4866 -2730
-4637 6321
5149 -1974
4818 -4777
560 -4101
-2327 -6819
-7728 5856
-5509 2053
-1076 6318
-3246 -2846
5180 -6114
-5597 8049
9090 5621
-5046 9870
9620 5821
-6910 6667
6708 4485
-7490 2174
-8883 1856
-8525 -8952
-5771 1677
-2467 -852
-5079 222
260 5745
-3381 7567
-8548 7015
8784 -8202
7420 -424
-555 -8407
7414 -3906
-3519 2785
-2731 -5776
-9881 -6812
8765 3500
4548 -8764
2914 -6040
3108 -7503
6441 -5833
-6368 8030
9317 -3300
-2565 251
5771 -9232
345 -60
1533 3190
-6996 -6490
6296 -1053
3171 -514
6395 -2715
-5494 3290
4527 5160
9120 -7226
-4728 1161
9049 5949
7699 -4567
2133 -7320
6652 7015
7783 -6711
3229 2422
-668 1848
9080 -1518
7429 2337
-4457 9096
-3620 4321
1331 -8063
-9183 4607
7382 -422
-9262 9938
9607 -7347
-1914 -6493
-3813 7305
8040 -6061
949 -7161
8982 9543
1391 -2102
6381 -1686
-9350 470
3286 7530
1850 -86
1851 -6614
7994 -6819
6480 2669
6327 5375
-8252 -9061
-5554 9654
6958 3555
-8786 4355
-9086 4997
4539 5885
-6218 9896
-1791 -350
-6160 -6117
-8587 2580
-7507 7126
-9488 6984
-6115 8066
734 -7774
7601 -9635
-8696 781
434 -6931
6624 -529
-6175 1112
-171 -8442
7443 -5261
-5365 -1912
-8541 -5054
2550 6565
-855 -4701
-3854 7684
4668 5359
3424 379
2605 -7727
-7362 -2122
8659 205
6995 -2337
-9145 2813
-6076 3618
8897 -5320
-580 7474
-4438 -9940
-4994 7776
4340 742
6041 -8724
8961 -2795
-7436 -4093
6286 3628
5901 9709
-2413 -1110
-7185 -7740
3644 -34
-7221 9810
7148 4499
-7100 424
1619 6045
6105 6041
3816 -9099
1643 -5169
-3893 1876
-7198 1404
7312 -4933
-7585 -4634
-1205 3597
-7513 8317
-5703 6382
-3652 -4698
-4888 -8339
6161 2848
-6729 -7741
-7976 9061
5101 4890
5791 8129
-3320 2637
-1767 1154
-7442 2788
7855 1035
-9879 9870
3466 -9730
-7693 -1083
-4702 9674
-1303 325
1986 5367
-1786 7530
-6491 -1854
927 5207
3817 -4466
-2617 -252
-7616 3329
-5518 4064
-3149 618
-8348 -2960
630 -1574
2417 -8226
4412 -5904
-2510 4724
-4952 9710
8798 6187
7437 -9245
-1099 -2989
-4062 -9054
201 -6451
3297 9756
6805 7584
5368 9403
20 -8714
2048 -7782
4366 5393
-9113 -7323
494 -3218
-4773 5299
8730 7985
7892 3996
4751 7527
-1742 5329
9996 -2627
922 7918
7673 196
1500 -5782
-2659 4477
9484 -3132
2807 7361
6475 1531
4209 -2828
7676 7362
6382 -5298
-3593 -7098
-9382 8832
-9922 -1980
-6652 5370
-7258 2057
-26 -2936
7260 7385
-4677 1367
-436 2480
9348 2665
3746 -952
-5701 2155
9327 220
1303 -7772
652 -9278
-6376 1405
236 7059
-1201 -5757
-6667 314
-7630 2147
-7069 -204
901 6066
-2568 -6089
6392 6224
2609 -9283
3486 5739
1614 -3645
-9705 7785
-9987 4662
5384 5319
-3277 4386
5165 9009
-3028 6959
993 -6036
9832 4026
-6179 7085
3150 -7237
-3326 4722
4666 -5698
-4981 -3214
-7475 -2725
7351 8505
-9990 4139
-1200 -8634
6686 -6256
8130 -2095
634 -6592
-9633 3294
-9022 7606
5352 5081
2165 -9190
-6427 -7107
-8665 -965
7059 3968
-9246 6001
-3004 -7923
-5697 -3000
-5141 -1933
-566 -5687
1778 7381
-4715 -3881
-473 -93
-3079 5919
7245 3615
-1304 -2100
-1290 2596
9210 -5419
7338 6004
-29 -9456
-9735 4396
-9807 4446
-8555 -2738
9050 -5504
2530 -3695
-2594 -1517
8323 -5693
7935 2691
2330 -2150
-4815 -5144
6477 -426
-4110 7602
-4096 -1093
-5090 -4901
-4357 -6759
7637 8602
3048 -4092
6891 -8450
-3953 8214
-1761 9662
1865 -7703
326 5645
2056 188
-8242 -1740
6837 -5615
3959 -3057
-5455 3313
-7781 -6431
-1332 4170
7411 -2871
-548 8032
-2339 8768
-9683 -7501
-5567 -1728
-2067 85
6104 2673
-1683 9799
-14 -3571
4689 -9627
-1521 1744
-7593 1526
-1441 -7562
-272 673
-5158 779
-8372 8397
-9852 -7748
-5260 1080
7300 -2191
9803 -4942
8864 -8267
8127 -2265
1254 4967
-8605 164
4258 -5040
-9576 9806
5052 -7263
-1104 -7168
3505 -6390
8110 8624
-9260 8348
-5680 9739
4539 -9111
2419 -939
7840 5560
-8987 2221
-6323 -9577
9112 9140
3024 4931
9892 -9494
-5968 -2718
19 -5964
-3132 9084
-7306 8915
7538 -5906
-3838 -9197
-5738 8279
-7112 4203
-3016 -7478
8082 5307
-2472 -5177
-1032 -7185
-8046 4926
-144 -1921
2306 4978
-4020 3468
-8775 6339
9143 5999
8634 -1907
5908 -4443
82 9893
-8109 -7931
6273 8065
-9414 -5221
-9915 -6744
1801 -7612
-4797 1334
-20 -9232
2568 878
-423 9837
7025 -5127
-5068 5557
1556 8250
64 -2204
3353 3910
3802 -4029
1762 -6566
-8501 5693
-9529 1755
8732 -4194
-1805 -5722
9333 532
5021 3398
-5724 -687
2870 1309
9904 7574
3130 3615
5586 -5165
2631 -1594
-7684 -630
9062 -295
6860 9839
5532 823
-7423 8359
-5835 9724
-2278 -4970
5562 6081
-522 776
-6191 4304
-4388 7475
5048 -9601
4014 -4485
4072 -1822
-9696 3320
-7311 423
-9873 -7380
-3820 -8249
6295 6988
9067 -8289
-4845 -7407
-2377 -3048
-6968 2878
-6347 -3095
-5071 6232
7427 1183
1582 4263
9778 2475
-5627 -684
-7364 7570
1714 -1602
1019 -954
4518 5562
2549 7199
-7370 4534
7127 5337
-3991 -2215
-5617 -1530
5375 -958
-1006 1757
-7061 -9696
8288 -3580
-7385 8242
-2442 -8215
9356 -3012
5387 3915
-3319 1069
351 126
1045 -8801
9454 -7100
-8043 7396
-1099 6580
-4951 -2034
-9272 3285
-1238 -5856
-1831 -278
9864 5423
3664 -3544
-1758 -7522
3188 -8779
8857 1318
-3893 2295
-7580 -4462
458 6458
-6922 7186
8302 -89
211 -1244
6723 -2798
-5793 5260
-6876 -8829
894 2970
-1608 5015
-4809 757
6956 -7945
-3002 7154
-1529 143
-7563 -4146
5113 8299
4757 -1422
-516 -4430
9202 -8445
312 -2215
4988 -588
-1608 755
1926 9195
5885 1517
252 -3460
7297 -2003
53 5443
2597 7974
-1884 -9229
346 -5212
-3192 554
-7148 -4541
4750 -8436
-3160 2337
-9879 3952
-6637 -9128
1627 8830
-8255 5477
-3007 -6447
93 7630
-4373 -9035
-9872 1111
-916 9401
-6108 2725
-8766 -9080
5195 4238
-6583 -1958
3327 8048
384 8168
5840 -6113
-5240 4226
6777 -7077
8400 6387
9940 8522
9872 -887
78 3754
-1415 -781
2340 207
-3348 -8611
-7691 6232
470 1607
9649 7505
9273 7608
5775 6696
-9417 3377
-2398 5335
8259 -4657
-4550 -1901
-3380 -9622
-508 -4610
-7136 213
9432 -6710
7218 1449
2838 5493
1724 -6130
5477 8868
6372 -4086
-6478 8847
9263 5644
-980 -6983
-7927 9846
-1091 -9657
-1558 -9669
-5570 4360
-6530 8784
-1004 3922
7213 55
-8497 2148
-2360 4430
-7980 8062
6929 -6915
2720 -8782
-6215 7022
6386 9963
-3299 -6953
-3386 -4594
-530 -1226
2826 5523
3603 7912
6695 7256
1178 7073
-2873 -589
-4720 2111
261 2351
412 6641
9726 2282
7221 1062
1804 6167
6129 -8995
-2227 -1811
3595 -3450
5324 4387
-90 -3215
-5303 -1851
-874 -2767
-5694 -4888
8245 -5976
6135 5154
-2495 -6476
-9836 116
-7603 -8363
6420 -6389
9778 -6662
-5657 -1777
6413 9627
-3823 2117
224 3728
-9487 -8500
3371 -6146
1088 -4790
4043 -3783
241 5394
547 2287
9532 96
-9789 -8228
-2869 9697
-2972 -3670
-332 -6450
1774 -3195
152 7733
3570 1907
-4366 6329
-8450 -6207
-2352 -3853
5078 8642
-5142 8736
7850 -879
-4872 8820
-1085 2117
3890 -5340
-1923 -874
9177 -8980
-1709 5105
-4370 2566
298 -9936
1971 5782
5832 -6133
-2340 -8674
-2527 -8898
-6536 9029
7764 -7449
5393 2043
862 5613
-2270 -9480
-1099 -6503
6344 -4660
-3640 6978
5803 5521
-1914 8372
8437 -8568
-9065 -7896
-4029 4128
5454 -9513
-4690 7352
6381 -3352
-801 -1226
-5463 4144
3478 -1688
-1168 5399
-7384 -8793
-3453 -8546
8432 8960
4480 6628
4999 7956
9388 -3714
-1610 7156
5005 -5957
-1749 8082
5434 4179
-5453 3561
-3945 5535
3399 7467
-4222 592
-289 -3124
1804 4611
9786 2327
1287 -7929
-7581 8217
9893 -513
9495 -8861
-7985 -6999
-2956 -2116
-313 7020
4920 9017
2577 -1159
-5625 9467
6934 -7647
2945 -8506
2092 -7289
-8958 -7344
8704 -6105
-312 -9173
-7235 -10
-6802 2107
3246 -7343
-4342 -7308
4297 8983
6002 6424
5440 -6017
6545 4642
4109 1737
4090 -5360
-3865 4763
-8806 -2965
3412 8227
-4158 -4042
-3215 2115
-4174 9251
1358 3271
9650 -976
1716 -1676
-2694 -972
-4549 -267
7438 -2971
-8330 -5389
6349 3982
-7657 9500
7983 4159
-8807 -1522
425 9178
-4865 8326
441 9988
9239 5641
2633 6267
-989 4317
-7360 2282
-8691 -5553
4180 3668
-5583 482
8814 5338
3041 -192
3029 5162
3042 5384
-2418 1011
188 4235
6282 -8273
-8286 9044
8406 443
430 -5327
8990 1038
-2960 9441
-6113 -4649
9019 2070
-7449 -8213
-9154 -2844
6964 -8635
-9753 3887
2991 -8
-8997 3289
1245 -9428
-7701 4912
7677 1247
-8311 -2266
2408 6082
-2881 2119
1559 1397
6748 4159
-3772 9167
-5326 9487
-3358 2501
7587 -759
-6873 -6394
7319 -8446
8565 9839
-9590 8322
6955 -191
-5224 -3570
7886 4631
712 -3535
8584 293
-4590 7831
5710 3863
6750 -4121
-914 -4342
8159 -4856
4386 5729
-6945 5745
-8980 -8767
-8928 -9627
-7584 9585
3114 -4797
1634 9371
4001 7890
-5646 -481
-6468 -1567
-16 -3342
-9480 2663
8542 -4307
1351 7270
-3866 -2372
-2923 3231
2696 -9481
-8247 3853
4226 3716
3300 -7175
-1972 6642
9733 -3587
-5698 -6618
6622 7454
-4114 -1344
5314 -6126
6538 5870
-8438 9555
-9456 8800
148 6635
3586 -3321
919 7225
4798 -3719
9998 2672
9218 -976
-614 7018
-6569 967
8070 2840
293 -2267
-9890 4692
-7714 6180
2049 9145
-7580 8824
-8656 7333
7688 -7036
3364 1492
2438 1273
-8726 -5717
-9325 -2765
9980 -8729
8290 -6386
4581 3087
-4074 -4559
6895 6371
4783 6219
6119 -9275
-6409 7070
9614 1889
-779 -3989
2696 -9043
2450 629
-4378 -3940
4064 -1392
5843 -3104
1889 8460
-7927 9544
2630 3899
9340 -9626
6746 -7724
8495 6234
6960 1528
2318 8335
223 -5729
282 1932
2889 -6836
3793 -7023
2758 -941
-8613 -6865
31 542
-998 -9049
-9506 -4360
9539 1075
5171 6845
9121 -7402
8833 1916
-2836 -8665
9670 9513
-6217 9483
5135 -108
3056 7786
-5517 1744
-9197 569
3704 7242
1504 -7810
-3138 -2544
6817 -9495
5302 -2644
-5800 6356
-7326 472
-7613 -6680
-5344 -4773
-5261 3272
6475 -1954
7939 2243
3749 1609
-6647 4715
-4716 8233
9195 -2123
3788 -7292
3885 698
1204 -9350
1727 4423
778 226
-9303 5928
-7032 7173
-7600 -6916
-9924 1345
-6888 -2861
-6897 6552
1881 -8950
9486 -9428
8805 8955
-3169 -5231
1199 -8281
2418 -5660
-1289 -1196
-6774 -2658
7568 -9563
-9915 7725
4898 8265
-4931 -3225
-8160 7298
-1843 -1134
-4583 -5048
-3998 4981
5554 -8981
9974 -4512
3978 8079
9799 526
4866 -1103
-8578 2216
-6722 -6424
-2266 -1631
-3906 -9155
-7170 -2180
4595 -5288
-4270 1620
-9515 6435
-8613 3887
2589 -376
643 1110
-9682 -1858
-3780 616
-8859 4297
-3086 -261
-8046 9728
-6697 -1664
-9574 -1047
3519 1038
-7422 -3480
4953 6349
-2032 7173
7328 -9318
4569 2175
-8202 -7565
3546 878
9020 2441
-6944 3864
1881 -1039
8700 -2081
-2354 -7484
4573 -5625
3328 4671
-571 4999
-4761 -3153
-3084 2007
2900 -9809
-9127 8606
780 227
2663 9164
41 2578
-4982 -3792
-6208 2782
-8258 1795
-6566 9395
-8090 -5838
-1463 1081
-528 6483
5203 -4414
6154 8901
907 -9559
-9367 -6931
-8326 -2473
7754 -8494
-5610 2454
-1248 416
-9656 4432
-2787 7491
3007 -2142
-2748 2676
-9442 6441
1242 2883
-635 -904
8403 -9287
9614 -5433
-4991 4556
7625 4241
-8233 -637
869 -6980
9195 -6758
7379 8981
3412 -2053
-4563 -8556
-698 -5655
7021 8444
8606 -9726
3157 -8701
395 -153
561 -3758
4531 2518
-2927 3895
1857 9540
2623 -1581
5160 7345
-9414 -2788
-3808 4354
-3979 -8314
-6870 9604
-2331 5180
7344 6153
6427 -1590
-290 5949
-4204 3304
9546 -6175
6344 -9923
3972 4076
7336 -2863
9277 -451
-3106 -42
7171 4436
2511 1201
2887 -6638
-3313 -7748
7432 9738
5890 4356
-7234 4776
4445 6037
-660 2476
6301 -6039
-5962 2607
-3318 6365
-6498 -8269
1280 -2261
7697 -3501
-5344 -8106
6817 8588
-4329 7167
9419 3424
3162 2358
434 -9429
9068 2772
2530 6921
-604 3512
7474 -8131
4476 -582
-497 -4768
684 -5121
2618 6726
-6775 -4315
-2421 4035
2623 -2119
-1232 -1884
-8460 8294
4372 1907
2478 4702
1194 -5195
-8274 5266
-1222 -6277
-686 4843
-2019 -28
5204 -2490
2389 -8795
7931 -4112
1573 -1273
-7238 -5124
6478 -7128
989 5385
7399 -1034
-9127 2529
951 5491
-9705 7072
2338 -4135
-411 -4258
-5694 -5164
4808 8903
133 6008
7213 3732
-6660 -7478
1249 8865
-6260 8634
-8494 4011
3116 -9782
-816 6216
2465 4235
-275 3778
4571 -6585
3001 3742
-6796 -3092
5465 -7411
-4788 -2490
-2761 272
-2276 5346
-8412 -1828
-2964 1065
-302 2837
569 4498
8437 4925
1140 -2595
-8360 -2380
-4881 -6396
740 1365
-4894 9690
318 -6259
51 -1689
9542 -4218
9775 5264
4330 -3220
8674 -2502
-7717 5918
2475 -4291
-9794 1982
627 -6957
449 -7637
3705 -8233
-908 2089
-2826 8824
-7767 9833
-2706 2281
-9409 2551
8333 7345
6329 -9868
634 8107
-675 658
296 -693
8737 1609
-2689 -7229
-465 -7336
-4973 7938
-6575 9984
5793 8732
7555 2518
6071 -3312
8969 9788
6059 -6636
-9292 9560
-6588 4391
6218 7038
1416 4046
-2927 -736
-9128 -8288
-5517 -4190
-1526 1904
-159 4018
7723 3501
2233 3267
-495 7236
-6077 3508
7017 -4425
-1061 -3388
-3829 3075
1187 3368
405 3305
1071 1125
-9612 -4458
-2746 8145
-2325 -5019
6885 5458
3196 6149
3370 447
-2566 918
1875 -677
-3448 6939
-7487 9519
-3869 -6432
6643 1452
-1460 6023
-673 -2171
-7325 8946
-1792 -5881
-4016 -6937
-1955 5462
919 3659
3528 -1350
9097 -2165
8754 618
9942 251
-2811 4349
3867 -3507
3782 3423
-1405 9998
6021 424
-8026 7136
9802 -932
6908 -5351
1433 -1991
-2809 -7109
-9730 9478
1849 -8170
-335 7519
-1863 4666
-5083 2139
-3513 1799
-7988 2106
-750 -9646
-5928 5794
-3783 7845
4980 -6187
6603 1912
-9719 4781
-3490 3510
-9878 1715
4913 3701
5531 -5887
-8368 -3239
-8573 -4804
7335 3490
-4712 -3656
-7830 -2457
1618 -2700
-6907 1420
2986 5690
-6776 3031
-1336 -2035
-3533 9827
7057 -1055
-9341 2977
399 -9101
-4987 9294
-3946 -350
4846 -3355
-6145 -2519
7546 5902
-2835 -857
-9837 -6563
8578 8783
4472 -3023
-9993 1563
-6751 7696
-8758 2392
-8663 3437
-3587 -7980
-7081 -4283
-4990 -9468
183 -2068
8298 1065
-7734 -1251
-1629 -7848
5016 -6467
691 5536
4318 8900
-4124 -732
-5448 -1210
206 -395
-8004 -2199
-8763 5170
7190 -6667
2772 1371
1904 -9892
1762 7782
2567 -4193
4556 59
2212 4834
-7913 -7073
8463 948
-152 2778
-7955 6502
-4709 5724
-951 -3403
8119 9218
8108 1046
8100 9356
4448 9018
9127 871
-1347 72
5879 4609
-5333 -8781
9774 4155
7082 -9401
1548 -8140
8359 9266
5767 -4884
-5440 -5875
722 -5222
-2284 3610
-1624 2562
5638 -455
-1438 -3525
-8933 85
-9844 1409
-3983 3441
8381 9756
3911 4406
5005 -8125
-2544 4713
7699 273
5389 -4185
-60 7186
-8037 9950
7280 -5618
6944 3401
-7055 -4345
5851 2582
-7334 5228
-3363 -9362
4079 -3456
-3701 6375
780 6181
8056 -9791
8644 -4215
6058 -4489
1326 6342
3528 5168
8838 -5014
-631 9212
6333 9838
-4508 -3688
-7386 -7002
8227 -4937
-4298 -998
5546 -1416
-5042 -6499
9682 -4435
-504 5739
-8477 7737
-3031 -1861
-1799 -8699
-9811 -7985
-2998 -8272
-5339 9027
-7416 6371
-3597 -9007
-2287 -1924
6861 2739
-8260 -4061
4523 -7438
-3937 7286
-3429 9481
8940 -534
-2798 6067
-5795 -9538
-4515 7892
9908 2407
7856 -605
2143 -3091
-3000 -3763
-2769 4727
-7197 7124
-138 8665
-5397 -6616
-4054 1602
2608 -7154
-3953 5730
-4805 9180
5246 -5013
-830 6119
7731 -6828
9300 8376
-2229 7638
-5454 7155
-6608 9914
4640 5267
2391 4344
3008 -8837
-5453 -4027
7576 -8669
-5823 4214
3665 3904
6804 224
8932 -7420
-7581 5771
8943 -1898
198 -9850
7788 8242
9117 7969
-8398 -3945
-4958 -7492
-9428 9964
-5153 -8847
-2873 3580
4911 3116
-2671 -1577
-7674 -7192
6754 -5286
1016 -7149
8622 9406
-2493 3435
7306 7564
9526 -8574
9395 5094
-5131 8642
-5129 -5282
-5319 3632
4786 -4557
-7256 -472
-7357 -8088
335 -8625
-2095 3694
8408 6382
9233 -5342
-5937 -577
-3421 7854
9138 5292
6718 -6116
-7302 -7617
-5254 9833
-1729 1288
-5080 -383
8781 2952
-3799 9706
-8383 -4755
-3379 -1156
-3742 5673
2054 8247
-7096 -5334
7810 1287
2861 688
-300 -1891
1994 5720
8103 138
3692 8413
-299 -7152
6186 -8038
4915 4621
8047 8688
-6068 -8885
3680 9664
5336 4274
2520 9939
-1675 1110
-3883 9145
-167 -145
7965 8979
8419 -6747
3392 3679
2091 -9759
-3189 -2917
2766 -4488
-6147 -7004
-4596 1401
2516 -8101
-8438 -663
-6390 -83
3576 -9382
5450 9852
8996 -8100
5476 -8434
-9456 2549
5803 3440
839 -7317
-7075 2915
-6282 -3349
2163 -264
6453 6484
-2115 6017
7916 -8143
1194 -5879
7759 -6801
-2462 8525
8376 1334
3234 -7013
-5446 -8908
3641 -1290
-4130 -1181
1503 3164
-3922 6710
-6640 8149
-2116 -204
1 9244
5260 -5664
-86 7886
-4273 6897
-9905 -5172
-6647 -6514
4820 1354
4342 -4551
262 -1946
-9516 -7384
1435 -6097
7067 -3646
-3216 -3342
-5194 -3134
6662 3865
3109 6411
-5532 -3338
-1732 2089
2706 4382
9211 3996
7482 6522
-2124 -3716
5454 2301
-5925 -4062
-1446 -4284
-381 -5441
4635 -6291
368 406
7272 -4861
9005 8895
9027 7655
-5684 5834
1643 -6506
-8404 6306
301 -5651
-9130 -5473
811 -2218
-6197 2467
8405 -3735
5702 1600
6159 -3042
668 -4680
9447 4514
9654 -5244
-2629 -9561
8094 -7622
-8068 -3603
3612 -3870
-7565 3575
-8356 5209
-6544 6457
-2041 -3764
8703 4268
-5747 1763
-6638 7108
-5935 9955
-1005 -6759
-8524 8454
-6791 2162
2601 -5150
949 581
-9302 4415
-9455 2881
176 4311
3240 -3299
-6842 5542
-8223 6696
4684 1117
-3400 -9521
7587 8937
-7389 3683
-9355 -4627
-6174 1606
-2511 -7879
692 757
-4942 -9911
4505 -8360
4521 -4244
-6213 8771
-4529 -1583
-6042 -9253
-8836 2350
-2812 -544
-64 5848
8506 7509
1192 1243
-9664 -8884
6444 1837
7679 -5837
8641 -6068
-2258 -1630
10 -6302
-546 -7754
-5263 -1749
-9612 6963
7710 209
-3721 -1932
7524 8874
4722 3467
976 1180
-7577 6948
8064 -4112
7725 -7241
643 8228
-4120 9124
-2507 -717
2981 3623
9590 -8777
3195 -3844
-6882 -5673
8257 3583
-8350 -9173
-6578 -5465
-8277 9175
4075 8144
8812 6420
-7693 6498
-7022 -9405
8824 -6248
-3404 3621
-3375 -5297
-7954 4089
9033 9606
-518 -8364
-316 2227
-470 2600
7149 -2060
6196 1181
4076 -9430
-7566 -8361
8059 -1850
-1631 -8755
-8160 -5914
-2162 1347
-1312 -5616
2809 8155
2243 5313
8640 4855
6491 4996
-2778 -1879
-5558 -3826
7835 6753
1654 -8410
-4119 4031
9391 -550
-8680 -1685
3281 7450
-8465 -311
-5244 8842
-6774 3095
1249 7166
6199 6035
889 -2787
-7792 4838
-3320 1101
-9005 3152
3625 4843
-9847 -7449
-9698 -1001
-7831 -3966
8070 9693
-9138 -6511
6900 5071
3912 -7602
9214 -4624
-7459 7138
6893 4183
-4884 8741
7299 1503
-7397 1046
-2082 -2301
-7459 -2681
-130 -4737
4262 -3585
2449 172
3586 6431
-6360 4239
-691 4448
-9434 -9461
-363 -6779
-5921 -6500
7684 2178
4639 -9028
2475 -3480
-8714 5659
-6643 8799
-162 -796
4467 -380
9756 9709
3601 2449
2600 5926
164 -2814
-8366 6241
-9500 -6806
136 -4079
-578 137
-3964 4215
8908 826
7346 -5605
-9947 5103
7622 -7647
5278 -2868
-9528 -2540
-2832 -255
-4086 -9773
6153 -5511
5397 8515
8476 38
3232 7031
-3328 8976
2834 -6633
-8698 6094
-3081 -7410
-3015 -6069
9034 -2014
339 760
-8388 6656
-5885 -4384
9082 -7916
-7689 5004
9493 -5004
-2769 -7815
2223 4889
5640 -573
2123 -825
2542 -7688
-7874 -5044
1267 7565
-8505 -954
-9248 -8027
2733 -9471
-9095 1091
-9573 4345
-9851 -1259
-6256 9510
-1774 -3819
-1634 -3043
-4433 9178
-1396 -5691
3484 -5073
960 -9274
-596 -254
1032 3087
-4147 -9330
-7357 2527
6777 -3395
-8584 9097
7162 -8598
143 -8157
-4927 7311
-6508 7608
-1714 7020
6197 5579
9889 7574
-7500 -1479
2969 7093
560 7182
3989 -7628
-3237 -8409
7839 9842
167 3128
2224 4616
6018 1583
7147 3107
417 -118
-2511 -7780
-7040 7630
3209 9496
7069 9158
1399 6818
7631 -6710
-9529 -5633
460 -1810
3502 8181
-8258 7224
351 1341
-4044 1909
-2788 -3705
9402 -4306
9297 -5642
299 3540
1169 -3214
-3719 3260
6138 -1902
-5085 -2929
361 -2464
5625 -7454
4457 4553
2733 -3916
-6693 -2041
9300 4475
104 7379
-2605 -1024
8391 -8964
-885 517
-5944 7688
-1806 9415
6395 8947
765 8196
-4734 6253
-2491 9402
-8053 9348
3900 -6867
2939 -9876
-1917 353
-1452 9967
7346 1103
-6201 8652
9688 -1539
8978 -4089
-6402 -1197
1938 -6966
-4299 1792
3708 -1668
-5416 6466
5867 8975
8322 2093
8948 -8466
-8341 5943
-3705 1886
1852 3463
-1713 4844
7216 2918
-8622 5807
-8283 -9376
-573 -9644
-2889 -4685
-9173 -4915
7138 2812
2998 4536
7231 -4558
-8745 2586
4120 9273
5215 -9798
5809 9500
6684 -4769
-9926 1382
-5701 -1309
-5503 -8990
-8366 -4322
-245 -3785
5251 4782
9867 6866
3398 9800
8056 -9276
-3834 116
-7299 9007
8279 1143
5066 -9458
-9959 7215
-7555 875
-7744 -9555
-864 -3760
-2750 -3445
5954 7355
-2710 -1115
-2613 -4292
-3706 -7460
-3940 -2746
1699 9692
-192 -5885
-6879 7866
-992 2509
3051 -4879
-7665 -5927
8669 6814
-9021 -1499
4741 -9076
1201 3837
4912 -4289
8317 875
6584 -7799
-1538 -4296
6679 -3402
-3710 4523
8638 -1623
-37 9819
6048 -4520
601 -7309
-3235 2820
-367 6657
-4843 -846
3800 4333
1890 -6382
-671 -1279
9596 -3199
-998 1367
7071 9900
-3502 7465
1987 7470
-4154 6509
6327 4345
-6455 9531
-7779 2374
-4807 7867
4523 2707
-8139 8547
2880 -6600
-2982 5661
-5619 -5231
1571 -9932
1435 -2303
-2403 -5707
-8243 2226
-305 7816
4324 7465
5531 9262
8792 650
-6977 9076
6943 -8987
3720 -1783
484 5186
8587 9302
8683 -6637
1854 -675
-607 -3216
4482 -2855
1438 -5452
6774 -4201
-6386 3196
4381 189
-549 7938
-1413 -89
2708 1963
2976 5331
-2732 3371
-1444 417
-282 7753
-8885 863
-6091 -1599
8906 6690
-6166 7023
-8429 3387
9186 8994
5910 -7935
2255 -7201
-9264 290
-6078 -4574
7389 3044
-1625 6630
0 365
-5498 5643
7116 -7724
6861 7941
62 8232
8642 -9231
7792 -1032
-7646 -3803
-4810 -6917
-4851 -4739
-1940 -8901
1389 7404
-7171 2518
-4439 5311
5661 -6062
4303 7657
7021 -619
5379 -7475
-9534 4136
6088 2239
6729 4249
-6784 4730
-9074 8241
-8676 -708
4553 -163
936 194
-2403 -3667
8851 -3955
-8644 4147
8085 -1867
-490 -9263
119 6109
