2000
-4992 -7200
-7032 -379
1571 -7418
-112 -3203
-9468 5143
-589 1778
-4262 3362
2335 -3159
-7861 -361
-1874 -475
-5740 4763
3043 -8055
7699 9720
6213 -6464
9868 -7565
-4765 7330
-3050 -1404
1179 1924
8721 8522
3664 -5213
6565 -7026
6336 -3205
7357 -3977
9384 -1330
8195 9497
4259 -2491
3175 -3825
-385 1022
4558 874
3309 -452
-3122 8146
-3258 -7736
4188 3828
6070 -8359
-3572 6629
9603 3455
-9751 -3286
2737 9659
-1672 7607
-9177 5841
-2930 244
-9861 5082
-3897 -9755
4840 -245
9303 -5618
-7473 1869
4133 -3820
-6271 2990
4631 -1680
-1331 9799
6974 -5220
5215 -1728
-2070 7224
8551 1672
-2487 9980
3944 9374
4455 4583
4828 4083
-6163 -5722
2381 3388
-4744 -3139
3041 8630
1619 9389
1429 -9510
-9711 -29
4751 -6181
2091 -9017
8207 -35
-4643 -6259
-2559 6757
6130 2870
-2547 -8616
5468 4305
-7696 -3999
9390 -6975
-114 8406
7035 -1634
1476 -3352
859 -1346
8625 -7096
444 1148
5853 7096
781 -7466
-3 4059
4537 6138
-992 -8842
-7457 666
-1308 -9819
-3818 -8269
-1523 4717
3122 -708
7659 8364
-1268 157
-7469 -866
5759 9591
4460 -8845
-8029 -3797
2458 312
-1909 6473
2610 -3825
-2666 -7373
7015 -4662
-760 3598
5329 -4294
-5857 5423
-1565 -6195
-4111 7265
-2579 -186
-7332 8342
7933 3673
4828 -7852
2072 6113
145 -9481
6992 -5471
4426 8236
-9137 3323
8661 -8241
9078 7878
-2696 -2099
-2956 4406
-8069 1447
2432 9200
2735 1542
-117 -6426
7247 5403
7551 1536
-2352 5796
6315 -378
7873 -8487
9750 7028
350 2298
7778 -5667
-4069 2731
-5648 6855
4981 3235
-1598 5117
4317 6912
2174 -9167
-1872 -2949
-3826 -7943
3593 -4625
-8830 -6275
7068 -5038
-3525 -8795
8233 4940
958 -3776
4278 2303
-4966 -1265
-690 -9792
7164 -614
-1776 -1989
-1356 -4435
120 -7460
3312 -9183
-7126 8248
-2657 9486
-6790 -9812
-4850 2234
3440 -6001
8939 5346
-4709 5393
-2304 3618
-3927 9569
9778 2730
-4164 5384
-6606 6941
-3773 4060
-9680 2038
6577 -9933
-7965 7353
6839 9451
9639 -621
-8388 -6231
-2232 -1491
-6145 8773
4166 428
-5955 2867
2435 -8139
8312 118
-778 2212
2874 -2132
-4351 6338
2096 -7179
-7112 -4031
-6678 -1328
-1877 -5077
8023 -6119
-2350 1482
-6288 9636
8408 9140
-433 1288
-5846 2573
8155 7333
-2550 -9691
6243 6466
-1945 -9607
6731 -884
1937 3704
-6607 -1174
7499 8546
-2811 436
4317 -658
-5456 -4788
-1432 -4312
-1452 -1744
-6736 696
-3010 -8165
9168 -2582
-2272 -4856
-4669 338
731 -6030
6807 3386
810 -2539
-9992 2464
1009 4203
-1640 7507
-3152 8198
-2870 -3603
5806 1392
-6631 5698
-3606 -5647
-91 -3367
7773 3384
8528 -924
-6865 -4500
3191 -2421
-5315 3866
-4952 -3
-7540 5495
3419 -4944
-3717 7190
9108 -8222
1896 6852
1964 -3762
-8065 -2298
5776 5333
-4313 -1671
-4567 -4315
4761 -6541
2680 -2318
5261 -8384
9204 -4130
9588 9947
9162 -5749
3028 -4232
-7043 2580
8079 -6969
9883 -4215
2023 -25
7677 1846
-2821 7680
-3992 3452
-7143 6587
-9955 5163
-7156 -8661
-7045 2725
8595 -8175
-4508 -7842
130 8182
-2330 -5346
-9046 -6843
-3812 627
6412 9034
2729 -209
-8363 2156
-165 4126
-2423 2537
-877 9564
4726 4156
5495 -832
-4387 -8710
-6884 8450
-9392 -5793
-3891 -1392
6983 4459
7617 3779
-1874 7938
-9309 -2475
-8963 -1742
-9587 3420
-2455 -7326
5211 248
-188 8843
2998 -1946
7222 -1742
-451 -1508
663 -7166
762 2665
-5007 4992
-550 -9409
8091 -4303
-6366 787
-7967 -3784
4474 -1954
-8535 -6930
-4256 8609
-1144 -990
1573 -5325
2729 -7612
647 -1708
6784 3671
-9775 -6084
-9699 1167
-3842 987
5299 -4706
4712 5609
-3605 3389
9605 8346
-3609 -1572
5219 7799
6407 1577
-5693 -9038
-4363 -1016
1372 5881
-5828 -7914
5757 -4261
-345 -5324
5844 9703
4410 3677
8972 -7999
-8670 -292
-6904 3683
5750 1447
9875 -3579
-2059 -4139
7439 5094
9777 -1932
7052 -4534
-8654 -865
4942 2145
-8396 -761
3916 699
401 4981
-1343 3480
9202 -5189
8240 1349
-1247 -9468
1979 -8664
1478 -1777
4084 5574
4388 9419
1208 5243
-9291 4165
-2980 -1741
-5876 -4224
5016 -8039
6381 -4271
-9291 2652
-3869 -3218
5314 3087
-5564 -4668
-4136 7274
-7670 3189
-8589 7843
7138 3809
6948 9216
4459 1525
-4311 -1845
-9865 5168
-9057 6430
8392 -5741
3709 9680
2331 4772
-4726 4418
-2495 8462
-6206 -5692
-8418 5662
-1150 3379
4943 -6088
-8559 3982
3197 2080
-6396 -7890
265 -2345
-3457 3015
-556 4121
8381 1208
887 -2165
-3672 5810
228 -6782
-4600 1602
9632 -8547
7115 -806
-3706 -8787
-1154 -315
-6334 -8764
3316 288
2398 6863
-1761 6920
-66 -3617
-5775 8503
-290 9379
934 -7395
8415 -5682
-2464 -9018
2585 2363
7537 2936
-4149 5937
-9130 8372
-1944 2145
3381 -284
-6276 5443
6027 417
-2664 9843
-53 -5735
-3512 -9009
-5910 4172
-9503 6199
-9484 5024
6007 -7368
8717 1773
-1571 2312
1969 6253
4625 8001
3866 2839
-7446 -3599
-8156 -2754
-8617 0
-158 7871
-4144 -1280
-289 -6491
7681 2344
2263 7522
2545 8178
-9190 6500
-1728 2272
-1696 -6753
9500 -9578
8423 -9728
3111 7845
-5754 2289
-6745 9387
-614 -189
1402 -5361
7080 -7052
-3542 -9022
3322 511
-1968 -2141
-3963 -694
-4195 -5703
-9710 568
3815 7799
8221 -1406
2588 7035
4880 -9637
2652 -4302
-1195 -7154
6378 9629
-2012 -8089
-5140 -2221
-1243 -4933
9299 5039
-7103 -4201
8826 -2670
5348 2655
-6778 -5369
-7571 5638
-5768 -9243
7793 -5630
-5267 6820
-3762 6393
-7041 -8894
-9266 5044
6955 9337
836 -1278
3789 -4465
-5706 -6687
2833 6808
-5863 -2808
9847 1659
6290 9485
8844 -3210
-2453 -7561
530 -3204
-2664 -940
-827 5263
6369 3574
2338 2132
5189 7103
-455 3014
8549 -3976
-663 -2946
-6139 -7157
3756 -7830
7550 -2002
1204 7323
-5888 7560
9999 3768
-9437 5381
-1839 528
-489 -2101
-4807 7335
3187 -399
-3297 7532
4266 -1624
8121 9970
-2977 6535
-6902 1179
3349 885
-7397 6854
4177 4619
2178 7528
1295 -7991
-8890 5897
145 1858
-6523 -728
327 9656
-744 -1329
-77 -2766
5610 9681
9650 -5812
-5557 7452
-1370 -3328
-8723 -2458
-1884 -4301
-9683 -6119
-8592 -7708
-1977 2495
-1609 6425
-1718 -867
-7875 8536
-8089 5481
-5849 6173
-6593 1168
4569 7795
-4297 -7263
-9812 4218
-5390 146
7688 -1182
4517 -391
3490 -4196
1817 4834
1049 8619
8764 -6440
2694 9440
-8305 -2954
-3753 8540
4713 -6393
8496 398
1913 -8160
-5423 3064
1002 7616
-2239 -1513
7305 9333
-1059 -4551
4974 5543
4097 -3849
-1509 -3210
351 -4854
-1694 -2746
8021 -3235
-975 3723
7330 -5733
8386 -2542
-702 9546
2609 298
-2087 7597
-3917 -2669
384 5675
-5156 -2892
-7350 9326
-803 9818
328 6748
-4386 -8592
-1337 -5601
4885 7641
1363 404
4672 -6090
5089 2413
1958 3057
-2924 -5613
-4296 -1713
9339 4989
4384 1787
8895 -277
2769 9228
-7235 -4734
-4266 -8035
-6626 6815
-8787 5069
2709 5758
-3839 9820
-6271 -2207
-9795 -5447
-8669 -7462
646 5885
-5829 -1593
-6605 6350
1857 -2769
6954 -8500
-9273 752
9739 -278
5408 -2786
-5972 -4528
-9460 8782
8260 -1038
-1219 6970
-5238 -5579
-1026 6231
8770 -1311
-5427 305
-7568 3136
-514 2465
9696 -4172
-2672 -8658
5815 -9631
91 1776
-7290 5553
-5255 -780
-1999 459
9422 -994
-303 -18
4403 1923
1875 8180
-3132 -2903
-8877 644
-2500 5162
1348 -6445
3104 6986
-7951 4764
5134 -5848
9650 7864
7138 -1055
8165 -7641
2819 -4397
8331 -113
9869 5961
-2117 -1973
-3794 7992
-4912 9758
4122 6796
1957 -68
7209 -8378
8608 -2975
-8211 312
8186 -9344
-7759 -9357
-412 7835
-6086 -6901
-1298 1474
-8640 6733
2693 -2968
5059 -5051
-7060 -5703
-5946 -5014
-8219 1749
-8319 -8103
-6481 7459
-1795 -7390
2922 -4153
225 -6
4358 4828
2662 2466
9286 -2334
9140 6577
7030 -2013
5020 -5780
-831 3444
7741 3799
-7495 2109
-2421 -4485
-2588 -1993
-813 2981
5591 4652
-9501 7392
1106 2233
-2939 4445
-3090 -4537
3129 -6557
-9981 -3805
7903 2269
6489 -9230
4214 6643
442 -621
-8513 5675
-8811 6668
-5325 -934
-4233 -1398
-6747 3862
1253 -8643
3591 -2527
-8083 -3921
1542 -9349
-5906 2548
-7537 -1609
-5620 -2165
-1395 -9634
7009 -5410
3969 -3461
-7787 1171
-2161 9177
1964 -2877
9446 6235
96 7731
9089 -7301
3893 -4931
4869 2679
7051 5811
2079 -3590
4801 -8856
2700 4543
8630 -7098
-2508 -4975
1564 9359
530 -8540
-9364 7498
-1658 -7911
8324 2600
331 -2213
4207 2140
-9071 -581
-4182 -1900
-2369 5798
-4072 -7132
-2267 9710
7973 -5551
-2649 -9567
-4542 6602
5961 4843
-9977 -9257
-8039 211
2300 -9340
3260 303
-8189 4344
204 -2689
6730 6018
-2162 4854
651 -3732
-864 5469
8900 -9701
-5252 6870
7303 6872
3474 5821
4384 -3519
945 3155
-6635 4408
5068 6628
651 9386
7450 2048
9360 2462
-1520 -2347
-3773 9810
-3922 6318
5508 -9402
-9103 5214
5804 4407
4999 -634
-4814 6827
-2971 2193
-4653 9571
3978 7974
8322 2433
5539 2766
-5187 -1027
-8566 2988
-5639 -2107
-2297 3635
3674 588
1186 7502
6436 2902
1029 5804
-4830 2240
2787 -3973
-8059 4077
7368 9816
-8490 1009
-6558 5066
-2169 9832
2525 8981
5690 6366
-5742 7681
5036 -9950
639 5682
3183 -1291
-4669 -4455
-8651 3340
-4421 6360
-3892 240
-5684 -7914
-8098 -1951
9058 -8316
6750 -2867
685 -3780
-1078 -5419
-5333 -6790
-5389 -5389
-1618 -1075
-5393 9647
-1644 9021
-1713 -8490
4850 7408
3768 -364
9876 -5851
-3764 9876
1645 -2088
-404 1859
-7288 4423
-5636 67
4648 3397
-9673 3286
-8383 9315
1960 -5062
-5415 -1
2741 -9713
-8202 6662
4069 -5252
4384 -9632
-1761 -2164
1432 7980
-4109 8196
3775 -3203
-8780 9209
-725 6487
-117 -4416
-7410 -2357
678 3932
8870 -2072
-8353 -7363
-3354 -2825
-6164 8109
-7144 2165
2533 7906
-538 -9040
-7340 -5508
-7313 -5385
1412 -1448
1481 6462
2948 6353
-8064 -9245
-1602 -3448
-9517 -1753
9896 -7204
-4567 -6927
249 -8457
-6628 5800
-2036 7806
9432 -3771
910 -9503
-5011 2615
7230 3571
-4157 1398
-2141 2362
-1285 7324
8079 -5472
4801 4372
-7381 197
2993 9005
-7923 -3765
1499 -7854
7947 6047
3853 4872
-5179 -4090
128 3284
-381 5731
-699 8839
3957 -3152
9211 5144
6188 -8185
64 1646
-3983 7987
-1817 -5136
-6132 2357
8593 -5104
764 -333
-4287 91
-5038 2431
-7939 -6714
-9709 -217
-765 2190
4749 -90
-9521 8536
7401 -1295
4241 -6590
5056 7309
5296 -5695
2890 -8928
7151 -2801
5817 6759
146 5743
-446 -3420
9011 9580
-7134 4517
-1980 -5208
6982 -3122
-9492 7255
9512 5451
-2124 -9013
-5603 -9368
-8339 -7883
143 -6827
-2033 6957
-5844 -6968
-6489 -4883
-9141 -6307
273 3657
6958 413
-1350 3004
7796 9824
422 -9609
-8634 8499
7670 930
5639 -5402
-4770 -4454
1384 -6244
-3070 -3108
-2431 -8474
-1721 8618
-6266 5446
9139 1791
-832 -5407
8727 3132
-144 -3875
-331 -2623
1489 -2348
-129 -6189
8463 2855
7454 1261
6807 4101
-8423 -3596
7017 1911
7158 2228
845 -5414
-6248 -4563
-9052 4579
-7108 -7109
6023 3837
9963 -8381
2717 -400
7252 3352
7164 -2074
-9220 843
-7897 5626
3447 -8046
-1641 -7369
4542 8745
973 -904
3682 1700
-9143 -4462
-6162 7435
-5954 -8195
5642 -3270
2070 -6211
3389 9325
2677 -1493
6433 4361
-4797 -160
-814 7214
-7112 1028
3659 -3647
-4903 1247
-9657 1921
-6380 9791
-4671 7746
8901 -5523
3 -833
9618 -3333
457 -4355
-5031 1688
-6085 -2434
-8073 -8634
1206 -9652
-8718 851
-8122 -5888
465 -5830
9139 9258
1179 5563
5353 -6798
-9053 8520
-3282 -5598
3569 -6431
236 6721
-3914 6908
-1405 -5587
1980 4777
6143 6231
6579 3907
-5243 1070
5182 -8419
-4248 357
3335 -4353
-5070 -5110
1813 -1766
-3246 -5997
-1594 2760
-9951 3472
3913 -4305
-7398 286
4699 10000
4776 4918
1149 -3322
-5695 918
-8013 1448
3030 2784
-3139 -9110
-3463 8782
-2608 -9805
-1570 5188
9191 -7075
9406 5184
2376 1317
7013 9456
3462 -3712
8 -6665
-8026 1881
-7720 -5217
5702 6844
-1709 -3415
-6911 -8591
-7701 -4959
-2457 -50
146 2557
-2256 8656
-8420 -7704
-8800 656
-8028 -9014
-9559 3576
-6416 -7295
-238 3903
-496 3593
8376 5457
2300 1784
-7910 7798
-7072 -5689
-647 -4821
5130 -4773
7785 6896
5552 -1004
1292 -751
-6375 7132
8118 2492
-212 -681
2024 -7721
9903 3372
-3036 -4494
-9038 -593
-8810 -939
579 3262
7574 -6720
-1540 3507
8735 647
-2458 -2690
6306 -9761
3209 -6907
-9775 -2403
-6191 6835
-3847 -7937
-5657 3597
-3032 -8103
-2596 -5755
3652 7654
435 2087
-930 8564
-4436 -8987
4521 364
-8990 7745
-4946 3255
7215 -1448
1646 -8641
2677 423
-2743 5592
7655 6486
3803 7131
9029 -4282
-36 -9229
-7855 153
-7761 -2664
-4101 2580
3593 1309
-4607 5185
2929 -1887
-4912 -3597
4956 7984
-6937 -7698
6447 322
-366 5741
5947 -6297
-5445 1009
6728 -250
4242 -6417
3736 412
7748 -9893
2687 9696
4726 -2632
-7448 0
8114 -9882
-3478 5481
7185 -3078
2946 -4802
9241 -9752
9710 -608
6816 -1126
9883 9377
2847 -8630
-1326 6610
-2979 -2912
-2805 -7591
-4174 -1510
9579 -6398
3603 -9449
-9331 -4149
-8669 5437
-3921 912
9831 -7763
-7515 9025
2137 9071
-2056 -4085
-4709 2674
4044 1548
1878 8139
-1053 -7282
-1152 -7380
4831 9864
-6535 4674
8946 4409
-9741 -9212
6225 -6664
7969 -4689
-2452 -7696
-4951 7800
6870 3754
-6611 7187
-140 -1465
-6197 -1319
540 -2376
4063 5681
-7979 -6793
-6930 -7089
-8695 6852
1260 257
1045 -6028
-2692 5240
-9449 991
3295 -1003
-3204 1820
-4426 -7936
9251 -2613
9643 2684
-8636 2831
-9545 -2834
-3433 5625
8833 4518
-8851 -1411
-839 -4377
5880 -3824
148 -5858
9382 646
-8364 -8824
173 -6347
5474 8652
-9285 -9310
1798 -5232
7452 -6313
6518 1440
8606 -7463
8162 6973
5212 -4828
7482 -9286
59 6361
-7464 -3357
785 -341
-9696 6405
-8699 166
3820 -4339
-1967 1475
5886 3014
7782 -1251
6157 -2317
9123 8954
-8510 2674
3368 -8552
341 -6627
-2192 -1421
-1340 -2177
8187 7867
-2474 4918
1322 -1029
-7143 1551
7213 6345
1540 -9603
3411 -4755
7715 -2575
5108 4913
3867 3871
266 7951
-6881 5357
-7550 -6367
5933 3460
-4997 259
-1875 -5408
9510 -6811
5881 9372
923 4553
897 8739
9136 1856
-9179 -7564
3582 6268
1180 -7743
6128 -1311
360 -1233
-2155 114
3747 3479
-3062 295
-9447 -321
7993 5663
8852 2400
5492 -8778
9496 4733
7192 135
-8010 4113
-9731 -9953
6315 -3467
-1210 3851
-3740 1216
9983 -1362
8753 6620
98 -2173
-8157 2499
-4101 -9243
6420 -3883
-7763 -2388
-1166 8992
7445 7730
-2136 -1670
-3837 4636
4684 3576
-9892 -3567
-9717 998
-4066 -1102
7536 -3456
-3116 -4083
7465 6288
2508 -9297
-8540 -6972
-854 -7873
-261 -8400
-5688 5104
2833 -7707
4344 -8243
6393 -5582
7994 -9493
-3060 1076
-4205 8102
720 944
7488 1729
-8634 1976
-1736 -1907
-1204 -7448
-699 -5508
340 3977
9298 -7833
7272 -6201
-3908 -6391
-913 104
4522 -9564
-5336 -4520
-9724 2515
4337 5325
-3732 -208
-8479 -4944
7033 -2523
5570 -3392
2881 -983
7230 -5635
8342 -7818
-5651 -2431
1368 7639
-5032 -8380
5446 -8820
-4663 4056
-6744 -33
-3797 3722
-954 -2747
7046 -9461
-683 5315
-7209 -7713
2616 70
-7193 -7919
-3554 -4503
1400 -9964
1326 -1492
-133 5749
-8910 -3586
1315 8556
2611 6536
223 6653
374 9588
-3159 -9854
-5593 9421
8456 -6114
-106 3724
-2486 -5033
-2952 -7491
-1994 321
4078 7215
-4278 9406
8876 -4597
5538 9310
7865 -6314
-6058 -3148
-6496 4197
3784 4165
4312 7600
-9260 -9376
-1769 8719
6163 9196
-5838 8125
-9366 -6324
7718 4931
2145 2361
5488 1795
7198 -8413
-9104 4363
-8231 2735
9587 8761
2957 -4289
9876 -3188
-5589 -3259
1086 7908
-9654 -4849
-1933 -6962
-8838 6509
-6095 5950
880 -4483
-8401 -8378
3417 -6976
-1668 7087
5170 4335
790 -772
-2012 6939
-7351 4098
-9091 -5334
5128 -7476
-5847 -959
7913 -66
2972 -5501
-5271 -4021
-8072 7856
-6628 -1366
257 6529
9553 -5029
-4222 -2606
-4550 -2116
-9168 -9053
7886 6240
337 2541
7207 -9466
-3220 4967
-5993 6055
-4011 4654
9153 -4360
1619 8961
-9464 -6119
2516 7268
3796 -2370
6322 -3507
7608 7069
-1327 -7900
-6953 -6943
-6982 -495
-7954 -5346
-4812 7076
2043 -7027
9029 5689
342 9771
-4589 -4983
-2302 3216
7097 7030
8019 -1765
5865 3333
-6454 1814
-1117 2186
4286 -8846
-2068 7556
782 -8946
-4292 950
-1974 2828
5801 4617
4027 -6211
-6441 8550
-2713 -1911
-8696 -1030
-279 4986
-3059 8402
1734 1460
-6727 -7195
8712 9002
-9845 5877
7154 6719
-8507 1808
-7242 -2065
-5517 922
-4462 4505
-7986 -5996
-7446 -6715
1375 -4427
8265 -159
-1453 2679
4801 1706
-6835 5488
-7987 256
-743 159
-243 -5554
-5115 -588
-8781 -3090
8566 -3622
7300 -2302
-4077 -6952
-2948 -3442
-156 -2063
3511 3327
-3111 -8782
7618 5496
922 5436
4645 2419
-7326 4087
-2034 -9622
-5176 1931
-8658 7723
-5368 -291
9808 -3718
7702 -3082
-34 7107
-6335 -6376
5283 -9261
7787 3509
8448 2514
-1991 -5325
-6168 6065
-1517 8931
6738 8477
8855 1157
-3192 -5297
-3853 -2600
-9171 -1850
8154 4500
-8582 -9363
7744 9576
-6801 5105
5844 -4871
-7642 8482
995 3631
-7974 -9195
-9409 -7276
-4625 -4142
-5666 2795
-6048 -7888
537 -3090
8031 760
-7369 -9596
4904 8860
9497 -5495
-5920 6322
1427 -9039
-3910 1000
3203 991
-5379 2170
2975 -2082
643 -3352
6227 7287
82 6018
-8149 -5718
1192 7755
-1486 6109
6513 2943
1802 4866
-6909 1416
1459 5020
5981 -2829
-8108 -7115
7597 -4209
7961 5095
-6988 -4061
6308 4657
1943 7376
7115 2534
6816 -7976
9779 -7314
8795 1728
-5330 2014
600 5307
443 6473
1492 3692
-5417 -8099
-1493 1193
6984 196
-989 -175
5764 4945
3322 5745
3120 2071
-5396 -4736
1010 3955
6641 -8580
3148 4509
-3478 5435
4462 7819
8012 -9157
8256 -1374
4248 3224
-5584 -3441
6756 -3524
6301 -4880
-6215 -4234
-8490 2064
-5866 7107
-7629 8352
2306 2459
3879 7102
1610 -1053
-1898 748
2287 8133
-7304 -3715
4911 298
-2758 -9049
1231 -842
5634 5379
-9502 1707
-8806 1934
-2282 -5716
-4889 -7296
-5224 5573
-1968 -2518
-5417 -9197
3471 -8090
6379 9915
-8233 -8428
1578 -1335
-7317 -5537
-865 -3512
9368 -75
-4697 -9635
2073 8722
4377 -477
7528 3267
9692 -7906
7668 -7362
3842 -1811
-1008 -580
1330 -7855
-7941 -7538
-2245 1430
-6185 -6174
-1711 9334
-4179 -3501
-9856 -8856
-8490 -1091
-2369 -831
-7588 7304
4291 -4272
1543 9940
-7423 3982
-7830 2931
-7650 6419
8565 4883
7345 7402
-1169 -9377
-5550 -4900
-5567 2646
-7135 6460
7605 3975
-3395 -3269
5900 -7165
-9862 7957
-6316 8312
-8029 4429
2131 5227
1879 -5452
-9033 8023
2905 4229
1630 -6748
-6125 3971
9071 -9540
6828 2046
2227 -2776
-5081 -6587
144 3552
6387 1524
3201 -236
1796 -9755
8395 6885
5833 3767
8316 525
2268 -2289
-4340 -6997
-3745 -1106
-7136 7291
-8529 3851
-382 -4345
6600 -7981
-4567 -8156
9117 -8482
6764 5577
-4659 5503
9469 -36
570 7137
4625 7863
2108 123
-8446 2940
9664 -1903
6991 -2786
-5496 -4082
-6511 9855
-770 -303
1716 3107
8672 -4171
1068 7149
6447 7788
7011 -2169
-8484 -4492
-3635 -9801
8062 5807
-4071 -9011
7650 3891
-8013 1204
8418 7313
-6770 8978
-7448 -3357
6340 -3280
-6453 1782
7611 1776
2646 -7781
-6273 2399
-6049 -908
4600 -5541
-5342 -812
-5006 -5315
-4325 -3559
-5948 4644
-4153 -6676
-9363 -3961
-1263 -5736
4628 -2412
8029 1289
-3209 4688
-3536 -8424
-2484 -1878
-9480 -7170
1922 1243
9423 -5529
3659 242
4927 -5919
4243 -7627
7017 -5678
1368 8295
-1946 -7137
849 2005
-6687 6791
1800 -4524
-6115 -8658
-7082 8591
433 349
3179 4155
-882 953
9146 -1179
-7217 -1459
6343 6525
8899 -8570
-4247 585
2600 9636
-7501 7121
2846 -9347
-8836 7069
-3735 6159
7501 2964
5275 150
-5781 -5861
8294 -4293
-9620 -8882
-61 1133
9674 -6754
9772 6443
7874 9737
321 -7610
-7975 -2653
-5533 -3359
-2706 -1755
-4687 -8967
7192 2179
-4858 5300
-830 8414
-3727 -5863
3565 3390
4508 -5433
9421 7666
-9088 -1832
-1669 9094
8830 -9317
-3206 -3796
3551 2871
9512 -1181
-9215 -8262
-7229 526
-7296 -181
-4882 -6316
-7903 1567
9425 4289
1399 -1630
6658 2989
654 -373
-8485 6078
8892 1566
5970 -153
6051 -8559
4312 -3516
5304 3323
8782 7544
1790 6089
-4093 -8447
-1042 8215
3502 4747
2756 1055
-6855 2926
-365 -5846
3781 -6476
-6678 -5990
9297 9018
-1136 -4065
-2624 8988
-4529 -1365
-8043 -4591
-3327 -5505
-9417 -9261
-3987 -7816
-9602 212
-1321 4971
-254 7622
4268 -8566
-691 6612
-6144 -6097
-2087 -6911
-7894 -2821
3114 930
-83 4691
-6674 -5790
-381 5389
9884 -996
-257 -9987
-7803 -5812
8121 9477
4447 -7405
-6063 -3201
1954 -2087
-5475 8206
-7892 -8738
-1928 -1619
9281 3742
-5329 3900
-1410 2394
-9675 4589
3698 1916
-9080 3665
3678 3581
-8511 4384
3861 5875
-7809 9610
129 2028
9942 -3872
-5667 -7918
-6656 -1813
6568 162
-6097 1417
-4684 5849
1963 2296
-3116 7627
-457 6009
-326 -9419
7883 4184
2288 -6649
9227 9373
-7298 -131
-8103 -4862
1266 2832
4914 -4441
3746 9321
-518 8259
3396 4034
3603 3386
-598 8712
6338 -713
-4705 6286
-9413 -399
-2495 4969
8321 -7810
-4717 -6486
3383 -8733
126 -2014
-9183 9001
-1720 -8609
-5568 9452
7710 -4254
9781 3915
1021 1105
3537 7104
-3610 -9578
-9572 3596
-3083 1686
375 -5264
-3074 8144
-8343 2416
3683 2210
-6084 8761
-8518 -2471
2642 -5267
-5816 -238
5509 7074
4709 -4385
-9560 9010
6113 -4271
-128 7699
5015 -3776
7910 300
8757 -8069
-9926 -1716
-9300 -4317
-8387 -4548
-2066 8104
-4367 -750
7704 -584
9178 -8005
9069 -4392
1223 4686
7416 3778
-6773 5385
3083 3529
9753 3100
-2880 -1903
3749 -8618
3387 -4123
5281 7545
-3283 7808
9633 6894
-3857 4651
-5934 -1014
981 -2433
3175 -6756
-8350 49
-2453 -5602
-6497 9067
6316 775
-6126 6586
-1597 9789
-5109 994
-9409 -4128
-6584 8278
6086 5872
6486 134
-5216 9439
-1576 -3651
3916 -1149
5816 9405
-547 -2909
5210 7466
-9748 -9279
1496 8713
9019 6568
-9924 5370
84 1142
7014 -5033
-3034 676
268 -9570
4285 -3228
-3790 -3246
3103 9069
1640 4634
4038 -2981
4110 -2545
-5079 -2789
-2068 -681
1752 -4827
-4538 9428
8518 770
-8089 -4462
4227 2323
-7002 8925
-6925 -8808
-2036 6987
-6260 7360
-9851 4174
2528 6844
-2417 1789
9245 -3435
7497 -4587
8453 -2114
6780 -850
-1423 204
-5306 -4038
1501 816
-6862 -3395
-750 -552
640 -143
-3157 2326
3406 -7676
-9782 4305
4869 3555
-935 2746
9311 -7549
-2136 2030
-6364 -9473
-323 37
-9760 -9585
99 -8025
2791 -1345
5260 -4680
4768 9650
3227 -1770
-5724 -872
1452 -9931
8095 -8597
4958 1670
-5585 2963
5414 -2257
-6507 -2554
1694 -3002
-9245 -2871
1266 -8629
-6654 -9005
3371 -8636
-3316 9858
9507 -1370
-9419 -8549
4300 2733
6523 -5143
-3740 -4249
-8859 4618
1301 -5061
6403 -723
-9557 436
-8846 9897
746 2137
3508 -8090
-3374 -7989
-2904 -9426
-9569 9998
-1373 3780
8952 -6342
-9889 2929
7787 3251
-7278 -9645
8694 -2233
6427 -2416
-9419 -6
-9571 2830
6447 -8976
6883 -8416
-6506 -2808
-796 4111
4686 120
117 6300
3801 8838
-7504 -7535
9115 6473
3445 -7393
-7038 -9379
-1611 6167
-2528 -8345
5371 -1464
-8635 -1947
-922 5800
-8896 7812
-1275 -4040
-9930 -5402
8440 7929
7949 8477
7315 2277
8463 5470
1943 -6469
-141 7578
8199 -4613
-4726 6543
-8082 308
8845 2746
-9201 7289
3089 -9791
-8258 3598
-6722 7914
-3767 467
2116 -2931
-733 -5328
-9331 3785
2976 -3419
3833 9133
6710 -5082
4026 -6309
-9767 8629
-1063 -6980
9488 -7848
-6839 -2219
1711 -9714
7605 9971
7885 7174
1361 -5397
1672 -5883
2510 -2803
-9018 -5341
1240 3179
2311 3958
-7404 -1207
2485 2741
1370 -9658
-6638 6439
-7689 -5973
5529 -7151
