2000
3000 6449
2875 -817
-4419 8316
-9651 8148
-8073 -1635
-6017 -8838
-1912 3470
-1278 -2942
-2568 6611
9756 3498
-5941 -1802
-3700 8029
7071 -7964
-6273 -4721
6338 -1726
-5278 315
-6781 3058
5095 7597
5744 -1200
7165 5444
6607 -8608
4862 -8853
1926 -5306
-4975 -6417
-9198 -6921
4998 -1498
251 -5139
-3103 -4982
298 -2679
5595 4345
-5340 356
-6586 -9684
-8366 -2121
-9601 8509
7673 7378
8770 7565
-7568 8000
-3585 7352
-5344 8080
-5121 1440
-6338 -821
4040 9877
-1384 3914
-5045 -5342
-7277 8914
2990 -9450
-5413 -2617
8983 -9876
-7647 -3779
-2680 -6897
-9333 -9974
-8254 -190
-2838 -3180
-1380 -1839
9602 1818
-5283 3499
3376 -3016
-5382 8757
-2865 -4288
-1654 -426
3845 -141
-9038 -8665
-8540 8432
-1626 -6334
-3231 -6187
-2440 5694
-4497 1157
7977 -693
7468 6386
1924 -3403
-9905 -9211
1495 6641
5398 7192
-3376 6113
-593 -3747
9833 4970
6306 -6749
-8317 -9205
-5539 -8514
-4701 57
-529 1230
-3893 6581
-4113 4974
1360 -5917
4401 -2925
1586 -6717
9925 8218
9130 -6920
9193 9043
-4705 -4246
-9277 -1400
5572 -4872
-356 -9251
-7765 7255
1032 4105
-945 -2465
-2164 -9498
9198 5162
-7035 7444
-5482 557
7561 -8913
9305 9825
-7096 7485
-9753 8434
-2092 -4182
8139 -4457
4392 -1368
3102 3710
4686 -5965
-8140 5338
-3407 -4283
-59 4636
3518 4429
1872 2859
-6585 -9797
-8710 -9890
9936 -5304
-4098 -5685
-3530 -7161
2378 -3851
5413 4378
-3270 516
-5774 -196
7560 9833
5170 8912
-1651 -6860
-8504 -8238
9912 -7990
4869 8735
-7341 1783
5614 -7996
422 -6051
-1735 5549
-7891 6324
-7528 8456
2833 4487
-4997 7886
1410 -6716
-6884 2950
5582 2691
9552 -7994
-2511 -6070
-338 -5231
-6497 -2600
-7097 -1749
256 -3838
3833 8517
7787 -5602
-9279 -4182
-5727 9896
8103 -6807
-5201 -9174
-5890 -6895
9776 9931
6342 947
6674 5357
-6992 9614
-5618 -5838
5283 2670
-5359 1607
-8511 8186
-9577 8618
-6985 5322
-5140 8210
-8175 -6264
651 2854
3681 9928
-3246 9171
-7179 -8489
6180 -3471
-8114 9163
-7503 2853
7016 -1385
-4995 -3121
-7794 6019
4205 -354
-1736 -6304
-7262 8349
6558 1279
5016 -2401
-5827 -7897
-7970 -613
-1443 7854
-6914 2505
9035 1379
4262 9266
2118 -5359
6977 6759
-6362 2854
-1127 -8019
1627 -4156
3261 -3202
-4854 9891
4891 6000
-2681 -4576
-2473 3627
-6987 1492
3067 3278
-4217 1570
-3331 6153
9139 -1462
6900 -9069
7690 1256
-2169 3876
5857 -4952
4614 -9576
-2778 -2517
1095 -2126
-2406 6089
-8488 -4015
9612 8634
126 2760
-242 -7376
7915 -3087
-6935 5541
-2201 -5416
-4485 -7797
7180 -5302
8574 -3075
1974 -1269
-845 4430
-4366 -3413
4461 6377
6186 6729
-3566 -4224
-5591 -8582
4178 -3955
2390 4535
-8553 -6064
-6803 4025
-7671 -1767
4157 997
9416 -2156
8491 5058
-6212 7990
2419 464
7051 2944
3041 -8227
8502 5232
-8993 -773
645 -5065
4701 -4583
-6328 -1456
6201 811
-5164 -1159
7074 9398
4115 -2835
8731 4952
3730 3531
5241 7221
-2316 7518
4182 1380
3154 -1545
-6314 944
-9830 1655
-9689 -1585
3832 4536
-6921 8733
-456 -8776
65 -7000
-3881 4380
-4735 860
-4189 -9767
7485 -6005
-8785 9541
-9222 2725
-2174 2620
-5205 4961
-4096 -9021
6355 -1518
6897 -205
-1949 -9614
9120 4449
5673 4852
7852 -1337
-3237 -541
-9682 -6030
-2075 2028
6024 -150
3111 -870
-4424 -9041
7301 3889
2570 3402
4381 -7905
577 -7806
5710 4456
4843 1194
-637 -6239
-7667 3962
-7376 -1243
8216 -9816
-2124 3108
-4865 8534
-1617 9522
-1349 -8842
-4161 -8507
9103 4227
1349 -6861
-4766 5394
7588 -4271
-6094 9533
4447 7019
-5500 8749
2710 -6190
6288 -3167
738 9055
2162 4503
6757 8614
8135 -8983
-7824 -4861
353 507
-5267 1736
4875 3176
-1431 6083
-4468 -9892
-6639 -122
-3104 3159
1907 7809
-8382 5117
-8051 -1663
-2609 -8374
6129 2687
5022 -6727
-5709 2885
-8256 3156
-2617 188
-8077 5818
-1007 2117
1920 -9482
-9374 -8717
1161 -8828
4332 -6012
-8204 -8223
6894 -41
8297 -2865
-1239 -7437
8971 -592
6403 -1390
-4785 3992
869 -9307
4602 -3041
-7224 8252
4089 -9755
-9237 5490
6773 -271
902 -8611
-902 -2067
3431 -1046
8913 4615
-4530 4045
6608 -9071
338 7952
282 5579
3291 -3260
1154 5497
-7545 -5841
-3868 -4245
-279 -1048
-5558 -9780
-50 484
5594 -8786
2869 -5428
7247 -1587
-6973 -3701
-9656 9880
-9191 2219
170 -9328
6251 1147
7887 -5827
9670 3263
7422 2761
-7764 -4154
4798 -6447
-2505 1957
-7560 -7040
-5825 -8835
-542 8034
-3554 -9236
784 -3296
-3417 3195
-4587 1128
5522 -2608
-7741 9304
-6524 1772
-1245 -6134
6627 -3133
2713 -3823
3451 8863
819 -2490
4192 -5334
-4169 6980
8735 -7913
-7149 5289
-4287 -4820
-7905 3635
-1516 6018
-6591 1229
4254 -5995
9498 -610
3256 -8550
-1683 -1747
8151 -117
2466 -8971
2261 5322
9989 -2994
-6015 -3548
-1461 -460
-1450 -7281
1621 1390
-1255 4263
280 7437
-1334 7229
-5046 7411
-3200 -7081
-1910 -5548
6426 -6224
3659 6408
7437 4576
-103 -3875
3131 3418
9870 3606
-6854 -9164
-6444 -1592
-6482 1696
-321 8898
6334 2264
3213 -6320
-5189 -5001
1639 8168
-3660 5332
9108 9730
6137 -3514
-8939 6488
-3667 7294
712 4679
2006 -6816
-5980 4302
-7290 5152
568 1297
194 -51
-4067 -6033
-2353 -3472
5248 9147
-8966 6179
1510 608
337 1095
7581 618
-2895 194
1208 -7638
-9239 7159
-9658 -4360
9943 2767
1639 -5638
5660 -3627
-9958 -7794
-105 -426
9823 -4024
-1157 -8738
7442 5071
-4322 -123
-5308 -1049
-6711 9736
3650 -7728
-5366 4115
1273 -1422
4219 -884
-8117 1615
5978 7882
-5746 3522
9450 5358
-1348 -5704
3993 -656
606 -1525
-6455 -7165
2712 -1953
-9281 2944
6400 7404
-6604 -5992
8124 49
8627 1751
-9133 3117
-5268 6566
4447 -3529
9993 -5570
-6492 -7579
-3282 9442
2506 2160
-9366 -5569
-2733 -6888
4880 -2100
-9157 -6301
-5176 5599
-6672 7243
1012 -1780
-6308 -4828
8289 3360
-75 -5441
1030 -3259
1171 -1907
514 4743
7906 8400
560 -9048
-4616 411
7244 4915
-7185 2651
6350 2124
1443 -2621
-1657 -8827
3115 4771
9943 9355
6435 6807
-4914 -8048
-1307 -3640
4453 9837
4579 -6415
-8016 -5034
-360 2484
-3384 6265
1180 5024
-2326 -6141
9704 7716
-4906 -2256
-1082 1147
-362 7158
6513 -7968
-7441 -419
1533 2947
-6973 -2355
-2519 -6054
-2469 -8800
-112 -4220
-8015 3237
-499 9528
4551 -1399
6181 -5599
-4163 -4055
3689 5885
752 4653
1810 -3673
2080 -9611
3691 -1678
-5010 4639
-3996 -1056
2891 1738
2939 7206
-7014 -5858
7379 -7174
-3926 -1308
-8987 601
5002 -9376
290 7194
6799 -5440
9213 -2301
4027 -2450
1661 1022
-6935 -173
-1813 -4649
4296 -1945
-6487 7912
5118 -2814
5049 -9828
-3281 -8176
516 2428
-6972 2793
7138 1529
2443 -8250
-3690 -2573
8848 -758
-9488 -4478
-9735 2874
-3579 2173
-8755 -6670
5106 8329
6241 5541
-3553 8619
8792 1358
6903 -4784
7644 -4490
8304 -2582
-7333 -5608
-136 9162
-3411 5110
-1928 9895
-4583 -4564
-7970 -1415
-5522 -597
2733 2172
501 -556
-1295 -2162
-3544 -3259
-8181 8873
-5911 -1032
8200 8722
-140 -8268
-154 -9777
9385 2527
-2364 9710
9604 -306
8851 9430
1735 -1259
8144 -5399
6774 9934
-622 876
-7566 995
-8544 8083
6956 -1109
-8421 -6725
-4283 -8956
-3503 9779
-9999 5577
1824 -9937
-6507 9387
-920 -6820
-7391 -6903
5559 1652
6253 4344
4278 7424
2020 6747
-2259 -2624
-4542 4455
-2934 -803
6193 -3866
899 -1355
2145 -4370
-5073 -8883
-8820 2146
5253 6751
9932 -5326
1492 -1946
9706 -3739
-9395 771
-1806 5958
2705 8604
-4021 -9786
8390 -5834
3364 5158
-8708 -4545
7821 3277
8908 5912
7029 -35
-7889 -6166
-5694 -8070
-3396 -8916
-862 -5763
498 -8184
2587 -1157
-1478 4824
7148 -9219
-5284 -5053
-887 -6874
8285 -6895
-1440 -3803
9475 -6703
9209 -3620
-9934 -7898
-343 9959
-8112 -4102
-3018 3963
8200 2213
4029 9842
-1316 2419
963 -3385
1117 -9074
-4127 -1889
4958 5833
8938 8708
-5096 6963
-9741 1218
-8681 -1901
201 -6811
-6853 -8615
1004 9859
7542 -1244
-9032 7986
7827 5742
1881 4997
-8389 232
4879 -3436
4675 2729
2282 -9248
-6820 3354
316 1220
-3842 -1916
9905 4297
-8794 -2523
2583 3826
7405 -5647
6830 -6414
-4707 4947
4409 7798
2794 -6881
7072 -3711
2853 8126
4575 1951
6424 1249
-5398 -3143
-8203 9604
1408 8639
2935 1676
9154 1312
-1141 4141
-7786 5457
9044 -3737
-8791 9044
6841 -5664
1176 5618
-8094 3355
5202 -1752
-6081 8481
3450 3497
-9647 -9658
-6334 -8228
-9590 -4129
7548 5074
107 3346
1207 -9579
5878 8966
-4772 3422
6186 8642
-3302 -3562
-4224 6748
3823 7875
-157 1404
-116 -976
-7479 3762
7825 -2946
-1174 -3405
6188 -8510
-9716 -764
-3698 7456
-8403 391
3077 7510
931 7475
9838 8306
-1536 837
-2416 -3465
-1870 7961
-636 -8593
431 7973
1734 -7032
22 6673
-3011 3279
4769 8848
1805 -6824
-9369 5054
-835 8107
5616 -7772
-6577 -7758
-5732 267
-8896 -6740
3517 6453
4413 2409
3816 -8354
-6660 -6223
-3255 -2032
-1639 8795
2074 6768
9336 5350
8526 -3158
-4384 1140
2968 9157
-4895 4782
-9256 -1417
-7429 2250
9231 -4988
-8536 -6325
9805 2747
8115 5877
-6626 3621
-4691 -8546
-9752 3841
608 3670
-980 6043
-3394 3664
-1475 -2455
423 2222
-2997 -8508
3796 9249
1498 1468
6480 6367
-6238 729
-6525 -8336
7542 -6433
7188 -4690
485 -5364
8477 -7504
9887 4455
497 2805
190 -1094
-9828 7103
-675 8715
-9794 595
-157 -9952
1517 4002
4090 -4938
5791 1717
3382 7852
-8582 -7014
-1703 4644
9280 8606
-5178 8782
3236 -8523
4282 -5291
7336 -2546
-5444 -5529
-3094 7508
-1898 7602
-8629 -2888
-5165 -8334
-3272 6609
-1675 8925
6776 -3761
-775 -8294
6350 8195
-9480 7522
-9976 9351
-9173 -936
7494 6981
-5566 8830
-6699 4829
2337 2712
313 207
-8960 -5841
-4175 1684
-1708 -404
2241 6274
-7488 -9662
-7956 2737
931 1738
2980 -7885
-4814 5173
-5764 6725
3706 -266
-1437 -4550
-9722 -8140
4572 5585
-487 2615
6775 -5115
-9711 4274
-6131 -3680
-3685 2303
2641 6110
-1154 2548
-1994 8406
-5759 -6502
-7609 -9014
-8569 -573
9161 348
5798 5137
6998 1445
-2971 6076
2412 5290
-9826 -9738
4536 -814
9227 -5815
-9792 8405
8235 -738
-8190 6570
4975 802
4300 -184
4523 -7063
2364 -9589
759 5955
4812 5246
-3310 -3444
-3648 1809
-2901 7440
7703 8764
1670 994
8900 2238
4364 4618
-6121 9108
5677 2598
-2880 -4311
5506 4373
7310 -4860
-4449 28
-297 3394
-1361 -9970
307 -5485
-9956 9050
-9790 6660
9144 864
-8142 -8367
7592 814
-848 -5522
-6414 1955
-1726 3031
8721 -7017
7356 5394
-9466 7947
1695 8386
1780 -194
-163 -8602
-366 -5861
-3090 -9857
-9477 -322
-9458 -2880
2474 9668
4202 -3879
599 65
-7980 -6647
6384 7906
-9111 4015
3129 8825
6771 -8035
-9649 7384
-2810 2187
7306 2131
6270 7027
-9110 -3061
6617 -6821
4020 -8586
-8919 -9121
-3000 -3507
6559 5283
-7644 -8680
9226 -7701
6314 8740
-8715 -9886
-4199 3163
547 8056
3963 -3848
8283 7737
8484 1268
-8073 4552
-8548 9374
-5492 8545
-6856 9193
-4314 -4411
-5408 3866
5186 -4035
-1736 -3052
-591 4411
8247 -1702
-8540 694
-1251 -5953
199 5728
3464 -3567
7701 2202
474 5668
8763 -6651
-8107 1926
1119 -6730
2581 -1242
-7377 -9475
-3510 7173
-5879 7809
5941 8475
493 3530
-2056 7908
-4325 5674
1402 6693
-3154 9595
1796 -1414
-5746 -1732
1617 -4010
7917 -3263
7 7231
-4012 2756
7002 -7413
-6519 -1388
141 -6509
-4314 1323
-1427 -198
-2291 6179
1852 6517
6930 7105
6699 -3026
5561 -6224
2044 2215
8206 -6465
272 -6340
-5389 9843
6319 -6001
-3413 599
-7069 3320
-9469 3789
-4889 6794
-3405 -3783
-7605 3684
200 8026
5130 7968
-5058 -2871
905 5550
1485 -9498
-2242 -3331
4050 3411
3253 8030
-4251 8661
2981 -429
-3389 2336
-155 5912
6426 -2858
3359 4956
-1361 -6979
-5233 9475
7443 8839
-311 -6383
9167 -7616
-3393 -9407
984 4373
-2217 4365
6115 -4967
-6306 -5243
8049 -8137
7921 -9605
6307 -5340
1802 -2235
-3558 2733
9475 -4839
-1644 5081
7641 -5759
-2142 -4202
1903 -2671
1643 746
-1161 -7770
6595 -7374
-2340 6622
-8622 6430
8294 5075
5470 -6852
-2192 9935
1420 5497
1950 9610
-1509 7862
2943 1424
9386 6848
-3634 4304
-8368 965
-8290 -8010
-5780 3275
5902 549
891 -9185
-9035 -2718
-7644 5991
9139 -7021
-7087 -8454
7043 -3054
276 8055
5916 -1007
-5863 -7512
-6944 2579
-3118 -6477
4488 -578
1412 -1486
-4490 9919
4188 5633
-9832 -4868
2414 -4922
-5211 -5146
-2166 8491
-9964 -2352
4594 4468
2522 -9201
-208 -1409
1079 -1562
-8984 3930
-8827 7856
998 -2101
-9867 5661
5579 -7590
-8237 -636
4496 -234
8565 -4348
4227 630
2841 -6646
1002 -7940
-9751 2877
3677 -683
-8372 2771
-5071 -2811
-5161 6428
4283 -333
7566 -3988
-8328 -4720
1411 -8581
784 -9029
737 6895
-3733 -1000
9631 3023
6377 -9506
-7446 6192
2790 1099
-5864 -7197
9296 -3534
7376 -515
-4088 -5776
3891 -7785
-1773 -6085
-804 5177
-9683 3621
4592 -5673
-8778 4822
-6179 -4671
-7928 1210
1704 -2828
-6636 -7831
3268 7980
-5497 6154
-3660 -8875
610 -6202
1744 -2564
-349 -9757
-5842 -645
-1747 -8401
5220 7075
-8598 -1430
-2888 -189
8861 -3655
-8725 4654
-8174 -9068
-6899 2980
959 -1089
-1215 -9910
-8785 5462
-7019 8846
2 5546
5789 4725
-5921 -6626
-5027 -6332
-9258 6053
-5378 -6087
3724 -4135
5931 5455
109 6306
7238 7207
186 5656
-1713 -5940
-5850 -5135
-9674 -9208
-6642 -914
-1648 -6693
-8248 3360
6734 -2138
1530 -4168
-4395 -8294
-4381 2272
-8142 3949
-597 -6936
9370 7789
8716 9512
8888 -9673
-1892 -1099
7487 -2826
-2034 2258
-4936 7814
-5159 1324
-5316 7138
-5001 -3406
6147 -4862
-3155 -9751
6242 -4528
9421 6185
-7031 8100
9610 -1176
2056 -7662
-3613 8325
947 944
8118 4495
474 -1567
-33 -195
-5151 9259
6396 8530
-1156 3254
8393 -4885
-4636 -1289
4183 -1042
-1137 -4673
-6574 3604
-7573 1833
7892 -6965
-4919 8204
-853 -5722
-7506 6028
-1819 986
-5489 2968
5947 8149
-9602 -640
-7386 6064
-8822 -758
7953 -8994
3685 264
5591 5856
-541 -7453
4380 -7263
-506 5607
3811 2272
-9730 4575
4323 -3322
-8616 -7236
9453 -7497
-5628 -4105
5256 5400
1463 -5230
7733 -8410
-3683 6362
346 9406
5262 -9999
-3731 -343
2395 -1559
-5952 -9351
6642 -4391
-9817 -8421
1978 6912
-6603 4506
-9271 3363
9258 -7151
-8031 -1177
3593 8234
-6456 7153
7236 5047
4452 -139
3583 1302
-9041 3434
-8125 9853
-5778 7075
-7317 -356
4944 -9137
-8505 -3413
-5187 -3079
-5996 -5108
1463 -4458
4365 -3017
-4784 7153
4306 1679
-3275 2482
-3937 5262
-3437 -5103
-7948 9647
-6781 1243
-1683 -6073
7292 -2559
-1696 4721
-8693 5956
-3403 3520
8413 -3880
1663 602
7585 3596
748 -252
-8574 -3479
9003 -1226
-5965 1872
6770 -1213
-1567 4320
-4438 -7458
-3531 1652
-7187 3880
-1400 -2519
-6564 4838
-1643 3629
9749 33
-5645 490
-5915 5132
-5120 -4340
2182 8555
1049 -3694
-8101 4905
-6309 8806
3125 8669
-8790 5845
1217 8687
6287 1400
-7399 4030
-1133 -1392
-7764 -242
-6489 -9055
1435 -8016
7117 -2133
3527 9242
-8484 -4283
2023 -571
-1945 2565
5091 3922
6311 1746
1312 -1785
623 -8759
6362 -7472
-9721 -3091
9238 -7317
2441 2867
3812 -8527
-2821 5953
-2460 -1032
1930 -1984
3733 -5213
4217 7167
3452 -524
-2881 -4008
-8542 -1457
-9522 -6571
-1608 2770
9020 1101
-8269 -1526
1158 9299
2165 -9032
-3837 -6402
-6729 -302
-7614 3342
-8643 4532
9320 4316
5203 8811
-1714 7257
-6752 -1346
7197 5405
-7445 -1573
-8803 7676
2497 4668
-6859 -6063
-6765 4228
5197 4299
-8382 9121
-1182 -8641
8422 -1390
-6858 4925
-760 9779
-7691 -3818
-2841 -1837
6818 595
-279 4128
-7446 7735
5410 5997
664 -2528
1409 -2093
-4145 7526
5546 4644
7486 -8949
-3869 7164
-506 -3697
-5051 -5448
-1949 2636
-7462 4189
-3927 360
-5324 -303
-6176 -7110
-9376 8118
4114 100
7572 9756
1383 -1502
-3977 -1019
-6376 7238
-7990 -8432
-7548 -8891
1134 -1859
6415 1947
-1697 6083
3992 -5535
8547 4563
-5741 -9936
-3325 -3057
-4940 1805
-8096 -2700
776 -7106
5113 9476
2177 -7842
9396 -8865
-3575 9523
-5648 -8595
3268 2598
-5456 9207
5289 -318
4147 6569
1131 3002
6787 6414
-6644 9111
4636 -2817
4483 2137
5031 6540
9737 -4742
1137 143
5000 5634
5156 532
5659 -8576
4022 9509
8715 -1074
8608 -7713
-7424 7725
4447 6475
2889 3707
6538 4954
-7864 6245
-1618 1174
1434 -9661
-682 -2867
-9003 4891
525 -9546
987 5997
-8859 -4320
-1091 -3355
5571 8884
-8830 1345
-931 7899
4373 -2533
-8827 -2764
-7811 -2739
-2773 -8568
2606 -5674
-5335 5609
-3538 -2240
-7349 3984
4438 -2541
-6545 6897
-7424 -855
9511 -1683
-2799 5207
-3449 5081
2979 2092
9560 5620
-3424 1073
8334 -5547
-4115 -1235
6812 -4440
-5111 -7789
-28 -4802
9182 1352
-7469 6344
3240 7340
206 -4013
8025 9537
4743 -284
-1482 -4775
7318 -8707
-9367 -4783
6290 6877
-4950 -2791
9696 8345
-6096 936
3147 6507
-8296 2515
-2413 -3161
-6818 -5394
-4333 118
9826 -9858
9680 5873
-691 7851
-6925 4422
5716 7827
-6956 -5887
-5290 -9931
1000 -6946
-8602 -239
-9304 695
-2799 -976
-8462 7564
-1876 2627
7233 -875
-7037 5027
5170 -7101
-7508 -3490
-5640 4849
-730 1802
-372 1156
8991 -1294
2497 6393
9448 -6300
3461 -6504
4191 -5434
3590 7878
9163 -4888
7739 5128
-2027 -2714
-3967 4972
-8409 4658
-8833 -8798
6051 -5916
9607 -752
-5876 -958
-8532 2955
-652 -3165
536 3965
7461 2516
7082 -2283
-684 5372
-9516 4393
-480 -1522
9485 8223
6915 -8786
9593 -4483
-3280 -7773
-3689 -5520
3728 -3509
5533 -362
-7408 -8428
-1592 -9278
4687 1940
-1824 -7336
381 5869
1240 -1021
-6629 9697
1895 5445
7389 2891
7826 1379
6897 8024
-9750 -8862
-4382 -2663
3828 282
9920 -6934
-1640 3082
3804 -7488
4452 6768
-6848 2211
-1921 -3651
5328 3533
6951 -6960
-7795 8699
5310 -1155
-6055 9594
-8662 6857
7995 -5438
1899 -8412
1871 -6387
400 -553
-3751 1790
4302 8760
9248 -6227
9706 2475
8824 -7601
5933 -2216
4545 7872
6570 6604
-831 -9529
-6215 1879
-1265 3114
7676 -4877
-3288 451
4064 3295
-3537 -7697
4093 -1816
-3056 6433
-9794 2116
-1689 -3809
-1409 -6368
5137 855
-1274 -1756
-1432 -318
3874 -984
-9106 7737
4572 7659
-7218 3351
-6199 5968
-737 3215
5518 -8415
3490 9447
5879 3331
-833 -9567
346 9806
-6563 7478
2053 -7343
4622 8575
1977 -9222
-206 -6811
-5354 -4150
-6492 4410
1481 9218
5186 11
-6775 9003
-5692 -1831
1336 -7537
5795 7798
-8048 -2786
741 -5039
-3840 2298
8676 7899
-9807 8213
-7288 3297
-9794 5891
-8260 6227
636 -5148
-2209 -1030
-7299 -4163
-5161 -3303
4866 -4073
-1610 -853
-3055 -3799
7136 -2095
6588 -1103
-5085 1597
-504 -3532
-1599 -6410
-9393 3410
-699 1113
-2660 -9187
-614 4762
-6269 -8304
-2466 7177
-6127 -3567
6081 2373
-4759 -7541
2381 -1809
9818 5907
-1476 -483
-5166 6405
-3407 3439
-9251 4330
1461 4994
-3893 -8644
-4110 -9239
5523 7168
8864 8997
9895 -7025
3129 -3603
-7509 -2512
-52 2930
-5159 1453
-2641 -7672
5566 -5342
-5217 5883
3042 -9600
8451 1376
-3630 7512
-7412 -89
4393 6198
3365 2199
1195 3637
6612 5949
-3933 1089
8578 3461
111 2279
-6269 2246
4574 4952
9611 4811
693 3861
4261 -5607
9491 -2545
-5034 6432
-3657 -419
-501 1275
-6527 -9265
8093 -3416
-7468 4668
-4243 4704
1885 2320
-5402 -1945
-9700 -8005
6948 -1671
-3140 8595
2455 -9722
-1608 7553
-1272 436
-3132 -2118
-8817 7415
-1311 6932
7667 682
7266 5883
551 9481
4184 -6481
5839 -9972
1804 -210
5506 -9563
2487 2104
698 6174
6452 9348
-9380 -3126
7310 -1435
-9833 3070
484 -5823
-8892 -8649
5754 -7106
-7503 -7504
-8024 3020
-9741 3048
6797 9881
3391 6098
-9745 -1400
-5576 -1103
-4930 6464
9532 8844
-4283 -8478
87 -9849
6942 -6974
925 254
5326 1147
4041 5754
8250 1080
-2180 -9742
3307 -6054
-6173 -1921
-2103 3824
-3855 7218
-165 -1847
-1663 569
3133 4906
-9852 -2132
-1981 8850
-4403 3956
-2070 -1318
9829 -9758
5996 -6744
8057 7590
7848 4246
-8088 -4124
7676 4875
-1301 -4261
-3322 -4428
7446 8565
2854 6513
1418 -4218
3650 -4013
-1443 5287
-758 -4610
4072 4154
4396 7173
-5851 3900
1489 392
-1642 -7795
1802 3057
-2068 270
9731 -523
8770 6631
5195 -3592
-3359 9937
-561 1769
7756 -8220
7067 -6911
2200 -3687
-5813 30
-2798 -8
-6109 8584
2696 5072
7277 9101
2157 -8947
5044 2799
-4004 -9912
-9561 4774
-5098 -1514
-1578 9355
1124 1544
7045 7862
-5329 2600
8913 4111
-5860 -9409
583 -6900
-4596 5063
134 4474
7295 8100
-7127 1131
-6071 3172
6982 -8363
6412 3646
-7868 7421
-9504 -4966
-9702 554
2136 5341
-2060 7343
1454 -9473
-8882 574
3674 9315
4378 1701
-105 -7202
-5382 -1768
9364 910
-5918 1212
2849 -2987
-9341 -8937
-7796 2981
8016 -7209
7066 -7300
-8239 8314
5657 2923
7171 -298
-9725 831
145 8290
3711 7670
-9533 -1757
6476 -6394
4516 -1194
-9983 5839
-3428 8598
-6619 2866
-4153 -2769
3743 -4414
2007 -6138
-4104 4530
1173 3769
-2809 -8448
2383 -1657
353 -2534
-1144 -7472
771 -5936
-2330 3044
-8151 967
-3195 -4094
-1775 -4413
8453 7099
-1950 1606
-9088 -1980
5603 -8207
-9957 6641
409 -8501
-6949 4937
-6721 7600
-1214 9156
-4596 7354
-8583 -8638
8127 9896
863 2808
8714 9976
-717 -8612
8487 659
-4014 -2265
9477 -3463
2051 619
-2741 5079
6578 5815
751 -8612
-7292 -6650
-7495 7751
5104 5215
6577 -2091
-2196 6521
3049 4703
8399 8667
-6224 1763
-3858 -2319
9138 -7738
-1201 2128
-3532 8614
3692 -5430
-9616 3727
5116 3991
7341 1135
-1114 7824
3039 -6434
1475 -2290
-5769 3336
-1961 -7001
-4613 7280
2763 158
-8440 -837
5146 -7374
8475 -9303
-6969 -2334
2236 -5058
8670 -9557
4434 2621
-2524 7506
5329 5495
9061 -9918
-2207 2088
-4576 4256
-9024 5745
6745 7184
1062 -3637
9247 3229
5855 2622
7040 4392
-7943 8050
-7008 -6209
-5765 4294
635 -4618
-7113 -7611
7885 8111
8194 -8064
7746 -9335
8643 -293
-828 -6831
-5927 9619
-4019 -4084
-7135 5135
1478 -4773
-6661 8720
-9510 -1483
2309 -4603
-6589 -6518
2585 6544
-7347 4046
5877 5472
-8872 -5742
-5076 7791
-2503 8874
-7958 -6434
-6816 -9611
-3694 -164
-5029 2886
-8167 -829
1612 6449
-1314 -4828
4290 2102
9305 -9006
-8742 7701
5467 1889
1081 -2367
1891 1344
2855 2209
1083 -9465
-5899 -5927
-5538 6846
-3318 1006
-2388 4489
-6340 5374
5543 -555
8339 8993
1094 -5772
-4777 2628
4050 4119
-3993 202
7835 3237
-1699 7088
-704 -274
261 -8844
-4771 -5901
-9055 8084
2810 3412
-2099 1348
-3279 -9578
3588 5282
4274 -7737
-3509 1926
-1725 -912
-6794 5435
-642 -3955
9282 2934
21 -2808
-9362 1304
2460 -6963
858 4621
6425 -8591
8542 1803
-6850 2955
3377 -3558
-8277 3592
5855 686
-3668 5997
-1195 -3934
-4778 8328
-5628 2011
-1335 4580
-4508 -2625
-7601 -7594
-4556 -148
-1807 4859
9989 -9978
1825 -5383
-8708 8530
-1307 8696
6008 4670
-924 416
134 1862
-8352 5408
7457 8939
4671 -3130
-8551 -4451
2924 -6665
-4258 -3058
-9486 9044
3902 4907
4929 -1293
7045 7611
9862 474
2890 8337
6727 -1446
-7310 -1103
-9242 -4198
-5069 2824
5484 -3873
2998 -7613
-2064 3875
7210 4447
-4891 -5419
-6376 -3328
-8422 -4377
8051 -8753
-7422 -9773
701 5095
3432 -7561
4714 -2689
6208 158
5961 7405
3949 -9314
-3186 -5388
-3001 3153
-2973 9812
7979 8656
-6764 -2042
4630 -6912
2432 582
1829 9930
-6123 483
-4423 4407
-9433 8300
-4390 -7271
2888 5281
6406 -8182
-7496 2569
7181 4076
-2772 -682
2850 -2100
-3445 7977
-4066 829
7638 3513
-5906 -5716
-2066 3790
-5728 9644
7771 1812
111 3571
-9980 8338
7340 5721
-8741 2908
-803 7466
1541 -6236
