2000
-2904 2792
528 5448
-4977 8201
-999 -572
4368 -8324
-9275 -2629
6354 9595
-7143 -7706
3118 7780
-6530 -8383
-2115 -2081
2256 2890
535 -7659
9127 -123
-4418 8777
5289 9734
5181 6399
4599 -463
8965 -6076
-4400 -2680
4691 3332
2926 -3675
2341 4765
6266 9505
-5158 -4542
7098 9736
6346 2727
8789 -647
9231 601
3098 -8365
-8632 -1467
-5069 -1613
7924 -9731
-5806 -6750
4291 -9391
7662 -206
9841 -1019
-2533 588
3813 2181
-8641 -6268
-2812 8655
5103 8457
1531 -2746
7856 3891
9248 4482
-6986 953
-6940 -9385
-5394 -2055
4916 -5295
-4686 -1200
-7686 -794
-8093 -7025
7284 -4125
-8224 -626
6827 4817
7193 -6865
-4687 -5986
4990 2295
-94 6844
1325 2845
-2482 -847
3490 8060
-3996 4300
9005 8096
616 -5360
3846 -1961
4735 2930
-7474 5753
-1152 2019
556 -5698
1159 -4326
3410 -2252
-9958 -9808
7036 -1601
-5036 3670
-7178 2081
3861 2482
-3219 6312
4407 9865
-1775 -494
7545 -4978
-8327 -7930
-8457 2280
-1981 -5801
2222 4112
-6493 8575
-3677 -6620
-6428 6917
-964 86
-6245 -5672
-9871 4000
202 -3422
-3390 3990
7575 -9296
210 -8983
-240 -4201
1590 -2245
-6245 5154
9353 6855
966 1774
348 5296
8676 4473
5110 -9609
478 -4031
4018 -2134
-4414 4233
-9190 4148
1858 5789
6493 -2579
2159 -567
8953 423
-8102 -4361
-9207 543
1118 -4347
7427 -6134
9162 -4196
-9723 1496
1887 7838
-2473 9108
695 -3915
-9682 -8456
9413 6281
2069 -5151
5991 1271
-9297 2282
-7295 1870
7510 -6624
7640 -1676
3978 8303
-7832 -1243
4562 5125
341 -8670
-7112 8560
-8613 -4051
2034 4136
5680 2082
-1637 6073
-9078 5093
-3637 -5848
-9845 -9367
2504 787
4163 -3419
4905 3734
2036 5524
-5720 2603
-2272 7925
-7025 -7438
-8879 8069
-2262 -4137
-6281 -3770
8312 9773
5845 9400
8213 395
8269 -9513
-8879 -1704
9083 8424
-1275 7346
4800 6966
2489 -6371
6233 556
-1520 -9510
-6948 -2319
-530 1456
-8961 -2105
4125 7209
6981 -5241
-2121 6157
-3448 6546
7034 -3909
8108 -1459
-3036 -8125
-7059 -9090
7876 5689
-6962 7741
-1704 4086
8297 -7009
672 -9504
1952 -8652
2964 -9858
7351 6713
-4808 809
-3034 8052
4597 6792
-3397 7239
-4221 1630
7226 -5290
-4380 6464
5873 -9834
-8373 -2784
-4978 8911
-4377 3644
4141 -6682
-1612 6295
6437 -187
-3475 -8649
2161 7508
5559 5438
2229 -7153
-6194 156
-4494 8832
-2738 -415
-231 -7268
-3381 2882
-6181 -4359
-1728 1968
-4389 -1159
2160 7616
3911 9752
-435 -9453
-4381 4068
1576 9811
5249 -8500
-1932 855
-8990 1198
3751 1874
-8542 238
6691 -8988
7616 4948
-5691 -6691
5277 -8566
275 6303
3918 -9112
-9361 -7566
-3298 -2172
-4383 3925
3736 6043
7543 -9087
1768 -1016
-6098 -4389
7485 6500
-3263 7653
8666 -7336
-8668 -6573
457 6281
7715 -4358
-8056 -545
4064 1710
7866 5862
-2589 4703
2349 -5433
-5670 3028
3941 -3916
8789 -8127
1205 -571
-4072 -7310
-9657 2410
8795 6386
-6467 9009
9010 -9873
-4231 3991
-6555 -9556
2154 1434
1016 7509
5932 19
8308 8427
5175 -1720
8085 -7363
-1769 2836
-4014 6873
9564 9436
5567 1914
-1700 -6373
-3644 4361
4488 5554
-456 -4635
-4191 -6023
5411 6710
7939 -8317
1703 -3573
-1426 3871
-4129 3731
6368 -2530
-5974 -2323
-5451 -5401
-2245 12
-8074 -2167
1460 -6679
7683 3947
-500 7816
-3099 5891
-6411 -7235
9475 2710
8115 9000
-853 -8866
8726 -183
-6453 -8558
2633 -5404
5994 -6365
-1766 6659
-3329 -9457
2097 9711
-6969 2318
-15 -6443
-4907 -5566
-5954 9485
-4030 1995
-1575 -2365
355 -834
300 -3461
-9924 -6777
-5335 -975
7342 -2656
980 7298
7677 3336
3879 -7066
-7356 -5653
6665 -304
3253 -603
7552 -3351
-145 -7933
4062 -8403
-768 9546
-1289 -3793
2747 9588
-7190 9011
1756 6544
-6112 1196
2214 -902
-7567 8589
-8478 -110
7959 -9968
-272 -2112
-8995 8344
-1286 -3298
-1231 8557
-6125 -7711
-8166 -3449
2758 3107
6415 4267
3277 -775
-510 -7055
7862 -1246
7852 3378
1966 3796
-6314 -5995
-5963 7209
-1183 -4635
-6292 7486
-5813 3543
2100 6143
8432 6677
-3052 5975
2802 -6013
8254 -6573
6373 2938
9604 5251
-5996 -4138
9240 -8814
4982 -8145
-419 4926
5856 -7612
-2247 3618
4825 -5328
8216 5183
5046 9012
9410 4036
3731 3478
7465 -3643
3505 253
-3089 9439
4689 -122
5740 -3485
-2299 8694
-5731 8701
3626 -7318
-4929 3851
1189 -519
7875 6545
5448 -3987
-1254 9811
3846 494
-2308 1876
-8047 1297
-8451 -1123
-1685 5459
-4664 -1539
8697 -6997
-4583 -5204
-6504 -3603
2800 3408
979 -9157
4045 -8409
-8143 -4112
1902 1919
1729 7305
-2202 -5632
6244 -705
-9409 5490
-5634 8197
7376 -4138
4323 6402
-6874 -3568
1229 3019
-6864 2264
-4329 8446
9289 5936
-8752 -9630
-3741 3334
-1027 -6895
-9591 -8119
-3751 -5577
3718 1929
-2582 -3787
-1870 8031
-6108 5506
5628 -4494
1938 -8065
8675 8754
1018 -3113
-4667 -8190
-8534 -9591
-9220 -5379
-8325 -7286
-4181 760
2641 649
5072 -3771
8158 -7390
-1177 2510
4261 -704
-1478 -9327
-100 -8127
-6192 -5850
-7097 -4441
2446 -3797
-1987 7642
8052 7779
-3879 3201
5915 -7448
3312 -2204
8445 -8266
1684 -4048
-1438 7237
-253 3562
-7143 -8895
-4501 -5993
-398 5101
9251 5400
-9042 3410
9614 -4126
-6484 7125
4904 1347
-5453 -4712
-2160 -5255
2541 -5817
-4083 -8849
824 4707
1943 -8679
4883 -6894
-2068 -4590
3139 -8540
6561 3431
-1170 -7260
9871 9532
-4594 3509
634 -6796
4552 2643
-8349 -742
7724 -7181
-2998 3212
8084 264
-1309 6640
7961 -1093
2013 -5645
3486 6564
8025 9945
7096 -3376
3085 4585
7838 -353
-6845 6677
9881 -3036
-6673 7510
488 8153
-5307 -5022
8190 -1789
-7804 5416
2056 6273
-1100 4608
8963 3737
301 -5367
-1702 2449
-7207 -1675
-3370 -4607
5040 9600
6276 -5533
5152 -8084
9426 9877
-8250 8479
-6544 3635
-4434 -3557
-4421 -4634
-4641 -2238
-7630 7635
1372 4259
8892 -4947
7502 -8328
3718 -2811
2583 -5984
-2664 -9653
-1464 1343
3259 -6389
-2792 -6313
-7834 6406
40 2679
-7158 -657
8431 5606
-2911 -1578
-3944 -6211
8049 -541
8233 -8852
-3459 -9340
1571 9456
-6529 -9742
-5673 -2126
9217 807
8139 6584
-6009 2476
-1119 -933
-8254 -122
9222 8921
8247 -5412
6731 7652
-4839 -4665
8515 -7213
-2344 -3070
-2409 6748
6203 4198
8177 9162
-2965 -6606
7922 -7497
9087 -3749
-7553 9781
-1153 -3201
6677 1328
3969 4314
-7377 9619
-9010 5937
-8729 9354
-4139 -3848
3082 -6493
-9746 3518
-2285 -5607
-6446 -9823
-2708 -4109
2116 4310
-5718 -4787
-5007 4923
-8279 -3271
-8222 7561
1875 -7881
-8263 9468
5404 8219
7572 -7272
-1120 -9604
-6097 -6567
6951 -4318
76 -5843
-1945 -1614
7998 7351
1661 5347
-5720 3834
-1243 9664
113 -727
554 4199
6318 1891
5080 -3851
-5633 8056
-9217 483
4600 -8061
-907 3384
-7214 8503
-3620 -236
8150 2862
213 4435
-219 9868
3702 -4406
-4743 7782
-2946 -3821
-9623 5370
982 -8671
-2522 6696
8472 -218
-6015 1846
7506 -7025
-9921 8586
7088 -3402
6362 -7135
5728 -6532
7903 8232
8099 -339
8976 1405
-814 5521
-8301 -2047
-2957 9962
-4989 -4202
-3786 8025
1527 2489
-1945 -5315
-2340 5513
4098 -4440
2158 -2261
604 4906
8374 2240
471 52
-6567 9998
5123 2291
1532 -7592
361 -1971
1711 6953
-7250 7405
9150 6722
2932 -1036
3649 677
-90 -9014
-3453 -4971
2768 -5993
-7367 -7575
4666 -2908
7145 -8993
-5275 -1143
-5132 -9423
-3293 -6432
1597 6401
3353 -9212
-8087 -2971
-2529 6103
-1213 -8937
5461 -9598
-8611 -7565
-2536 -909
3098 1657
7803 -6048
1044 9452
-9542 6189
-1233 -1812
2487 -1096
2472 3635
35 -7086
-6298 -2210
4819 -6613
-6790 -4384
400 -7711
-3587 1997
8153 -419
8672 1523
-6821 -4384
3289 5490
4941 -5298
-5388 -5667
6242 9121
-1976 3379
-2987 -1272
1642 -5783
5728 -9231
-5844 9066
-1598 546
6556 1088
-6916 8802
-1618 -7032
4491 -8763
574 774
-3737 -8610
-186 -6137
1917 -8797
-5956 4426
-2196 -1842
6887 5790
-9994 8538
9307 2249
5035 5734
0 -2816
8272 -6564
-4042 276
6966 -4924
34 8061
-1166 5177
-9712 -9392
-1808 8818
-6258 102
-1752 -9892
1987 -2214
-6425 6052
8310 2594
-1436 -2698
-3244 7617
-5200 -6402
756 -9524
753 -3208
1868 6714
4775 1439
-3385 -8098
-3769 -2671
-3853 624
-9275 8144
-8028 -111
-8605 2694
2466 3959
-3447 -5029
5994 776
-1608 5117
8715 -7250
-6774 6913
-2575 3191
-95 7700
2859 9293
-8806 -1600
9450 -6805
3819 1146
-711 -4404
9206 8266
959 1261
-4780 -9399
-707 -6575
4201 1773
-3111 -4714
1757 -3687
-3054 -676
-7485 4984
6404 4371
3663 6141
-5460 2984
6179 8579
-276 -2290
3307 -3
-1738 -7266
3995 6233
6834 9222
-7354 -7065
4708 -153
5134 6847
-3120 -4683
8363 -3110
-4406 3826
-1804 -5402
-9262 -4281
8703 -4421
-2122 -1001
6709 4881
-1402 -8677
-5943 3736
3690 6861
6082 -8228
-5292 4244
-5909 -7552
-6985 -6864
2175 9225
-165 -105
-6280 537
8856 5430
-5131 5637
-8785 9594
2313 -6429
-7828 -906
417 2742
199 770
-2370 4474
9967 -6112
8132 -2568
-120 -5326
-2189 -7778
-4833 6616
-3490 9986
4243 5003
432 230
-4134 3098
2691 5301
-7408 803
9897 -1276
-4814 -5236
9255 4034
-1493 5385
9273 606
8038 2194
6869 7405
-6653 1639
-1746 -5321
-1615 -1485
-6483 4765
-1285 -7373
5725 7670
6691 8303
-895 2136
-5420 -6997
1488 -999
-6966 -234
-4849 742
-8653 5262
-2545 -5577
-4452 -6894
4745 -1956
2723 2617
-8869 -3281
-4796 -5172
-2545 -1631
-241 7641
5943 -6821
9036 170
3173 -4953
7769 -6385
3382 -5340
9123 -9198
9785 8533
-3324 -9530
-6424 960
9005 5946
-1438 -7959
2481 5448
-9724 3414
-4497 7686
9047 -2269
4632 5262
-848 4989
-9965 3667
-8997 -7676
705 7804
-7674 4385
6638 -173
297 -4169
6791 -6687
-7021 7594
-6645 9516
4964 5262
-1325 5837
7243 5240
-3309 7899
6881 6289
1277 -8678
8711 -3968
-1644 5033
6557 9714
7819 9061
-1112 -7397
-1566 4456
-8511 -7095
-5780 -1055
-1539 -5531
9731 -2425
-6589 -6576
-7616 2127
3746 -5626
-9338 -925
4119 627
6659 5660
4413 6550
6263 -1264
-2204 4690
7293 7802
2257 -9596
-2969 -553
-7887 3746
-8065 1251
8826 574
7719 -4613
7514 -4042
332 -6177
2898 1259
-4394 4716
4096 737
-2714 -7735
1001 -1491
-3081 -6452
-8651 -7483
-7078 -5788
7380 7327
4794 3674
-5076 9493
3787 6729
-7885 -6251
-293 5226
9049 -6651
8330 -6240
8476 5668
-3596 -6065
-79 2571
-5200 3691
-9041 -9079
-2840 1720
9653 -7691
-6644 82
-2524 -9248
-6034 8150
8600 2400
9870 7753
6700 -5565
1506 -423
7058 5748
1415 -165
7491 5533
1824 7820
1510 1133
2054 -9655
2065 6190
8499 9214
3016 5438
6190 -4424
-2554 -9509
6612 -6124
-4650 -3955
481 6482
-221 -7951
-8483 -8014
5542 -3164
-3911 2933
4473 6753
-2115 7913
-8022 -297
-4108 -6340
-3406 4043
3201 -1888
3688 -6669
-2457 3112
6988 -8867
900 -5845
-9364 -7663
-5614 -4899
-2913 415
-9029 -4096
-7443 -3651
-3178 -2940
-1307 7030
453 4708
-7912 672
-1565 6345
-1823 -1318
2013 -4643
8469 -4415
-3281 9557
-2568 5456
7794 -8661
-3560 -1932
-7797 -4100
1804 7248
-6404 -3105
3955 4361
5111 4139
-1154 -3632
-9240 -4437
-4371 4655
-6663 2917
8274 7527
-6888 9071
-7653 6742
2197 3552
4891 3500
-8433 3711
9612 -8670
8578 -2509
4386 5136
-503 -4106
-6247 2061
-7850 -1672
7613 6321
975 -3369
9548 -3038
-5512 8033
-9176 -8459
8283 -2400
-8849 -6829
6672 4201
1632 9763
-8908 -8041
3172 1243
-3621 -6610
3005 1278
-2940 9597
1645 6759
3079 2931
9562 -743
9940 -2226
-4193 -7170
-5629 -5572
5749 -3369
3523 -3625
-5704 6901
6663 3915
9596 5928
892 -8524
-1413 6488
-2235 7271
-9413 -8408
-7929 8546
5197 2232
-4790 8871
-3356 4759
-8691 -4851
3298 2451
-7198 -599
5776 -953
-332 6326
3961 -6208
9721 -3670
1527 3556
43 612
1603 -9886
-4573 -8471
-6205 5911
1863 1219
89 8993
7472 -9207
-336 -9547
6626 -7499
1902 -7039
2008 9428
9474 1399
5191 -4604
1727 3435
711 8632
2964 -3026
809 -5525
-275 -1713
-5803 6236
-2546 3520
6233 9782
-9426 -8737
-8283 7425
9926 238
3200 8343
-8510 5549
-3053 -1072
4325 -9036
8120 -4142
-1789 -228
-9534 -1170
7026 -5105
3183 1276
-2489 -3250
-6009 -8900
-9119 8687
-6330 -6056
-8631 -8544
5415 -4613
-6271 -4985
-9437 2335
-8737 -1059
-95 1231
-9190 9309
2801 -1976
-9426 -979
7637 3267
-1737 -8679
-1929 819
5641 9496
8182 5783
-6552 6522
-8302 -8149
960 -5183
3553 7114
3169 8410
-2650 4117
-932 4432
7461 7255
-1001 -122
-7381 3982
970 3295
4616 -9744
4796 9233
8728 -3593
-4089 436
-3042 6909
-7519 -641
4176 2377
3211 3441
1850 -2272
-4435 -3620
-5468 9201
-9825 4634
-5489 -4286
9696 2896
-3810 852
1108 665
-102 -9195
933 -4097
-9940 -1375
-745 6844
-3798 -2982
-6885 5457
-1103 -5902
5548 -9953
-3573 -5533
-2612 -8888
9467 4680
-9607 1285
-5820 -2301
8551 -9911
4475 370
4896 3379
-6998 -5628
6719 -451
-3607 -6938
3801 -306
-4850 6316
-9586 -9363
-9316 4047
-7766 9683
-9206 -2889
-8210 3344
-5372 -6018
1681 -4095
-4006 -1192
-7102 3952
1051 -9532
-1438 7794
1063 4053
7116 -4720
4974 7456
3772 4637
5274 -6156
-8389 7907
7589 5958
-3211 -6155
7189 -7897
-194 2301
8206 -8184
4345 -8514
9159 -5801
-1612 7243
8757 209
-5738 -9330
-329 -180
996 -4902
-6545 -5356
2209 -1512
-3606 8730
8408 3820
-8614 -2297
3528 -4803
7498 8575
-5888 -6667
-1459 5703
-6378 -7823
9421 1420
-8371 2010
6402 8177
1717 -388
8431 -3928
4438 -7287
1201 -8115
-5665 -3354
-9534 -8684
-981 -7257
1661 -8148
-5853 -3733
3322 -842
-1419 1980
4158 -8138
7003 2203
-2067 3578
5475 8632
1964 -5666
407 913
3626 394
6001 -5156
1490 -1453
-137 -5944
-3201 5677
7529 -7397
-1130 -7820
1338 -4603
7377 -7809
-2226 -6361
5842 1534
-1168 -5223
-2871 -2504
1830 -5693
8941 9094
3208 -4043
4522 2566
-8888 2929
6986 -267
-4591 4697
7300 -2495
-314 -3341
5777 -110
5803 -5256
-1616 3153
-5313 -6424
2074 -2054
5442 7240
-4733 -7076
-4262 993
-9330 -5793
6773 -7334
5596 5193
-5075 -8394
6303 6302
-2473 4055
-5566 7323
-2788 -9067
-4322 -9790
7085 -6986
312 7783
-4272 -4508
-7269 -3894
-970 -5109
5884 -2001
2206 8489
-8845 -9726
5467 -1021
4306 6751
6773 -5888
-8112 4329
1651 -5701
-4767 -3678
254 -7417
-4402 4632
2414 -2662
2830 9631
-543 -8138
-3247 5561
-2720 8488
-9304 -3643
-3368 9487
2186 -8149
-7678 -4181
-68 -3509
-9181 9095
-2885 5541
-4417 6191
8774 6069
700 5837
-3105 -1908
1443 -3166
-1304 -6555
-7273 -9100
-6892 9171
-752 7
-507 -6196
-4344 9601
-4580 -8322
1890 1699
794 9073
4613 6430
2620 -8371
7698 -6084
-6526 5115
-6794 -1603
8952 369
7536 4650
5550 -2353
538 -9738
3990 -7622
-3818 9787
-6893 -2796
2603 5559
-2742 -1473
1320 -5507
-5357 8052
-6599 -347
3570 -9016
6099 -8902
3216 7044
1133 -6975
7675 2167
-6466 -1332
2651 6945
9323 4073
7580 362
7566 -774
-5216 -9314
2935 168
8382 2042
3814 -5746
7629 -3254
-2270 7215
-7967 1198
-1759 -6172
-3147 5249
1136 -6906
1763 -1751
-1086 4671
2464 -1866
8496 1958
-8817 3764
4450 6061
-50 -312
-8270 1105
9081 2052
8798 9265
-9800 6709
-2094 -3473
4076 -7767
-8797 9868
-7039 -5350
6620 6060
730 8445
-3421 -746
-8789 -3086
-9323 -4926
-5144 -3885
5804 8849
-47 4806
578 -8746
-5761 -967
-4259 -624
9624 -5561
394 7368
-9045 7421
-4209 1597
1377 -6083
-3918 -7590
1664 -7893
2742 2661
-8544 6597
-7289 3420
2268 -3688
-5162 -7765
-2790 -4059
4975 5416
-5209 1450
5889 -5564
-8196 -1864
-4444 3
-4680 -7241
397 1347
7478 6698
-7475 6480
2861 2862
-542 5267
2407 4317
-5651 5891
-8154 -5326
4337 -813
-5397 -943
-9494 -689
3747 3115
-8750 -9885
119 9272
-7969 527
-4406 5439
2136 6149
6349 -6929
9655 8382
3649 -790
-2753 2833
-1277 -3945
4451 1597
-9217 4291
-6653 -1213
-8182 -893
-7778 -2426
1410 5565
8558 -2807
-8559 -4751
-5591 -5691
-9543 -2965
3828 -9735
8648 6807
-263 3482
35 2296
-7929 6984
2301 8759
6770 6522
-971 3085
-4088 -9884
1411 847
133 1855
-7231 -3459
1791 -1310
2999 -5790
4966 6200
6465 3456
3983 -1207
-4005 5112
1128 -6281
-5576 6031
8510 3200
3442 6725
3530 5279
9116 -7529
3318 9443
5018 4247
-9213 -6550
2140 7787
-8004 2578
-1223 -4862
-7685 6963
-524 -1037
-2205 -9982
-2541 5472
5223 8924
5844 1883
2328 3732
2731 -715
1756 -4142
-979 1846
-3908 -1205
2245 -5962
-4454 600
-6822 -1894
6965 -2458
-1775 5676
-5362 -7000
-6981 7702
6894 6155
5078 478
-3919 2116
-432 921
-6074 8409
-2013 -3981
-8415 5683
-5523 -9272
-1512 1398
-8003 -9558
2269 4034
-4704 -4825
-9149 -766
2234 3522
4944 -790
-4636 5253
-4270 1837
-2327 -5838
8804 5532
3941 -9039
-3020 -7270
-7867 -4352
-3623 -1435
-6317 331
773 4865
-1102 -4320
856 -6958
2276 4194
1436 5428
-1642 -1770
-6517 -3621
-8064 7444
-4674 2934
2187 3330
4291 -5870
581 -3873
5496 -5009
7277 2714
-6956 -8128
-9543 -9041
-3360 7538
-9421 3076
991 -8784
-9636 6576
-1473 -7574
2527 -1278
-114 5731
2385 4463
-2207 5213
-6937 -5429
4419 -4196
796 3644
78 -85
5508 -1928
2753 6843
4380 5966
2762 9393
-5671 8681
8977 -6248
-100 -5307
3415 -2497
-6767 -7574
-9391 -6699
-7766 9340
-6090 2123
-8352 -4703
-7339 8330
1965 2444
-5764 2739
-419 -2528
-2842 -9291
-9899 -6040
-7360 9921
-2607 -5570
-877 -4662
2841 7293
-6561 -3741
3281 9796
9135 -2230
9893 5515
-5468 -6956
-4906 -8460
7705 -2807
9932 7059
-1748 -4338
-3629 -488
7193 5410
5330 194
8345 -6446
-1108 -3556
-6264 1189
7448 -4547
-4752 897
8667 4449
3684 -1897
4869 8559
-6180 8216
-871 9963
-9258 -4755
907 -940
-7708 -1006
-1876 -9001
1193 -6795
-3241 -6546
-102 -463
-9275 9372
-1454 7355
-1749 -8107
6342 7515
-4382 -3083
-803 3746
1961 -5793
-5831 6738
-8018 -8911
3870 -1368
-8654 6611
-8670 9883
-6912 -529
2925 2523
-4220 3568
6661 -3457
-2382 -3494
2120 -4794
-7280 5870
-3493 -1538
-4072 2059
6266 9425
6162 7890
-7301 -5844
2788 -8135
-7804 -9710
-9828 4135
-6395 -6474
9770 -3019
-5730 -9750
514 -4451
5776 -5349
-143 -8148
-8558 -2104
-9922 6298
-1643 -2050
-2626 -3994
-2384 -1657
2499 -2743
2843 4037
4327 -992
-6858 5039
-7715 8220
-1078 468
4439 -7946
1324 3192
-8437 -1327
525 -2900
8717 1420
1438 1968
-6362 -7485
-1479 -6485
1859 4733
-4290 9859
3895 -5643
3365 8553
7312 -1779
161 -9773
4416 -6683
-908 9083
5995 2575
-5032 -9584
1237 7558
2698 9215
4903 -47
2468 -5864
-2349 8541
6994 -5291
-5433 -6770
-2412 -7296
-5023 -7818
403 -5327
-1378 -3990
-673 -5715
-6633 -3242
9334 -7860
-7444 -6917
-9360 -5699
-2764 7514
1187 7060
-8805 -7862
-5601 -6346
2084 2567
5798 -8607
-2182 -9628
-7446 -2894
5500 6516
-7475 6679
-9037 -5879
880 5574
-8566 -1949
1134 3934
-8045 -6010
-4776 5496
2555 -808
1330 6411
-6215 7471
3758 9451
-9157 5869
9962 3276
-9619 2382
-1103 -7484
9195 5882
-6277 5144
4438 -6122
1929 8324
2257 5872
-6418 -6937
8559 4213
-2875 -1194
-4784 4834
2304 8455
7905 -999
-5131 -3939
-6942 -7532
4850 -5169
1068 -6561
-6959 -2532
-7389 3983
7861 486
-1191 7049
6641 -211
6573 -8934
9000 -9778
-972 8852
3685 -3876
-1701 4244
-6756 -291
9492 -75
2393 1834
-9615 -7451
-291 964
8432 1453
-4565 2751
-3043 -5237
-4468 -6705
6806 5766
-9448 -7828
-7606 3378
2230 -6728
-604 1422
-614 -4086
5624 7696
1341 2630
-5537 5115
-8616 -2546
8418 -1430
-9978 1093
-2436 -9431
-947 -4542
2474 4521
4008 4585
-9523 -721
-7343 8281
-8447 -7129
8014 4887
-5479 949
2365 -2601
-6251 -6135
-7300 -6295
1160 1934
-9497 -5916
8899 3298
7589 -9475
-296 -3538
-5296 -3359
-5053 -7822
5178 8712
6992 -4576
-1704 7835
6442 8545
3215 30
7430 -5316
2270 -4421
3006 -8822
3112 4971
-7225 -2114
-5096 7336
7862 -8327
-1864 -7508
-866 1286
7185 6561
5272 7802
-6775 2363
3918 5984
8250 1521
-8449 360
8765 1464
-9237 -7299
-2400 1034
-275 7490
-4625 -5567
-8232 2501
4174 280
6493 -6650
4637 -3970
-7410 -4374
-6573 1821
-2096 -8418
-8713 374
-4385 -8178
5903 9537
4721 -2834
3588 4667
-579 5484
2974 -8812
-658 9147
1647 -7931
6070 1110
8182 -459
9293 2563
-8091 6539
-1641 -4397
-2814 -942
9432 6264
-8194 -1527
1730 -4954
5934 7709
6096 -3550
-4346 3242
4430 -4484
-5338 -7652
-5582 -2508
-7677 -9971
-429 -5792
6771 -9496
7043 2584
8187 8681
1459 -878
-894 -4628
7566 890
9657 912
2341 3016
9466 5590
-1168 -1564
3953 -1159
1189 -3018
8196 -7665
-7635 9328
-6464 -9482
-8978 5657
-1760 -9694
-7293 -8215
4628 -3574
5520 4166
-1224 -6266
8367 6806
-178 -1567
-2257 708
-7136 3008
-8152 6575
-2722 6817
9153 3038
2365 -4527
-4009 -4762
-9106 5901
9929 734
6240 -866
9281 -7365
-9478 867
8322 8521
5327 -702
7731 6689
1117 -1131
-8124 -4526
-4231 3981
4519 -2554
-9517 6768
-7760 3671
8909 6569
6191 1952
-3594 -6477
6378 6119
-7526 -7355
3513 5658
4179 -7004
6016 5555
2243 3226
-7906 3746
-7060 -2920
-5218 -2309
5137 2431
-802 9301
6692 5620
5910 5160
-2889 5600
-7157 2100
1939 7239
9884 9221
8599 4413
-8870 7117
2672 2777
-277 7146
4612 -1365
9437 1817
9509 -8727
3704 -5782
-6482 4645
3986 -7099
-8219 -9791
9530 3616
-4285 -1107
-148 -7628
-4687 -8626
5787 -265
573 -6089
6689 -9363
7783 -3035
9321 -3589
-8051 6116
7389 8757
-7026 -4822
-6457 1092
7714 213
4143 7529
1144 9496
2109 3672
9765 -9421
-8047 -8040
5416 -4923
-1011 -8539
-7902 -4012
6674 -602
9530 -6398
9718 5995
4751 -8522
377 -9174
1918 -8554
1659 3921
1449 3352
2847 -4198
-6806 -3686
-3107 -1324
4357 -7041
1757 2568
4029 -227
9482 -9255
143 9848
-2830 6156
2150 -327
4872 608
1434 621
5788 -4751
9170 -2928
-9576 -2553
6970 4339
-5627 6992
-4332 -6116
-3157 4988
-2445 -9976
3518 -7679
-6934 -4696
-1128 3000
2876 6931
-3397 6043
-3350 -1254
9367 -4805
4165 8085
-4844 5155
-3678 7055
1394 -699
-3707 -2988
896 5767
754 5682
5706 -8540
-6219 -7971
-2667 -776
-4056 -3153
-2502 6206
5969 8820
-2435 4101
-6983 -7382
-5577 652
-4194 7182
4237 3301
-7399 5849
-7140 -649
-1162 -1106
-1704 3757
8938 -6687
-4658 -5998
6947 -7282
3286 6397
6323 -7110
-4570 -9216
8606 2291
8630 2995
-6354 -4657
-3754 -6947
6354 3174
-978 -9518
3554 -7325
5291 5604
3081 -7609
-4296 -6414
1309 2018
8457 4768
1164 -1745
4866 1742
6247 -2514
-6503 -9705
7011 8574
-6084 -7874
-4821 -5622
7552 162
4365 -4747
1650 294
-4103 -2082
4031 -3060
526 8978
4716 -6545
8223 -8165
3811 3172
-1365 -614
-9408 -1323
2693 -1398
-2825 -5911
-3784 3425
7803 4813
-5026 5116
-5910 9075
-632 9340
978 5740
-7321 8987
-8316 -1271
2185 6926
8761 -9879
3293 407
-6486 6293
-5031 -4352
7972 -5894
1917 -8618
4807 -4854
9959 8133
6969 6330
5404 -1346
1714 -8942
6798 -1507
1200 -3588
5142 -6803
-9877 6605
6726 -2674
-8547 -7396
8897 3740
-6892 -5033
2795 -2414
2690 -8921
-3774 -5289
-3436 1217
-2453 -95
8559 -6468
-1688 -3329
5164 3993
-9595 -4891
2028 84
-3311 5547
-3407 2151
8476 -2865
-9126 -1954
6735 7373
-1321 -6017
-1217 -471
7961 -8632
2586 8730
-1365 -1755
1777 -6147
524 914
-5093 -6191
2640 -591
-6787 -967
-5421 -5333
-9462 -98
-9242 4893
-7062 9014
-9894 -8368
-664 -6607
6643 2507
7596 -8160
-9431 4603
-7153 3902
7755 -796
-6161 8346
-7846 2000
-8592 2467
-8501 4794
-6819 -1658
8245 -201
-5309 -6281
-7267 -7277
-1924 1350
8465 -3440
9067 -8867
-7027 5107
-290 6663
564 -6458
6468 6278
8344 2040
-5961 -9694
6494 -5781
9013 -832
7510 7993
1512 -7806
-4087 9475
