2000
7294 9884
-1913 2989
8883 997
-1156 -6491
-693 3453
4450 -5413
5352 -6222
-5867 2206
-9251 -9619
-2261 -3940
417 -2622
-541 -5537
-4571 7398
157 -1670
4485 8116
8000 -3295
-6585 5500
217 -193
3316 -7703
5750 9061
-2632 -3656
122 3920
-3875 -3559
-3178 7977
-5964 596
7974 8282
-7256 8174
9293 -2568
9484 1894
9 3170
9876 7689
3188 1729
-8464 -6710
-4413 -6596
-3815 8573
-1363 -4943
8977 3554
-6285 8760
-9544 -4899
9418 537
2539 -1787
-3613 -8889
-1456 9004
897 -600
-7431 1748
-564 -5374
6356 -3835
-545 -3655
3470 -8388
-6095 8763
-6181 9656
6930 2543
5023 -7205
1618 -9356
4902 5479
-6309 4756
5868 -2560
164 3799
-3081 -5589
9880 -8940
-4314 3210
9375 -685
9381 -4238
1095 2551
1313 2851
2506 5001
1264 8854
-4631 3156
7521 -3714
-4515 6987
1743 2422
-6418 2897
417 1331
5742 3746
8527 -8944
4266 9342
-1344 -2067
3696 7362
3633 1758
-5392 -1489
-6489 -5055
-2481 -9166
3990 4775
-5219 2889
3596 5231
-2348 3987
-3116 -941
-9611 4955
-1300 7301
8357 9852
9193 947
8880 6344
3705 1570
-6673 2575
-8914 1058
9724 -2065
2490 -1682
-3186 -2757
-9869 200
-4570 5316
-697 3727
-3493 6803
1757 6187
7208 -3104
-3252 -5823
5124 5564
5628 -339
-8770 4003
-3422 3053
-5890 -5443
6213 1385
-6577 -6166
1077 2423
-7378 237
-4447 4929
2376 -1948
-1425 4856
4763 8883
-4221 -9669
-5492 1970
1254 6248
-4092 9632
3635 -3118
-6345 860
9138 -6067
9039 -2234
5321 9072
1494 -3818
6420 118
-4954 7838
-4111 -4307
-5731 7422
6305 4465
8517 -7248
4722 -4196
-4228 -6975
-3623 -304
-9702 1680
-7461 -6268
-2335 -6046
5441 -4602
-5531 424
6607 761
-9122 5963
3800 6747
-3840 -355
-2934 -6590
-8405 4150
6902 -2909
6616 -9889
-3143 5344
-4961 -7613
7789 6956
-9313 -941
6734 -5952
-554 2074
-7503 2174
-3345 3915
3599 -7176
9571 1254
-9102 -2602
4529 -549
-6400 1685
-7503 6124
9957 -5778
9566 9113
-4779 -3187
-6232 -1674
7385 -6991
-2943 -1823
-9750 7839
12 -9776
4139 -3532
-707 -9613
1641 -2263
8857 2584
-7965 6260
-2056 3385
-491 -644
3579 441
3275 3186
-6281 3144
-4810 8496
-8496 1209
9386 -3705
-5867 2282
6227 9636
-3897 4145
4532 4087
-8177 9117
1701 -107
-3848 -5600
7786 7457
-3188 7818
-1742 1015
-2079 -9610
3535 -4747
-6252 1640
-7152 8725
-4980 -1027
-5024 -7767
-4411 2874
-2981 -8798
5289 5414
4530 -4729
8886 -9167
-1046 -3770
-6314 -4963
-7146 460
-4805 4220
4610 4834
-6193 3116
-5244 1865
590 -2444
-9751 -2396
3559 9331
5925 -1054
3870 9148
4561 -7057
1936 -842
3712 -909
9042 821
9579 -7334
6847 -3551
-9332 -3846
-5292 -7958
5158 5278
864 -1485
9792 9914
1239 -4826
-5496 -6238
2708 -1482
1386 -9572
-2907 -3423
9457 -4053
8759 -7251
3570 6889
-6725 -8480
1690 6869
-6978 -9878
-7836 6079
5078 -2270
6246 -8958
-9044 -4059
1115 9758
-6481 5916
-1846 9340
-6512 6228
-3475 9540
-793 581
3330 -4019
-7130 1686
3207 620
-2511 -134
-12 -1383
-5304 4232
-8038 2152
6916 9774
-4286 -8072
-8315 7872
7508 6829
6168 -4795
-4847 -4339
-1079 9656
3958 1678
7660 8129
-186 1008
-8372 -5750
4116 -3259
5359 2838
790 -2175
-6303 -9946
9828 6473
8401 -9388
-7796 -4459
-3910 -6193
2733 9712
-907 -7743
-8088 7886
-437 -8265
9864 9591
599 943
8914 -323
-9861 5948
2506 3030
-5425 5498
5552 -6705
9769 -1728
-1115 9100
-1639 -8111
-4304 1089
4522 4451
-9572 8429
6314 -6386
-930 -3939
-4348 -402
-5739 -1067
-7669 6251
2198 -6825
9926 -7530
7968 -1576
1719 -5500
2772 7240
-9941 5208
7098 -8344
6467 -1580
-3409 -7207
-5057 988
8323 -2981
3080 -8744
4575 -2607
6326 8732
8703 8837
-7989 -7623
-5153 4621
-6956 -4343
157 -3465
-2505 4764
3692 -7072
-1694 -2446
9695 789
3583 -5228
9481 -3715
3304 -7754
-2777 7803
-1084 105
2557 -8202
-9366 -4758
1340 1260
-399 -3634
2023 9909
-3557 2646
1130 -4100
2549 7660
-1066 -5179
5611 -9146
-653 -1371
4914 2914
5160 2548
351 1939
-7957 -3897
-2099 9267
-1771 4600
-420 2256
-7658 9570
-6802 9182
1827 4365
-9736 -359
1021 -3323
1498 2814
7389 9956
-1416 829
-2537 457
-3275 -2782
9157 -3657
2447 7076
-9937 -8801
9521 -9653
6325 2013
5303 -900
-1719 8667
6753 8501
1863 -6172
505 7017
3551 -3396
-3441 -4276
6553 4661
-1162 8864
-3918 -2263
4080 5563
6360 -4762
159 247
595 -9857
5877 -321
-7501 640
-694 1180
3401 781
4609 -3942
-3204 -1016
5589 -1165
4559 -5933
-7552 -4132
-5268 4832
-3711 1286
570 4535
-6507 -9631
616 -3071
793 3652
-2949 -5069
9292 -3331
-8431 -449
-5948 -1402
8377 8692
1396 -7619
1216 -4828
-760 -3016
2853 -505
-1952 1688
-3305 -8695
5840 4337
8427 7265
-2086 9333
6706 2764
-8585 -7573
2817 -2523
7028 -9293
-695 4387
6799 -8921
-2818 -2319
6575 -1806
8900 8398
-2107 -465
-5057 5473
6778 9662
3998 1638
2623 6338
9391 2425
-4812 -9464
-3316 6096
-6427 -3397
-2690 9502
3888 -5679
-878 -9665
1738 4407
-7400 6304
4701 -1688
7847 -8501
6972 -3686
-4025 -7211
8149 7470
3807 -6306
6119 771
5029 3198
3014 -8694
1630 -8288
-8787 6587
-5371 8941
-7004 8822
6949 3751
54 4734
-6955 9550
-5231 -1525
8511 -5388
1123 -4538
-3348 -1794
1900 2992
-6238 -5820
7378 -1982
3045 -7489
-2055 4112
699 -5325
-2664 -842
1701 9049
2799 332
-1213 -1351
1919 -3427
5048 5553
-9835 -9591
-408 7279
-4515 5009
-2000 9965
-5856 7385
-876 5483
-8285 -4758
9355 -7832
564 -340
-7462 3774
2822 7900
1953 7960
330 -4380
5914 -9261
6292 -4031
-3622 961
-1760 -9823
8907 9691
9656 7446
4830 -3094
-3890 -2480
2763 -6047
-157 -2175
7485 2117
-4110 -9594
8307 -6257
-8297 8712
-1948 3980
4719 2033
8002 -6035
8647 4731
4909 -1899
-2209 607
-1948 7536
-5558 1167
8688 -7118
556 4273
-4182 1450
-6434 -9602
-9195 -2977
766 3177
5609 -7168
6812 2469
-5499 -6340
-2375 5251
3702 -7497
604 -8
-9401 2331
-133 -7885
7004 -1349
5254 8030
2302 5691
861 -4190
-3792 -8160
-1137 8148
5045 734
3566 9629
5819 653
4313 4098
3069 -9681
-3457 -4342
5650 -3229
9102 -9133
-3296 6249
-5100 2689
718 -6293
-6882 -6126
-316 -3260
-1420 7700
9568 9614
347 7443
-9208 4612
-4736 -2366
-4548 6611
-9350 9577
-4766 8522
-987 915
1782 -5396
-9147 1835
-5476 -7794
-366 -526
3348 8963
-4297 6473
4172 -3247
-3634 8004
5447 3739
-1650 -9567
1788 9960
6570 3614
6911 7241
9483 -9060
1855 -4135
470 -1505
-5950 -2642
3285 1323
-5483 -1426
-2463 -7081
9392 7865
-1662 6961
4964 7285
1023 4704
8859 4131
4090 -6906
-9572 646
1607 4380
5321 7340
-6796 1089
-6696 896
-8026 3674
-1283 -2645
9650 5260
8179 3234
4820 907
-2133 7570
4854 -6843
-8418 -3448
-9318 -402
2692 -5839
4807 8494
2873 6841
4180 -3586
-8777 1914
-7190 7385
4779 -5472
5604 -5216
-9957 -2783
-9550 5253
-3840 -8058
-6767 8991
-4131 7748
-5701 -8193
1405 1172
5333 -5018
-2804 -2183
-5342 139
-9727 -9932
1983 -7442
-6337 -4782
-254 8514
-2982 8443
-4341 -930
-5678 783
2725 -170
2542 4203
5672 5958
-8514 8411
-418 9971
-1327 2891
-5571 -1365
8774 5869
9659 2808
5366 -7232
-2014 1641
3875 -7250
-8808 -8548
522 -9108
1675 572
-5878 8565
6489 -1879
-2201 6664
8795 2160
2130 -715
-4103 2097
-9269 -5476
-5887 326
-3146 -6774
-285 -6229
5412 -4060
-1310 -8579
-7127 3007
7621 3603
-2105 7116
9401 -705
-8864 2018
2402 5889
-1952 -1064
8221 4918
-2986 -6101
-1577 -5883
8164 1467
8414 2536
-9972 -1262
4679 -1872
-451 5440
2168 -2911
-9308 6143
6979 -212
-7197 2308
-1954 6379
2268 -6060
6597 -9552
9087 -5964
1656 8538
-3624 -179
-4992 -6201
6336 -5461
6999 -6579
5270 6364
5524 1677
-7514 -1461
-5319 1412
-8801 -3101
9208 -8341
-8241 -2276
1664 -2747
1422 7748
-4496 1981
518 508
-9671 7161
-9041 6894
-4846 -4663
2480 -8985
-8901 -7848
7550 -2251
6289 -9656
1756 -9965
-3065 -5310
71 6677
-5600 -3858
7116 1830
-423 9785
1765 -1462
9046 5081
5962 -7718
-7103 -6905
2154 6922
7937 -1949
203 -5367
2382 9037
9381 1473
1508 2391
7082 1136
-2188 -7837
2026 -2848
-7298 5933
5717 -858
7680 6000
1080 -2519
3485 -9555
-6459 763
-2316 6382
-1847 9416
-5952 -4380
-5344 -7924
3549 -9850
6263 -2243
8894 -1223
941 3344
-5784 426
80 -3313
5829 -3082
-7083 -4204
6999 7229
7675 7718
-1520 4204
4306 -5064
-5649 6164
-8216 -7542
-5466 2120
5991 161
7919 -8197
580 2253
-683 -9468
4679 -4759
1929 3533
-9550 -5242
4276 1478
-1293 -6633
-8915 4995
-802 102
8759 3286
-550 -6497
-318 -3170
8950 4955
-4885 7937
9740 8661
914 -3246
-2714 319
9282 -9770
7485 -4314
4165 1210
-3592 7935
-4977 -1560
-6566 8836
-1063 -171
-6886 6353
9856 -2305
4525 2564
-2482 3258
1194 7195
5856 6355
-6892 933
-8748 490
4441 4116
-6478 -5746
9185 1925
3581 7687
-152 -4408
-5572 8604
-1568 3282
-365 7086
-5219 1546
-2169 3211
-3531 -6974
-6058 9070
5424 7663
-1404 -6482
4008 -7747
-9911 3569
7823 2169
-2185 -2668
-4982 -9273
-3681 -8605
9999 8587
1869 4468
1554 2151
-2583 -4776
8435 -9945
-3198 5248
8039 -1376
-3713 744
4262 7183
-6844 8604
5893 1990
-2120 -3034
4298 7436
8163 5695
7090 -6963
-8377 -1798
-7330 -9192
6680 7213
-7564 7945
-8280 -5904
-6935 -5408
3216 -1478
-7013 -8897
-7994 -6777
-8174 -9031
2960 -4837
5850 -8561
8875 -5440
-9746 148
6906 7037
-4761 7344
-8128 -7751
9463 1630
-426 8552
-3632 -4381
3932 1294
9816 -567
4257 -2852
4092 -3477
-2507 9985
-4853 9640
-8922 -5827
-1267 -9004
4865 9954
-9290 -1013
51 5491
7741 -4051
7579 1923
4195 -9077
-3458 873
-7834 -9438
3717 -9526
1343 -4297
2226 -2027
-2043 -4566
-1206 -6561
-2388 6825
-8458 -127
3547 -9935
2773 -9873
5619 4257
-6073 -7177
8467 7080
8003 -8495
2379 2661
6945 -1735
-1261 8266
-6032 661
8634 -6198
2958 9916
-2925 312
857 -8249
5345 4688
8474 6120
6248 -1109
-3131 1247
7791 5587
2666 796
6022 6258
2639 4389
-7347 2121
387 -417
-9757 5114
8916 8076
-8289 -7402
6631 5594
7346 -1213
-2805 -2513
-6393 6411
-4698 -4332
-9365 -6425
9162 5892
-3313 8427
4684 5548
-64 -7292
8551 -2678
-9374 2589
-2298 -1063
733 -9131
-2812 339
-4068 2445
-8769 -6182
5027 -6723
9689 2147
7815 -7646
-4071 -1289
-1677 8451
-9403 -1189
-5642 5010
-8562 5281
-3677 4294
603 -6291
2646 -3051
1540 8306
-1356 -6621
9545 8728
-3733 8297
-8426 -9225
6643 -4986
-2632 -5017
7415 4457
6628 7018
-4172 -4263
-5533 7225
6226 3907
1921 -374
3336 -3730
3219 -7477
-9172 -298
6802 -1521
928 3193
1490 6346
-9159 7195
-7792 6785
-4512 7484
5662 3297
314 -3377
6081 6010
6956 9863
7490 -5732
3894 3181
9451 -590
1933 950
-5627 6391
-5131 6483
3396 -8826
7521 5797
6712 -5115
-4610 -7918
-6713 -7360
5937 878
-8779 8949
4958 -29
3554 7302
-8431 5634
-1185 1043
-5827 9185
3855 1986
-1624 9828
6310 8228
-6877 6967
6484 -295
8312 -9357
-3554 3196
5836 -6299
8301 -267
-1319 5494
-815 9522
-9456 -2640
-7007 -7261
7503 -4166
-1261 5529
1236 -4603
-4776 -7406
-5458 9612
-9702 -8467
4959 -2335
2029 6783
3699 3270
-9308 8476
1929 3255
-1252 8993
-7766 -5669
1691 -8346
-1886 -7222
2334 8405
7655 -663
4734 -8928
-2613 -1110
2222 9958
-4789 1930
-6685 2521
3024 -6109
7161 5345
7541 -3278
9977 -8427
-9435 -531
3800 2446
4100 -7200
-701 -789
1337 -4066
5271 -8368
-7295 -1009
7881 5
3683 92
-4258 3823
-3657 -7385
-3494 -942
-1877 -6913
-191 -2613
-1039 -4337
8853 3507
-327 3247
6047 2653
-4416 -2507
3427 -933
699 6921
-368 -1303
-7578 7125
938 1233
-4944 9827
-7559 6680
-542 5120
8208 2668
-9946 7581
-3036 1737
-4757 2736
-4017 -4183
-7810 8637
-3871 -4250
4817 -2226
-1584 9556
1974 -763
82 -8232
3002 4396
7943 -8981
-8580 -8222
6898 -9617
6772 4599
2180 8826
563 -9453
3283 9144
-5040 9527
8164 -7014
-1263 -2850
8646 -5708
-2431 -2726
-9769 782
2550 9543
7659 314
5054 -728
1050 9323
9706 -9806
4794 1669
494 -9802
-9255 -3027
-163 -5223
-5696 7749
-9265 4798
-4332 -3812
4201 3193
-9534 -1966
8816 -8231
-4968 -9302
4733 5087
-5642 -7309
-7987 -214
3702 9130
798 -4561
-642 -1505
5468 -4988
3511 103
-2148 -4696
-6178 -8465
-2277 2308
-4500 3212
-8755 -8077
-6307 -4034
385 -6218
8869 -1275
5137 -4883
8625 -3053
-3924 -9130
31 2326
-5459 -9406
-4393 9389
3213 -9992
-967 -7162
-5627 -8936
7093 6577
3509 2096
7740 -7408
2279 4754
-7744 -8568
3879 -7336
1502 -5155
1793 2736
7328 3847
-107 -8411
-7816 -2642
-3254 4434
8163 1512
4350 9959
-5257 917
-2507 -7557
4539 -8165
-1852 -8999
9476 2278
7432 -9573
-6909 -4547
298 5031
-2234 8314
2161 -4189
-2599 -1186
6172 -7947
-9792 3306
-1462 -3361
318 8371
-713 -7113
-4670 8783
-5662 -9500
-4778 -6411
9588 2487
2914 -1581
7593 -9261
5770 9726
8039 -2110
7423 -2743
6071 3920
9695 -1456
-8151 5964
-7398 9903
-8007 387
6995 2920
5423 1281
5502 -3955
3355 9762
2248 -5555
6585 2942
3682 -4839
-1393 4177
-4213 3172
-9572 -3355
-5714 -6791
1753 -9780
6184 -6020
-6118 7323
1430 8786
5426 -404
-5403 -1576
8190 849
4331 -9901
-1735 1544
-5514 -3422
5460 -5151
9026 -8112
5060 -5934
4432 -5188
-1978 9210
9430 8718
-7303 -6505
-9182 5613
8119 300
9897 2248
-5607 7265
1834 -5507
-1687 -7418
4127 -3836
2742 6578
-8574 -7667
-5779 1922
9709 -9549
-1015 -6999
-7790 4141
6579 -9273
-5778 -8361
-9028 9277
3297 -1239
-5270 -7189
-6203 6914
-8593 -877
5426 5631
-4484 3441
19 3273
5606 -8022
3901 5166
9339 -6453
-3451 3609
1470 -1677
-950 2480
7841 -1951
1046 6993
-4246 -7467
-4655 -5658
-8744 484
-6673 2863
-1507 -3616
-6455 8753
5747 7730
9709 7285
2451 1352
8621 3609
938 1789
-6168 -1110
-8631 -7592
4178 6603
3595 9210
-8257 -4777
-435 -6931
7274 809
-6329 4542
-5354 -9400
-6926 5885
3615 -1808
-4524 -7459
3893 3323
652 -8353
7157 6234
-4877 -4690
1439 -9012
7591 214
3144 -4384
839 4907
7976 8608
-584 -5875
8667 8971
-6709 6808
2693 -6687
5226 -3635
-1094 28
-2929 -5578
-3930 -3480
-3526 7723
-3247 -6774
-2064 5319
-4468 8193
-6192 -753
-5847 8676
7284 8369
-7507 -4150
-5180 420
949 -8841
-1807 -1889
8198 -2638
7390 -2861
1562 824
-8936 -5540
-4097 -8648
-5422 -2461
-7143 2656
4569 2514
-4518 2110
4506 -7902
-9534 -365
9206 5510
-349 -7041
-5882 -2254
5858 -9401
-2039 6033
-6829 7776
2320 -929
7252 8454
9806 3385
-5356 -6846
9531 -5616
-9382 1222
-6669 7821
9919 -3900
9457 7837
7068 -9616
-6657 -7618
129 -3282
-2683 1182
935 -4014
-2518 8999
-1931 4107
2560 9802
3186 -959
2195 2366
-9530 -8450
2772 5446
6987 -5191
910 9824
-8619 6905
-8991 4087
6469 8449
-4834 -1927
-7024 -3403
6304 6204
5202 3911
-1983 -6215
-2692 -3009
6032 -5702
-9616 -9507
-4235 1947
1113 -9146
-4337 8537
8361 -1900
-1275 -9707
8101 -6538
-8090 -265
-8472 4570
-5113 797
-3000 -5496
8416 -5088
2418 -4078
6634 153
4451 9726
-6060 2665
-1668 4835
9410 -295
1962 9445
1265 -4927
-913 4043
7505 9991
3446 -2812
-4522 -6865
3932 4974
9479 365
8998 -5348
4295 7894
-1954 1416
1141 928
-6408 -3782
-5227 8802
-1494 5645
5090 -5817
-744 -9532
4511 75
65 -7937
-749 5737
8872 -2769
-7795 4729
-1185 2804
-8824 -4596
-6703 -2188
-7052 5472
-3601 5064
-4998 4090
6612 3713
-643 -224
3959 -4882
-693 -1833
8243 -3065
-1002 -2462
-6726 2028
9260 -8030
6699 -4133
8671 -8536
-3132 -766
-9233 -6433
9039 3886
2670 -6285
-8475 -841
-7129 -8607
1169 8138
-3024 5949
-2163 -1152
5783 6283
-2459 -3921
-8173 -1499
471 4537
-9597 -8914
-3729 891
-9876 -7206
-3639 6860
745 -5388
-1672 -879
8280 -2864
-1471 -147
-2010 -5129
-9181 -6582
2266 8687
8690 2377
8456 1769
-9731 -3769
-9233 -9717
-4910 4462
-4648 -8830
-2315 1362
-1779 -803
7531 4046
-6834 -7313
3544 -4142
5711 -4834
37 -4207
-789 -2578
-3892 4578
-3046 -4803
6966 -1481
4750 -869
3135 -9045
5417 9238
-5872 8225
-414 -5511
7408 1813
-4142 -8472
-5785 4938
-9205 2746
7912 7759
-6449 -9774
1369 1670
-3753 6483
-8321 -8802
-283 3201
-3948 8645
9600 -1813
-2576 9187
7412 8738
-6774 1552
-2915 -3003
2246 -5646
-6988 2943
-591 6461
7940 -6193
-2245 1042
-7289 -8510
7973 -7156
-5958 2679
-400 -6628
-7984 7480
-4334 5653
4839 -4663
-5926 3090
-1638 2250
-7032 1021
9097 5447
2111 5214
5396 -7892
-363 -4760
6282 3335
8547 -8888
-6044 -7287
5392 -9761
-6388 1720
-801 -5008
-9356 -651
4686 4866
1676 5483
1454 -7520
7223 -6241
9206 8143
3356 6319
-7853 5037
-9723 -1249
-4193 1784
6617 6559
-7007 -5647
-5408 -9427
2293 8385
-2903 -1796
7554 -4788
-9923 -2259
-3055 5960
-7839 5475
9234 -7881
-9739 9384
9423 -7841
7197 7338
-3911 -4710
-9205 7474
7753 5617
9970 7412
7985 -9255
-7149 -1718
-9793 3998
9211 -52
7690 -8519
7441 -6992
8483 -1645
474 -6678
-3574 -8564
-6404 4456
1793 -431
4860 -9208
-8014 -8398
7219 5655
3066 9739
-5795 -9092
-809 4772
2490 -2944
7004 -602
4600 1700
8430 8414
-3232 5761
9084 -9368
-7931 -9038
5418 -4491
5079 -4335
178 -2789
2534 3659
-687 2164
5623 -247
661 -3901
-9130 9828
-3117 -6428
6691 7082
-1219 -6113
-3979 1290
772 931
1564 2790
7473 -145
9085 3633
-6982 2891
-6178 7884
1542 3196
-4641 6356
-171 -9146
-3046 -5298
-5470 -5789
-2217 1545
-1374 5134
-7259 -1805
-6795 -8872
2059 -1237
-4727 3977
-6169 -2657
-9025 -7255
9357 -3363
-5480 -6007
-9091 -3101
-6745 6063
-9363 -11
4692 6805
-8985 1312
-7143 -7058
8076 2520
-9286 5204
-9948 -9183
3301 -6081
-8383 5833
-6825 8574
-8682 -4552
5806 -2128
5586 -5604
1295 -9674
-9891 6496
-3516 4550
5076 -9254
2059 -5104
-2162 6091
2331 8637
7561 -4086
452 3045
-9315 7614
3446 -6248
-7675 -7698
1471 -9659
-1787 -6357
-1961 -2723
1324 -6201
-9706 9335
7605 1433
5900 499
5396 6401
6213 -2042
315 -6767
2868 -1457
-4691 -2124
-4511 -6681
-2929 -4006
2017 -7345
-7004 -604
6761 -2792
8206 4931
-7550 -1480
1575 -471
-5318 -3535
6964 2901
-699 -5697
2261 6080
-6966 -4487
4057 -3703
4173 5902
9222 9366
-920 9662
-3963 -3708
9410 -5183
2025 2754
-2316 6170
-5311 231
-6520 134
6599 9986
2886 1884
6187 7284
3363 -7814
1421 2168
8465 6397
2299 -802
2284 2637
6019 5241
-8468 -8637
-99 -7945
4810 -5338
-9169 -8075
5877 -3786
6349 -758
-773 9358
1241 6668
3951 -7888
-1981 1148
-6685 1035
-2569 9440
-1363 -4499
-8142 -6550
8691 -5359
-275 7878
-6347 -6056
-1394 9626
-8449 -7817
-1602 3159
-7600 -8852
-9495 -1533
-1145 1627
7460 5467
335 -7194
3841 -4522
-1361 3651
-7128 -5008
2164 -9004
-4362 -5270
-7393 854
8519 5363
8710 -18
2165 846
-5996 -9740
-4871 -5717
2750 -3596
-8249 -4365
-5178 -4674
-1868 9211
-1591 5158
2529 -4307
4406 7048
8045 5401
-9870 -3431
-8856 -2597
-3514 -3541
6441 9663
4229 -4805
-824 2326
6610 8233
-1643 4306
-6339 3080
8406 108
3039 -1517
-6360 258
9672 -4831
-7784 9890
5290 4078
-5633 -6019
5105 9142
-4400 -4489
-1105 -8409
-3214 -4239
8087 -6877
-8644 9684
3989 8417
5218 3434
-2737 7650
-3868 7344
-2398 -9699
-809 3494
3383 994
-4929 5129
-7170 2394
1535 -561
8671 7936
-6753 -9145
337 -2435
689 3754
3437 2144
561 5766
-801 -2575
-1205 -501
-3158 6462
-9516 8649
2142 4444
-841 -325
-5197 -755
-4641 4230
-2611 -2366
-710 6894
-8531 -219
7346 2537
-3710 1806
-6050 1755
-2480 9728
873 8232
-2270 6720
6902 9669
-7963 8293
6458 7386
-2939 4179
-2856 -4384
9846 5585
-3061 2504
3118 956
-9264 6229
-1235 8309
114 -8198
3558 8777
-7776 7785
9737 -5202
-8483 6818
6486 1187
-520 -7860
9526 -7757
6422 -4063
1553 307
-4108 -2713
-6489 5119
-205 6552
2781 6629
4937 4252
6055 -4734
-5958 -1228
277 -388
8131 -13
-3195 3735
-5079 -6631
-4491 -2989
-745 8122
-5942 -4966
9063 -603
6684 9332
8172 -1325
-4774 -9806
-9456 -2034
-7782 8007
-3006 9202
1694 -8007
1605 4757
-5256 -8029
5706 -265
6825 1549
-7720 -5653
-7531 -7667
1089 1535
-9068 248
-420 151
8826 -8664
-4748 1472
9438 -2228
-500 -483
-1282 -4624
-2631 6494
1250 -9588
-3896 -7306
6151 9715
1263 -8191
-123 2975
5309 3544
-1201 2346
-7406 -3603
-9732 3452
4789 5895
-2634 -7186
586 -6239
3278 524
9622 -9915
-9701 -8005
-3872 -3010
3406 5271
4985 2232
7762 -444
-3749 -3752
-6488 -2361
9985 -4720
1677 6032
-516 -3701
-4086 5666
8480 -2007
1754 3280
-2475 2787
6593 -4969
747 -2854
7857 -9387
5884 6876
2828 1262
-5462 868
-9164 4311
-8051 790
6070 -1931
-5899 -4346
5675 1468
854 3585
-8423 -8412
4869 -666
-4159 7052
-7918 -3886
3260 -7567
-6954 2829
3425 4837
-3901 -7350
3519 -26
-5716 637
-4853 4355
-7576 -3767
5608 -8783
6406 -3475
-6170 1282
2871 -2741
-9687 -872
-3821 1460
7574 -3846
2309 1982
-1469 4554
-610 9076
-8274 -4323
5651 9210
-153 8966
3320 9935
-112 8715
9932 9465
-290 -4505
6778 -9943
-2683 3540
-3612 3369
-5172 1351
-8774 6288
-1731 -3878
-5604 3535
6331 6801
-7523 3786
2996 -8223
-9258 8128
-8218 -3437
-4723 7784
-9032 1670
7165 -1070
2708 679
-2061 7663
4752 -6255
5097 4328
615 -6700
3143 6323
3578 -7395
9406 7539
1325 3629
5407 -4397
-2549 -1959
8325 9870
-8627 -767
-9098 -6399
6252 -7658
3021 -8213
-6829 -1040
2705 -5320
9008 7923
-5056 1522
-2156 3344
5949 8087
5626 -4858
8772 9075
-5323 671
-7568 4178
7768 5849
-4919 -9244
-1922 9142
-4796 -296
5212 -1949
7011 -8055
-3375 8383
-9974 3436
-5042 -646
-7303 -1309
-3223 6523
-8335 -7634
-8560 -7598
6794 -9564
8335 -162
-4314 9226
-6298 9823
8964 4488
-2088 5502
-6448 -2112
-167 -6877
-4773 -5717
7719 6459
-467 -1026
7665 -3603
-7080 2230
8317 -1838
4286 -5415
-4979 -6523
7036 1079
4026 -2924
-3102 -3558
-9071 7728
3229 -417
7471 2562
5685 6781
-5216 1025
1204 -5368
3606 -7497
-1100 -9264
6687 4991
-6847 5541
-9875 5003
-7800 7439
2238 -1133
5943 9236
-4323 -3737
-2288 -3438
6145 -3394
9168 -5339
-4837 7336
-1640 8573
-3074 -53
2450 9564
-5980 -5748
9244 -4929
-9389 -9294
9430 -3883
-2724 -5542
7046 -8371
-9136 9514
-502 6710
-6729 -3459
6868 7210
-8130 9416
-9529 9756
-7951 754
-9299 -1168
2116 -1025
3227 6872
-4337 6137
-9437 6191
-7693 -3725
4454 9994
-8378 -417
-903 1499
-1792 -3792
6470 8595
9525 1479
4615 7059
6814 -4885
5870 8808
-2361 -7417
1558 6571
7163 -6525
-6668 -1494
-5304 -7174
2822 -6104
-6111 -2996
-9693 -2725
-7506 -768
9161 3125
5440 703
-4098 5631
6410 4964
-9921 -5762
-6955 6944
9528 9670
9961 4405
-8400 4806
-6689 7123
9949 -5067
-1171 1729
-7547 6491
-6235 6439
-609 -3519
9607 -19
-9317 -1448
-2097 5046
10 306
8265 -5688
-5024 3810
3479 -4970
9435 -5497
-6970 3439
4282 -5244
-311 62
-8210 7952
4442 -7762
8677 -2036
4446 -8072
1909 1788
-5940 4052
-903 6313
-3382 1963
9996 -7173
-9643 -5117
-87 -5028
3196 7557
4716 3069
7825 6226
-3712 -1002
-3051 1234
3472 1799
9764 -8610
-2961 5869
-2344 4209
1981 8948
5260 5438
-2600 -5202
1347 -8122
482 1117
9810 1704
-739 -5885
-9096 3005
2952 -2303
6695 -7551
3683 9240
4759 -2636
2476 875
464 4522
2451 9515
8463 -8159
7279 -1848
2951 3722
9321 -1601
9516 -5703
9722 3523
-8641 -6955
9772 2703
-9600 -7737
-5287 2723
5683 -9185
-1820 -7884
2992 441
-1316 -9345
-9831 -2824
-983 -5145
3008 8632
6075 -3705
4695 -321
3976 9116
2639 7931
