2000
2090 -3940
-1681 7671
-1047 -1705
2165 -8039
2303 5047
-7337 3202
-4447 -1728
-7092 1736
1122 9914
7191 618
6827 -5104
-8068 -8451
4525 -4449
8704 7561
435 579
-9641 2050
-280 -7476
819 2399
4361 -7606
7441 -3296
9906 384
8656 -6176
5561 -821
2814 -8437
5903 -3318
5299 4
5274 6450
-8000 -9048
8513 3520
-5902 -5576
6475 -1053
5192 -1822
-9423 -85
6030 -3990
6436 8659
-958 7191
-8985 -9939
-759 -2302
2982 -9704
699 -7946
5779 -1116
-4667 -4003
-3051 1053
-5428 1054
5479 -818
8129 2391
-9432 5674
-691 3320
-6949 -8855
-6476 -4661
-3750 -6793
-6732 2567
-6015 -2735
1282 2509
8284 -9313
-428 -8020
-2022 4063
-4885 8626
-320 8648
-2170 3408
-4202 -1121
-1727 -321
-3280 -3634
1233 7582
-3359 3492
6699 8478
4765 2892
-6123 9967
2476 8750
-6842 5160
7140 4480
-1458 2730
5076 -1162
-2514 7378
785 -1524
-8925 9037
2436 6583
-3330 -652
-3070 9156
2647 -8377
-9900 7292
183 -655
3033 4866
7336 7782
2941 -4492
9988 -9507
6944 80
-7361 2251
-372 5741
-5784 125
2882 -9587
6996 -987
8361 -4683
-1806 -2614
-991 -989
-3697 -9160
3907 2831
1417 -9794
7988 -3061
6168 2473
6688 928
-5271 9876
2126 7352
3092 -2632
-8787 -4525
-4112 -8971
42 7816
-6868 -3396
7712 -1598
-8866 1326
5888 -3280
-6729 -2563
1364 3515
-5826 4688
-2839 -648
-6000 -9659
-9784 -2431
-5080 -1271
9818 6064
-4741 8013
-7238 -5249
-7434 1147
-8529 2804
-5074 -4301
-9255 9183
-376 -3940
7218 -9647
7589 2895
1304 -1418
7934 -8238
-7897 -7815
-246 -8067
4384 -3959
-4175 4674
6407 7922
-7327 1084
-4049 9169
1972 -4761
4659 -2578
-3395 6899
-3321 9126
9479 6229
2844 -6103
6200 7068
-7450 -5853
-3668 4133
9787 -5346
4416 6086
760 7891
5813 -9760
1324 -2834
-3665 8486
-6276 -9005
-1583 -7973
-7354 -7896
-8771 5022
4971 -674
6944 -5572
-4784 -2185
1962 3143
996 -2233
2421 -7985
8101 4503
2394 -3164
797 2581
9748 -1794
412 -4159
-3164 -197
5551 7857
9961 5253
3996 8198
1244 -8811
-661 2687
-5778 1908
-4950 4555
-7679 9906
-8080 9767
4269 8463
-981 -9980
2602 -3338
8589 9816
-623 6070
-407 2721
578 6213
5187 -4857
-2939 538
5449 2903
-690 -7975
3933 -5213
9342 3533
3438 -7297
-7531 -4616
-6154 9079
9099 -9541
842 2866
6402 5421
5211 3152
-4128 -4221
-4288 -5197
3668 6450
709 -9102
7522 -9272
-3525 -122
4665 -3168
-5915 -9593
-6889 7727
-6890 -8757
-9679 -699
3481 -3043
-6457 9420
8562 -5677
-8805 9945
-556 3772
-7704 -2933
-2762 5157
9776 5964
-9588 7947
-2176 7298
-2150 -3113
1016 -3791
-6065 1935
6899 7848
869 767
7724 7220
-9641 -5650
2394 -5013
-5069 8921
6414 3589
-5624 4376
3253 8710
4673 1614
3281 3028
4046 8806
-586 -5175
1034 -8105
7551 -9571
8277 4970
-4264 4449
1668 -855
7216 -2820
2167 5749
8390 -391
-3082 -9182
8915 4803
3512 1295
-7092 2167
-1084 1905
711 6190
-8986 -7039
-5143 -9876
-5726 5770
4460 -3872
-9423 -7450
5416 -6084
4817 5966
5435 2632
-7760 704
1522 3825
-1373 -841
-9547 4158
45 -7861
7765 -2918
-3008 8961
-8078 2196
2320 1728
-2503 500
6628 6594
-7136 -4323
-407 -9075
-9388 8281
912 -5591
5113 6047
-129 6873
-248 355
-5488 8499
-5642 3926
-8992 4558
3518 -4157
8040 1721
-6552 9161
-340 359
674 4666
-9658 9
934 7259
5539 -65
8065 1546
1314 171
-2956 3177
-6468 -8816
-6597 6796
722 1765
-3678 1482
7326 5451
-2829 -6439
-3558 5365
-556 4341
2727 6103
-3889 -6162
-8903 3070
-3275 -9235
6033 -9644
528 -5210
7967 -2654
2251 -8708
-8192 -4781
6985 9376
4578 6251
1701 -2973
588 1903
988 -7407
6934 -9249
6854 -9568
-5730 3381
-3550 -3315
1171 -912
-555 6897
-8314 -2797
8270 -6307
-5015 -6627
-1407 4242
7338 -3207
-6956 -702
6325 1915
-6182 8466
-8942 634
1385 4806
8959 -8288
5094 1959
-7636 -3050
6038 -4736
-7840 3535
-5541 -797
2896 -2433
941 -3551
-9310 7881
-1605 -6746
2552 8028
-57 5160
3625 2597
-3049 7482
6008 8405
-6163 8336
4015 4967
-4363 -7349
-2084 6379
-86 -4605
4599 3797
-8636 4373
-5458 -2506
-904 6026
9280 -4767
-3019 -8789
6371 5552
-1852 -9356
8126 3716
2120 8821
7156 7855
6542 9679
-7671 1171
-2451 -7822
-2427 3966
-2237 -8817
9277 -4108
7108 2848
-1127 -6181
2773 -3797
1135 -1848
-2576 9754
-9602 1226
-5059 9293
8113 -7756
-9902 -9218
-9540 8990
160 6640
8818 -3490
-5803 -8571
-3666 112
6004 1960
-1472 -4390
3150 3111
-6966 7401
-727 -4078
-603 4169
-885 6697
9710 -205
2039 4057
8560 7823
6812 5859
2498 -7260
-750 692
5842 5037
-4852 3447
-873 -7825
1507 -5128
7984 -8625
8776 -1623
4300 -5262
-7372 1769
-1535 -6304
7212 1743
-480 -1825
-282 2971
-1171 -1921
819 250
-9059 -4952
-9916 -6210
-9043 -9497
-7321 -4768
104 3806
5181 7907
-3717 1808
6547 3957
-4275 -5697
1720 9175
4638 7912
-193 2652
-4377 -5842
2237 -6755
3495 8173
-6780 -3223
567 4436
4939 -6696
2257 5245
-950 -8662
-7035 -7639
7890 -5769
-8092 2970
-9007 4436
7331 1354
2986 6435
-914 1969
9848 -3487
-242 8430
6603 2084
-7419 -6748
-8592 9823
-3152 3148
2114 -9932
-8594 9105
-4814 -8837
-885 -1907
-8938 -6924
-8768 4744
-3902 -4224
-7790 -7716
7974 -7196
-682 1297
-274 7821
3625 9076
-7672 49
3593 6207
3075 -6264
-2475 -9560
-6735 -4812
-3648 -1068
-9255 2173
5249 9188
3932 -4472
1304 -9799
-7515 -6250
-3446 3515
-1468 -9542
-8001 9593
8669 -8022
2028 5625
1831 -5283
2174 -4380
-219 -5095
94 9700
2352 3046
-4782 -9834
-6926 3097
8625 -5813
-1890 7006
-5524 3649
884 4316
4775 4752
4344 9416
-8606 -9506
6119 6733
-8551 3422
-7238 -2051
6576 3624
7044 2543
-691 390
4277 -605
-3788 4528
-7565 7351
8078 -1443
-7795 545
-5139 -7447
7305 3090
2505 -6644
-2429 5370
2102 7620
4762 -6310
5360 3552
896 7524
66 1935
-7676 -2061
-8946 -6904
-8656 6601
7673 -2734
5823 -6221
8046 5750
8303 8028
4838 -3373
3704 9329
8419 1064
-1317 -8726
-1315 520
-2208 -6555
-9032 -5955
9701 -7592
347 4756
7852 -4254
-3933 5122
-7613 9196
-3305 -6261
9489 8210
9959 -1539
5088 -8488
-5439 4796
-4141 2512
3787 -7021
7220 8264
-8292 -3808
237 -4988
-2580 -3603
-5127 -62
5684 -8512
6610 -7276
-4360 -8250
-4510 -7282
-9073 6057
-5483 -1301
211 -9115
9403 9606
5838 4772
-8529 -4739
-6476 -376
9538 8692
-6297 -1047
5351 -226
9712 4844
-9948 -6056
-3331 9116
-5413 -9617
-6899 6030
2086 77
-7504 -5972
-1365 6604
9930 2708
1200 -1963
7019 5767
-888 2672
5084 -5736
3217 -1351
8423 -7493
7351 2288
6233 -8145
-5309 -8876
-8493 -3378
-7349 -722
-6925 -5392
-1364 8459
5062 -4428
-8000 -9009
-972 8712
4478 3200
-408 -232
4032 -6411
5959 -1604
903 -2752
9537 8103
9958 1975
3099 9490
-3889 -1631
7648 4606
9214 -1238
941 -5557
15 1570
6283 -3998
-5287 2015
-1064 -969
8799 -7088
222 -7752
645 2830
-6201 -3819
-5717 -4732
7243 -2944
-3455 -2039
-9950 341
-1333 2656
-4862 7698
-7859 1601
-3108 6080
-4198 5877
1613 -6826
2205 4237
7149 -5731
238 1004
-2446 1091
7272 -9118
-128 1353
-7871 -4725
3236 -2886
-8824 -1326
-4950 3287
4705 -157
-8556 189
-11 -9434
-9836 -1664
5231 9512
3748 1777
6046 -2565
-7841 4617
-4292 -3717
887 3435
-1492 -3300
1976 -5521
1593 638
9312 -1068
-4061 6490
-3667 -1917
-8008 -5635
-5069 1498
-6446 1981
5213 -1184
-9408 8785
-60 -1039
-2702 -9642
363 2100
-4466 6727
-6573 -5030
-551 4042
-5321 9124
-1945 -5238
-8748 -2288
5795 3995
-7920 1306
-3476 -8493
7209 732
9549 78
-1138 2421
-4898 -9860
-5780 -7478
4622 2401
2848 4583
-6727 -9845
7919 6275
5398 6443
-8796 -3682
7751 -2826
-5111 -3823
7483 7266
8773 -3031
7701 -5994
7805 5981
-1598 7249
-8890 387
2910 7225
3346 -4670
-6367 -2469
1408 -3806
-3811 627
-2931 3047
9365 -8413
2482 -1727
8172 7116
4381 7371
-1940 5654
-6619 3154
2855 -4240
-3270 -5094
5294 -8744
-7798 -2160
6891 -1797
9455 5548
-8259 -5756
4871 4583
-2371 -2069
3239 -8061
3933 715
1551 -4280
-3189 2104
1479 -4069
-7195 4871
-5649 8581
-6514 9382
-5642 4802
-3638 -7500
4424 -3440
-7892 -3027
1217 3879
2182 -6151
1780 -192
5468 9812
4247 -1261
8180 -599
-4775 -4203
5449 -5010
-6419 -9576
-7275 8255
7636 1654
176 -67
2433 -8007
-1446 6539
-6489 -3143
-5544 4383
8232 4729
-1743 6638
6449 3733
-3808 -6275
3126 4416
-9788 -5628
3083 -7929
-3783 5662
7637 -9615
2039 -1058
8875 8993
-9015 -7786
-7527 1308
-8115 3260
-2358 -4015
-5566 -3659
-7022 -405
-2952 2691
6416 -6852
7564 3240
7612 3262
9055 -8503
7159 695
1080 -4729
4213 4795
3787 -3161
2774 6809
1837 8493
5474 5248
-8768 3722
-9938 -3164
-9849 -4334
-7923 -3239
3630 -2801
-9561 8494
5476 1194
6412 -8229
6187 4530
-6479 3570
2085 -2734
7826 7735
8264 -408
1805 600
-4153 100
-6179 -2722
7836 800
6466 -2396
8086 7987
-1093 -7737
-5523 1716
-3370 3067
4838 9954
8204 -6959
6611 4746
-7989 -8275
-6820 2416
-7993 -6442
4158 -8557
5264 3812
-5189 -6275
4525 9085
409 -3633
-5647 4711
6974 -1506
-6070 6981
47 -8549
-4875 560
7322 -1394
-6649 -2951
-1226 3932
68 -917
2641 5675
-9162 2075
-392 519
7965 6102
8907 8140
-5494 2489
920 3036
-4749 2580
-439 -2106
3066 -819
-6538 -6672
1934 -8089
-1040 -9217
8437 9006
-1911 -8545
-9150 -1496
-5700 -5550
8691 -8311
-8489 3908
2047 6655
2865 -9582
3454 6553
-868 -6216
5399 -7575
1607 -7587
-4258 2185
7817 5069
9573 -8604
-9598 -3223
1953 8009
-3487 2212
-9618 2803
8213 813
-1559 9073
9449 9725
-6137 -5792
-5519 2313
9818 -8963
-6537 3613
9748 8938
1122 8791
3859 -4511
-3115 -1061
9437 7152
5161 1008
-6781 5110
1633 -4606
9928 -2677
-3605 -154
3291 -1632
2576 -436
-4403 -9126
-8089 7057
4390 -864
-1927 -905
-2115 7858
-6654 9195
1854 -4536
-7384 3953
-5040 5011
120 7777
-6830 1901
9224 -8247
5320 -3182
5186 -661
8904 -1390
-516 1482
2259 -1779
7357 5116
-5789 369
-1773 -4571
-1655 2096
-8719 5294
-754 -9802
5210 -6103
-4606 7928
-172 -4671
803 2285
9103 2772
-7890 -3878
4732 8009
-510 -5266
2956 -2064
-3227 -4531
5838 312
9463 984
-3200 -2215
-6921 -2193
1726 1802
5699 6046
3973 656
9707 -5187
7098 -6200
-9708 509
6632 6200
4208 -7597
858 5084
-6980 -2582
6608 -6187
7847 3514
-1782 6167
-6049 7309
-1164 5018
541 751
-3203 -9439
1218 -3761
1053 -9231
-1709 924
-8568 1871
-1929 -1417
986 -8216
6869 -4001
7139 -8156
-622 -6391
7123 7467
3633 -2776
-1747 -4660
-5922 7585
2056 7089
7651 4619
-5421 8853
9623 2589
-6488 5632
1223 1634
-9784 -1335
450 -6986
-986 4924
-9512 1039
4648 -127
-2661 -134
-9189 1770
-9170 -5307
-4002 2785
-126 -5092
-6752 8054
6907 1245
-6167 -2173
-2821 -9751
1883 1066
-6549 8402
-8584 2099
743 3901
-5061 4151
-5977 1231
-5182 -6693
5077 5083
9776 -4371
-7866 9628
-5464 -506
-2452 2008
-3027 -2216
9332 -1825
-1576 806
-4408 -3490
-5089 -9694
6126 -956
-3335 -3673
-9523 -3131
-8180 5326
8633 -1779
-2975 -3362
5988 7431
7058 521
-9985 8123
3851 -4686
6819 1284
9459 -9176
5351 6150
-7341 -2118
1909 -9057
3708 1292
7619 1755
-7656 -5907
9419 -8183
3759 -5835
803 8052
9203 -9217
5026 512
-1366 6260
-8426 8762
45 -3795
-2971 8393
8264 -497
7385 -7620
-2956 -9078
5935 3014
-5232 -5528
-1435 7275
9092 -2887
4999 1705
3477 6571
-8925 -4199
-9967 2679
-1062 6101
4862 2388
8594 4233
6347 -1373
8130 -657
1723 4610
9253 9235
2248 -7513
680 5188
2462 -9264
-2151 -7034
4671 5274
1844 -7153
2370 -1853
-9175 2919
-981 6124
-1488 3484
-2283 -2399
6228 826
-9832 -5937
-7607 4357
7312 5613
8100 -8355
-9447 -441
4017 2501
5467 6736
2009 -4414
-1566 137
-7996 -6147
-9508 -5476
-5632 -3450
-9967 -488
-9167 2880
-6295 1471
9255 -9218
8860 -6126
9487 -8353
-2986 6172
-549 -8694
3807 1288
-1976 -6533
-946 2994
-3149 -9968
-2394 -8792
-547 -1145
9126 -1901
-8669 3821
422 9160
4351 -4115
-3333 4127
-8279 7327
-7306 -4473
-4581 -5072
-3765 -292
-5283 4870
8338 -6238
6757 2741
6494 1112
2320 -6393
6184 -2179
9641 -4507
9314 5309
8189 -5308
577 -265
-2417 6261
3587 7245
-3508 -696
7954 6281
-290 1911
-3220 -5812
1671 4427
888 -1162
-6330 -1573
5756 1102
-7357 5990
-4797 5660
968 -7717
-3025 -5483
7973 2878
-862 -8727
8518 -724
-7699 -3555
-7275 -1270
-9360 -9746
-1837 6156
582 1141
-6300 9834
-1739 -4810
-9987 -2630
-2919 -2263
-6604 -7344
-1339 2284
-9479 8085
962 5636
6909 -7785
1491 -6180
265 9147
1597 3792
7767 6712
2867 5958
-2901 -4071
-4237 -2830
2360 799
-8111 7745
-4519 6094
8751 -1030
-5025 -1123
-3039 -2589
-3233 -4504
-2289 -8356
-4536 -2603
-3457 -7077
-9565 5730
6162 -8139
7819 8203
-5869 -972
6198 -5083
9437 3615
1359 2279
-1628 -4953
4017 6840
-563 843
8254 8992
-1791 -9881
-8237 -1258
6139 5920
-7437 -2773
-3323 -3598
-1737 -7001
-5078 -7162
5588 -3918
4720 2774
-3611 1785
-2216 7878
-7076 7748
8309 9878
720 -9339
9654 -2255
-2136 2695
-8564 -2138
-2498 3348
-5704 -8705
-2303 66
6786 4694
-8747 9682
-516 -8293
4481 6841
2346 -5797
-4199 -5410
-7662 -9870
-6272 -1275
-613 -5633
2112 4448
863 2761
-5657 -6303
-9235 6020
7315 5566
-4369 -4939
9756 -1267
2135 -3863
1565 -8992
7849 -8382
-458 -3954
636 194
4045 5344
-2211 6695
-8939 7773
5942 -9104
3657 6895
-5688 -3196
-3455 8000
7287 -4923
139 -6141
6313 -7083
2776 -106
902 -1553
65 -5660
4107 2471
-3615 -6672
8672 -1536
-1121 -5849
-4356 -3540
-2643 -59
556 -8415
2111 -5266
-3545 4868
9945 8656
-3765 -6259
379 83
-6303 -3731
4716 -3125
1216 8320
4511 -1498
1830 -957
-8773 -9104
-4953 4222
-5598 107
-6232 691
5998 5480
-9786 4324
2912 -1892
484 390
4131 2856
-3340 -9561
-3292 -1770
5106 4078
2398 -4855
7368 42
9085 629
1525 2918
-2861 -5967
4140 -9708
984 1541
-2979 -8372
9673 702
8810 956
-8655 2584
-840 3014
7174 9197
-2574 9541
3619 -2397
2748 -3748
6294 -263
-9635 3836
-3247 9100
-6868 5612
5904 3892
-847 -9008
-7380 608
-8691 9895
850 -7708
4876 -6161
6853 5916
5112 -2244
-2703 7748
-4650 -3741
2511 -5364
8094 -8182
5654 2526
5346 -7821
7791 -3873
-6261 8478
9470 7416
-1977 2892
2787 -4190
-1898 -667
3172 -2643
-6727 -3302
4454 3746
5214 8385
-1636 -4529
3828 -9437
-3898 -5404
7122 1921
4101 -8245
1603 2467
4665 5612
3027 5342
1954 7855
-6336 -5229
4104 -5260
2098 5487
-7816 996
-1538 9092
-8804 -9642
-4170 -6325
-2041 -439
7878 -6622
5300 4061
9537 8720
4907 3121
-1268 1139
-3520 -429
1146 -4520
251 -7845
-3105 4810
296 -1925
-7209 -7287
-4475 6201
6559 4975
8650 -3278
-9997 -3891
-512 330
-5610 7881
6600 -1492
-8372 -2352
8787 1506
-5203 4081
-6719 -1012
1143 5943
752 7253
-4673 -8242
-1807 -5232
-9032 1840
-3186 3718
-9561 -8753
1078 -816
9514 -9558
-7957 -5714
2794 -2375
5273 8643
3869 8143
5944 4059
-3233 8666
4608 -7054
-9802 -8370
-6611 -4641
3848 -753
-8914 1582
-980 8537
-6495 1621
-9196 -540
3623 4583
-7411 -9682
1664 9388
8030 9104
-9034 -3064
-5285 1899
4285 6910
9856 1483
6834 -1107
7973 -6225
3022 -9778
5525 1821
357 4108
-551 -5455
7726 3862
2165 253
4292 5069
4456 4754
7578 -4045
6612 6207
1826 8544
5454 -8673
6531 -3890
5003 9030
-7196 3364
7308 2976
-1483 9547
7375 2832
7377 -7406
-9823 -3177
7077 8823
3892 2342
817 5089
-8956 2068
-1726 -1606
659 7656
-7297 -9901
-69 -167
-1138 9234
6319 -5067
-8371 5388
4934 3626
-3543 3867
6462 2309
9132 -2445
98 6639
2701 9929
5018 -6011
9779 -2762
9354 9783
7438 -1948
1873 12
9845 -6138
-3184 -8197
457 2427
-2186 -6866
6760 5808
-326 -3531
8778 -3062
4493 -3865
-3506 -8371
-8442 -1689
6022 -7084
154 -9704
-9922 5800
-2428 3228
-6761 -8764
-4902 9445
-5032 -3196
-7048 1915
8770 9147
8675 766
-9045 5530
-7533 -1652
8205 9733
-4917 -9320
-1009 -5302
1335 362
658 -4988
-5468 -8511
8438 4457
9414 2105
5270 -4602
2202 -5488
-9853 -6041
-6895 5154
-359 8917
8167 -4500
3848 596
4050 -5646
-1245 2052
-9529 9133
3215 7747
-3521 1806
7016 -2407
-7951 1012
-3163 5454
-9149 -4817
3416 -7894
-3935 6774
5649 3563
6201 2891
8391 -4711
9606 8088
-7558 5960
1732 3655
6508 1197
2664 2203
-2270 -278
-8965 -7136
7597 -1534
-2360 -3195
1989 -5567
-3461 -1509
-1014 -4596
-7312 6326
2937 -5366
3644 8889
-9304 1328
1008 3249
625 -6862
8057 -7261
8664 -2868
-9425 4441
7305 -3607
8580 -8390
2137 4901
-6946 -3780
4711 -5875
-471 3315
-360 -2583
2051 5938
8547 -3703
-8655 -585
-7336 9244
-3898 2353
5093 3289
-5859 -2121
-7680 3756
-6131 -5284
48 -6655
-8033 -7552
-1332 -7816
30 -4979
8336 -2900
4517 -6721
9218 1696
7994 289
-6576 7764
-9273 9339
1692 -3912
-6903 -3170
4709 505
-5740 -2761
5676 -9251
-5905 1850
4298 -556
5349 -3938
1083 -3313
7508 -4622
2379 3140
-5165 5745
-246 5317
6801 -7172
-4112 3179
9267 7529
-1921 7580
1805 -3915
3324 -3492
-2742 6065
1635 2720
-7836 5074
-8865 -347
6340 7513
-3388 5939
-922 7568
3313 8991
4307 7635
-5817 -6934
6245 1107
2356 71
1371 9233
-4683 -9566
664 -6825
-7040 -7639
8802 7922
2995 4595
-5752 -9035
-7801 7851
3789 -5692
-8124 2532
1522 -3412
-5778 5189
-8025 -451
-5624 -1595
8477 -8059
-8827 -9547
-9113 3568
6744 211
6293 1551
3193 9704
8020 8815
9781 -92
-2242 -7733
296 -4300
8232 -4732
1856 5893
4802 3474
-3257 9799
-1797 6778
8719 4840
5293 400
-6032 -6388
7544 9902
5173 -5568
-2144 7557
6371 -1634
-8006 -4125
1863 9872
-4429 -247
8742 -7841
-8228 -2477
-9004 4318
4116 6575
7073 1460
-3700 -3961
-9840 9512
-6877 -8408
-8507 -2151
2281 -5613
-8057 6667
-1247 -9864
-267 8314
8186 747
-5780 -8405
-2525 -2523
5001 -3318
-9001 -752
-4178 9718
1178 5115
-5125 -3385
-3874 -8802
-7210 -4965
6605 2970
7357 -1995
-5329 2606
2742 9300
-8667 7145
-2109 -7526
-2209 9519
717 5833
-7486 5266
-5487 -4283
-845 -6486
-7651 4056
-9330 -5947
-4749 945
9701 -3204
9766 1763
9768 6305
-1090 -9158
-9859 -5562
-4697 -4627
1568 -8525
-5286 3194
2747 9359
8346 9152
-1411 5262
-7504 -7142
-9365 7745
-4482 -1434
9512 -8695
1823 770
-7468 9212
9238 1588
6152 -3980
4179 1868
7241 6293
-8512 9482
2675 2530
5609 -76
-925 -857
-5596 3954
-9467 7665
9130 621
9187 -8832
-3806 -5353
9138 -7582
-4649 8017
3326 -4610
1410 -5412
6456 -523
-510 -4412
-4931 7418
3668 979
-5377 -8535
608 2997
-3049 7419
5083 8733
3074 1205
6094 4212
-7420 2260
8400 -7713
-9696 -8283
-2892 -6250
2059 3630
-3173 -7762
-2173 2235
3373 6317
1016 6617
8082 -2960
-6242 5639
3058 2410
4863 709
-4366 1861
-206 -2064
-6083 -8273
-5986 2374
7812 -7684
-213 -1961
-4611 -1360
879 -8155
7801 2216
-1467 -7574
9043 1174
-8066 9549
8909 7125
3255 -4308
-9879 5687
-2453 -1882
6054 -4245
-2518 7341
3435 9971
-3993 5218
-6744 1247
9887 5794
-8641 -1354
-5418 4486
6912 9161
4055 3115
6385 5955
6800 5989
-8319 5293
4700 54
-8108 -8198
1279 -7754
-6692 7947
-8363 -7519
7699 6743
1710 1366
880 -5324
7043 5318
-197 2240
5121 -8376
8461 436
-3610 -825
-4837 4845
3858 -3090
6964 565
6089 -1443
4524 8857
-9477 -2633
3569 7832
8296 -4119
7247 4989
9665 3726
-957 -1873
-5913 -9573
-7949 -7433
3003 9208
-1618 -9489
9077 -6887
23 7266
-2169 2934
-4789 707
-437 -6081
5007 9736
-8713 3807
9689 -1425
-6437 -6697
7030 -9345
-1218 -3052
-2625 -3928
2360 2869
2076 -573
3659 -917
2196 -5822
-8556 2736
-610 -7782
2926 -725
6915 8323
-8222 -3791
-9984 1921
-9505 -6935
-3631 -6575
-5920 -2220
4728 -2881
3191 2863
-548 -7897
5251 -728
8355 -4751
3148 2630
-914 551
6490 4592
-2413 -7803
-9481 -585
9346 -5499
-9858 -7703
-917 -6918
-3493 -5641
2139 9173
-3709 587
-2830 -3134
2690 -6797
2475 -9657
-4408 -2060
-9430 829
-4900 8740
7053 3377
5574 -8410
4726 -5361
2862 6093
-7890 7792
-9127 3004
-8917 4915
4087 -2620
-8312 3222
-6191 -5901
-2698 2579
2922 6499
-5561 -6503
8047 -7766
-9026 -1270
-7894 -6853
-1542 -8253
-3614 7681
7494 -3096
-5304 -7032
9694 9605
4519 -4431
2950 -9224
7720 2326
6425 8359
937 -8472
8027 -2553
944 -6141
-3907 -3814
8637 -1009
5859 788
2535 -5536
-4135 -5684
1220 -7358
-669 -6642
-3317 5916
-8515 -976
3522 -5078
-9031 8156
6514 1241
2769 7394
-5159 1171
5030 4516
-9298 5785
-1504 -5156
9353 -6941
-2477 -5646
-1330 1888
8251 3388
-9533 -6389
9527 -2419
-9674 -2850
5794 -5268
-7113 7569
2530 6763
7877 -6879
4293 -981
-6466 -7283
-7777 3043
7887 -2043
1017 4440
8795 7240
2848 8540
5649 1185
4796 4819
-3880 6116
-3014 8044
-7225 167
-2265 -7221
-6738 -616
6226 -9736
-717 -8861
-2423 518
-6439 6539
-5505 -200
-2039 -4832
-3872 9233
7773 -3245
-8340 -7304
7515 7142
3257 -9823
-8059 -2644
7523 -9758
-3257 -5284
7821 -4742
-4478 5
1144 4047
-1715 8527
5065 -7558
2242 5567
-5544 9560
-7487 -6077
4399 584
7002 -9715
-8853 6060
9958 8237
-4408 4404
8367 -8102
335 -6885
-1627 -1170
-7444 -1844
-4077 7616
6142 7421
9863 7929
3496 4927
8208 5826
9749 7952
2256 -9280
-5274 4148
3928 2978
1215 -4127
-6003 3885
5783 6807
9922 -3916
8636 -162
7994 -1706
-369 -8809
8612 -2363
-4434 -4228
-5580 8475
4300 -7218
-5546 -7373
-6653 4048
1916 6710
-312 1794
7667 -4157
-6552 -9098
-8571 -4616
5189 -7049
2790 -8649
3366 3824
5015 783
-7859 -7004
2490 3627
2101 1428
4210 6910
-6743 -3600
-5832 8664
9094 325
-7882 6085
-8073 2502
7125 -6495
-1111 -4624
2048 8555
9906 -5923
7902 -5163
9342 3271
6268 6637
263 -8518
2910 2478
-613 -7637
2484 -2881
-497 2644
-3311 6653
6458 -1404
-8902 -1193
2312 -7895
1202 8223
6777 -5079
2719 -6750
-1913 -9598
3674 4341
978 -2572
-1090 3662
-140 -8760
-2675 -4460
6380 9247
5611 -6471
-6098 -4118
8200 -7701
4827 -9641
-7535 9298
-8760 859
9501 7388
-9363 -8262
-7860 2219
281 -1275
6153 9535
6917 -8742
-3781 -1216
8045 -3224
-257 7265
-9206 4425
-5973 -926
5094 -1583
-1223 -7774
-4756 -80
-5501 4963
2350 206
1944 -6001
9940 2988
-4567 7805
7340 220
5199 -4694
4090 7977
-5247 -8583
-7597 5856
280 8217
-2709 -6803
1614 8028
-9746 -7616
6026 -5889
9074 -781
9425 -9476
-1755 5145
1853 1368
2894 -1816
8404 7286
-7409 233
-1791 3602
8740 -9598
6258 6683
4900 -8858
-1940 258
-1715 -4089
-1705 -6605
-2494 2260
-8521 -1959
2287 301
-834 -9097
5993 -9469
-1285 -8982
-7976 -1114
-7161 839
-1839 -5385
-1262 4769
1452 -3100
1764 -5005
8974 72
5983 -6456
-3061 -2741
9519 -2002
6040 8167
2188 -5282
-657 2047
2578 -8647
-7629 -944
7942 -4987
9573 -1884
2731 -5499
9270 -2267
8354 -8531
185 721
-9208 3838
7383 2880
-9862 -9505
-1506 -5679
-3792 -6623
1817 -5467
6580 8396
9749 -8841
215 2878
7891 -4160
3956 1877
6378 -8817
-1084 408
5598 5647
89 -2731
-5172 -497
-7618 4602
5098 -7790
252 -3759
3340 -6409
1845 6461
4856 -4844
36 2145
-4978 8326
-2114 -9750
5848 -3367
-2184 -4437
5971 2225
1592 -9548
1442 5289
-5209 -4599
-9997 6270
8480 895
7136 8822
-3867 -1268
-4808 475
9352 7978
3843 -6232
-4186 -613
3358 -7415
-782 3701
-7016 -795
-8571 -9246
-8794 -7325
7964 6743
-7857 2648
-1082 -3525
7370 -4133
-1591 -2603
9850 4506
-1299 4542
6240 -1238
6252 1774
