2000
3980 -8845
7502 919
9688 -8169
-2820 -5547
1366 6030
5996 -3751
4104 -2988
-672 -2630
-2846 -6183
5154 1592
-9077 -5508
-6919 -4208
9641 1735
-3825 -3599
7091 7266
8421 7243
-1839 1070
2901 9643
-2183 -2152
-2401 -6198
3772 9183
-85 -6406
4686 -2125
5414 9243
4556 -8161
52 4288
-9920 9200
934 3133
-6745 -6559
-5572 -9171
8073 -9655
1416 -3431
-67 -3767
7803 -1963
1839 7750
-9348 -4599
2716 -4390
7207 568
3531 -2599
2962 2620
-3093 1807
1007 -3266
-6412 708
7871 -8060
-3509 -3157
-2812 -7702
-1133 -5437
4517 8604
-3359 -7480
-9731 6040
-4839 -7800
-2189 -9078
5211 7878
-1001 -1262
-8643 -1259
-9452 -4319
2416 1985
-7307 5276
7216 6004
-7154 -5716
303 -2573
1990 3755
2359 -7110
-4589 228
-3733 -7280
-5080 -4320
323 1429
3027 6452
-4811 -4467
7996 -7975
1428 267
-4027 -7736
7540 -6157
-6433 -1334
6671 8476
-4097 134
-6112 -3027
-137 -8387
1841 9968
-7313 5274
-5325 -8171
3258 1329
-2220 8719
-5748 -3716
2030 6691
678 -4032
-1768 -6543
1021 6651
-963 -508
-2033 8309
-1558 -4293
6401 3870
5484 6052
6019 -15
-1021 1045
2874 8707
3756 3654
2373 -3869
6136 -4744
-8054 -9655
34 1887
5344 6346
2996 -8014
1478 86
-1606 -4246
5182 9445
7036 6837
6609 5304
-4712 6240
-2716 2627
5054 4267
1642 -9842
10 -1191
4066 -2265
-1920 -133
-8247 9733
6078 -8166
-6180 -9183
903 2795
-7731 5298
8463 9298
9855 7451
2754 5498
5458 6463
2810 -8238
6030 -7258
-3379 -2136
6673 1392
9127 6631
218 4459
4192 927
2761 1971
2789 3990
505 6581
5599 -2588
-3291 2774
3946 7782
7001 284
467 420
2183 2458
5200 -6723
1141 1933
-6676 -4459
-7828 1534
-4007 -3829
7098 6111
-1918 -6095
7895 -142
159 -5409
2003 -1600
-5106 -522
-2741 -7567
6438 8840
-740 -2020
-9562 -3095
182 -4837
-9184 9359
-5100 -4957
6577 -5860
311 793
-3097 -7431
195 1129
-9014 8706
-6704 -1910
-9790 4866
-5657 9021
-4826 -4896
-6056 5323
-6697 -4668
2237 6925
-4192 -2538
-3180 -3861
1182 -3376
4485 1720
-7488 -2241
4049 -1484
9645 3137
1842 -5756
6055 -9370
9217 5139
7880 6265
-8632 -6441
-7398 -3226
2106 -967
-4043 -4095
7088 -5657
482 5486
-7891 -6092
5628 -4615
3144 6594
-4891 -8139
4998 913
5157 -5247
-896 -3161
-4302 1211
-2525 -1680
5600 -2702
4072 2565
-8403 8203
-2172 -3822
4242 1276
-3239 -5084
2545 -5277
108 -1129
-815 1893
3754 -3028
7886 8016
-7232 2472
-6968 6763
1695 5594
-2366 -1270
9750 9170
5455 -6766
-4843 3821
9999 7053
2049 6706
-4658 4240
-7316 8810
1401 7887
-220 6513
-2794 -5693
-7678 -2746
-6553 -4909
-4426 -1189
-5596 -3521
8930 7269
-9841 2039
8994 8679
2500 5614
2666 -5850
-5424 6219
4180 -1565
966 -81
1526 6864
7097 -7634
-3327 -4974
6002 -5698
3114 2716
-8473 9449
-352 8689
5957 -4069
-8310 -1423
977 6116
1730 -9317
-1446 -6524
-6585 -1884
6552 3131
-3230 7595
8179 1238
3604 -7984
-2957 5276
9578 -6002
-9566 -6956
-3787 2692
5101 -8039
-2107 5861
-5563 1057
894 3304
3988 5414
-7390 -7377
4460 -7459
9393 -253
-2659 4732
-4031 -3838
-1821 -4480
-5484 -6706
1013 8943
-4293 -5907
-9495 1447
3409 1920
-2220 5606
384 -4978
8326 5938
5073 -8723
-2379 2313
8576 -8597
4871 -7920
-9467 7968
-2149 -7788
1453 -3498
3517 9751
8693 9690
-2497 -5471
9698 -1880
-9961 -1991
-2665 3106
-8152 1540
1198 -8561
-7284 -9827
6208 -9
5116 337
6139 8504
-9809 -14
5919 6672
-3106 -1958
1513 1092
781 -5868
-1339 3926
-7955 8285
14 -1642
-4816 -4195
-8935 -8931
-7491 -2968
927 2264
-4025 -4775
9284 855
3079 -8910
1077 9143
9535 3270
-4967 716
-8192 -3572
560 6546
472 2589
873 -7058
5021 2517
-7957 -5393
-4323 -9795
958 -6892
9093 -1814
7132 -4395
-9820 -4932
-3842 6415
5557 3259
250 -9045
1672 8812
-4760 5283
5549 3480
-211 9521
-7538 -3980
-7742 -9338
-4731 -8796
-8591 -5699
-2591 4667
-7148 6088
-8307 -3498
5291 9985
-9881 -4406
8854 -4831
-3875 9398
8209 -897
-1894 -8483
8718 -2831
-3310 -6346
3396 -1494
2889 2873
4077 5654
-6325 -8121
6546 9207
9016 4805
-4973 9399
9383 -9292
23 -9683
-4513 -6778
-7381 -1124
-8301 5333
-9430 -9172
-2003 3526
7181 9288
-2207 8408
5002 576
-50 -9318
-7439 -922
2006 7346
2150 9107
-7775 1021
5450 7178
-8785 -4672
-1449 -4528
8070 -3298
-4245 1170
5719 -6511
7016 -3675
-4388 -2563
-435 4196
-1508 7127
-8471 -5434
7366 -7838
9508 -2189
-3083 -629
-5888 1657
2555 2864
8192 9562
-1246 3771
-5807 463
-4646 -3177
313 3670
9995 -8928
2230 -2672
-4756 -672
-3546 -8205
82 7457
-6661 -2017
5794 -2553
-9462 -7154
8224 -3569
-6985 -5350
-2068 4500
-1730 -8793
1670 6687
-2770 6184
-147 7024
-8183 7543
-1409 -152
-7104 7768
-6717 7556
5012 -650
-8947 3366
-5467 8351
-5083 -9433
719 -4928
3443 -3138
-8639 7456
8663 -4904
-4497 3352
-465 4053
4798 2733
3997 9389
2957 -9665
8103 -7413
-9857 5853
-1077 -4893
8473 8876
7227 3697
7985 -3274
5519 -4136
2726 2424
-121 -1038
7779 4087
-2562 2262
36 -6719
6014 -9306
-9918 -1446
-1111 3731
6319 6760
6333 712
5819 -9818
9058 -1024
-3607 8012
-5262 -9996
-410 -5623
-9479 -9744
2939 -7685
-9877 4122
-3617 717
7719 -2439
-1745 -9861
-1307 7454
1184 2058
2538 7582
2015 -2498
1405 -1130
-8434 1554
-434 463
4188 -2041
6057 4304
8281 -6223
-3907 6579
4421 1220
-4343 -3784
7498 -9197
-5336 -6624
-9171 -526
-8469 3357
4660 2013
-6764 7791
-3340 -3326
8228 4641
-4897 -1773
9907 1514
-462 -6988
-3211 5964
6263 -2181
-7241 6603
-7182 683
5207 -1584
1792 -5963
3511 9871
3228 6342
-1645 8763
6553 1608
8282 1591
-48 -3066
8882 -9771
1744 8777
-8212 8788
8472 -8719
2821 -1423
-4820 4734
-4584 5580
-6004 1719
9477 -5656
-5786 9509
5851 2987
5471 -8838
2770 -2074
-6763 5744
-3602 4772
8723 3189
1965 -4721
-2212 466
5468 7474
-3949 -3741
-5286 -1711
-6132 4952
391 3851
8195 1585
1094 -132
-3425 -3870
-2708 665
8591 -4234
-8490 -6217
8555 -4452
8737 1629
6909 7277
1463 4423
1896 -1583
4676 652
-7339 -8333
-9661 9390
3241 250
-8165 731
-9402 5156
-8715 6650
-2686 894
6661 2299
6082 -375
5173 -8109
3520 8357
9355 7630
5773 4149
-7435 817
-4811 -2331
3057 -9038
-5928 -2150
8101 3397
-5873 -8967
6190 9936
-9695 -1554
-6940 -8805
3494 1340
-5315 9721
-4668 3296
1653 9858
-8793 8853
6722 4728
-4456 6981
-1630 -6992
-6030 4455
-7696 -4853
8544 1763
2797 -9596
-5940 -3609
4837 2707
7623 -1914
9426 7898
-8662 1117
-1867 -5890
-2312 -3329
-756 9786
4513 -1104
-403 -4035
2694 -6222
-8047 -8313
-3166 6664
2148 -5743
-1617 -901
5490 -5056
-8629 6164
-5750 4048
5666 8994
3831 -6325
1507 7004
-2605 -8036
-4530 9195
1811 -9641
46 -6296
1203 -4872
-3185 -7261
-6876 3156
-8867 7371
-3531 5272
-6064 -484
-4320 -8042
9727 -4693
-1979 3651
7326 5392
6117 -4427
1258 2553
1748 -6489
-2408 6728
-5848 -2721
2408 7638
-9624 5355
2231 9223
-9687 -6500
-7508 3365
-7120 -3218
2462 -3572
5456 2281
-4069 2188
-2420 -2802
2771 -3022
9531 -6304
928 -5972
-5524 4999
-7722 8520
9878 -1371
-2296 4686
7629 -9746
-2525 9936
7021 7943
-1555 3689
-9884 -6379
5903 -5373
6816 9294
-3509 -4446
6253 -1884
5533 9262
-2990 9505
4503 -3540
-1299 1486
-6165 -9499
5187 -1422
2553 5261
8917 6537
8200 -6251
7438 5937
9558 -3356
1272 7554
6847 9181
-5265 1808
9924 -2942
-3681 -5292
-5788 5456
-4364 7050
2257 8716
-7063 8058
-3364 6092
5073 8125
8382 9189
-7063 3989
3646 6581
-3055 -5905
-4630 3204
2384 -8063
7466 -4063
2996 -9161
-4452 7389
6565 -6965
-9915 3481
2196 -4078
-6021 2342
2154 5134
6979 4336
7246 948
-5064 9081
5661 -6097
-2001 8583
5507 -3674
1985 3369
9306 1611
2451 -550
560 2301
9058 -8281
5200 -2876
6767 9143
5205 1117
-29 -5533
8803 1079
-7974 670
-250 6048
9952 684
-734 -869
5457 1671
-4961 -1507
-9897 1162
-9388 -5656
-9634 2554
7994 1172
-7984 9424
-7714 6915
-1969 8784
-6750 -8789
2290 -8278
2392 -7948
-8179 8038
-1279 -4138
4993 -8228
3443 -8293
200 4170
-4668 -7798
267 303
-3422 -335
-9164 4354
3777 -5429
-8515 -7148
-8365 9784
-9006 3237
4959 -1394
659 3285
5043 1071
6933 6201
-8307 -6237
-4530 5646
3537 8857
-8942 5670
-4028 8869
2254 5046
-600 2550
-9158 3090
5942 -6824
-3319 -7673
5565 -8702
-96 -2325
-5320 4244
-4685 -5717
-5796 9723
-2794 -7753
7894 -4103
-5247 2676
2066 1430
4019 -468
-5422 -8241
8030 -7
-6918 3978
-9126 8872
-5080 -7256
-2237 -2445
8952 -5795
8449 -8612
-608 -6369
-2925 -6237
-268 3597
9494 4281
678 1346
-3504 -2032
7500 -7257
-1777 -5765
4228 -7923
6055 -3747
-1155 7310
-9947 6930
-1795 7486
-8310 1538
2926 -2844
4509 -6140
-2377 -7683
5914 -8417
9585 -8925
2421 9129
-2904 262
6727 8917
-6849 -5405
394 -5051
4923 7379
8409 169
819 -2511
-5026 -7817
3721 9025
-3820 -3335
4246 -3354
-1037 -5591
-4008 -4411
-3335 -1402
-2274 -4423
9560 -7194
-8277 8543
-3142 -9994
-5044 -1405
-305 7252
-2579 -6401
1088 -1897
286 8240
-9016 6063
-3552 -2273
8094 886
5295 -9307
-3718 778
9376 -8713
585 6668
9475 822
-636 3865
3872 -8803
3513 9943
7195 -7452
-3853 -6793
5032 -1664
-3425 7236
7019 -962
6766 1281
-7834 -2813
-2120 4859
-4364 7461
-7532 7883
4551 -1268
9554 6774
639 4025
8943 2638
2581 -1769
779 6176
-6896 3496
-8169 6926
7882 8136
-2827 2127
-6593 8621
-4193 -2341
-7482 -4427
-3245 3687
5291 1875
-9393 -777
-4003 -159
-2414 -6119
-9760 -9644
-1413 249
145 6542
37 9366
-9989 3249
1384 5589
-2285 7894
-9766 -7722
-63 4844
-5863 -3958
9729 2455
-1949 892
-6164 8740
-1420 2379
6260 -167
3910 9887
3856 -9780
6762 -7504
-4418 -5999
7250 -3202
-7614 -4407
-2793 2355
4633 3823
2387 -2558
3484 -5431
-9255 6524
1137 6933
5673 -1204
-5105 4973
-1474 -2027
1581 -8846
-8625 -7565
-1348 -4564
3158 -8143
-1344 4234
-6453 4129
-3517 4763
2306 4476
-8083 -8885
-595 -5308
-5063 9122
9775 150
-7334 6074
1046 5447
-2859 -2439
2437 -6708
-4273 8722
-2122 7533
9390 4379
2333 -5243
8886 1766
250 5880
355 -4632
204 -7445
969 5993
5114 -6671
3480 5906
5700 8610
7777 9867
1149 466
3758 -5083
-2641 -2694
-1441 -6795
7584 8959
-6285 1669
-6565 3637
-484 -7400
1689 7406
-6319 -6408
9585 -4387
-1058 4650
4276 8420
-9251 -3858
-270 3696
-5839 8526
-2836 -5401
1905 -8361
-5156 4523
7202 -9537
5853 -3852
9785 -9084
-2763 9288
-9587 3022
-9666 -7354
1980 -5905
-7535 -6361
-4221 -9078
785 -9538
4158 -3472
-4946 -9486
-4887 -7960
-6321 2218
461 -9262
-5078 2245
8393 1384
2300 -9225
-6217 -8102
4920 -6742
-375 -5803
2013 8975
-7387 -8395
-3752 4478
8661 -1607
4921 7033
-8732 6540
8580 -6305
9634 102
4562 -4021
8224 3816
-4801 9484
-6021 -9663
-7765 -8781
-1802 -2237
5681 -9125
9850 7824
9429 -2307
-4109 -3817
4576 -4324
-3571 -1727
-5188 3218
-9367 1418
-8480 -2888
3091 -9733
7804 6082
9286 5036
5373 -6998
-2058 -6735
4749 -8672
-7797 6141
3964 429
-8158 -4227
1956 7113
-3491 1454
9727 253
-6530 6659
-1923 -5462
1650 -5897
-1909 -403
-601 -1538
-6503 -4106
2617 2405
5670 -7410
-6082 -9441
6700 418
-5433 -158
9336 4384
5217 -3591
7864 1291
-4736 -8275
8384 -8690
-4151 2455
6559 -3540
9778 -8781
3402 -1630
7986 2897
-4698 -9381
-6791 602
1161 -9029
5111 848
-5590 1581
-315 9678
-192 -6255
8758 -5099
-3374 -2329
-1019 -2258
-9803 -1269
8912 8551
-6509 -9524
-1154 8690
1586 -9387
-8767 -3169
-8846 -9392
-4699 -1837
-7268 6036
-2383 -9589
-6191 -2858
4609 -8978
-4076 3617
-4992 7087
-5172 6271
-4999 7711
9982 -4975
-4499 -6087
-3677 -6528
-5914 8069
-1380 -8371
-7762 -960
7203 -226
-4190 -2461
1671 9935
798 7148
8170 9201
2818 -873
-3787 -2186
-5915 -8454
9257 1041
9788 2807
-9560 9239
-3569 -4712
-6644 -3237
2114 4238
-6723 1977
-4529 4352
-4389 -9520
-5865 1281
-1572 -8998
-9798 8654
-2220 319
8133 6741
8288 3993
-1245 -7783
8746 -8736
-9498 -1458
3830 9186
-330 -3066
-8829 -9093
6605 -8217
9856 -1830
-1350 -7925
7078 -813
189 6506
5160 -774
9545 4112
853 -7061
-9347 -8602
-6385 2861
4125 -592
7950 -7640
-4733 8349
-997 1779
6407 4937
6720 3895
-7936 3011
8808 6575
-518 4435
4662 5885
-4890 9671
7503 -179
6481 -1624
-226 -1645
-5064 7134
-3459 7110
-6809 -7218
-8870 -5510
9991 -1542
-6606 3854
-2252 6397
3129 -6166
-5871 3534
1689 1936
1541 3611
7002 -3650
6171 6651
-1253 4504
-3420 2652
3506 8521
5631 1516
8019 -9953
-5463 8822
1000 -7131
6723 -5473
-5355 4394
-8052 -1808
-8275 7774
-291 -202
-6592 3414
9765 -8751
-8380 -9591
4913 9656
6028 368
2609 -4787
-9550 -466
-419 -1761
781 8469
-8662 7839
-3913 -8220
9895 -8219
-27 732
-1495 -8158
1640 5419
2554 -8066
-3096 8769
-7102 6039
5694 2245
-3667 -8468
-3255 5443
-5024 8943
-2819 -2805
-4336 8278
6116 7963
-6537 723
2504 -4077
6655 -6642
-1079 -7523
7896 -1120
4535 -5718
-6950 449
208 -4841
7405 -4051
-2519 -4098
-8656 -6263
-3600 4226
-4858 41
-1682 3582
5265 806
-4751 -1846
4078 -7552
-4194 7753
-9771 4453
-6667 8449
-7270 -8154
6016 -8412
-3252 -499
5450 -3776
5847 -2127
5331 -3349
-5402 -9089
952 -8269
9034 -260
-5734 9270
-2577 8019
-9534 -485
-2733 -4779
9675 -6
-1558 1218
6785 -3272
-1684 4893
-5607 2800
-7256 5064
-3343 -6436
215 -7689
-6778 -8012
-2560 4813
-1727 4174
3443 -3527
-5509 2539
-4226 -5413
3529 -1322
-7608 6763
1701 3203
9931 834
-553 -1515
-4995 -1753
-2969 3841
7405 1471
3782 3689
9398 1340
-3847 7005
1178 -3163
7031 8147
4407 -1658
6650 -4758
3920 -9820
-9337 178
-6619 6313
867 2364
-5431 -2968
5279 -9686
7876 -425
-8955 -3969
-6560 9001
340 8548
5552 -3442
3395 -9787
8361 451
8793 425
5667 2767
6668 5442
-660 3307
3340 7332
3416 6442
-6526 -2072
-1758 7986
1281 -7527
-1496 -162
-1162 2326
4594 5665
-7778 9178
9392 146
-9404 9338
-238 7752
4239 -6891
-7729 -851
-3823 906
1958 1611
-1947 -6763
1165 -4626
-2920 5248
7721 -6873
2965 8361
4407 -54
-4390 -8198
-9020 -1000
9146 1554
891 -5908
-4436 -6538
-3429 -5626
7244 9803
4429 2563
-5826 -2859
379 -3613
5482 5948
1195 -8457
-5329 -7439
-9079 2636
-7419 7636
9439 5328
-1952 1913
-6534 -5861
-1769 915
4377 8078
-7549 3795
7318 -5331
7232 9696
-3164 1746
8133 -4874
-5206 -9065
-7521 7335
9896 9710
2346 -2850
-1494 -5463
9865 8648
4281 1665
9525 -2087
8828 -8533
9546 1476
-1009 6925
-4686 -4283
-867 -3692
8055 -7454
1393 5970
-9375 9908
7243 9909
9618 -6896
3975 -9142
-4604 5684
8053 -7519
4146 -1019
-9386 2333
7522 3671
-4854 9442
-9913 7067
-7217 4138
-5834 -4599
1668 5638
5328 -4059
-4151 -3218
-3310 5953
9058 -3188
-2330 28
-567 3032
9234 3066
-7953 -2515
-6462 7101
771 -3618
-455 -8941
-8154 9638
7496 -368
8754 -1649
-6012 -8338
-2397 422
-9076 9316
5268 7173
-6016 -2386
-8638 8046
4799 5376
2162 795
-8000 4032
1132 7930
-5688 -4461
319 -4377
-4739 3857
-6512 5887
-2042 -3523
1860 -4038
6384 1946
4982 -6816
-9644 -8972
2363 3970
2016 -1938
-2842 3726
-5480 -3186
-5434 9320
7250 242
9502 5699
-8679 -4718
9139 -180
-573 303
-9499 -3653
2309 7385
3051 2361
5545 2414
3442 1753
-4277 9623
1405 -474
-6749 -8541
-1727 8563
7882 1492
-8267 2839
2258 8852
-5867 -8766
4776 3580
-2397 -3008
7060 -2077
-4692 -1896
-9535 3090
-4497 -7921
3833 9731
-6927 -7335
2191 9556
-8986 4478
3040 9163
655 3008
-433 4643
3494 6109
-8936 -8175
9126 -8652
2061 9561
-2517 -3272
8554 -879
-4069 6512
8592 -7261
-7531 1434
7820 2424
5700 -4457
-6259 3732
6615 -9566
3442 6782
1424 990
-2901 -3271
-1446 -1362
3707 1884
1444 1400
-8151 -511
-7670 8927
5439 -9598
-6859 -1739
-6585 7751
3895 -669
8595 -5045
-7593 -406
3749 -7664
-7162 9023
12 911
7640 7983
341 -9169
2715 -85
-8686 -2231
7258 -5842
-6915 -3116
-2714 9588
1569 -7756
-6285 4148
-6521 8705
-6341 7610
924 -4206
-1870 -3933
-4911 -1607
9304 4689
2671 8822
9654 6943
578 -6988
781 2368
6527 5614
-7503 -1962
1346 -6668
-703 3505
-2348 -3365
-4661 3012
4342 1131
-9354 -1002
8786 -1014
7379 -1224
-6535 -2405
-3583 6682
7345 9857
-7132 -209
-7842 1644
-2743 3649
-4593 -7595
-542 3475
-3021 -9527
829 -7525
9208 4632
-517 6168
-1113 3549
-7466 129
-7374 1393
8989 -6367
-9686 -188
-332 -874
8917 -8620
3024 2537
-94 -5205
922 -5999
7476 9035
-6772 -9621
-7145 -5545
-7193 4058
3946 -4217
9333 6011
-3860 -3447
7947 -4413
-779 2487
-7702 -9345
-219 3256
8357 5687
1944 2418
-9067 1380
9102 -4429
-5395 1855
5956 6578
-5247 1554
-668 -7469
-1686 1281
-2709 -6722
3552 1367
6955 7152
3359 1498
2153 -104
-3128 5657
5065 -4346
8072 -4771
-9671 -2992
2579 9006
4581 9432
9730 -9096
6180 536
6788 -1797
9484 -4489
2510 -4898
6469 495
-2353 -3938
-8720 7144
-2961 -5274
-9617 3434
9088 3912
9141 9169
-3824 -9120
-6394 -6810
-7379 -7524
-6620 -8093
6165 -3929
4274 9560
-1208 2952
-8226 7478
-2027 -8699
-2637 8244
9108 9341
-5934 -1356
-4202 -3853
-6221 -1830
-2662 -1394
3207 -3360
-170 7236
9712 6813
-7559 2452
8523 -6909
-3628 8606
5278 6518
3995 5164
-9815 7053
9017 -4312
-4972 -2451
9914 8124
-2009 2816
-9015 -568
8038 1770
-7870 -1676
-720 4966
1778 1961
-1867 -1009
5803 7940
6545 376
-3107 -7826
-8942 1823
2596 -5391
297 -8756
2514 1612
-265 5326
-1859 6148
-4421 -8553
3217 2847
-5109 -2663
-7698 9069
1029 4171
-6839 7802
5741 -7118
3258 8965
-5141 6007
-2171 -6128
-1519 -4082
883 -9576
5757 -7502
-8456 -6604
-6736 -4509
-3062 3406
-3747 -1157
6180 -6124
-7056 4865
-964 8483
-9996 7694
-9425 5918
4882 5745
1751 7554
-8575 -6538
3101 -6700
-2555 3627
9847 -6017
1100 -6799
2414 -8610
4797 4364
-3073 -6928
669 -5230
9635 -6894
-4691 3613
5027 2391
-1691 -4687
-5221 5602
6877 -3089
373 6530
-6449 8302
5650 -2806
1177 996
4198 5496
-9394 -4003
-5919 332
3404 9124
-6107 1008
7836 -5927
-8594 -2751
9640 -3135
5900 -9846
9477 1669
8581 -9322
7208 6353
8376 -1047
9869 -5521
5476 4025
3241 1045
-9237 3394
-6275 7568
6692 -1435
9574 -9151
-1357 -5695
5275 -8871
-2006 3771
7646 4915
304 -6107
-1708 7122
3475 -1116
-8442 -779
3700 1850
-405 -8574
6192 -825
-3711 -3444
-5877 6955
-4480 3735
8306 -5465
-1159 -1186
-57 -3052
-5561 -5885
-7250 -8343
-728 -7916
9207 3055
-4341 7564
-3216 6402
1972 -2783
-1357 -9516
3380 -4713
1843 -1444
-769 -6610
7125 9687
-2057 4751
-2715 5430
-3901 -9496
-5381 -9052
-3673 4259
6344 1091
-2134 5599
6883 9271
9393 3525
-5537 -2612
-2128 1364
6651 6827
-4618 -5028
-1638 2214
5621 4614
3085 -792
-1642 -6437
-5933 -9630
-4961 4457
2437 2408
-2781 1366
-3036 2501
1771 5085
2330 -2432
4956 4884
-3753 6793
3620 -7173
1520 -3382
-7448 -7278
7336 -6397
6532 8173
-4543 421
4512 -5111
-6933 -476
-4348 9551
917 5504
1725 2871
1676 -8399
-831 -2784
-7901 -2273
-1760 -5876
672 -1654
8685 -4420
-1697 -7808
-484 -8764
9409 -4362
9780 -3953
4657 -5135
8111 4291
3842 -8556
6948 -2517
-9646 -5242
-3641 -1328
9609 5751
-6523 5529
9653 -8293
3774 5439
-8982 325
6238 2458
7415 -679
8681 -526
9242 -9456
-870 8460
2751 3898
5343 -2760
4724 313
5071 6011
-1596 8799
8270 -4850
-5601 -1988
-280 -4532
-9094 -2227
-8182 -2786
9673 -8076
1246 -8224
1250 7087
-8649 3647
2106 491
-1891 482
7722 -5144
5169 -2828
-6817 6166
8685 3960
-7169 5308
-6681 6955
-7578 -2770
8724 6760
-6026 -2951
-1027 -9459
-3962 -2633
-1826 -6061
7586 7288
1499 -474
-9993 -308
8269 9609
501 -8551
-8664 7159
4839 3684
2712 -9980
6975 7670
-1379 6032
6512 -6883
166 1065
5328 -5794
1573 -7140
520 -8635
8654 9748
2994 -1894
-8482 3873
7202 3001
8171 -6493
-5614 -2297
-4893 9507
9528 9226
-9385 7820
7572 -9778
-6660 2957
-5978 4083
8290 7227
-6193 9350
-5565 -138
3330 4328
-3846 -6912
-9318 -3677
-6956 -2328
4900 7884
-693 -8785
-5558 9287
-7768 4415
2234 -6031
-5808 -3432
-6754 -195
-6113 1253
2200 989
4059 -4103
9481 6008
335 8494
-4697 6531
-3425 6489
-2119 -4015
-2411 -381
4555 -3499
-492 6897
1311 8998
-3313 5461
-7971 -6456
7070 4600
-427 -1004
9985 -5323
575 -8227
-8499 4043
2536 3776
306 5557
5766 -8441
-2456 6881
-3500 -2633
3868 8855
5751 -5225
-2507 -6624
-7443 -2939
4326 4181
-1220 -5414
7303 5116
9793 8354
-6153 7287
5050 4088
-2137 -4652
-9096 1307
2866 8170
5050 -9610
-2243 -5869
-7015 -4730
46 -8376
-1279 8736
-483 7539
5440 1279
9586 -2437
-3601 -5780
-7427 6889
7896 -3809
-9721 -3580
5489 2946
-5748 1863
32 -9887
-9497 -9162
-5031 -1197
4073 -1740
-116 -2046
410 -2161
-901 -7674
3605 -6353
4931 -5462
-1242 6911
7520 -8671
1242 5052
-4808 5416
2082 1521
-6617 -9320
-9207 6334
7172 7137
-4061 -4983
3277 -4138
7537 -6268
1572 -6839
-792 -2053
5315 -9330
-1071 -3467
-6557 246
5296 -8592
6460 -9037
6379 -3463
-8222 -4627
-3947 2181
-1486 -1117
-3981 568
5585 -594
8989 5679
9411 2583
5744 6526
-1807 982
5373 -1328
5205 -6493
7474 -5698
-4290 8648
-6669 6491
-6973 -4110
1263 -6570
5611 -5194
7410 -8963
5326 -5876
7252 -6572
-7173 4631
-2787 6240
2765 -7763
6941 -3323
5349 -9043
-1814 6034
-5944 553
2922 -620
-4130 3487
9378 6253
9684 2619
7425 4361
9119 5294
-6861 4834
-8018 4444
-925 -9610
-9650 -5191
767 6288
-3314 3116
7794 1428
-2538 -7966
2588 -300
9081 1518
-1274 -4491
-4518 -1329
-8711 1824
-3816 -4835
-9541 -7566
-9012 -4697
-6533 -6402
-2291 -3309
5221 6263
6272 -1941
-8826 -4012
7416 -7043
-5009 -7311
2389 -1402
-6163 -8701
529 5190
-2418 2563
-5614 6012
-8824 -1129
5027 4291
-6686 -4644
-1046 6015
-7294 -3218
-6956 6663
-5278 7927
-2365 9316
-7728 -383
6027 -1228
7370 985
2284 2137
1047 -5073
7490 -7187
-7455 8629
1221 -4404
9888 -2558
2799 -3753
-4018 -6799
3704 -4527
-7864 -1312
336 -9531
9785 579
-6084 -8309
463 -4222
6763 9944
2080 1554
6481 2767
9301 -6874
-4524 3971
-6713 -8155
-712 6697
-7057 -6826
97 -4193
1280 2646
-8666 -6200
-5731 7137
-2285 5391
7082 -2225
3553 1632
5296 1266
-7181 4036
-3198 -2625
4222 9300
6991 -176
1669 9698
-9886 -9722
-2827 -5323
4205 -3222
9425 7270
-5209 -4515
-7379 -9242
9870 2781
-9445 337
-4311 -9329
1937 7829
5585 -9016
2080 8477
-8503 -7613
5932 22
-280 -7792
-3793 1321
9720 3555
-9667 3381
4371 3924
9409 9758
-5764 9162
5664 -4249
9809 -5895
-5224 6219
7769 -4503
202 -9566
8911 3353
9461 -3998
6024 -9593
-7384 5392
-3287 -536
-6981 -1177
-4076 -3568
-9645 -6648
-6891 -9705
-6823 -6515
-764 -2655
5171 8841
8781 -956
8262 -6333
-5899 6549
3622 -1537
8186 -3267
861 3083
-1526 4209
-2606 7198
-258 8908
-4661 413
7486 5666
9682 -584
6622 -9406
1660 -3420
-859 -4143
8622 551
4218 -2079
-1810 6883
-934 -7960
-1227 -8188
4895 -2749
-4820 -6646
-9448 -2911
-4003 2574
-3293 294
-4041 5057
-1807 -5808
-1493 -4359
5942 -1465
8113 -9834
4438 -4918
3004 6734
7337 -1344
4417 -5086
447 123
7374 -6811
-3457 -938
6152 -3725
8849 816
-8891 -4131
-5354 -4444
3469 -2931
6431 6561
-4905 -8024
-7858 2372
7454 -6792
9942 -9699
-1043 4178
-7187 -9001
1122 -6627
283 3260
-7678 2217
8492 -9454
1363 -7806
-1937 -8940
337 2472
-6739 6430
2990 -6194
-4218 -6588
