2000
-6946 6833
-7146 3949
-7067 -9242
-4579 -6253
7311 9495
7749 253
7710 8690
-7560 -7530
1376 -4167
338 -8544
-6599 9659
-4388 3150
2298 1571
7339 6934
506 2249
2802 -5171
8778 3560
8040 5656
-6876 -8290
-5075 -6540
3714 -9566
9124 -3606
2586 5144
-9024 -4716
-3260 -6039
-6380 1314
-1816 3862
-4567 -768
-114 -5798
6451 -3508
1321 -5888
7673 -748
-1371 3819
9250 5712
-7108 1753
2187 -2105
4289 -9674
5470 5032
-9685 -3126
836 6446
1480 777
-5362 8177
1129 9664
-6134 3792
-5996 -8986
-4873 -5963
7011 9046
2864 -3480
-4048 -4361
7392 5834
-6272 -1156
-829 -422
-5391 -8262
-1388 -1639
-1472 -1354
9423 -6832
-8656 -9993
-6608 -2219
-4706 6194
7209 979
8737 -702
-1656 -3944
2576 5747
-8615 -5072
-5517 8528
1092 8777
2076 -1789
3670 -6017
2345 -9595
-949 -3997
-829 -5407
-1679 2194
9976 4237
430 1713
-3588 -4731
8288 1359
7415 -4851
-9105 352
5281 3711
5959 -3998
-5222 9764
1695 -2949
4755 -9426
-9020 -4635
1368 820
5413 3752
-4054 -5741
-7784 -6266
9168 -358
8632 2647
-2274 -4420
4450 6919
-2729 -1138
-7428 9066
-4933 -3728
-3965 8532
-697 3567
4141 -8550
536 -5943
4878 8842
6315 -4376
-116 4011
7745 -4019
5623 5821
2188 6913
-3787 4254
4893 9915
-1224 -5617
-6552 -7837
-1565 5069
3600 -1484
-4197 8191
-6638 -3377
4402 -6336
-3773 3898
9523 3000
-2990 -7459
-1478 3127
-1053 -1524
-4612 -2135
-7882 -8865
-5230 5322
9705 7011
-7105 3546
-1386 -3127
9110 5051
3242 -4065
2558 -5088
2298 6604
4222 680
-6321 8525
-8935 3744
591 690
9166 3308
-8828 9539
-5606 -1726
-2684 -2989
-5979 -836
-3570 741
7614 637
-4312 8765
-5301 6724
-8365 -7350
-7026 -9022
1658 3933
6178 7196
4661 9059
-252 7243
4271 -4749
-1490 2634
-5372 5443
-7547 2904
-4212 1944
-7316 196
-9168 5939
4704 -9703
7021 241
2891 -6877
-2178 -7623
-9970 5865
3061 -6799
-7741 6209
7172 1442
6693 5728
-1639 1443
-3115 -1076
-4452 2989
-1347 3060
-6745 1337
996 1337
5355 -5913
8050 -4301
2544 6097
-7806 940
-3195 -9635
-2713 -7776
-7847 -6414
8749 -454
-4727 9326
768 9162
-1915 7355
4064 -8627
4433 3634
-1309 -7284
7774 -8592
-4504 9687
-893 6850
2946 -6455
8206 -4629
-4264 5140
-8916 -1269
6038 6745
-3710 -6762
-7437 4786
3948 5285
2639 7052
-7855 -4247
9387 424
6861 -9701
-8293 1798
5206 4635
5205 924
8190 -1967
3404 1871
731 6396
-4874 -7140
9605 1815
5053 -5115
9671 -384
-5100 -8664
-7892 7339
-6908 -8741
1683 -5746
-5447 -3801
7998 -1456
-3101 -3740
7185 6924
-5044 -7897
7695 9095
5490 8360
-5060 -1575
-9761 -5663
-778 -5455
4161 5293
-9651 2613
-48 9061
-5960 -7542
-3288 6765
-7037 5724
-2012 4986
-5034 -5319
-8396 8608
-5569 -4129
-5034 281
-1360 -7875
550 -9545
-1487 3581
-8154 789
-198 -8545
4069 6007
8788 152
6331 -2259
-1774 -3452
-4008 -3237
-8252 1189
9592 3980
2587 -3286
2586 -5084
5198 7018
9143 7552
-8273 -6163
-8862 -308
-5798 3962
5417 -3295
-7289 4004
-2124 3206
-9054 -4781
1768 -5794
969 -828
-5918 7760
5461 6438
-3127 -2606
2310 1768
-1214 9459
-9270 -2493
5066 1649
-4938 -3822
-9861 9925
-3370 2985
-3012 9278
2483 3062
8282 8586
-3488 3430
-3678 3770
5250 -8798
7640 4125
-8482 710
-7522 -1767
1412 7550
-4944 4985
354 2142
-7959 -6158
-6233 9137
2121 -4099
-4822 4118
-2821 -7170
-4864 -8618
4812 -819
-3329 1648
2850 -5146
-7300 -8079
6352 4211
-7557 -5782
-4512 -7450
-8745 3856
-282 545
8108 1610
4467 5480
-4898 -4405
9713 -3412
3139 4001
5383 613
9794 8275
-78 3915
8770 186
2107 -3507
-5576 -8531
-592 2179
4730 588
-1836 4897
-838 5985
1315 -8397
7083 990
6586 -4218
6091 -7816
6186 6298
631 -771
-2497 1568
-4517 425
-5669 -8855
1359 -2027
3163 6438
2337 9504
92 -3709
-5092 -2934
-3228 8256
-6421 7791
-1219 -8193
-2411 -9338
-3433 -4634
-4616 -2600
6629 -3527
-8238 6016
161 -2148
2719 -2755
8939 4492
4650 -2202
-2698 5822
-7888 -3014
7774 -8886
9370 -2979
-5189 -5455
-3648 -3330
-2668 7313
-7322 7663
-4938 7620
-5907 -1937
-2201 -4588
3264 -4145
6821 7960
6172 -297
7502 5759
1580 821
-8473 -5197
-4083 7413
-1846 9301
-6155 -993
5677 6687
3999 3919
5302 -3271
-5651 6678
-1539 -9637
-4225 -1558
4297 9981
-8340 -7240
2463 1117
596 7832
2373 3685
8488 -4104
-6692 3900
3201 -1875
7133 5184
1870 -9234
8406 6530
-6741 -4132
-3734 3707
4071 1329
9771 4727
8428 -6434
47 7788
-1096 -9913
7919 -3769
9916 -6780
-884 4012
-2088 -7876
249 6145
1328 -5167
-4401 1102
1353 -6803
2787 -5995
-8568 4612
-4060 9053
7501 9224
-7210 -569
-2782 5928
6016 6558
-7212 9843
-6938 7655
1667 -7296
-1451 5899
5764 -6701
-1868 8798
3621 -2908
4010 7452
-4823 -5027
-6695 -3204
-430 -3390
-4167 -755
-7604 791
-3282 2344
-1098 -386
3177 -3546
-2170 1690
8115 6239
5858 -6783
-3484 -3337
-818 1621
-7567 4648
5820 -7198
-2225 -9836
681 -9003
-2393 4801
-2234 -9750
1041 7161
-495 162
-6504 -8520
1655 8407
3817 6673
6632 9485
-7299 5653
-7685 2489
-2170 2938
1306 5218
8020 264
4149 -2874
-1877 -485
-5685 -5171
-4920 9451
6611 5802
-4037 9842
-8679 -3885
-1758 -541
-148 6698
6182 -7941
-8568 -3517
-7308 -7396
5542 -6253
-7314 523
-5493 569
7695 -5574
7663 -7624
-2795 -462
-1012 -8023
-8500 2285
5848 -4402
5435 -2537
-9357 -9111
7587 -2603
3177 495
6979 7490
-9907 4609
-7923 9671
3914 9356
-76 -5237
-811 -7859
-5483 1339
-9124 -3149
2550 1723
-2272 3585
-7096 4050
-8488 -2704
-1814 8339
-544 -7845
6372 -507
-3018 -7367
7242 3350
6741 796
152 9319
-5919 4376
6517 -6204
8857 6992
-6158 -5245
-9802 -6547
7039 -9888
4162 1647
8944 -6337
-4278 9396
-4729 850
-9658 5178
7811 -8358
8713 1046
-8159 5053
4371 5454
3550 5714
-6769 -7827
9165 66
8542 -7913
-4460 -3273
-3160 -7540
4108 -3701
3683 -5278
-2162 6772
1342 9405
4583 3110
8473 5405
-3550 2393
1166 7186
6360 -1708
-2274 -742
5152 -91
-6305 957
3044 4316
-5237 -4042
-1582 -7695
2325 1603
-9954 -3754
-6983 -3992
-4588 -2116
-5286 4359
3485 -6285
9830 -6813
-5907 9935
1947 995
-6027 -5827
4082 9674
630 9125
7161 -8503
-2545 -2605
3421 -8076
7248 9595
-4160 -4255
5474 7294
-1101 2579
658 -5393
-1678 3613
6800 -5858
-5923 1872
-7133 -5387
-1214 6024
5697 561
-314 -3412
-1914 48
7443 -3154
-1230 9262
8856 863
-9672 -3982
-2968 -5304
7275 5803
-5870 5931
-456 -2068
2075 6173
-1955 64
8399 9873
5896 4633
-4807 -2816
7494 5314
-4639 4879
-4554 -700
-1439 -3476
-8893 4216
-6046 -2583
5834 -4844
-5321 4708
638 3108
-5240 -1191
-5018 -6098
7688 -9445
-9573 6748
1380 6086
-3010 -9956
5358 -9707
5173 -5517
3783 -5561
4684 -5661
8555 -3935
3482 5791
-9054 -3770
-9063 3036
-136 -4374
8156 5296
9199 4624
5180 -6863
-6395 6886
6692 9328
9372 4985
5279 -6319
1886 8450
-7112 4172
8511 -611
5454 -8708
-9197 -9215
-2985 2656
-4309 -4529
1097 1673
-3031 5555
179 2973
9832 -3833
-3227 -921
2127 -6564
8422 -6536
866 1499
3669 7421
1592 -7249
2141 -9722
-8430 3823
4608 1315
-6029 -7626
-2155 -8377
7017 -338
-4783 -7338
5635 -6015
3873 9117
1916 5466
-7377 -5634
-2170 -5958
9262 -8956
-7815 -7583
-1111 2931
3209 3777
-2401 -5250
6066 4779
-9127 -4073
1271 -9964
-302 -1282
5101 -1712
2273 8636
7752 4457
3643 -133
4233 3388
7431 6266
-8970 -4216
-1799 6692
-378 -6785
6992 -9190
-4439 -7170
-8670 -1689
7960 -8374
-8338 -7797
4643 -770
7518 5081
7438 -257
-5801 3512
-2901 5189
-1423 -8437
7829 -8669
836 -272
-3581 8860
-7926 -7243
-6432 9763
-3687 -7213
4819 -871
755 1364
3568 2778
-7992 6138
1218 1931
-4606 -6754
-9522 2376
-2435 3315
4878 -2423
-1091 9863
3311 2706
1565 -6535
-3777 9730
-6788 3640
-9853 -209
8920 3247
-5390 4966
-2256 3395
-468 -8102
3829 3473
6719 -5530
6847 9224
6259 7198
-1505 -1868
1715 1136
-6159 -8876
-5410 -4975
-1525 5407
2767 813
-9397 1688
-1345 2914
1600 -6757
6638 3265
5164 9344
6537 -3831
4360 2713
5657 6977
7895 1206
9338 1915
-6950 -3611
-2486 1052
9798 613
-260 2104
-3363 -1727
9961 -3773
9141 961
4204 -1385
-4400 4461
3805 841
-9270 -5516
-9082 4062
1038 5090
17 6575
2211 -1068
5322 3075
-2152 8982
-406 -3444
8660 -2355
5918 9334
-719 -4704
6257 9599
1934 2142
-3397 4181
-1258 7535
-7982 -5872
8190 -528
-1718 -7064
-6768 -772
8160 -7981
5095 5443
8145 7202
-6243 -3337
4308 -2261
793 -3863
5154 3947
7266 -9926
2216 5131
-689 -800
-3266 8819
-3333 8053
1245 2473
9131 -5143
4085 -6752
-4733 -3917
-4754 5965
6888 -5918
4466 -6610
4850 -9356
-3218 -1226
-3559 -4357
-562 -4344
-9213 -6294
2906 -4626
-2086 98
-1849 -6640
9555 4581
-6842 -6884
-3636 -7595
-1512 7243
6929 5353
9435 3734
-9156 3816
8181 3901
-3605 5695
-4942 -1317
4340 6557
-9738 4496
-6410 5127
-4776 6890
-6030 5225
3527 7096
-6067 -2755
-350 6685
3928 297
-630 8138
5592 4577
2113 -1195
-3574 6437
2131 4014
-7303 6542
3098 -9091
9126 -9243
9605 7081
7691 -7285
7941 -5172
-4355 -4618
2627 1467
1872 3299
-6405 -7723
-5865 -4201
-5904 2966
-4509 -6552
-6395 9930
3944 5638
2179 9457
-9635 -9639
-8882 -1003
-202 9491
-7795 -9278
-729 1210
6592 -6134
9054 8637
1935 -782
5216 926
-9555 9252
5938 9352
-3480 -1737
-1808 -8572
-9214 125
-419 -7865
-3783 6686
-597 -54
3157 -2665
-1943 9201
410 9083
-3330 -8951
9686 722
9941 -4277
-9631 5342
4593 8877
8228 -5464
6520 530
5679 -1532
8593 -5289
568 -9815
6871 1894
-4440 6785
-2159 -3727
-806 8717
7800 9619
-9333 -6675
4047 -5531
3913 -5926
9416 7708
6585 8004
-7461 7729
-1742 8533
-2999 -7221
1211 -2343
-2158 -686
-8792 -4501
-3995 -1567
8427 489
-794 3846
3464 -2380
4666 -2995
5195 7853
-4353 2434
3862 -893
-2890 -4938
-7210 446
2700 3370
9870 4769
-3854 -6579
6456 1081
6580 3988
-3859 -8616
1874 -7416
-9850 -5433
5908 -8921
1805 3615
5188 574
-6993 -3001
6106 -9166
-383 -9411
1036 -3063
-5973 6128
4617 -2544
4598 -6103
4978 -9238
8471 1053
2438 5278
7863 -5389
-822 -5689
-889 8013
5348 -4915
9380 -9085
-2086 4256
8811 -3893
-3303 -2260
8398 -1573
-1725 -8547
-1091 -7575
-3678 -7109
-2626 -2773
8280 -4980
-9703 -4156
455 4438
-7531 -8120
-6386 -6647
2160 1580
2495 8962
6939 1539
7647 -5871
5591 5749
-2103 -5657
-4204 3988
6413 9893
-7216 8426
-4348 -3545
5196 3879
9724 -6069
8370 9215
-8906 3899
-9027 -9162
6140 -5292
-2609 3133
-5329 -1366
6485 -1950
-6202 -7683
-3340 2075
-3938 5416
5309 6177
4602 -3804
2651 -8187
5692 -9747
-2094 1568
782 5415
3035 -3725
834 5597
-5974 4008
-2860 -3027
9329 1417
-6813 5532
7850 5813
-2113 -3015
-3878 -1770
-5593 7670
-6135 -8570
-6757 -7271
-7017 -9763
1805 -7345
8071 889
-9116 -3693
-8097 4826
-1167 5439
-7588 -4071
-8934 9694
5225 -4539
-8727 -2026
8681 6795
-1254 2881
4271 -5198
-47 6874
9603 8137
-7906 3196
9572 -7415
7195 7620
-6074 7642
6188 -8201
7239 -450
9201 -1259
2155 9651
-1168 -6013
1962 1101
-2105 3826
-3294 642
5444 -9639
7235 -5303
-7167 -4604
-7688 6838
-6857 -5073
-3733 -8117
-6754 -5941
-4142 193
-6536 -6846
1896 -6904
-3533 -7336
-3349 -5950
5151 5299
-876 8613
2975 -3233
-2872 9551
-5752 -1582
7535 -5637
-5079 802
9451 -6433
-828 1785
5844 -4283
5911 2418
5572 -8298
-5202 -6905
-4241 1188
8960 4987
285 6131
8465 4110
-5403 9410
-7320 1439
9858 1726
9810 -3072
-8549 -8888
-5320 -1549
-9765 -9099
-3382 3852
-10 9801
-8498 -3751
-656 -718
-9530 21
-4993 8824
4955 -6850
7260 5293
8423 3419
-5143 -4422
-8976 -5177
5473 -1565
3269 -9167
3005 6924
7825 -8331
5521 6961
6761 -1837
8134 -769
-7767 -8017
2005 1198
22 -7297
-4147 -9268
6025 -1303
-7885 -3166
2412 8168
-3288 693
-7151 3436
7990 -7816
9108 6118
7787 4715
1675 -9348
2536 7028
-3742 -1564
419 669
-8133 -1509
4916 -3856
-3123 5610
-5694 -5511
5044 -3378
-1489 142
-5445 1176
-1668 5223
7407 -2596
-6479 42
-5244 -9766
-9114 -4972
-7945 -9848
2309 3422
-2188 2034
-9475 -3552
2593 3400
-991 9162
-2629 -6810
-188 7036
898 -7585
7312 -7957
7266 5453
-7143 -4356
5686 4672
8627 99
5128 -5837
-5685 9513
6656 -9097
2938 6624
-3208 -5533
7867 3463
6345 9385
-3705 596
1352 -6285
-149 6108
8151 -7751
-8578 -2837
2807 9138
7530 -2000
8100 2213
6376 6157
5669 6948
7851 -5589
-5245 6045
-9489 788
-2029 1548
4653 -7902
2694 -5685
1752 -9052
-9224 -2234
15 -4677
2486 -7353
-8216 1438
9438 -987
-8774 9315
5471 -8743
-8075 -8678
-545 4860
905 9777
4285 4210
-522 5137
7236 -7744
292 -5869
-1200 3650
-4863 -4236
1088 -424
5944 5152
310 -6427
6308 7729
-9237 3469
8447 -8746
-7424 6234
4814 -9628
-9852 5752
3683 -561
-5424 4433
-9591 -6840
1012 -4468
-7098 702
6466 -6468
3108 -1961
-3088 1274
4848 2773
501 7222
4411 4876
6130 1264
1218 2858
3230 -7574
8179 -248
9192 7099
1531 1861
8742 -2512
6741 5662
-3637 -246
3286 9643
1403 -3451
7824 115
-7113 8315
9257 6392
1267 7109
2093 3668
246 -2604
3543 -6690
6783 -6525
-9427 1721
-6419 5974
-2818 5825
1486 -3956
5798 -6078
-6435 -8431
1840 2804
-3361 4968
7003 3384
-225 3247
355 6259
-74 -5238
5879 -7553
-522 -6108
-2633 -579
-5137 -3739
-4045 1661
1207 2165
8209 3138
7060 -3587
1704 7727
4252 -5655
-6967 -6457
6927 -9110
4138 -9965
6295 422
8905 -1787
661 -59
3834 4783
-2076 -6141
120 -5079
-9697 2787
-5048 9797
2934 1510
-8357 -3119
-5392 3714
8060 3347
6890 8860
9750 -8908
-8872 7537
-2042 7608
-4179 7423
1084 -3138
-4635 -9798
-5939 -5083
3560 3290
-203 7903
7699 3863
-907 8470
-4649 632
-5655 736
-2196 -41
-1182 -3875
-2782 -1586
-4049 2288
3617 2067
3210 3909
-5508 9438
-6640 -5707
2932 -143
-3133 -2579
-4677 -3509
-9647 -9615
8855 -3258
7374 3167
-2377 -5795
4164 -4560
1565 5427
-6159 -3298
-7289 -7497
4570 -208
-2579 6328
9486 -2221
2073 5634
-788 -7155
3987 -4996
5216 9800
-9816 -6969
-227 9290
2456 9040
-6756 868
6308 -9922
9227 -8871
1552 1593
7818 -6933
6580 4263
590 2387
-6113 -2279
-2924 3796
6641 9681
-1595 6288
6087 4349
7380 -6380
-7091 6272
9032 -2848
8020 9086
9164 -4004
-2875 8048
3362 8390
-4823 -7602
6661 1179
-2714 -4523
6920 972
-5233 1173
853 -6005
-9718 -4871
9478 9258
-3402 -9911
-9919 6857
-2271 -493
-1408 9113
-4891 -530
1238 1477
3587 5955
8353 -5401
9499 8765
-2038 8735
-294 -3215
-8322 -5119
-1124 8194
-2957 6253
5510 2879
2969 -3480
-2903 -4171
5336 3050
5884 8548
-1983 -2351
9126 -5287
-5612 -7025
1296 6433
8918 -3538
-4804 794
-8701 -3120
1761 8623
-9464 -3301
-7049 -5642
7237 -2420
7821 -7819
-1990 3926
697 -5082
-2814 -2933
4716 -3420
5014 5203
-8102 7562
3994 9402
-4137 3194
-6012 6633
-6488 4780
7123 -992
5707 8994
-6649 7660
-1040 -7622
-5440 -5691
8235 -3220
5419 6291
-6643 -1069
9232 -7396
-8473 -8207
9355 4245
3647 -6574
6620 7070
3702 -6770
8011 -5672
3337 -9066
9928 5133
6513 2764
5143 -3000
1309 -4528
2253 -6577
9714 -457
8475 1392
3997 -3208
-1415 -8574
5672 5524
-7330 1661
2451 3039
6269 9291
-6382 -127
807 8000
6854 -9325
7161 4455
-8546 7087
-7441 6024
9447 2763
-3973 8533
-76 -7120
-328 -1778
-352 -6080
-6835 -8022
3639 -4681
8358 -4165
-4875 -190
9683 8348
-9933 2465
6861 489
-5057 6921
4008 7742
3765 119
-7119 -9713
8820 6932
-6467 -1092
7130 -1257
6385 6926
8904 -3222
5818 9550
-4616 6263
-3928 4176
6244 4231
416 -4246
9964 6311
3232 997
-1261 -1372
8747 960
1247 -7497
-6844 -8373
4257 66
-7471 -3311
-2665 1386
-8116 8914
8463 -3761
-3778 7703
5599 -2432
-4481 2295
-8231 1842
1873 5935
-3069 -4546
4082 -4896
9785 9391
-4385 2828
8176 1031
-5183 -1229
9181 2432
-2461 1068
-19 -3485
6475 3144
4567 2165
-6547 -7303
8713 165
-4273 -1028
-1373 -5798
-344 7601
-3575 9279
8670 -6263
-9715 -3790
-9039 -5716
6776 8462
4614 -500
-9433 5956
-3809 -7848
9018 4269
-3567 -7334
-916 3584
-6251 -114
-7422 -2204
1998 3197
797 1205
4205 -4625
-888 -9057
-2847 2874
-9122 -602
-2141 1835
-8666 -8626
7330 -3807
-1654 -4378
9892 -2759
3628 -2637
-5333 -3676
9932 -7289
4228 -1584
-4666 -3770
7436 -53
5322 9852
-9206 5361
-1766 -1846
7552 1668
-6497 2833
4207 -869
5325 -1442
4181 5257
-7503 -2609
8475 4072
-5884 6126
-7443 -6859
5279 -5953
278 6786
453 -5667
-5816 1434
-3206 -505
7649 -5021
-9633 8749
5302 8922
1773 -6130
6150 -492
-1515 -2903
8209 4051
-1878 982
828 -9597
-2734 5959
-6273 7107
7613 -7456
-3123 4005
-841 -1935
7560 4782
9761 9674
-7858 8929
7850 -6151
-2281 7444
672 -377
-9560 -2411
-8361 9157
3859 -7630
-7227 3482
-559 -5313
-4486 39
6304 3168
893 -6874
1191 -3099
-8317 -6228
-6555 2471
1399 -4836
-987 -692
-3249 -751
-7408 -9547
1763 -8857
-9701 -6968
-4598 3403
-3116 4158
-7435 -1824
-8065 -9955
3213 -1921
1205 -8040
-1139 -2174
1598 -3884
-7693 4265
-6850 8764
-1929 7428
-3324 2163
6337 8543
9686 2989
6021 -1900
-4777 9985
7864 -4856
7041 5828
5874 -9572
2229 8976
-9065 2807
-9367 -2846
6992 3518
1503 5952
4716 9299
6726 4653
-3184 -7214
-4950 -2878
-9890 -3127
4973 -5265
-1559 9853
-5004 -9805
6024 -3696
453 -7964
-5268 5618
-1576 -3598
3557 -611
-7094 2778
-1270 4269
7288 4409
-938 -6555
-48 7735
-5144 9599
192 5002
-6542 -1312
2261 -1114
-919 1899
8203 7257
-6987 -1175
-1837 2376
8779 -2255
7134 6588
3086 6056
324 -6240
8170 -8185
-1019 -2389
-4655 952
4271 -7346
7656 3923
-3669 -5538
3348 -8887
6733 8592
9569 -3850
8696 4935
-2689 -7419
4047 580
888 -190
-4135 1181
8662 -6027
-4211 6189
-2480 -9449
5224 8491
-8856 2866
509 -506
7678 -7479
-2645 6840
5431 4746
-5384 -5912
-7257 8720
-4979 -2967
7613 54
-6416 9068
3969 -1500
2473 -551
-4363 2631
3182 -8018
-9527 3158
-256 -1594
-8380 -4662
-2141 -9748
7092 -6982
-8515 5215
-6977 6243
4962 -3899
3134 -4234
9542 9983
-7230 4467
-7034 -6875
2575 6740
3091 9161
-8858 8212
5090 -3728
8399 -4664
675 -5167
-1194 -6260
479 8534
7469 -4103
-4140 1964
8066 -9509
-3742 -9179
-5476 4920
-613 -4201
-1076 -2705
-5966 2353
5234 -4781
-6569 -9155
-2883 6377
-8288 -7759
796 -763
6698 6108
8363 9602
-780 -2824
9141 5831
-9957 5080
9623 -9074
9567 -3699
5821 -5854
5162 -1047
-4973 -1535
3685 -7084
-6239 -9740
-9643 -9164
-3202 4600
-6164 -7930
-8102 7594
-9084 -5746
5151 -9740
6092 136
-1064 8012
8938 9856
-123 -1442
6426 8505
1178 -4303
7883 1587
4504 9926
-9814 1567
6124 8265
2864 -9457
-3666 -7078
-5764 -9580
-5326 -1767
2214 -1127
9009 -6454
-8443 -1695
-1840 1666
-9777 -5784
-3559 8037
-2546 6649
1957 7619
7545 -942
-5655 -3540
-1555 -8549
-4285 -9531
-2888 -8691
-4550 5771
-5997 5069
-6058 3846
7392 6217
-1757 -3329
8337 8949
-6836 -9877
-8119 -7719
-7350 3326
945 3056
-7887 4607
-5213 2210
7382 -3541
649 3233
4542 -6904
8867 7761
2829 9992
3837 -3410
-3472 6771
-6558 4949
3898 8492
-7665 -4501
-2220 -9218
4109 -5784
-9007 431
-4963 -1226
-5296 -6894
-435 -175
-6943 -7915
-4819 -9787
-8306 -8681
-4969 -2231
4359 4524
5015 -7411
7538 -5393
-6902 -7823
1398 5156
9660 -4566
3371 9178
-392 7489
-3738 4364
7471 8367
1912 4687
6772 756
4691 8690
-6271 -4327
3442 6385
4629 -1240
5070 1522
9850 3365
9263 6329
1484 -7052
2103 660
-162 4864
2352 -4527
-6442 -6834
-4747 -7666
7021 -5251
5505 7165
5854 7513
-6814 3916
4022 9583
2064 -9652
5591 -1350
-4265 -2867
-2818 5441
-7891 -5002
9379 8667
7251 4212
-6595 -784
6104 -397
1937 -3037
5433 -8644
-7758 2679
3912 4659
-1426 -8184
-8601 -9182
-8833 -7405
4967 7184
-1963 -9522
5919 -9299
-580 5220
7607 -8252
5960 -1201
-8265 4857
-5541 -6914
3770 7839
-7084 -9883
6517 -797
-6139 -1121
695 428
1247 6156
8752 2094
2998 6135
6613 7439
8140 -8965
6255 6253
8001 -2440
6359 7582
2438 7682
-5512 8094
9654 -9382
-5544 8258
1181 -3710
5169 -9028
5121 5042
4919 -4137
-8322 88
-3778 7391
4829 4676
9432 -3444
-3471 2968
-5752 9407
6988 -5471
-4069 -5673
-3858 -574
3765 419
2398 -4205
5806 8221
-7087 -6422
-7659 974
-9443 8034
-1878 7260
4650 -7765
-9368 8065
-5380 3199
-3834 -6216
-6809 1149
9400 4136
8463 -9822
3325 -949
-6809 -5396
4120 -2911
-970 5589
9167 -75
-9102 1943
3698 -4772
-3792 -4823
-2588 -8181
9884 -5422
7777 1765
5550 -1775
-6906 -2336
-8201 -7539
-3640 -3786
5266 -9739
-1413 9686
495 8457
4045 -7294
2632 9526
5189 6932
-4119 7251
-7573 -1114
4426 2089
-9612 3561
-954 8031
-3745 8165
-4172 -5405
777 3070
9285 1348
5331 7138
6823 4550
6727 -6083
344 1038
4284 4492
5144 -7025
-6053 -527
-7921 -8976
6835 -3626
-6345 6506
4536 7223
9108 2702
-8983 -5489
7581 -5064
-9996 1795
-1068 -9415
5135 5335
-7028 -525
-9488 5582
73 3317
6292 8518
1711 -4783
-3759 -6041
4055 3790
4016 -3204
-5982 7710
411 2272
6783 -3153
1783 5150
-3056 8085
8670 5508
843 9597
-929 7526
3107 3815
-2869 3304
1821 -6820
2118 -2856
4824 -2748
-8958 -7921
-1124 -1122
-3412 5058
-2670 6615
-6539 -9281
5869 -2167
-362 8965
4473 -3467
-3871 2029
-446 -964
-7150 8921
2225 -3619
3282 3703
-5433 -2234
5019 -4601
-2521 9391
-1731 9782
8560 -9925
6690 4857
9297 -390
7444 -6128
-7164 5166
-8302 802
-7170 -8971
65 1549
469 6105
-7514 2916
339 -3586
4181 9489
-1391 4906
4296 2920
6422 6088
9884 -3715
-5138 4981
-5409 6573
-5835 -5841
-6955 -4245
6557 723
1752 -5257
-9988 9388
5492 -8183
8454 482
6896 -8302
-8813 -1208
-2582 4797
-2284 -204
-396 -4566
1720 -2142
-7161 -513
-220 6582
-5539 1151
6906 7667
-1611 -2494
5971 7183
-9710 -9860
-4322 5983
-3536 9504
-8799 -5869
6644 -2919
-8123 -3891
9626 -2218
3217 3315
-8828 2950
-3843 -1343
-1041 -5989
8883 5938
7325 3421
-5353 9509
6692 -4287
-426 -9383
-9679 6982
6485 5253
-6896 -3215
3866 -8593
-2484 9749
1251 5744
-942 863
-6188 -1812
6845 3951
-8317 -30
-372 -475
-3334 -9435
-9926 -3048
6386 1313
5652 6766
7468 -4041
-8789 5973
-7243 7674
9081 -5684
-2215 -9656
9809 317
-8821 9036
-2776 2587
-3463 -5008
8683 -2211
7314 -1780
-1214 -1690
8983 -6021
9014 2581
3067 5368
-4953 4665
4358 534
-1793 -3741
4296 -9165
-8821 1008
-8675 -7920
-8885 -5292
7295 -3775
4938 2060
9850 -6168
5773 3620
-4350 -9117
-5137 -1721
-9141 -1647
-2559 -2403
-4018 3926
-1819 2489
8748 -9661
-8826 6388
1117 3043
8844 -7646
-2938 2442
-7613 9959
5740 -1922
5631 7326
945 5589
6472 1403
-6597 -9684
-1331 -4945
6373 -5738
-8091 6111
-1401 -7646
-7307 90
198 1067
-2170 -6132
-57 -8686
7477 -3327
352 7005
-1197 9865
7190 -3909
-4600 -5567
9558 1855
2171 -4407
648 -7040
943 -9160
-9329 -2979
3096 2852
-7059 2991
-5943 5790
9658 3140
4454 5608
-7720 -400
325 1931
5516 2632
-7556 9129
-2718 2705
-5441 -2156
3437 -3161
-201 6731
-8709 -2194
8548 -9258
7315 -4317
8674 1643
1153 -9744
7117 -3549
-7942 810
-5870 1570
-2779 -1941
-5589 4456
7305 -7264
9162 -3145
8421 -5414
5147 -6279
-5828 5578
-2896 -1334
3129 -816
4867 -628
-5264 444
4421 7261
-2568 5889
-3301 1537
-3173 -510
-8731 4550
2726 4049
-9495 -4320
6257 30
8338 -6612
-2891 8398
3975 7205
-4130 5002
-5815 -5200
