2000
-1728 -2893
-7822 -1929
2564 -4824
-3445 9410
9942 6191
6910 7562
2776 -2765
8007 4061
3598 7008
6423 5669
7567 139
-7709 -5304
-1141 -5462
-753 5140
-733 -5271
1836 -4326
3746 7539
-7285 4014
7144 30
-59 2991
4273 7085
-1959 -3150
-9090 -2952
-2223 -3953
-4564 8230
-1632 -5801
2616 -6997
1262 4380
3240 -8526
-76 -9492
-3817 -3773
-6234 -4520
-6786 -6351
3679 202
-6808 -9643
7443 -2659
4191 7465
-1767 -796
8972 8823
7052 6010
-6071 -5593
1131 -860
-6481 6545
-8261 -7608
-7099 -9521
-3294 1663
-9137 2805
6454 4193
-1885 -5923
-5565 3853
-8807 5028
6213 -4402
4802 9106
-8352 -5554
-5824 3773
8180 8700
1560 1827
-1629 3032
5424 8800
9279 3832
-785 8325
4850 -295
-2381 79
4156 1303
-4844 5734
762 8591
-2091 70
2896 -3026
5141 -7290
-9797 4544
3243 -6962
4865 -7896
5136 -1477
-2678 -3044
-9213 559
2605 321
-9974 3
-9919 -2546
-7522 -2355
-6622 4237
6549 -2366
-8576 7861
-1444 -5543
889 4321
-1136 -2583
455 1092
3196 -4172
4351 -4681
2276 -1669
-7389 -4606
5715 3063
-3214 5216
-3610 5741
-2894 -3133
-5175 -1132
-9778 4206
2066 -8627
-449 -8353
9689 -5658
1760 -9561
1532 2273
8101 -7786
1255 -1552
-9500 6173
-8434 -6470
-9687 -6889
-7953 7281
6743 -2900
7688 -1563
7306 -6152
8054 -7488
-2394 -8752
-3384 120
8183 -9122
-8683 -3696
8578 -58
2157 6570
-1261 -9602
6571 -2868
662 -761
2350 -8143
9139 4696
-4484 4397
-3446 5881
9729 -3075
3158 -2420
-1171 -8497
5344 -5515
-4637 9166
-4530 3526
-6532 401
692 -2232
1887 9346
-3523 9431
-1331 2179
4036 -9141
9276 -5261
-7144 6895
6496 -5208
1717 -590
6991 6225
-8552 -1405
3080 -460
-1295 6792
317 8443
-1156 7896
-616 3785
6851 -6744
-7314 -8729
7171 -6673
-2093 5076
9815 1206
-1899 -2817
5696 -7330
2080 -5404
-5459 -2588
9728 2791
-7670 -4011
-3499 2808
1250 1036
-1069 6819
4324 -6186
-2930 8316
-6693 1175
8223 3477
-1448 -9523
5404 -3870
7034 -1634
4757 -2775
5543 2729
-6139 558
-6652 -9917
-206 -6412
6396 -4321
-9565 -9985
6834 1367
8902 -634
1402 4879
-226 -307
-6831 4709
8907 1717
-8433 5443
-2471 4311
-8465 8601
1329 -7714
2844 7078
-9118 5190
8779 6192
-4409 4397
4412 8895
3982 -3974
9114 4967
3566 6605
-3703 515
-1055 -6661
5056 3187
-1371 1572
-4118 -9656
8945 9880
-7835 1139
1937 274
-816 8730
8642 2819
936 1683
4299 -5767
3980 -931
-2244 -1720
-5116 3093
-2671 -8679
-1619 4902
-1911 9995
1566 -2843
-2499 -9562
-9683 -8831
2308 -3554
-9560 -3797
-5068 -5756
-9216 -376
-4972 -2705
1528 5441
-5491 9327
-2394 -772
-3958 5986
-8973 6212
1113 3371
7086 -592
6566 -7078
-6639 -1349
-180 -5934
4233 -2601
3603 -4152
3814 4673
-1982 -7745
-450 4598
3759 3046
6093 -5202
4027 -8011
7975 -6302
-6370 -9932
7160 9003
2131 4744
-8614 7966
-3384 -1304
6484 -5253
2147 -9843
-274 4437
2831 -530
1725 -6461
-8143 -9152
7615 -8725
-3927 5617
-8674 3707
-8875 -6180
-2391 9301
-7977 -5244
-6780 -1511
-3546 4155
-3429 -5394
3075 6792
-9331 -6946
-8788 -4779
8412 395
7656 4043
4891 136
5132 9513
8850 6226
-68 -8795
-1254 -9825
-6803 4778
9534 6356
-5156 -4780
-6905 -3526
1081 5020
1811 -333
6442 -5845
3097 2480
-3405 7654
5417 1508
-4636 -5750
-6237 4028
253 -9504
-8299 -3667
230 -6095
8684 4168
523 3427
-7633 -8063
-1588 9089
7829 -4537
8851 -6787
1089 -361
-4161 9013
-9613 -5815
9414 2434
6685 5804
-168 -5223
-4727 -5832
4222 -6195
-2289 695
-5137 -5549
7878 115
5773 9107
-8085 -6034
3150 -2095
1118 9744
3103 2000
4733 -4073
112 8942
5097 5120
4645 3246
8024 5502
9670 -5524
2002 -2983
7713 7612
-7937 -6567
7269 -3704
-4598 -6339
-2373 3042
-5333 1039
782 -9224
2776 9507
-4567 -2394
-3453 -2491
-3651 5546
-1209 -4636
-9135 -9007
-810 535
7553 -5745
-8133 -8808
-5375 8986
-4719 -6070
-2409 -8106
8657 4404
-4558 8940
9716 -6677
-7171 9946
-2449 6213
-2558 -1737
-2471 7819
-6817 3791
4785 -9960
576 -2231
2025 -2305
-1113 1849
834 7613
-4737 3513
9128 6115
4239 6575
5514 7784
-8894 -6598
-2932 5230
1442 -6064
2199 8340
9879 8884
6395 -6552
-6512 -6939
4552 4900
-7405 4064
-367 297
-2091 1482
-1285 -9534
-9699 3172
-254 -2158
-654 4541
-8337 -4740
-5790 453
8110 -1269
-2930 5652
8256 4029
7477 -3052
3731 4650
3271 -9036
8750 -1718
8579 5866
1068 -1618
2570 208
-6621 9784
1346 2871
1132 3125
-7895 -5587
8587 2795
-8475 -3685
-4313 6696
4445 2316
9265 -2337
-3966 1921
6606 6716
-5003 9305
5170 5355
-2542 -2704
7504 -3763
-259 -9973
6619 -5397
-8552 -5192
-779 -2249
-9455 -6446
3590 -2193
-1777 -4208
8108 9278
-3060 -7333
8309 7372
7808 2974
2278 4914
3990 -3475
3821 1168
-8874 -8553
-4805 5045
9648 4588
9396 -8187
-436 -8904
-1629 2337
-6136 3831
9623 -8040
-5042 2087
8475 7730
8823 1899
-1407 6783
1697 6630
-6845 -5408
9481 -593
4575 -9304
9463 -9394
5195 9770
-4697 -7170
-2353 8311
4369 8589
2419 6018
7979 8233
320 5762
7212 -7064
8556 2515
-702 9755
-9895 870
5462 -5285
4122 -6740
-2323 4942
9270 -1304
-1535 860
3691 4464
6495 7489
6077 -8663
7356 863
-904 2216
-2023 9055
-4289 -6864
5651 -1090
-1336 -2012
8858 -5052
-337 -1231
5750 4319
2981 -2495
6201 -2852
8008 2250
434 -1614
-4125 1698
6757 -3071
-8488 -4328
7889 7833
6887 608
7465 -414
8496 -3682
4306 3116
-8216 -2840
5929 6884
1202 5169
-7327 5400
-7453 -2096
-9847 -7405
981 -9446
5974 588
-8763 6856
-3751 2730
562 -7251
7079 -5863
3723 1169
7487 4543
1379 2219
-6901 5514
2397 6885
5774 -7252
8148 -2680
5224 8447
-5238 -9306
-8751 5377
-4036 5744
6320 7223
-48 922
3672 -7432
426 -5766
5403 750
-4708 -5851
-9912 2889
-1598 -9608
7277 -6813
-344 -5480
1840 3050
5217 -2196
-1502 -2937
-7561 9980
9444 3468
4411 2125
-3233 5763
-7948 -1917
2317 -9562
1188 2478
-9653 -2281
-5671 -9799
-5686 -5844
1064 6452
-9029 -8410
4640 -9280
-1476 2811
-6406 3577
3556 -9258
4211 -245
-4400 2999
2483 2342
-9575 2367
2806 8256
4454 6463
-5818 -2286
1636 4802
-7322 2232
-1317 5950
-8740 3743
4463 -345
-3814 5900
3198 -3293
-2551 -219
9536 -3247
-6527 -4620
7723 -4865
7502 9677
-8348 -8132
8331 4028
-4537 6106
4628 -3767
8465 7099
6770 7307
1049 -2852
-9477 8030
7651 -768
5939 -3291
-9790 848
-8679 -6613
2489 -6534
-1399 -1485
-1809 3932
5800 -176
-2428 3564
-330 7851
-2195 3035
3855 -5703
-4676 -3731
7138 624
2374 6373
-4396 7661
-1909 24
-5408 -4737
2372 -1699
1768 -4086
4429 -5140
-7488 -5911
7634 -3659
9905 8312
9883 -4794
-8039 -426
7593 -2313
7678 9537
160 -7084
-6990 4815
6197 -3745
6279 2335
7599 -5713
6309 -9129
506 -30
8551 -1924
5887 -5066
4996 -8938
-6906 3520
-7554 8622
1916 -3303
8106 -1871
-2335 -492
6146 5783
4318 -8454
-2199 9156
1490 514
8522 -2200
2392 2809
-3501 4831
-3373 -7103
1553 -1230
3553 -7487
9755 -3452
-1110 6647
-2935 -7800
4050 -9194
314 -4830
-9048 -8285
-6739 180
-665 8991
-495 1062
-7418 -5454
-8925 -1974
-3423 4975
7872 -2425
-9935 3205
9439 3145
-6586 3619
265 9193
-4886 2304
3110 -8950
-3780 9164
-9122 -6576
7325 893
-116 -2140
-7358 -3340
4927 -6891
1135 -4775
-9801 6002
-2703 -8567
4638 -8209
4937 -2637
-9019 4076
6990 8351
654 4967
6018 -7897
-8734 -6236
909 -4042
6852 -4134
3726 -1767
8614 -3265
-156 6369
-8407 3540
3263 -5301
-147 -8208
-6417 -5720
1643 -5510
-7713 -7760
-9410 6345
1312 9277
-8621 4966
8730 1050
7008 -3634
2232 3359
-4688 3859
-5686 -4042
-7674 -2353
-5093 7879
-3701 -2360
-568 8170
-7550 6152
-5637 6736
-7303 7814
4159 -3350
-353 -6713
8253 -4530
-9760 4747
-8888 -9298
7782 7248
4828 7066
-6977 -3185
4462 -7138
-5538 -930
6710 9369
7539 4482
4354 -138
318 -6291
-8478 8717
-913 3015
-9977 9402
-5129 8734
7201 -8004
-3580 -1168
-3920 8314
9100 -5799
1016 -5372
-2510 -7878
4913 -802
-1433 5673
154 5343
-4796 -174
7256 -5492
-3055 9243
5979 8778
-8100 6033
8487 6002
7998 -3229
5604 5688
7722 -1862
2340 -4596
32 6821
-7337 -2924
6275 -8758
-9364 7576
6639 -1438
8388 790
9019 -4437
-5195 9364
-8139 -4036
-8004 -5496
-9495 -6239
533 -5797
-6389 -7776
362 -143
8982 -8668
-8127 -3578
7220 2734
7697 -1743
-4168 3494
-4224 8333
2844 -3809
1754 -2116
-2753 1862
7826 6560
-8937 -892
2870 -6458
1467 -4710
1235 -2877
-9300 5078
-9869 -4683
1740 -6598
6136 -4275
3983 -1041
-3827 7553
5886 9815
-273 5670
-6447 -1271
-5689 -8520
-8240 800
-6372 -7863
-600 -3455
1835 6498
-2659 -9134
9666 -3210
2107 -1959
1443 9797
-4479 -6154
6526 1299
2573 9504
-6961 -3581
-7912 -1542
-9093 2766
4246 -4359
-9839 -1061
1076 6007
-3728 -6210
-5992 -5803
-4937 8107
-1383 1350
-6889 -1551
-1755 -9277
-1709 8276
3295 7488
6991 -5184
1236 -4133
8046 -6250
6516 3324
8966 -7327
1613 4483
4210 -7153
-3363 -3591
606 -9519
8588 646
-4284 9391
-2161 -2796
1648 -1173
823 9806
7293 9939
-5245 -5882
-15 4283
8034 5991
3035 -1969
704 8270
2752 5721
8569 -7684
2447 -3039
-2558 -1074
-6708 -6948
-3837 -250
-9326 -992
-8444 7724
7529 2323
2261 2379
6497 4821
2824 -9264
-9553 -3518
8234 4578
6569 3483
2924 2658
8696 -680
-9998 1492
-5861 1142
7915 -2556
-9085 -2569
6440 -5922
-4478 -8411
7633 -8284
4095 -6950
-8409 -106
630 592
-9206 8136
6435 1078
-1719 -7252
5406 3003
-3957 -8796
6418 4101
-4758 -3955
7211 -9444
-2013 -6843
956 8126
-6565 -1853
-137 6478
-6752 -8932
4683 -2321
8271 -1440
-3305 -967
-6169 -7215
-4467 -3150
9853 2112
7038 -9062
8761 -4104
5662 3455
7732 -5998
880 6593
8439 -561
7587 -4444
-4246 -8126
-3337 1170
8849 -998
7562 -8655
378 -9161
-6376 -2022
4828 4210
42 2878
7538 8402
-1982 -2921
-5746 6298
-5980 -6321
-6007 -8015
1425 8622
-5823 -7569
-5695 2732
-6099 3653
-7346 4689
6034 -7250
-6411 -6063
1915 133
-5658 935
-2467 463
-1136 8105
-4816 -4930
-4912 6882
-5718 -562
5145 2830
5172 -1725
706 290
-6979 -6931
6722 8733
3421 -3078
3393 -6903
-2966 3176
-6692 -9297
5359 -7331
3132 1371
-525 -7109
1683 -4283
-3681 8380
1539 -9509
7042 601
-7404 -3317
6973 2213
5283 7024
5756 -6286
636 2004
8822 2897
-3928 -2250
-1547 -4145
-1476 3101
-5529 -6189
-3298 -4623
4815 7668
6047 -7895
-7403 -8867
5456 -2415
7989 9639
1852 8052
5075 8682
-7605 855
-3421 4551
1169 6753
-5498 -4599
1256 7241
4063 2955
-9514 -6499
2599 8534
9922 -2812
-706 -2587
-1454 5969
-2726 5612
5250 -2278
-4226 -4737
-2335 822
-4603 -5431
-7159 61
-3187 1977
7378 4010
1250 1315
-2010 2354
9576 -967
-2433 -1524
9385 2174
-6693 1209
-2823 2399
-1990 5575
-6704 8173
-6565 -3019
-8477 -930
7361 1100
-5119 -3079
8898 -9799
4211 1694
-3271 9996
6070 -819
8215 8440
-3085 5646
1540 -498
-9290 21
-7581 4848
422 1609
-219 4151
-8869 7439
230 3216
-1964 -7346
-425 -2410
-2209 2918
-1668 2193
2188 -7999
4903 8783
7222 -1742
-2376 3117
-7382 -2142
-8401 9164
7732 -2950
8659 -5982
-8111 1874
-687 -1561
-4625 -6980
-604 9543
853 3411
49 -7309
8606 8644
-5635 -7898
-5395 793
-7229 9268
6106 -4453
7126 4116
7001 -7556
-506 8725
-3536 4732
327 -1848
6591 -1647
5095 9640
-7098 -8035
9098 -5510
902 3755
6119 2867
8690 -493
-5979 -5796
-6529 -6706
-1158 513
-5371 -6703
-4258 -4033
-1587 -8371
-9919 5236
-6612 4877
-6771 408
47 -6301
-614 -7956
-3466 6670
4145 -1517
-4930 -8843
664 263
4467 -6240
-2946 8406
-1081 -8341
-5044 9617
-695 3548
8898 698
-345 7718
6315 8979
-613 6764
-9538 -6736
-4691 -6846
-6455 -152
-7949 5564
6721 7690
-2047 843
4603 -2615
-4210 -3860
-2201 -4623
-1285 8430
5698 6477
-2826 8020
9458 4595
7295 6829
7313 9493
-7244 -3319
3556 7776
1344 1786
-2650 7101
4791 7117
-2041 -5930
5176 -3536
2604 -3718
5380 -5313
-6884 -5876
-9400 -5906
-4166 8815
7130 -2226
-1676 -988
-1496 4424
-8896 -4364
-2868 4982
-3233 8382
5482 -7803
9314 4117
-8092 3993
-9544 -2728
7275 7084
-8230 3061
-9095 2654
6749 -1392
1143 -8495
3000 -3697
5316 -1728
-7304 -8677
681 -2460
-7479 -2479
-4098 -8467
-6270 3010
-2874 -4895
9098 -6957
4036 2755
-161 -6725
6336 5031
-2315 5330
-2342 7241
-7534 -1846
4457 8801
-2927 5466
-9490 3493
-8967 -231
-8990 4912
6445 -2725
-9716 -3087
5739 -9825
-3061 1132
-2393 4836
8111 -5304
9727 -8834
6497 8167
9128 1132
9286 -2125
-3324 -8407
7060 7464
4677 7470
959 7570
6202 5710
-3294 1969
8882 2646
6542 711
-4437 4620
3177 -6519
1898 3171
4337 5008
3175 1624
-7244 4554
-3850 6023
7617 -4238
-6775 2826
4016 8397
9687 7903
7333 -5026
6943 5888
-1467 -2241
-7809 9546
7886 -1204
5998 -2246
-5355 1062
-3930 -2105
9519 -7297
-9023 -7035
8988 -4005
5479 -2873
-6327 -9676
8721 8704
-9674 7689
-7338 -7873
-8265 -8620
-861 9606
-7129 3990
-7215 5051
-7195 -9244
5540 8783
-3323 1171
3874 -4670
-1705 -84
9633 8573
-4301 1003
1328 5111
7535 3094
782 3769
9618 7862
-7038 3445
6771 -8648
5342 5822
873 -6638
-5882 8127
-9371 3678
-1431 -6622
-1292 -2694
-9057 -3836
-5264 -9277
1727 -9425
5686 435
-6472 -3225
-5736 3220
4802 8032
5197 -2398
-1045 7764
3586 5688
9050 -1983
-135 -5542
-8144 -6833
267 494
-8479 425
6589 8975
9699 -7536
-3240 -4955
9202 5146
-4359 -3834
-6894 -7271
-5519 -95
7508 7909
9393 9678
5365 183
8200 6699
-8844 4414
-8698 1785
-7721 -3267
-9121 1569
4264 -2479
-15 -8812
-3766 3962
2828 -9535
-3369 -4565
1885 8469
2095 -263
1366 -9913
9765 3323
-6495 759
-2543 8851
6985 -4575
7211 2335
-7212 8287
3576 -6790
731 -2612
-1423 -2160
-4478 -5564
-1378 8532
-2313 8351
-9461 5253
-1290 -6708
-6621 2634
-4044 -9924
4556 -6856
-4285 3182
8608 -4267
-8212 -7301
-5293 9539
-3531 -5423
1965 8283
-157 7200
-4644 -5738
-7207 5366
7437 3978
2951 4201
7494 7976
610 -4619
-822 -9128
-2263 -9714
3469 -6267
-533 7173
9873 5797
5335 4976
9553 -5421
-3418 -8197
-7277 5239
9501 6426
5512 1800
-502 -3985
-6064 2948
4644 -7552
-2171 -8571
-3977 -1026
-739 7008
-5539 7481
4654 -3550
-7754 7649
2625 4526
-7175 -8699
-3175 2177
1136 -593
-4168 3269
-4932 637
-9628 -8657
8012 4566
-9266 -5692
-541 6377
-4650 -1437
-709 5482
6683 8332
-1498 3753
1401 1336
-418 748
5770 -5975
9924 2407
-4465 -7406
5863 1059
-4584 1367
6432 -5349
9217 -491
3818 8164
4540 9951
2235 -3003
-7522 -6389
-4337 -8475
8999 9161
4218 4166
-1366 4121
-8134 -2480
9928 -5596
-3002 -8211
6570 -4538
-9451 -3418
1233 -4294
8937 6981
8866 4171
7842 2754
-6529 3405
7016 3797
9044 -4051
-1170 -3600
-9435 8042
2162 -3232
4289 -801
3603 4029
9539 7937
-2881 -5678
904 9829
-744 -2332
-1630 -4143
-6252 -1808
-5334 -2765
-5640 -8410
5387 -1863
7807 -4903
1497 4430
6193 357
7126 2062
-5019 2075
-176 5135
3071 -7695
-3373 -637
2912 -9811
1578 -8749
829 -7833
359 9948
903 4578
6168 5025
-6839 5264
-9640 5275
3426 -9033
1325 5578
-2361 3339
-4587 2171
-2695 6341
8646 5238
-1679 -9625
-5715 -4728
244 -8768
-6600 5863
5811 -8927
5651 3759
2505 434
-4303 5539
4534 5666
-9646 -222
-4645 -2041
-4982 1679
-2430 6715
3056 432
-610 4875
8971 5422
-9306 7711
8943 -6745
9118 4659
5732 -3937
9823 8649
-917 5103
641 6048
1713 8501
-1721 -1104
6855 5788
-2534 3634
349 -8127
6026 8757
3631 -2875
-7454 -4585
-6875 2601
9577 -3039
-8380 -4212
1852 -7585
-8937 -8928
9897 5395
1442 3867
2368 4258
-6847 -6846
8943 -9354
8001 -9992
-4398 129
2607 -1651
9195 -4652
763 -3763
-7441 -8259
2423 7609
-6604 -4144
-1729 4043
8837 5248
642 -665
-3078 8733
2990 -4196
2680 9290
9936 6144
9873 5343
-808 7937
6 -805
4543 -8202
1757 -799
4663 -4695
-7087 4316
-9829 -2915
-5151 30
-4722 2164
-8502 -2594
-3862 9641
-4555 -1580
1431 -7152
-7288 -8155
7188 1366
3023 -7416
5500 -3621
-1822 -3250
5951 42
9068 9935
7971 4334
-8582 -8020
5732 -8138
4026 -12
7394 -8991
-5630 9245
1386 -6469
101 3536
5381 -7184
7903 2813
9119 2568
-7332 4647
-8604 4618
-5340 846
4501 -8933
5401 -6273
-571 6192
-8226 -9461
528 -4840
-110 5801
8766 -2079
5174 7981
1517 3872
-9592 -1005
-8193 618
-6814 -7968
6679 -9075
9265 -425
-5859 8075
9142 -6076
1372 8642
8554 8263
8802 -9200
-319 -9673
9849 -671
-9029 9571
7552 -7665
6207 9866
-1140 2789
-6594 6616
8648 4388
5314 313
9888 9047
7121 8299
-7778 -5972
-3610 9983
8245 7315
-8164 -5057
-1008 -9234
3817 1517
4809 -1160
1175 4788
8374 6081
2590 1103
-2282 -2767
-8380 5996
-3691 86
-868 -9346
8953 -83
3946 -27
3676 -5105
-7790 -5944
-1000 5641
6407 -2233
9284 -8288
552 223
-1269 7813
3893 -4552
6551 -2896
8058 -3518
-3801 -2011
-8205 -6601
-2226 6229
-3855 4648
-5380 448
9064 -6189
-2132 -7984
7657 -5006
2761 -9412
-7700 4063
-1993 2045
-143 2852
-7980 6738
-6158 -2529
7674 -7709
4001 -4380
-981 -2407
-6179 5796
4164 -9486
962 -33
3778 -7496
-5480 25
5020 -8355
-7767 -7824
9961 -2220
-6455 -1746
-5173 -2033
-5296 7124
-1685 -3153
2860 2267
7888 -4012
3582 -3140
-3623 627
1141 -8877
1090 -9460
-6955 -4177
5849 -1411
3955 -2435
3463 868
-7632 9910
-1837 3423
-8611 -4086
-6963 2990
-6442 -186
-7919 1352
-8940 6418
-6723 -6311
8037 8363
9487 -346
195 -822
5001 4297
-7115 3240
-5475 4570
-842 -9439
-9530 7988
5131 1527
-8839 -1367
-4656 6520
55 -5802
9271 -1098
-4681 2136
9546 -9670
-7586 -1404
-8029 7582
480 -8100
9918 2166
-874 -798
-6229 -7197
-2915 3651
5360 2930
-1823 -2445
9909 490
731 -662
7257 -1027
7875 -9215
6642 6527
-9423 -3086
5511 6187
7489 -3288
-1388 7482
3368 -2031
-9109 2251
8775 -7507
9865 -5338
-8688 -4141
7135 5224
-565 3210
-7453 7043
-263 -6114
-5329 9804
-9950 -2389
4526 -4967
-8781 -5651
1061 3757
4959 -7572
397 -6606
5645 -1674
819 1288
9672 4419
-9723 4404
3349 -5296
7915 7412
8175 -7217
-3331 -5818
-6014 -2089
9244 5061
-9907 -2243
2106 3769
1246 -4967
1182 -6833
-3439 -3796
4530 -8421
6588 -7795
-9656 -931
-6528 9980
-5316 -9379
-8247 6821
-6676 -3681
501 9928
1560 3714
2495 8208
-4035 803
-1708 6309
-4938 8071
-5042 9538
-538 6245
-8456 1519
7445 -6009
6781 -8148
-8168 7789
-7870 -6027
-5485 237
6556 -6117
-2468 -2161
-4726 777
-1015 -7188
7336 7769
4078 8671
-9539 -4373
-1115 -7140
9105 -4580
-9341 8347
-3942 -9352
-7499 -8175
-6666 -7162
-3189 -1946
8291 -4535
3069 1326
-7114 8567
3064 -9400
-2867 -1840
-4072 -7952
-5561 -5532
95 -6274
-3413 -5099
4042 -7300
-8954 -588
61 4701
-9754 -2896
3663 6283
-5664 -6419
-954 -9526
1800 -3653
-1366 -4165
157 8407
-3434 -8303
-2533 7290
-8242 6216
-6338 5627
-9473 5574
8275 249
9662 4569
2991 -6959
3867 3443
-275 6958
-9462 -2471
1724 7782
-2151 3305
9141 -2755
-4349 6483
-8100 -703
307 2218
-1567 3088
-1285 2065
1360 2095
-3935 -758
-2468 3355
6396 -553
-3390 -5757
-8800 3983
-8488 6335
7837 -4540
-7515 6957
-5799 -4315
-4112 -8375
4643 -147
-4209 -2212
-9124 -5050
-9265 7945
3760 -409
-7447 2095
-830 9825
2992 3806
-8231 -4434
-6731 9602
9657 -7030
2151 -1498
-4541 7493
-3102 4636
9983 -340
-6767 2786
-9426 4625
-6705 -976
-3032 -4829
8483 -2248
-6433 -5551
-2006 -5244
8563 2738
-7976 -9014
-5692 -9669
-2978 -4707
3796 -6035
-4822 -7107
7530 -7025
6356 2077
-1417 7512
5857 9590
2334 2878
8049 -7127
4346 -6977
-2528 6531
-8713 7913
4371 5466
-9828 -6430
-2378 6395
-4591 -5519
2167 4645
-8742 -7075
-4100 -8935
6863 8788
-9981 -4024
-4435 -4554
8324 9598
-3809 -8380
-5357 6373
6624 -9464
-7831 2115
1301 -8369
-4799 6541
6656 1474
9676 6545
4910 -4215
-1290 1842
2907 6168
8677 8331
-5693 -230
8937 8696
-7987 3593
5213 7260
7353 -1796
2461 9856
5691 7698
9329 4631
4892 713
-7814 -1749
-5205 1547
7333 -8139
7424 9705
5872 -237
-1906 4051
-2459 4548
6965 6122
-286 -3523
-2542 8978
903 -1352
2224 -5190
-7493 -2916
-8286 1636
-7652 -4443
3808 -9674
1874 -5466
116 -7677
-7973 2927
-3590 1260
-4690 -8381
6168 4504
4346 6573
-6951 6853
9551 -2219
6429 507
9039 453
7538 -1348
-9713 -4734
4544 -7028
-6701 -3644
890 2072
4395 8894
5541 -5274
5986 -9858
-8238 -8050
-9825 -4983
-8411 -8350
8503 4521
-3978 -1641
-7413 8053
2227 -7550
4824 -8375
612 3485
-9823 8832
-4812 -4844
7228 -2803
-189 9799
-5475 5344
5486 -4649
1023 -5769
2969 7248
8898 1198
-561 4558
-3362 -8880
-7106 5462
-8368 -775
4571 8842
6047 6456
9009 -4818
4059 6224
-2858 -5804
-2285 5008
351 6953
-3975 5961
-9808 -4164
-6916 7048
1966 3161
1440 -4298
544 -4875
-5693 8078
1023 3438
2279 -4060
-3884 -4407
4496 -1675
-1731 -1155
3041 -1445
-6438 5411
6085 -5523
-9563 3913
-6531 -7891
-7123 -9371
7512 -3447
5977 4843
-6312 2672
4470 -3480
-6322 -2004
7657 -4508
4806 9678
-1998 -6228
2618 -699
7856 9992
9124 -621
7577 -4862
-7229 5208
7317 8015
-7636 -3759
6515 -6086
-7523 -6404
6268 2491
-7269 -3835
7882 4458
-6330 -3591
-3914 5538
-6969 8476
-2223 7809
-8479 9370
2469 -647
4492 -9356
9573 46
-1940 -9017
-2776 -9391
-5477 424
4021 -6261
9951 -3000
6886 4009
2188 -3597
6533 4768
4026 5858
4334 -3660
-5852 7057
6426 -4169
5184 -610
3755 2616
-7339 3396
4380 3327
3936 721
-5135 -4676
2784 8459
-821 -7394
-9664 6456
-7142 -214
-5447 2524
-1619 -6889
-549 8579
9357 -3565
2266 7321
-3290 9503
2118 1171
-1713 -9535
7513 8500
-780 -3613
5433 1449
3628 7807
-9588 -1784
-1608 -3472
6314 -9252
6993 1250
8083 -9134
-6835 -4626
5530 -2467
-5147 -3758
-4255 1517
-3592 5285
9471 -8417
-9917 4695
-5197 6983
-1569 3024
830 -9765
2172 -4220
2308 4964
9433 -9436
5535 2342
6929 6426
-4480 3617
-8850 -9907
57 -5230
6287 -276
-4992 9523
-8895 -3585
-5169 -5522
-8539 -5091
7934 -366
3590 3613
-6887 2484
1168 -4239
-3675 9142
1483 601
747 -4419
9198 -1589
2226 9988
-5243 -9653
3793 -7718
-8196 -5235
1180 8801
-3000 -3370
1540 6011
-4356 2182
-485 3194
-4323 -7046
-1284 2629
1770 -9434
1167 8762
-5658 -3026
5385 -4366
-4379 -6460
-2392 -2390
-108 4099
8864 -8600
-6078 5417
-7953 3765
-225 4643
-3176 3587
501 9141
-7906 -9941
6409 9899
-9536 4531
3293 1900
8874 1631
-9015 7635
-5105 4258
-4411 327
-5574 6225
-8655 5481
4619 -2990
-9226 -1012
-6370 6666
3973 550
3411 4175
4235 -5527
-5629 5505
36 4364
-3737 -5164
-9813 -2951
-1596 -4864
-6885 -5106
5221 3300
3245 -1296
-2095 9647
-3343 4590
-2701 -7477
-7091 1152
-4578 929
-1175 6882
-4925 8833
4338 -3220
-8857 3168
-8276 -1906
5143 -2593
6264 -4368
526 -6454
-9434 9379
-1918 -4253
-886 7532
2122 5988
-7769 9492
644 -6859
7791 -4859
-4257 6066
4899 -3385
7116 819
-2293 2957
-8950 8260
-613 -569
5063 6193
-6541 -4350
-1250 -4411
1336 -2253
-4722 6832
6540 -5830
-6338 -8880
-5739 -7508
-2367 4306
371 -7948
-1333 3376
-2085 -1010
-8054 -496
1484 5622
-4948 -7004
-7091 -9130
241 -6164
-575 -3631
4116 -7289
9544 -5519
-1349 9394
-9486 9804
-3984 6034
339 -5225
548 3649
746 -5569
3421 -7064
2440 -7619
8004 5368
-7916 -6077
-1486 -3224
4333 -5006
5084 8755
-8534 -2522
5680 -801
2313 -5270
-1746 -1948
-5915 6548
-4956 4271
1640 4425
-7424 5592
8528 -3894
-1512 5997
5085 967
8611 212
-9292 -9110
