2000
6212 1034
-3022 -446
-9359 6960
6630 -196
-5422 3879
7260 -8023
6564 -24
2709 -8952
6946 1218
157 -4863
5983 2387
1094 -1625
1752 7902
9564 -1841
6309 3822
-5145 -9605
3670 2521
-520 5555
-4642 8033
1911 -170
5528 3658
-2646 2891
3939 2092
-6691 -6217
-1080 4606
-3008 7187
-718 -1376
-3475 -8193
-34 -5246
-7704 -191
205 -3726
-7485 872
-3574 -2405
-4373 5716
-733 5506
2884 7538
429 -5206
-9394 -9763
-5979 -1912
-3586 -2364
-5178 2941
-4715 3407
8935 7825
-7422 1810
-8381 -1100
8895 -5126
9468 5545
-6861 -4869
-9154 -4107
-4881 -1233
25 113
8629 8003
-8039 -5826
2263 9235
-3129 -4018
-7357 8677
5804 5414
3239 1650
-6541 8459
-2642 5817
-5588 -1201
-5657 -26
5105 -6121
3493 1204
9971 9672
3506 8613
6615 3716
7891 2134
1368 -7704
1999 153
2550 -8041
7374 4643
-3708 2075
533 612
149 3472
-7729 -8388
5307 8282
-7840 -3386
7818 4132
3803 9375
7987 -8492
5225 1029
-6838 8322
-9382 3115
-3012 8252
-6069 2617
980 -6742
9054 -8696
5637 -9008
4465 -413
4920 -4214
-5933 -9544
791 226
-5643 -51
-677 2330
3838 -8120
2910 -2691
-649 2783
-382 9793
-8236 3690
-3693 -9674
-2694 -4304
-3000 -8993
-8000 -3641
9667 -7363
2144 -9815
-5638 4586
-1468 6211
-120 5153
-2518 2889
8491 9203
232 -4959
-8456 5121
4913 -6696
6994 1163
5210 6678
-3906 -2979
-1971 -7485
-1125 3094
9452 3750
7656 -1459
-3152 1595
1527 -7983
-9110 5380
1990 -8594
-5670 -1627
7135 480
-679 8283
-8414 8679
3562 -5767
-5369 8581
-4399 2493
5008 725
-2460 7351
1100 -2397
9866 -3009
-7693 2476
8214 -3287
-4187 7555
8961 9105
-2523 7803
2003 -2989
-4706 -1668
731 -8677
-722 -3120
-4540 -5707
6786 7630
2076 4783
2133 5514
-6883 9616
327 -3046
9430 -3297
7137 6355
3909 -8636
-9532 -7051
-5527 6591
-6399 1666
9998 -9804
-4759 -1105
9497 728
8742 8240
5869 -1323
-6541 9248
4762 -2056
1280 9314
-12 -8401
-1698 -4672
-8318 3138
4502 -4562
2108 5592
5903 4970
-3365 -9699
-9502 9504
2120 353
-8919 -4261
-6022 5337
-5987 -6457
-7209 -6433
5233 1194
507 7553
-7128 -3488
5561 -5785
7353 1174
-9668 7244
6556 1855
545 6161
6463 2458
5682 7181
-2467 6961
-3580 -2199
-6863 2335
5879 4119
7686 872
-7935 8670
9943 2918
-6849 6293
-9493 -7186
7709 8712
9676 7860
3435 8041
7922 6231
2409 -6020
-8840 4384
5065 -1909
9613 2414
-1530 -4795
9324 -3529
7343 -5652
-3262 -9270
7369 -6872
9421 -3320
-506 -9481
-7048 9928
-8493 -2798
-1037 -7373
-7421 4943
8923 -3116
-5011 4988
-3201 -6197
6217 -9947
-4741 133
6604 -5314
2755 -1697
-967 7667
-9206 9493
-107 -3598
642 -9786
-9859 -6893
4030 3594
9943 -4631
-9689 -7008
3598 -7479
-8771 9234
-3243 8587
-7640 1750
-8118 -3305
1381 1340
9644 8486
6152 -2143
-2651 2397
8799 -9334
-9120 -9037
-5930 -559
-3245 -5258
111 8101
-5187 -3303
2939 4144
7098 -7869
-9283 4169
-361 -6145
550 -3201
8139 1521
3727 -4349
3508 -8498
3900 3599
4265 -5422
-4459 6419
-4141 5145
-6393 3332
1432 6336
-3247 7439
1582 9967
-7903 9693
7582 -1320
2535 -3464
3335 -2780
-7539 -6916
2456 5194
-9583 6188
-214 -4036
4263 4317
735 -2229
-3364 -6476
6856 -9685
6651 243
-2319 2009
1975 -2876
-3184 9264
1664 4072
-9393 -5603
5338 -5802
1003 7663
6578 7799
7707 -6542
3143 6995
1311 1213
8984 1126
4650 -4234
-3919 -660
9583 1506
-6486 -3548
3577 985
3969 5489
3281 -5887
2232 -4368
3551 7610
5272 -2431
-911 -1726
5453 1849
-1157 -3205
8009 2317
-6558 -6126
-359 -9288
53 8093
3319 9443
-384 3356
-5660 -9447
9763 -6808
1026 -7971
1382 3043
652 -6743
827 -5068
3206 -355
-8507 -6364
431 2380
-5304 4058
-8348 2160
2873 -1862
-3770 1293
736 -7075
-9999 -6731
-6178 -5928
-2736 -5658
92 -6416
6628 -7990
-4732 -8526
127 1000
-9356 9816
-6549 -6667
5713 -4141
9917 3882
-3958 -9592
2267 -8432
6583 -7365
-4440 -7782
-4513 1039
5111 -4439
3624 3031
6615 -3905
-1895 -2563
-1089 6963
1684 7094
6909 9038
-3909 2328
8187 -9641
7963 -4476
-347 -8177
-2887 -5996
360 -8080
-5862 -2584
8455 9641
-1078 3346
-3624 7286
-6620 -7454
3704 -3288
-2605 5206
2300 -7386
-4628 9079
5128 -792
3289 5185
-9292 7035
8859 1251
8976 4083
9724 -308
7108 -665
-1025 -2418
-9073 9283
6568 7897
-5837 1025
7737 -6332
8874 7867
-5799 -1148
-2069 4894
-5898 3295
-1521 -6942
-9908 -8889
2362 2908
-3010 -7329
2363 1337
-5608 -3287
4295 3191
6194 7088
4984 8944
-32 2761
6429 -7132
-5545 1425
-9724 9024
3917 2378
-4328 1928
4986 -8261
-7150 7872
779 8800
-8530 5212
269 -8510
1924 7555
4466 8382
5469 -60
-1117 660
-6580 4174
-9238 -7429
7717 -6430
-3686 -4783
-8685 -8287
3642 -9770
-4309 -3013
-1421 2348
1147 -1459
-2526 -6921
-5431 6339
7614 -8537
9846 6493
-3568 2079
-7262 9035
3208 9036
-8394 -120
7171 3970
-7092 -6957
-5243 -6516
-2565 -5777
4932 8399
4467 3126
-8333 -6490
-3411 -665
-4327 2862
4325 4879
1372 -6714
9086 7891
6926 -8476
-5719 -4455
9146 133
-2176 -392
2652 6316
-6480 732
4955 7409
9528 955
-5919 -114
7118 3994
-6672 -531
-7670 -2573
-7694 2722
9729 6655
8267 7399
-7357 8815
-1920 5192
-955 -3076
6533 -2775
-2739 6869
-2400 2905
313 781
-8265 -3724
9883 3561
1275 -463
9006 -9280
-1852 8325
1046 -4944
-4568 454
-2148 4496
7031 -6302
8890 495
-8860 -4890
2335 -2066
-5197 7673
577 9596
4097 6124
-3880 -5390
-8109 5832
-910 -3997
-3277 3166
1490 -1905
3152 8592
-955 -3743
-9248 8584
-3998 -9383
1113 7783
-7108 -5109
6546 2253
3646 8948
-7737 -4931
-8807 -2057
6274 6360
5912 1034
-9243 8165
1330 -4999
6818 1202
-207 -3459
2798 3690
5994 8839
9456 3550
5053 -8005
607 4289
262 -8335
-9388 -2848
2222 -2372
5571 -3404
-3324 7136
-1831 5565
3729 -7413
1310 -1073
-9872 -1220
5321 1848
-742 -79
2480 -1882
-4612 -4749
967 5657
-55 -5839
-4174 -8427
2446 -9793
1556 -3562
6755 -5333
-4477 -2873
-7309 -6570
-262 3693
-3660 -9859
-1079 -5232
6616 189
-6170 -2038
9801 -4127
4845 -9969
5688 -4812
-651 -468
4826 -4368
-440 8896
-946 -2728
5660 -8884
1964 -4192
-762 -8817
8597 8376
-7763 -7304
-2535 -5064
8846 1158
-7160 -5920
3675 -7325
-7294 -7360
1549 2240
-8228 -7886
-2253 -5382
-6487 6598
-2410 -8973
-4136 2567
8375 -6750
-5567 -8452
9925 1333
4030 -3250
1686 -7839
7041 -4785
-705 4252
-9353 9881
-3758 -3310
8931 -2925
-811 7791
-7591 -5577
-5259 -9344
-8316 -4078
8490 2332
9303 1269
2818 -9416
5639 -6265
4206 2742
8624 3389
8604 -388
-6137 9385
-7014 1619
8310 -5490
1585 -772
-2982 -9040
-896 -9226
-8570 3148
9071 3845
-103 -3165
8105 -8720
-4415 -801
6655 922
-2616 -8777
4612 860
-9529 -272
-887 3215
-1445 -1945
2566 5820
-4953 -3136
1545 -2129
2366 5786
-1066 -5631
8214 7518
-5648 1725
6726 1832
-8970 -3823
-9181 -7690
-2745 -8594
2266 1924
-8348 -4413
-7477 6459
-5487 4486
305 1078
-8338 -9201
-1329 9073
4858 6928
-8704 -5243
-7726 -2488
-7043 9510
5062 348
-9755 9683
-4286 6093
7499 -8935
2989 6690
-7724 3485
3664 8362
2847 -1480
9598 8178
-7303 -3128
-4056 -5020
-8093 5089
9847 -5477
5756 -6797
-3566 -4159
9910 -7566
-4163 -8505
-8692 -9845
-5059 5272
1961 -7473
6013 -8350
-9988 7959
-3522 3397
5295 6580
-6548 -203
4777 7993
3081 3117
-8640 -9595
-6392 6648
-7511 -9163
-6729 3763
5259 -3881
-3726 -892
-5620 6567
9095 1215
2866 -9939
-8260 8828
5945 6599
3178 -1781
-8264 1240
-768 -9650
3468 -9767
-5641 -3967
-3598 8549
-6894 -2032
-4549 -1109
8731 -3623
9207 -9291
-9003 -4995
9941 -2693
-2632 -6188
-3640 2806
3125 2830
-5231 -7696
7265 -3697
-3347 -3495
459 -3504
6251 -6159
-3889 4819
-3493 -7348
5264 -783
9316 1958
6389 3994
-7281 8522
-4172 7386
-5082 -7340
9187 6917
3467 1278
7303 2312
-7665 8236
-5260 4568
-5216 -1012
6551 8921
3739 -5245
-2593 -7339
5599 -6034
5924 -3609
-5894 4914
3435 2312
3418 -3175
-515 -7017
-6379 8336
3334 2393
-1575 7088
9045 4358
-1075 760
-6532 -6216
-3575 7430
-7815 -9982
-3600 -6116
-2150 3313
9705 -8001
-9367 -6226
9807 -6190
4356 7790
-9228 6946
5281 -2438
9955 -1886
-1077 2336
-3307 -1621
-7141 -2033
5472 9339
-9512 -3673
67 -8103
-4219 -7327
9708 6467
-7814 7353
-5153 -6868
663 -7180
-5670 -5347
-8402 -4982
2580 -4898
6938 -9400
6657 6255
-1646 -4140
7548 -2930
129 1213
7541 3019
8637 617
7012 -2393
-2206 -1861
-4509 6719
9851 3702
-9758 338
8712 513
9252 -5428
3395 -5969
-1648 5553
1807 332
9913 -4992
2078 -6118
5095 -8820
4200 -7794
6544 6356
-2317 6557
-5305 3555
3994 5478
2900 3907
-2035 3844
-1923 3142
-8566 -3323
708 1050
-3398 4829
-1118 9060
-2212 -7871
-3989 2515
3696 -6414
-487 -8894
7462 1616
-1828 -3944
-6668 -1134
-1936 6589
495 7326
4891 -9037
7826 8461
-1142 -3312
7738 9260
7809 -6714
-3934 -5661
190 411
-7074 3854
-8840 6201
-8973 -9658
1958 673
-9551 8490
1076 -6150
-9562 -6219
-5172 9140
-9898 4655
6836 9719
127 7928
-9093 -4307
-1021 -2135
5925 -7564
2848 5045
2619 -3886
-3964 9495
9837 3779
-1828 -2937
-727 5515
9365 -1379
6124 -9652
9488 -6476
8179 -9049
-5610 9590
-8763 5014
-5573 8238
-3898 -4135
-1698 3406
2171 -4252
5583 -5130
-1915 -5211
-7712 -8382
-1318 1642
-2844 460
9081 7955
-7976 241
3765 8925
-6404 -8489
-8899 1943
677 -2014
-55 -3941
1925 5104
2230 6047
-4485 -6053
2538 -5600
2910 -8902
-3563 -5657
5985 5198
-622 8840
-9485 -3139
7102 2180
1104 -7461
-5950 4588
-3470 4701
-3593 -1128
4932 -9072
6032 6352
6120 577
8245 -1738
6383 -8366
-3547 4503
8846 -707
-1789 2891
5451 8551
-868 7590
-231 5966
8505 -46
-5459 -5407
9294 -3724
5148 4793
5721 -578
-506 3800
-1903 5473
-6266 -4387
969 -3659
-5436 -6162
3131 -8858
7754 -6591
-4320 -4938
-7349 3205
-830 8533
-1513 6141
-9266 1396
7672 6749
1541 -6252
6891 2819
-3381 982
-3545 -3615
5719 8437
-5222 3910
7748 408
1551 -658
6473 4599
9662 -696
-7492 -4127
-5594 -3967
-7826 5400
-3205 6614
3362 -3371
4098 -5534
-8995 -1376
9606 989
-8906 1345
-218 -219
-6309 6813
942 8281
1343 -4841
9759 -7508
5517 -2185
7410 -6860
-827 -8254
7146 -4464
-7851 5068
-4583 -2339
5848 5511
-5866 9516
4225 6853
-1802 -2539
7242 5319
5852 7980
9981 -5347
3534 -3207
-715 1323
-7141 3292
-9848 -5198
-3452 -9732
-4196 -675
-1886 -2586
5075 1674
-2816 3531
3046 922
1495 5040
-3779 -2730
-3691 -6587
-4887 -2817
5558 -7839
2675 -4907
6417 -909
-3897 -4319
4204 9276
-6736 -3745
9301 -9249
1886 -932
-5538 -2586
-9055 681
-4677 1646
406 7712
-5018 6818
-9769 -9653
-2469 5012
7173 -4656
438 -6912
5900 -152
5529 575
-150 -7998
1978 -268
4204 3114
-4098 1278
8693 -190
-9510 364
-4270 -6642
-8931 -466
-3649 9858
-9796 -228
-5216 303
9369 1456
4544 -4323
5525 3527
-5899 4164
6166 4774
-1774 7672
4506 -1857
-6858 -3850
9681 -9593
4492 -4445
-1087 -6109
3425 -6058
-2480 3703
-6525 -6503
7521 1446
-7099 -1741
3936 6889
415 -8834
5330 3182
1676 8237
5908 5217
-2920 -6377
3494 413
4541 222
5777 3175
-9214 2753
6696 -1590
-7887 4212
-8571 -2064
9382 -691
7568 8950
9560 -7717
-6551 5224
2126 3695
1932 -7501
7716 -6198
1146 -2161
-8027 -5204
5018 -5361
-8466 6514
-733 4516
-3354 -7679
-9747 -317
7619 -1241
-8212 -4597
-1927 7001
-6996 -6924
8301 -2368
-4952 174
2673 426
7949 6980
-1461 389
5185 -906
7455 512
747 3923
2159 -7291
-4970 -6266
3417 8806
1285 -996
4407 4756
5477 3074
6150 -7520
3833 8481
-1346 8171
2318 8881
9581 -4952
5437 266
-6919 -1880
-7648 4342
1985 -5744
-3035 6820
-9447 -5856
-3330 5717
-1559 3970
-1274 7955
4749 -3431
2770 -2077
-3596 899
2790 -3398
-796 8779
-6174 -4893
9095 -1216
-9376 -7017
-8955 -7825
152 -3302
-6483 3031
-9105 -9163
6554 -2208
-8239 -2435
-760 -5005
5285 4208
-7869 -6011
8609 -1946
4656 2256
1034 1398
6506 -2420
-9915 8582
-8436 9321
-4784 -9291
1128 -7390
9362 5368
6205 8367
-3842 -9744
1542 6480
-4805 1640
-431 -9219
-5230 -9521
-1467 5421
-2324 -2901
8498 -3091
4490 -7570
-8989 8724
-8236 4575
9005 -3703
2628 -3020
-7653 3854
2220 1989
2245 -7728
8752 8378
3738 -6214
-1712 -2333
-1854 -6694
-7553 6780
-6122 -9601
-2691 3844
6275 -3904
-1460 -4481
-6186 -8994
-2697 304
7284 -3461
-9608 9931
5640 -6649
-4376 2612
4710 -2116
5391 -1904
5764 2169
9196 -6321
-5821 -2370
-1970 -8357
5487 -1943
4154 9060
-1701 5482
6489 -3586
6719 2113
8652 -2488
1164 7723
-8926 -7235
9098 -3197
8409 419
-7765 7529
-303 7520
-5081 -8281
-650 -1108
4256 -902
7156 -8900
-6120 -257
-4776 5030
-8557 2179
-1988 -4567
6667 -8118
-6674 384
3149 -2170
8354 -5600
8540 2247
-225 6762
8003 -5505
-3785 -6808
2084 -7079
2020 9286
-5894 -3660
9804 2896
1646 -2014
-9836 -1252
4182 6810
8693 1897
-7720 848
-7602 -7982
139 5430
1397 -9249
-8766 2399
6894 -5108
-1916 9237
-4122 -3171
-3886 -6112
228 -8382
4514 220
8206 3752
-7500 -3841
-7031 -7910
3987 6682
1250 -4618
1121 9989
9139 3648
8120 -8741
7379 535
9148 -6926
-3969 7993
-5178 -2769
1119 1910
3528 936
-5123 -4932
-7460 -1958
7922 -3197
2615 -4960
-4558 -9110
-7 322
310 -9588
4060 -8887
-3907 -552
-6297 5901
8975 -6529
-8536 -7150
3802 -4994
-9364 7
-5337 -1358
7431 4164
-4074 -460
6344 9971
-4989 -6152
-1541 2679
-7000 4174
4587 8453
9566 3311
-7242 2367
-1733 -4341
2851 -3538
3033 963
9690 8036
1763 -3165
5477 -9675
4489 6427
-4034 6628
6598 -9585
-2016 -3970
8709 -4671
9504 6443
8616 -8291
8741 7811
177 8182
-2439 -4781
1681 -7835
6849 -5868
-4111 -1565
8991 6538
6863 7652
4078 8188
4815 5072
9208 -6235
3516 1412
6742 912
-2645 2225
7655 9966
7776 -309
1593 -9885
-4666 1673
3838 9154
-2993 -9264
-829 4407
944 2896
547 -1839
-3652 1527
320 -1654
2111 -8838
6295 -473
-9561 -4374
-8429 6757
6722 1515
-8795 -7054
-6939 8218
3612 2799
5673 2117
2853 -2551
-4423 -3600
9296 -7977
3905 6521
1769 3564
-8091 -6027
-1144 -7912
1615 7741
-2913 -4850
-8093 5775
1010 2380
9047 -7651
-5712 5937
2456 -7892
4225 7900
-931 -1872
8250 798
2821 4646
1167 7545
4829 446
4419 -3344
-1256 -9542
8199 -6726
2145 -5921
-6425 -993
-8614 4052
-9878 4585
4242 -9568
-3739 -5590
-7691 -3303
8547 -5794
5004 5099
-255 6796
4340 1545
-4289 -5368
1288 2890
3348 -9871
-2876 -9969
-5890 5268
-2005 9270
3321 -2315
-4009 -619
3534 7164
-8427 -9768
-3070 -6484
1443 -2397
-7298 -803
-4008 168
-8288 2447
-9201 -5948
6942 -2576
1274 2087
5839 4011
-722 8399
7668 9949
1355 7273
374 4709
1873 -8934
-8702 -2372
1144 7167
-1509 1949
-5134 -7413
2755 1193
-2640 858
4911 8188
-668 -1841
-6034 5573
-417 -9394
-7275 9805
9753 8861
9854 -9608
8822 4828
5894 227
-8424 4415
1582 -9087
6583 2720
9028 -9928
4986 -8551
6028 5503
7412 -7655
4225 938
232 -3257
1070 8191
7995 9815
-7604 3795
7908 -8533
-9984 -4030
9919 6730
1144 5910
-9457 -8506
4214 -3554
-3482 -9153
-3983 6963
6186 -8497
-2431 -7956
6704 3597
-5939 -8207
-6296 -3065
470 5131
2647 -8302
-6834 6587
-7443 554
1004 -6818
-7188 -7525
-6031 -7852
2315 -2923
1645 -8097
-7414 8834
-5943 -8618
-6574 8773
6090 5348
-9139 -6150
4506 -9850
9003 -5434
-3736 -1303
-4717 5370
-4077 3151
-9947 -2160
315 -9352
-7204 -3413
7385 4284
9909 8832
-8615 -971
411 -7506
-8734 -4557
-5489 7558
-4871 -8923
-5052 -4628
-62 9635
-1669 -6050
-6960 9924
6795 3615
-4825 -1036
-388 -9431
-2844 5491
3495 6129
4960 -5460
7290 3403
5898 6346
-4491 1421
-1022 -9116
-8039 3741
9113 4107
7463 -3090
4581 2772
6416 -486
-3151 7622
306 6931
7500 2025
-2485 -6362
-6513 -5345
2916 -5270
8134 8447
8513 205
-4654 7752
-7644 -2258
-8518 4325
2152 -5682
4949 -5684
-9192 3335
-7151 3250
4592 -9056
7875 -302
-8278 -5103
-1465 5375
-6250 2958
7689 2022
4190 6667
592 9543
-8986 6423
-2114 5939
3984 -6630
1409 3089
-8875 -144
-6809 -3643
-6672 -4346
-3402 -239
-6821 7920
-7183 -5527
-6432 -1377
-8420 5073
816 -2682
-2295 -7011
-3748 -1274
-4852 -7982
-8323 -2734
4358 6755
-156 5661
-763 -4234
5845 4690
-9656 2428
-4091 9173
7092 -3058
5136 -911
7712 9909
8703 -7576
3464 -6988
-277 -482
8244 -8832
-3093 9696
-3038 -2888
-2412 -1416
-2035 -4960
806 -8848
5842 7203
3351 -3350
-4178 6186
-3151 9261
2070 -7086
-3457 -8016
-5591 3502
6514 -4755
4763 7873
-7239 -43
-347 6727
-2440 3390
-8027 -9665
-4625 5148
6300 3660
862 6181
-3448 2141
2048 -2067
914 2374
9009 8897
-5399 -7017
6485 -4448
4518 2731
4324 6720
-3324 3002
-272 -9194
4196 6329
6664 -8992
6156 9890
3549 -7962
-8060 6176
2038 -1869
9786 -1508
-9135 -5915
-3298 699
7404 -6405
2868 1303
-5966 3888
4328 -2615
-9614 -7922
-7116 -8996
7333 115
1123 7080
6970 7718
9756 1000
-2825 4239
-3909 -8305
187 9213
-2982 -4124
-9705 4774
-7911 3720
-4977 7699
5308 4957
-7659 2778
4856 -365
639 -7272
6564 7741
8541 1693
-590 1407
-7594 9231
3470 2886
8303 3303
6236 -6719
-843 2210
704 -6746
-9306 -548
-2849 2793
-2251 -4283
-7785 -3821
5814 91
6540 -9208
-7747 174
-8134 3103
-1770 -9207
-9976 4997
1603 4358
1381 7215
-9505 -95
-7885 -2384
4591 3373
-3455 2819
-4388 5286
-5277 3696
-6405 7082
893 -3061
1452 9410
-417 -2568
-5745 3705
8219 5170
3887 6207
564 -8037
9178 -4511
9116 -8056
3281 -6607
-9514 -8770
7770 -2128
-6843 -2968
-5552 -2898
-5816 -2120
8540 -1956
1174 8798
-49 -9
-6305 -9244
9647 7927
4133 -8086
-6123 7254
-3537 -1583
361 -3224
3890 -4422
529 -6358
5235 4377
-8592 -1701
5401 8392
-3729 -423
7621 -6695
-4176 -5189
4802 -1206
3271 5775
3701 -7782
-5868 6638
7612 1555
9972 1730
-7774 -5925
-347 4054
-8584 6117
493 -9818
2202 6651
5042 5622
-1081 1323
8350 -4967
3565 261
9055 -5827
-6332 2088
4306 6047
6405 -8911
2644 -7842
3888 4017
8092 6337
390 6115
5952 1465
5368 1806
2177 165
-493 -2431
-7387 -2782
5972 8426
-1314 -9038
-4865 -463
-8376 1462
-2492 2524
3613 9651
-8192 -2367
-8351 -3743
-7407 9417
9252 -6539
4927 6704
2230 5203
-4633 4015
-4695 -5594
5345 4874
3300 -2082
-1120 5037
-5427 -4294
7168 7736
3980 -82
-432 -1604
6030 -2408
3849 5097
4514 -8601
-5139 -9838
-9414 3765
-1032 -6492
-8757 2816
-9058 8056
2930 -3452
4466 -9993
5045 -50
5656 -2934
-1478 -6662
6978 6545
-5060 -7499
94 -3455
-4637 -5310
-3910 -2337
1547 9877
3641 4672
-8100 2133
-1330 -3671
-5615 -6857
-308 3333
7062 -8965
985 -2122
4945 2106
9165 361
-3095 -6534
-311 6142
-3592 1846
6536 9783
1166 1771
5368 -3654
-8983 -7288
8567 -992
9059 -7083
-218 957
-1990 -6557
-5522 9474
-2649 -4929
-9103 9184
-456 -3984
3204 -9938
9925 6450
2016 -7108
-7326 53
-8177 -1449
8619 7561
-9727 -9089
-80 9636
-3726 -7440
3517 -1022
6142 6056
9250 -8474
319 -5660
-6477 -3400
2617 1216
1278 6788
3237 -4180
2433 4924
-5024 -4748
7525 8828
6388 521
1432 6143
9499 -9619
-7059 -4928
7771 -4228
-4452 -9822
-4574 3912
-8028 -5203
5119 5745
-3040 -4505
-7717 1456
-9004 -8041
6883 9241
-1786 3429
2256 -4421
9821 -4262
-4399 -1357
2746 1253
-9955 -4901
4593 5687
5866 7817
5449 -9860
-1341 -4988
-9244 7422
-3363 -6223
8954 -2284
-325 2641
5603 9950
7099 278
5858 -6184
3275 -646
-8283 5678
651 8876
-2305 4463
3871 697
2234 -3992
-130 3457
8469 -2318
-1176 8529
-3974 9225
661 5462
1823 -1300
-1351 -5943
4335 -2575
4962 -4253
8822 3913
3312 -1764
832 -5741
-7557 -2317
-7900 -7752
-1744 6314
-230 4334
-7984 8126
-9626 1959
1183 4561
3743 121
8821 -4436
-379 -4434
6712 -2531
6937 -2323
-4690 1674
9910 9479
-6262 8622
26 4463
6711 -3819
-7506 2126
-3540 -5034
-3187 5985
-2057 2197
-3243 -2813
7309 -7154
-1590 -5779
3508 6129
-2681 -8248
-571 219
-4387 -5745
-6266 4739
7082 -756
-6294 1193
7374 -2893
9233 -9584
-897 -6412
-6707 -587
-8391 5916
-6897 4957
7803 2088
6309 -5868
-6019 -67
5406 -184
-6245 1300
9277 -5166
-6706 -631
8613 -3269
7924 -5904
1203 -7682
-3545 9018
-7395 4156
-6431 5558
5195 -4102
-9146 -4822
-9014 -7982
-3850 -7623
6031 7295
831 131
-8569 1437
9992 4587
-2324 -9293
-2562 -2994
1102 -3712
2327 -918
-1901 -7696
-9819 8782
8060 704
-9678 -6250
2649 3254
5272 -5103
995 3636
4651 -8579
5274 -2975
-7818 -797
-2490 -9575
-5147 -4105
2901 5186
-4806 2291
-4907 -2276
28 7521
6302 3192
-2384 3930
7680 4361
-2385 1659
6556 4050
1406 -3393
-1971 1271
-7984 -223
8980 -2977
-2552 -2080
3815 210
-884 2301
-1688 436
8160 4310
1830 3405
-3404 1909
-4162 1852
-66 7933
-409 -2761
-8712 -8731
-2124 -133
-8863 2694
-3809 9626
-3352 -3126
4794 -1108
9102 4096
-3604 -1392
9045 -1782
-3752 8429
1833 7204
2833 8079
3651 -7851
-9919 8672
-4090 -6416
-5147 3393
-6741 919
-2667 2730
2355 -1883
4992 3524
-7585 9004
6820 -215
8394 -8483
3456 -3063
-4635 -8842
-7918 9704
-8498 7199
-6932 4916
7308 5154
8738 -6850
-9737 -6783
7857 -6409
-9959 -6477
1640 -4811
8713 2396
5120 -3369
6417 -5151
87 1940
8877 8531
-6591 -6458
-3034 -2038
-1119 -788
-5873 -1531
-6378 1950
8821 -4845
2093 -3920
3392 9084
-7394 -51
5138 3433
-450 7968
-5402 7572
-7580 -1610
-9671 -5265
-3014 2507
9770 -7074
889 395
9608 -3265
8925 9770
5440 -2545
2611 -3733
2348 4260
3344 -5297
8374 -540
-3386 9671
7638 7232
4803 6164
-5447 -4043
692 -9057
7171 -1396
5251 -8601
5515 -9340
1117 -140
-370 5122
-3702 41
6309 -1210
-6950 -7371
1053 2377
-4443 -9886
-6495 -574
-3342 2171
-1666 -5136
821 -4819
-154 6609
-1067 -4767
353 -2984
-2323 -5817
4044 -4132
-5290 8794
2555 -2606
6184 1008
7358 2584
-5040 -7046
-3211 2132
-4722 4239
-3591 4016
8880 1936
-9162 8465
5073 3421
-7626 684
-8580 -5995
1909 2728
8596 -903
1611 -4048
7067 -6695
8035 -5834
6750 3251
9926 5392
1244 -4569
9670 436
-5549 6523
2179 -3922
-5458 -6670
6751 3017
-2579 -6665
-2660 9125
1852 -1158
7939 -7030
-1078 4168
7474 3271
7437 -4011
-7040 9229
8341 7907
-6663 -3394
7042 -415
-3893 -3273
2806 -8508
-5178 8286
1303 -8932
-5596 -4707
-1861 -7556
1286 5465
8435 -6289
7880 2946
-3784 1078
-9213 9074
8302 -2627
-4721 -2532
4074 -9638
-53 -1383
9065 1116
2608 6054
8061 1870
6660 -8849
165 3084
5528 -5216
-9752 8304
-7985 -3186
-6520 -7596
7203 -6385
-7312 -304
7069 7990
-4543 -5290
-4928 -3932
4685 -6749
4367 8741
8515 3750
-660 696
5568 6575
-342 -280
4504 -4268
-5964 -4814
5721 8474
-5402 -228
3387 9201
2617 -8200
-6490 9796
-1774 -315
5753 2688
5939 7019
5759 4159
1629 4027
-5278 4274
4569 -5311
4410 -9711
-3979 -5773
-587 -1087
1107 3778
-2730 -1146
-1946 5705
7505 -5623
-5828 -9330
4076 -8986
7423 6119
6859 3549
1428 3362
-2612 6338
4332 -6944
1467 5831
6120 -1099
3128 -4124
8510 -4139
-6640 -3739
5115 -383
-958 630
5008 -3111
-2441 -3453
1282 -7100
-7260 -4645
8904 -1295
-4213 9599
9657 332
7109 6896
2726 3989
-7111 -1425
8172 2566
8427 9738
-281 -9598
3740 -4493
6138 -5167
5443 -7219
3049 4866
-8514 -3278
2077 -1948
-9523 -5774
-2455 980
-4968 -3736
-6841 -2798
-8810 -7859
4437 5885
2171 -2200
1258 6330
-9548 597
9826 -9024
-470 4192
-9307 9684
4549 -5028
1694 3743
