2000
9999 658
2558 9159
1536 8042
6345 2220
3412 6919
-7311 -9437
-6666 -6818
-1730 3657
8704 -909
6989 -394
-233 5324
3608 3540
3930 6053
-7483 618
-3790 -2712
7946 9664
8822 -3792
-2029 4225
-3556 4078
996 -5685
-5122 9856
-6963 7407
4784 1933
-8977 5028
-5367 3487
2531 -8268
8993 8121
7895 -3861
-9523 2923
-9790 -9589
-6205 408
6616 -8124
6101 -7384
-9585 -5414
-1099 -3735
-3879 1411
2538 7500
-568 2879
1628 -2679
-5471 4176
5909 9982
8103 7060
-3081 4901
1544 5997
6408 1117
-4755 5475
-8928 -9798
-3461 -8139
168 7173
-2841 -3046
-7914 -7210
-5990 3280
-121 4624
-8055 7164
1339 -8494
-8512 195
975 968
-410 9591
9308 -8385
2732 -5146
-5950 9436
-6642 -8302
-6441 -4878
-3985 3618
-9428 7448
-9763 3174
174 -3621
-5277 -5752
-8589 -9947
-8441 -3332
-9417 6471
1160 -3232
79 1559
3174 -9251
-676 -614
-1179 -374
1324 7095
-4063 5900
-482 8604
6052 1953
-1153 3811
-9811 6289
-9464 -7258
-7205 -5088
5302 -4332
-7861 -1925
4844 5885
-2557 7020
-8511 -1357
8030 -5663
3964 813
-2092 571
-3529 -4713
-2388 7566
-482 5989
3520 -6337
9952 -7914
-5172 3709
-7659 -5791
3598 1344
9419 -8637
7249 9458
6477 7983
-3374 -1588
6471 7966
2500 -1624
8947 434
9442 -5872
-8307 -862
-1153 -2947
4437 4933
7019 -7634
9796 4389
-7682 -4433
6911 -7863
-6500 9637
9095 6329
8033 -5531
6603 5571
7258 -5342
6755 3073
-2773 -243
3885 9422
2281 -3332
7443 5578
510 -8873
-2785 1879
-12 1249
6816 731
2868 6027
5664 3726
3776 -9911
-1721 4758
4049 5529
-6093 -1398
-8326 1306
-5217 -9339
-9918 -1099
9291 8668
7967 2363
7212 6733
-1389 2197
-6554 -1853
8878 -7680
8347 -6018
-8571 5467
9277 4010
2488 8926
4454 -2445
6158 -3463
-8437 8361
9022 -8448
454 -3653
-1265 -7176
8909 -256
197 -3299
-7381 9841
-2013 -7472
-5152 -214
3768 -3136
-7670 -6805
-9075 5197
4122 -8394
2883 3414
-6329 -1425
656 2761
4313 -1045
9023 -323
6223 -1513
-8049 -2242
8180 8852
8692 2148
4677 -9202
584 -3322
3542 -6755
-3560 -1927
-3010 9594
-5080 1087
-5500 -8888
3408 -8477
8005 1892
-9154 -5936
7462 2318
-5475 -6410
1348 7405
6256 198
-7655 3248
7768 4947
-4655 -9258
-2291 2072
-9856 8888
-7799 7870
-1044 -2865
1968 842
6087 7177
-932 -904
3160 4091
129 3636
7226 4343
5468 4655
-5148 2294
-4459 1724
391 918
5382 -6692
5381 5737
8345 -6910
-9041 9246
-3620 -5734
5108 -84
-2908 8348
1165 1194
-4715 9882
7238 -5676
-7613 5414
3789 4463
-3244 -8424
3300 -7639
3280 6018
9327 -2589
-6853 -1339
5472 8428
7673 -4788
-522 6431
67 -2226
-158 -5414
9501 -9120
-5518 -8994
-948 -1494
-2359 -8281
6182 5160
6736 -8571
-6209 -3342
-7325 3756
-8833 -9209
-548 -4278
-2130 -1965
3248 -1356
-4926 -736
7038 -7275
1032 8863
9743 600
1607 533
9039 -2055
-336 -9342
9539 400
1830 -434
6224 6275
30 9342
-9868 -7381
2063 4918
-7047 3305
-8052 -6347
2917 6201
-7354 743
-395 3675
-5725 3679
-2068 3068
-8988 9603
-6019 691
-8909 4397
-6038 -6481
9794 2921
5983 -6094
247 3545
-1538 6115
3140 -3970
-317 5136
1336 5088
-4170 -3679
9996 7704
1382 9157
5945 -2009
-2407 9314
4 -9322
5075 1574
5094 1095
-2264 -7242
-3336 8608
2152 -6282
-6447 6911
-3339 -5665
9471 6693
5501 6345
-3614 4528
2231 -4948
-5792 -3619
8094 -2667
-3354 -6127
-5449 -4314
7261 -9630
5187 -6653
-3895 6075
4682 -3357
4083 2769
3401 555
4890 7636
8050 -9939
-9874 4360
-1113 3550
8602 -3488
6615 -5162
2171 -3470
404 4708
-9607 -7463
-7092 8676
-7978 -8626
-8831 -8185
-1542 -1873
-9104 9573
127 -7460
-6103 8018
-8201 -4984
9376 -8054
9217 -8074
2159 1984
-9458 -8461
-1931 -1227
-6520 2714
8972 -7807
-9131 -2405
2690 -4400
-2585 -3388
4740 3860
3432 5874
-7866 9357
7374 -2721
2295 -3969
1698 -7107
-5181 5391
1095 915
2454 6979
-528 1638
-1928 -5757
-3563 2953
-5732 -2957
2644 1027
7639 -9322
8259 -6221
9653 2378
5455 5411
-7311 -4492
1539 6549
9443 4984
4096 -6763
7873 -5739
-5040 -4810
-9452 326
8290 4433
1106 -1380
9385 -1553
9474 9095
9773 2028
5807 -9167
6932 8032
3442 9181
-1591 2387
-1065 9853
4836 9948
-3095 2098
6360 2652
-8437 -5223
8824 -4960
-6807 -7889
4453 7114
-4440 4299
3393 3837
-415 -1245
-412 6887
4918 -888
-1708 -3481
-7374 2080
1932 6701
-9631 5283
-2620 489
-6860 995
9494 -2540
2501 -1576
536 8317
9151 5694
3714 -5012
-7455 -1568
-9093 827
-2287 2130
-8759 4216
-5545 -7370
8432 3255
3676 -2918
-7636 363
-5428 7766
-1239 -256
-9075 1434
9858 -1746
291 3426
2840 393
9102 3163
-4685 -3447
7381 -8354
7497 -57
-5842 -1186
1445 -7541
9435 -1387
9416 3597
-6041 6831
4597 -4500
8966 2253
-6314 -6643
5332 9891
3316 -6457
3937 -657
-3774 -124
-9850 6759
-7874 1541
-4796 -8749
65 -6657
-4198 -638
-8304 -4770
8827 -1043
-4212 -8889
-3388 -3493
8760 -9616
-2538 -4423
-812 -7555
-291 -3486
5857 -3776
6100 -2634
-5875 -4196
-8935 6250
7501 -28
3315 -3730
9353 1287
6517 -7162
1795 -8952
-4119 5344
-8150 7583
-8313 6214
-4489 -5670
496 2870
9384 4699
-9078 -9796
-2429 8962
-5235 7022
6993 5417
-4612 -4170
5821 8214
-500 8703
-8460 5174
9943 -3983
-4919 7057
8360 -4177
-4243 -3069
4982 -9953
2917 1268
-313 -4523
-4319 6022
8704 609
1352 3252
-1332 -6532
3019 -1656
278 7777
6480 2561
-2266 -6501
-484 -8260
-7483 1397
-9059 4597
-4752 -9123
-5355 -3302
-8313 -9771
-573 -8718
7304 1374
-8017 5108
2081 6007
-6805 3335
-4601 -5531
-7754 9936
2496 9398
-7104 8726
-5814 -6050
5347 6133
729 -3296
-2419 6288
-3293 9698
-6353 5947
7229 -1606
9768 3074
1903 8254
4260 -4529
-7474 -6017
-1548 -8824
-8889 1646
1044 698
3144 7328
-5002 7661
3794 -8949
-2245 -9656
-9647 -1757
1662 9057
5003 781
-7105 5309
2104 5952
4205 -3617
1855 -5994
1710 2186
3362 8102
-252 -9839
4581 8194
9242 -5488
-4107 1445
2496 -5761
-1696 9687
1651 -6029
-3252 2378
-6842 -6688
-7659 -4529
-8577 -3947
2437 4445
-7829 5628
1534 -1988
-3887 3881
7764 -5105
-3191 9582
-2186 6065
1230 -3950
4010 3708
7115 -2553
5139 -7686
4692 -1235
2077 -8113
-2642 -8429
1345 8140
2584 2502
1851 -2498
9235 8477
6078 -6616
2001 -4652
-1350 7562
7347 8810
-1419 6465
3893 -1423
6024 -7410
-1375 1007
9773 1162
6770 -2962
2330 5570
3709 -2151
-5929 -6326
4898 14
-1510 5922
9307 4132
-6800 -1712
-4150 5028
7558 1851
2036 -6804
5494 -3862
2450 -4072
6935 5238
121 -5205
1833 -9573
5998 -3110
8460 -2117
1558 -294
9720 -7469
8453 176
-5693 1930
-9782 -8521
-9773 -2492
-6921 -211
2985 7786
-6077 5115
-5237 2200
-2563 -9907
-5111 -4582
-4154 -8722
-1831 -9558
-1674 -8157
5270 349
2880 -6396
3780 4990
-3081 5054
-9747 -8193
-685 -2863
6926 -9519
8267 6115
4950 3632
-448 -7811
-3996 9713
-1148 6989
-8012 4614
5056 4698
-9739 157
-5774 -2898
706 5531
520 7107
5881 -1794
14 -8840
2018 6134
6615 -6951
9165 2665
17 4881
-9209 7835
-8732 9569
-9723 -3205
-8592 120
-5183 -7735
6143 -9816
-2713 -4922
-5671 -9631
-8804 -8287
-80 8571
9731 7077
3210 -6346
-3297 5469
-1867 -175
-1574 -412
-2577 8150
-8562 -783
9733 2412
-7469 -8284
-2298 -8860
-8675 -2652
6147 -2434
-2065 2333
4046 -5804
-7234 2852
-72 -2314
1340 -3783
-8314 -3142
-9597 -8236
1352 -181
1690 -1170
8047 -7505
4907 6849
8565 7780
-7360 7438
-1494 -12
7554 -2314
-9982 -1627
6291 -791
-7940 4065
-8250 9057
-4726 1988
-7434 6812
8576 -3040
-9501 -7030
1800 3648
6144 2189
-962 3567
5067 4771
5930 1323
-4969 -8572
-886 -1844
-9750 -7416
1793 2854
-3082 6541
5597 7574
3282 2389
2921 -9130
1551 5849
8819 1496
-4856 2051
-2040 4339
1626 -4992
9779 -9282
5763 -3307
-1879 9429
-2415 -9207
-2901 -9045
3809 -2165
-5625 -7388
-9814 -5553
-9443 -6308
-1716 3468
-684 3478
-5026 -6445
5606 1855
-3807 3839
8847 -2713
1726 7820
-1767 -7655
-8226 -2512
2003 -9926
-8971 3080
-5365 -7178
-4566 4839
-6994 -990
6423 -4380
9089 -6437
7042 -5294
-1738 2125
-6020 -4264
9575 -2412
8596 3894
5434 8421
-5514 322
-8470 -2613
-2539 -3740
9340 7254
-9925 2212
771 -6026
6705 -769
4851 3777
7341 6849
-4725 7660
3506 8103
-6162 3537
-5154 -8794
5100 -6588
-4447 -6559
7484 4255
-8359 3760
-9980 -7265
9989 2824
-4965 -6920
776 -6215
3016 9527
3303 1201
-1951 1587
-753 4364
6187 3325
582 -3527
-2321 -9976
-2843 9149
-7410 -3501
-9247 6431
191 -6206
-3471 -3884
8940 3932
7012 239
4024 -2305
942 1508
-3570 760
-7654 -2035
-7671 8200
5245 1593
-8214 8516
-7739 -4173
-5025 -535
5965 -582
-430 1286
8802 6718
-3446 9761
3692 -4670
9290 -4507
6909 4424
-347 3313
-5928 -2150
5816 6083
8003 -3581
-8268 -8135
-5899 3248
-7205 -2760
6705 -3638
9502 1491
-7223 2669
3108 -929
2552 -4701
629 -6618
-1124 -36
-1892 -81
-3048 -495
-8924 7761
7564 4746
-5115 -9388
-7523 9288
2535 338
7578 -3422
6662 5330
-3180 4283
672 9884
-1046 3318
8617 -2500
883 -4774
8911 2967
-3394 -6521
6705 -2982
-1500 3558
2024 7781
8393 -216
-929 -9371
968 -5410
1169 -8395
-9345 2266
269 1551
1434 -2524
-5486 -5338
2162 -5892
3055 -6869
6098 -3235
3965 1965
-7297 -7297
9982 670
2171 1203
-5292 5727
6356 564
5154 3779
9106 1044
-6690 43
-4686 -6519
957 3579
8241 6748
-5424 9193
-7677 4124
-9112 7631
3316 -7859
-1435 4854
-756 6020
-2778 -1454
-2007 -8586
5699 5651
3151 -5651
5393 4574
-1663 5977
9458 8703
6003 3652
4120 4136
3328 4243
-1634 8697
-9953 5651
-8488 -745
-2171 3364
-617 77
-7657 -9207
-7793 -9675
5977 337
4686 7907
2480 2848
-1176 3799
6223 -9184
8189 -1719
-7584 2225
-3533 2309
4726 5744
5115 4834
-2191 4773
1857 6627
-3297 9359
-9849 -8761
-4714 -953
9384 -3921
-6015 -5017
7831 7790
1588 -9815
-5277 -3346
4935 1531
-6245 -3368
8941 7352
6816 3944
2498 7387
5881 1931
-1443 -9694
-6615 -2263
2698 8982
-1972 -2743
3336 7984
-3313 -2589
-1079 -8958
-5052 -5483
1171 -5771
5761 -329
6304 -174
898 9516
3459 8965
-9928 -2286
-6635 -323
3704 5953
-2590 1922
903 7089
-1934 -9893
-8189 -7349
3783 -8598
-7556 -1502
3015 -7297
-3067 1113
-5495 -2094
7733 -3586
-4071 -5471
-6507 2351
-9936 -6891
2786 -2714
-6762 -6571
9073 211
-2701 649
4477 3696
-9932 5366
-9512 6289
-1493 3851
6555 -3347
7766 -4757
3149 -2792
3622 -7730
-3201 4602
674 -6729
101 4014
-8701 4459
7889 -3392
6819 -1741
8908 -9319
8098 -5883
-6797 7105
7114 8166
2017 -6309
344 -4379
4585 2292
9500 1831
4101 1454
-223 6842
-9888 -9100
8635 -9550
4909 214
6822 9934
-1808 6518
-9081 3640
-8523 820
1646 9018
-9097 -1598
2093 -1241
8101 2920
-1068 -3842
-8291 2685
-5861 2152
-1007 5810
-9570 3916
4366 -894
-6960 9065
-7281 2995
-487 -6418
7222 4632
-4548 432
3170 -7581
821 7098
-423 4074
714 -3365
6514 -2322
-9638 9647
1798 8223
7753 -1778
-7863 -5488
7339 -8096
-5311 -9777
3219 -9622
-6040 -2592
-7960 -3548
6884 -5098
1042 1213
2031 54
-5873 -4416
2219 -8393
3006 8562
8208 2453
4396 3369
-4689 3727
8239 2148
7773 -2551
1393 9298
9676 -7538
-130 -1668
4784 -2644
2258 5631
564 5389
-837 -6701
2604 -7406
-2077 7011
5572 -1457
-9005 -9072
8018 7501
1227 9112
4981 -6671
4499 3186
6204 2753
5215 -388
7945 5879
-6766 -4915
-5564 6449
5558 9213
-3768 5001
-8685 -5280
-8270 8837
-2621 -762
3888 7303
8524 2096
1207 1905
8955 3471
-3344 -3813
8941 3453
-3214 -3420
-7542 4155
-7040 -5270
-5101 -587
-1375 1118
-161 -9543
-4823 4857
3693 1154
-5887 629
-2069 -5207
6889 8001
3626 175
-6355 -1905
8004 6302
-246 4022
-9399 6944
4819 6540
-5010 -6941
2472 -8500
6339 3611
4068 -5183
9674 -3823
-8949 -7035
3594 7088
-8120 -4836
-3115 -4755
5420 -7511
4305 -5768
-9467 9065
3086 2308
2972 4008
4269 3687
-9534 1512
6733 -7021
6590 2938
-8525 3071
9248 657
7344 -8851
-8043 -9702
-816 937
9904 -2442
47 6069
-5979 5323
8109 -5649
-9620 -5446
8563 4915
-1398 7073
-1416 6552
9531 2789
-552 -4684
-7893 6121
498 923
2072 -8646
-4626 -2159
-7501 7750
-4693 4558
4347 -7598
-8555 9075
-6574 8369
-3357 9554
8190 -2473
-5401 -1074
-4523 512
-6700 3184
-7780 -1271
-5151 2748
-6329 -5672
-597 5347
-3091 9464
7214 8498
3055 -592
1810 -3759
-4684 1123
3212 6976
-9750 2463
9990 -6425
2502 8440
-1049 -1691
-4787 -8301
428 2251
-1280 -2566
5483 5277
4345 2391
5575 -5115
-6617 -8747
661 6509
-7250 -9842
5002 -3809
-6834 -1934
-9472 1934
5510 -6584
-4424 -5762
2547 -1989
-290 4527
499 7761
-1085 -6141
9136 9219
5330 -5603
3003 7201
8454 904
-2587 -9894
-6014 2835
9026 163
-8051 8988
922 -4087
3050 -7523
-3285 -3569
8163 8627
3153 -7018
-9258 1593
5452 -2628
-3410 -343
7775 4588
1788 -4360
6545 4499
4605 3963
-3203 -2322
-8439 8591
-8701 -456
5457 -6490
-292 5942
-3907 -1494
853 -9857
-6875 -5745
5848 -5994
1378 -2411
7246 1300
-392 -8311
-2671 8742
3240 -4884
-7201 -2406
8993 -2156
156 3318
-7139 -9447
-2216 5176
1117 -7962
4265 -8788
-8645 7210
-8536 -4882
2845 -1798
5791 -8968
6053 -2057
-368 6757
5498 -4340
4498 -9318
-1724 2458
-9698 7297
614 -2731
1543 4179
-646 7196
9234 9328
-9461 -9530
7680 7220
-7663 -4384
3818 -7136
-6104 8903
-3155 3329
85 9950
-670 6478
7160 -696
-8239 -2452
-1434 -844
6425 -7937
9963 -7100
-6183 -2032
1016 -684
3507 -6950
-6010 5276
-9109 4907
7771 -3673
-4771 8430
1758 -4612
-942 5796
2273 -4436
4868 -7892
3378 3153
-3971 6629
-7587 -8057
-1436 -7546
4143 -7625
5413 2381
9153 -4842
-5846 -1081
-6174 -6858
3191 -4954
-2804 -4683
4426 -7860
7936 -7325
-1761 -6517
-687 3929
-2919 -6894
9735 -7310
-5367 3111
9286 -4132
-1756 6918
-701 3428
-7694 -6344
6296 -1549
1593 -3540
5227 -6158
-840 -5217
-3076 -3856
-1181 -6415
790 -5141
-7491 7058
-6116 -9898
-7208 -410
-3579 -2661
3208 1146
-1937 -573
-3425 -8549
-1172 -8918
-467 2602
9063 -1156
2687 -8874
-370 8010
-5847 -4433
2873 -9726
-1145 2972
3750 -2617
-2515 1364
-9047 7634
-5027 3998
-1136 1096
-5757 -8099
-2927 -9352
-8270 819
-6580 5901
-1535 1264
6111 -3797
-5787 -8849
439 -539
-264 -1634
-4941 -6688
695 8591
-46 8809
-9837 -8099
9620 4628
-556 -1143
758 -1516
2853 3688
-5494 7831
7452 4583
-433 -2074
7851 -4084
789 -602
8860 -7937
4150 -8773
-5461 2316
906 -7071
-4541 8956
-9144 -5420
9208 -4378
4479 -5804
2680 2373
-3940 -1043
-3213 -747
-2443 4287
-7788 -5762
3875 -9156
243 -6217
-4154 -5337
-4109 2823
-4862 -6283
-3354 430
3106 9765
-5656 2105
-8553 7683
-8121 -2728
9645 5926
-1397 8280
-2467 -575
-6289 5390
-6652 5090
5934 -355
3428 7224
-8114 -103
-7281 9275
-7009 -2223
-8072 1578
1342 3358
-4537 5034
2717 9407
-3321 631
278 4596
2875 44
9470 8881
4271 -5872
-7062 -6820
2825 -8661
8563 8873
2490 -3747
-752 -9551
1947 8931
508 5960
-683 3875
2630 -4429
-1302 8501
-868 -4654
-6338 9098
-858 -6870
-7990 -9743
-1893 2332
9233 6281
7621 1045
-83 5779
-7969 9904
-9648 -3872
-4942 5000
959 6021
-105 9287
-1422 -6004
-3782 -3755
5312 7277
6374 9071
-7800 8974
-7048 -764
-8433 -5790
-5788 1059
-7897 -9200
6579 -4447
-823 5742
-4410 -7670
-8950 3251
-729 648
3655 5730
-6554 9166
-868 -7767
9510 -336
2455 -5557
-2862 9604
-1160 4655
-7414 90
-5131 407
4928 519
9793 693
-3566 5227
-8723 -1031
-7781 2024
-3608 -7673
8057 1490
4377 -9953
-3999 -8497
4888 -6492
-2049 -4490
-4887 -2657
-4282 5089
-1101 7674
1802 2025
-7457 3768
-5539 -3271
-4323 -7665
5026 4616
361 -3046
3003 7245
-1265 -9527
-5759 4780
6283 -3168
340 242
9473 4892
-4045 -7989
-9179 -1693
-4020 1673
-2581 -280
-2791 7782
-5489 -38
6019 1670
6 3909
-9138 4765
2009 -9634
-5439 3865
-1355 -5536
1296 -1198
9045 -1352
-2740 -4644
-2632 8517
-3177 3215
-1391 1910
-8371 2804
4306 6028
-290 -1162
-5772 8817
6446 -551
-5787 4235
8322 7309
4894 9944
-5593 -7118
1685 -2741
9629 9425
-1499 4450
6687 -3112
-6176 9590
1499 -6490
-9966 2433
-1540 3129
-4313 4340
6878 -8110
1340 -84
-2129 3323
4352 9274
9217 -3808
2796 2967
-9775 -2655
490 -1799
-7350 -6426
463 8991
8581 9337
-3433 4287
440 79
-3072 322
-5338 -7380
-5490 2616
-3748 -4740
-7697 9571
8845 4123
-9686 6656
-378 -8219
2847 3110
-8690 3568
7143 -6664
-7673 -2319
-2982 1326
-667 -5372
8428 7306
-2372 9773
-7608 -4644
-8308 2290
-8730 623
194 -2056
-7934 -6427
-6051 -962
4540 -7620
9212 7292
4581 -2613
723 -5758
1924 5444
-3231 6771
-4881 -7338
9968 9823
-6685 -6453
2624 -2405
-6395 -4293
-9950 4316
-7741 -1404
5891 244
-6998 -1954
4147 9840
-9148 7543
-5071 7079
-8679 5433
876 9373
9865 6966
-6652 -8635
-5092 -5017
2251 -6685
4632 -1777
7651 -5126
-7090 -8043
554 7701
-2055 -1110
6936 165
4 947
2210 1083
1882 4577
9 7139
-9768 3203
3889 -5395
-309 -9904
-1200 7237
-9448 8320
-3458 -8949
-354 8905
-5418 -2087
-665 2557
-8554 8857
-979 -9000
5668 -7897
6907 9026
7323 -2122
-1263 -1212
-4288 -2668
5658 2690
6507 9601
6838 -930
-2611 -4693
79 -8890
-9986 7653
-714 9725
6002 -1683
-2826 8621
-6659 -8831
-6728 6195
8941 9010
608 -9822
2687 6264
-6405 9345
5756 8399
8000 -7027
2043 2262
7569 8558
9668 -6847
-9195 -2353
1093 -6598
1719 3812
2433 -2906
-1737 8893
5088 9495
8504 5256
9155 4028
4012 -889
2177 1842
3961 7607
-5699 -2068
-9807 5681
4238 -9936
-6783 -8517
2851 3905
-8973 -2257
-8445 -2336
8480 6468
5360 7709
7203 -3258
-4281 4168
1917 9428
2259 -5127
-9565 -4072
-2744 -5565
6088 8118
3798 5278
5342 -9998
-4794 -1964
-4339 -7720
23 8057
-558 410
-3123 5299
6728 -2079
8384 -4043
-6154 7652
7079 -5898
2697 5763
-4589 3058
-8786 6853
4970 6388
1665 7302
-8976 -1232
-9476 728
3008 -3770
-1992 -94
-9685 -3249
-7950 7450
-4630 -2808
3150 -7502
-9851 -6247
1577 6996
6479 -9052
4007 -5727
-8875 -4390
-4281 5221
6243 6096
-1416 -8896
1832 7268
-2782 -892
-7266 -5161
1591 5226
2675 -6950
242 7362
9860 -8235
-760 -2888
-2172 -6270
-5322 -9184
-4911 -1973
7359 -7595
-8654 -65
-249 -6923
-5819 7590
8578 8335
1163 6014
-5427 -4205
-8979 3898
-9332 9885
7246 7417
9183 910
-8257 -9174
-5444 2143
2959 3292
-8681 2955
9082 8048
1703 8678
-4525 -9573
8017 -8546
-6491 3377
-610 6594
-3890 4673
2291 7685
7569 -2869
-1732 2959
-2411 8536
9362 1171
-6687 3053
-3655 -2362
-9408 6272
8040 1385
3783 9674
-6178 -257
4918 9258
6355 -8162
-7847 8427
6820 -4255
-2850 1984
-7165 -890
-4211 -5282
-6747 1103
-7726 7100
3873 -3665
3973 -692
-699 -9783
5323 8287
7960 -2660
-9197 -895
2083 -8219
-2659 9442
7869 -1562
7904 3215
-1081 4688
-2481 -1226
3492 1754
-7144 7029
7849 -9534
-3199 -1149
-8120 1722
5660 -5505
-7219 1181
-7759 983
-6192 -5539
-36 -6955
-3793 9613
1771 -8975
4240 -5925
-7516 3395
-7832 -6842
8633 3724
752 9381
9847 -8512
4061 2322
-5957 369
4864 5941
-2879 9703
4406 7645
-4174 -638
6128 8215
-8453 5790
6815 -7665
131 3318
-3288 4775
-8347 6336
59 2601
1981 -9715
-8226 -5468
6854 1828
-4083 9556
5496 -9104
-5681 -9220
-7855 -3663
9420 8726
-9340 -2029
-2518 9269
-8397 -4072
9246 -5704
9072 5455
1791 -322
-7722 -9276
-5269 -8151
102 4259
-193 -3495
-219 -3045
1572 5724
-9776 -4724
5334 9613
-7942 -3910
7783 4753
4021 -7282
2367 -4736
3281 9345
4800 1612
-4990 2352
6798 311
2160 -2712
-4733 -8472
1754 -7738
2938 8796
4519 -8466
531 -5490
-5878 8465
-5446 -4136
-5663 -3820
2619 -3943
1321 8359
7703 -5015
-9683 -1677
-5605 6223
-3467 -4673
6336 -8808
-3559 -7586
-1603 -4677
-5882 -8085
-2830 -4945
3286 -7642
-5457 -8579
-2715 7408
-2692 2818
8876 5344
3702 -6353
2353 3917
-7761 5125
5069 2670
-8283 -3365
1548 -4678
1457 -8227
818 -8290
-6375 9854
-1370 4936
-8986 796
2217 -8085
-6956 -4443
8376 -6777
8567 352
7721 -9029
4888 5989
4834 73
-7257 7128
-2517 -98
5225 -1819
-45 9031
-9260 402
256 -9228
9429 -5634
8883 -7394
-5479 -5836
3442 4820
-8237 -2435
-8362 1817
6509 -5950
-9962 9359
-569 1397
-1476 8594
-1505 5895
-5924 9728
8758 -2560
7843 7752
-7756 9499
-2415 1819
4425 -4607
3278 188
-1272 -7334
232 -3280
-7743 492
4542 1870
1228 8767
163 8302
6895 -5621
-9726 -7593
-7866 -890
-9729 -1929
-457 -5388
-2169 8114
3653 1787
-9100 5416
-676 1798
4464 4179
-9102 8053
2265 -1584
-5994 -6845
-8079 -3194
-1172 8955
-6666 5805
8212 -4278
8554 -2671
5400 -5934
-1321 8825
6938 -5058
-9551 6510
5647 4311
-3892 -8651
9249 -1309
-3257 -5708
2709 -9854
-2977 9008
-465 6715
5670 2665
2191 8363
-2194 -7276
53 4123
8190 -3641
-4817 -827
7836 589
-2902 -4159
-9849 8285
-6646 -3535
5157 -20
4272 -7397
-3530 -8101
-5372 -3020
-2584 7214
3600 7884
9967 -3194
-470 -4210
9913 -2228
4131 -6697
2476 -8178
2411 -6966
-1125 311
2316 9510
-305 2747
-7274 9391
-4286 -5149
472 6999
-2301 2185
3119 8821
6704 8836
-4359 -3282
6229 6670
-1837 8892
-7806 6142
7964 -3986
-951 8391
2422 4096
3605 -8356
4392 -5263
-5872 -2980
1872 7118
7837 -158
-4253 -7657
-8837 -743
-1908 -7413
-695 -8413
8257 3734
6346 -745
-4604 -3581
6155 -7739
-9349 -2920
-8825 -4797
-3153 3074
-8469 8501
-4479 -5041
-4202 -620
-7057 -8887
-2823 -6366
6612 -1310
4998 2061
3648 -5296
-7842 -1976
7279 5625
-4235 8504
-9236 -3605
3475 -8081
-2878 -4863
-8069 8372
-9408 7690
-3630 -2817
6564 -166
947 2168
9523 9507
1917 8124
184 6135
-9162 -3085
4939 -6169
-6823 -3283
-4780 2217
8612 -1058
861 -294
4843 5807
7899 -8297
-6887 -9506
-2323 8492
-1675 -517
-8350 -2039
-2533 9273
-8884 -5106
-8972 -6895
3741 1301
8853 -4413
2304 -1321
-5384 -7971
4692 -8756
950 -3052
-3525 -4448
976 -487
7 -5626
-7135 4090
-6428 -8595
-634 1190
4183 -1056
3838 -9446
-2620 5300
-3400 4866
-5827 -8880
3520 -827
4924 6477
7721 8136
-1196 -385
5168 -1329
-8096 5279
9653 -3857
-6047 5633
7038 -7483
7429 -2474
6470 124
4399 1611
-3090 307
-1107 -8222
-7102 7231
-3596 3066
3263 -9862
8274 -8673
942 983
-6626 798
-3923 -170
9695 -4721
-5368 -550
5689 -6353
4894 -8331
5514 3117
-1552 5084
-4610 3634
5412 5359
6310 8004
4790 -7969
-7831 -3566
-2239 -1948
-7244 -5836
8683 -7576
5975 -3870
5130 -5241
7931 9390
-3242 9762
-4849 3619
456 -8349
6736 -5614
8020 8904
7983 -4154
-2429 3431
9183 4293
-9274 -7640
4134 -4927
2958 2209
8354 6890
-6981 1640
6400 8049
-8841 -8130
-8369 8051
1669 -2083
3289 -3217
1169 -7876
-5252 24
9592 2909
-3661 -7269
-9256 -2838
3243 -757
4316 -4809
-8880 -2624
-5735 -2727
8913 9474
-8757 1006
2876 9033
7083 -7598
4040 8228
-4990 2472
8317 -2672
7353 9900
2808 -6935
-4204 6944
-2174 -7132
5832 261
5452 -8932
-1555 3868
-8860 6573
9767 6431
1157 -6227
-3473 -8991
-2868 -5968
-7740 -2670
9803 -8829
-1500 991
4612 8119
-8817 -427
237 1140
7729 700
-9040 8063
-7149 3560
-2573 6413
6706 5017
5169 2288
9783 6472
-8798 -3675
358 -3691
7360 -1666
3227 6339
1050 7162
9002 -8274
5020 -4339
6802 -6095
8327 -4744
-2961 8251
1811 9287
9420 -110
-1372 -7042
5247 6125
6318 -6204
121 8750
-4942 7520
-426 -5801
-5742 -3862
-2979 -7200
-1753 5309
-9031 -3978
3648 -6734
2243 -8509
