2000
-4215 -6971
1223 6787
5171 7893
-4925 3936
-747 -5758
7082 -558
-8769 5764
-7137 6265
8729 -5120
-9320 -2626
8416 -123
3869 1903
-177 7553
7758 9339
-8243 1738
8488 803
1310 1264
2877 -290
-6354 -3520
4444 7952
-2606 6620
2383 5246
1510 2346
7226 5246
-3660 3960
-6164 -8373
7251 -5244
-3971 7706
-9236 795
-7468 -6214
8310 -7478
3786 -8981
4450 -380
9821 -3338
-5387 -8184
8436 4264
3231 5728
-1927 4540
3506 -5260
8700 -980
647 -6433
-1677 -3743
-2317 -2103
8692 4352
8139 -1553
969 -5056
-316 6448
-212 -5246
5137 -5866
-4050 -391
-2407 9751
9199 -1893
-3633 -9177
-715 993
-9988 9873
-6561 -2016
4241 659
-7724 5483
3556 -4356
4092 -9032
-367 5415
1862 -1219
7257 9318
-6549 -4629
4980 2393
5864 3122
-8772 -3707
-2883 5063
-3945 -2405
1189 6402
-1894 -212
-9554 8349
7553 -3932
1712 -7278
-2589 1108
-3478 -476
8306 7045
6362 -7896
-2525 5562
-2046 -6467
6655 -3825
2469 -2461
-3678 -8396
2920 -6694
-6572 2377
-7836 -5892
-3822 1534
-8678 -3669
2774 -2549
8559 3035
-3721 -9815
-9050 -1199
4626 -5416
-9855 -8968
-5435 -7899
1997 1821
9360 -5060
-3456 -1814
1492 -598
-8222 9465
-2707 4920
175 -2337
7715 7192
-5358 1497
-1748 488
4394 -3079
9443 4532
-7164 5344
6376 4069
9891 -3297
-7756 -5339
3323 1887
-9927 -4676
4726 9867
-6949 1565
206 6504
-2113 4066
4978 -5899
9319 -678
9810 -6659
3983 1292
-456 4204
-453 3426
-2506 2380
9083 -356
8026 -2616
9271 -8674
-3350 1348
4936 -6936
8351 -8625
-8401 -8293
5773 -1444
6378 3207
-7472 4472
7813 5696
708 -3941
-9738 1795
-4780 -9749
2632 3530
-3106 6435
-2461 5435
-9518 -5080
9989 531
3595 853
5950 4924
-9648 1945
-5779 -8731
4477 6125
4317 -9402
-9985 -9275
-3216 2129
-6076 723
975 767
-1982 2865
3021 -2673
-3518 4912
-6448 -9441
1090 -3036
-8462 -6459
-7815 -1594
-9650 7488
8757 -7463
-7617 -1707
2612 6954
-8600 6700
-1171 2627
-2929 1905
-7328 6474
3059 -8234
-907 690
-678 -3921
-3361 9296
-3740 2875
6416 -8551
-145 -2202
-994 -7679
-5141 3927
-7781 -2238
-1563 -2758
-6059 4831
1179 -163
-8259 6491
2964 8250
-6264 -1866
8824 -256
5823 2829
2124 -1854
-5259 -3818
-2368 -7896
3623 -5123
-2802 -8793
5134 -7372
4112 2057
-6981 -8927
9626 -3731
6106 682
-2828 4525
6495 -8433
-298 -6143
7322 -9770
3059 2246
-5888 3144
9327 -1097
4729 -1147
3730 679
1886 2072
8422 -5351
-9574 741
5535 2533
-7478 -6554
7849 5160
-316 -7652
-6085 -1259
6319 -101
129 7338
-416 3640
-3216 -3092
9533 3696
-3730 -169
-9491 4261
-3668 -6280
-1631 6116
577 -5247
-8994 2517
5963 -3888
-5008 -6472
-403 7532
-3728 8398
-1704 3513
850 -7409
6231 8426
-4667 -5846
-8429 -6986
2845 -5135
-7154 -2159
5282 7075
3191 2900
7653 -2628
9889 -2512
3600 -7620
-371 9572
7103 -7687
-9290 9227
6460 -6626
-4035 -994
1152 1030
5185 -4083
2652 -9794
-4929 6756
-1683 -782
-3708 -2082
-9183 -6402
970 -6797
692 -7810
-1709 4579
4150 -1988
325 -8359
-9133 1252
8348 1035
-6238 -8953
2077 -1967
3950 4914
5120 -2739
-2263 -3398
5820 -6088
5551 6054
9653 -4168
-964 -9912
-4001 4343
-1078 -6552
1460 4291
9653 -3208
8045 -8215
6541 -5760
-4713 -9888
-1855 -9698
8938 7364
-1654 -4184
2418 7778
-8311 6083
2137 1958
7790 -9040
-8952 5510
-148 546
3994 769
-1220 -7506
-713 -825
960 -1568
2672 1052
1164 -2500
1524 7959
9043 -6971
-1155 461
1959 1109
-2808 -5017
-9339 7370
8330 -6951
8559 -7828
2718 -6901
3868 2131
8347 433
9608 -7353
1079 -2367
8685 4288
-8213 -2529
-4571 3569
-9682 7032
1213 -1808
9302 2885
-8412 -6828
-9459 214
6984 -7750
-5578 8871
-4310 5542
1393 -9140
1293 9558
-7796 -261
7372 4621
-1092 7004
-5526 9777
7066 4417
1448 3624
-8184 7385
3990 -7339
-446 -5162
8773 5578
7828 95
2686 5756
5018 -4030
-3169 8377
-8346 -3590
9871 -8156
-9814 -6141
-9138 -9038
-5540 -906
-6490 -942
-7319 -8475
-7370 8680
-4939 -1782
6777 6620
2198 4615
-1570 5549
5025 3746
9717 -8885
-6788 3763
-9827 268
5833 -5133
2447 -6236
-5274 6019
-4887 7030
-3913 -814
4433 2344
1023 2490
-9293 7063
7404 6084
4419 7485
6754 3322
-2933 -7152
-2315 1779
-4459 -3217
-9229 4618
-6795 -565
6920 6605
2623 5652
6403 -8354
4553 -8544
3801 -3790
8700 -1015
-231 -1456
-1651 -6872
-9388 -2828
-9507 -7233
-4384 -8914
2865 1281
8065 3301
1639 -7873
5283 8836
9161 4845
4217 2203
7570 1784
3240 619
-9450 2122
-5172 761
9306 9250
-7623 4597
-4511 -2346
421 -3290
-2203 -297
-9017 9758
6779 -5618
230 -7232
-8396 -1582
-6738 -4487
-8564 -5515
6269 7479
1819 9006
4848 3230
-2289 2369
5339 9676
4272 737
8391 7717
-1853 -6519
3184 2533
6011 5944
-5953 4168
6936 2790
-8793 4277
-6490 -7740
-3254 -1810
-611 -1333
1393 -3265
-6315 -8793
7297 -3759
-363 1397
-7867 2636
4073 -2370
1111 -5755
-9502 -7781
-8116 -1984
-7817 6509
3019 -348
-6072 -7161
-1179 4226
-3864 1160
9827 9288
-257 5526
-9547 1220
-8819 7150
2267 7751
4107 818
-7832 8121
-7635 -1821
4119 3280
-8705 -3416
-6907 9724
-625 -2801
3759 6112
4059 7025
-1816 -7421
-4413 -6085
9441 1731
-7050 5331
6201 -6385
-4914 -2148
-7609 -1533
-3413 9193
1092 -5441
-8441 -1047
9258 -1069
-1345 -3425
3774 -3929
-7817 8030
8775 1254
7554 9963
-6123 -3042
8690 -6859
-7808 -2961
4375 -4640
6934 8393
-3141 9461
-7627 9325
-2396 3446
-3881 7186
-3884 -836
5739 -902
5169 4771
6522 3234
-1792 -8928
-8966 5296
-4025 -4239
2623 -1367
9393 -5336
3745 8536
-9352 7488
-9332 678
2 1228
-1605 -6959
-9774 -8673
491 8235
-2668 -3658
-5166 -50
-3096 -7499
-6427 -8645
-9629 5112
-5406 -1671
6962 -3654
4731 7217
9474 -9926
7562 -1524
9154 -9879
1350 8230
-5009 2877
4204 -6535
-8301 -4783
5280 -5306
8365 -968
1533 -6166
-1090 -4731
-5899 5106
-2845 -718
5628 2416
3354 -2163
-2089 4080
-7445 2827
6669 -807
1143 -8292
4585 1739
5204 6134
-4929 -1212
7203 6904
-4065 -5928
-2094 5568
-5443 -8812
-9986 6817
-3902 2379
-5205 -2830
5007 -4554
9526 8149
4696 -3361
5832 -7920
-2490 1364
-6897 -3025
-3171 -7906
4604 8307
8931 1901
9694 1806
1094 -5135
-226 -2401
-5585 9372
1751 -211
-9321 4234
-6599 -9734
-7865 5686
-7676 -7074
-1272 6831
1915 -8123
2573 9959
-7948 5018
7046 9402
5023 6656
2183 5976
-5438 8437
-3964 -6724
-7352 4336
-2155 4172
-1594 8120
-7894 -1476
-2069 1807
8454 -5759
-8929 3976
5853 902
860 2986
1725 2146
5269 2913
3289 2491
-1534 4012
2449 -808
2469 6749
4806 8485
2656 8838
-9323 -3629
4896 -5218
6589 -7217
-2976 -3453
-9478 8764
-335 1816
-5199 -9904
2242 -9475
7159 -9754
2737 1231
-4757 4168
-6640 -5076
-4607 7692
9897 9550
8387 -9802
-3430 6273
-5224 -7216
-4433 -4814
1733 -8636
-6152 2591
-5594 5976
6072 3514
7760 2928
6896 2035
-6735 8639
6527 -368
8277 2229
-80 9887
9436 -6330
-6132 3537
3531 -8458
-5674 4159
9345 8307
-6609 3614
-3796 4798
774 -2760
-5526 4331
980 566
-7400 -4046
-5408 -2125
-8773 -4134
8095 -8882
-5274 9505
-3105 1736
-1007 -2118
3146 4484
-1357 -3756
-5450 -8808
4807 1708
-3494 1663
8903 -5269
9063 -9000
1566 -2903
3051 3763
-8363 4167
-6247 -8637
-3798 -3415
-190 -4432
-8976 928
-7469 6705
1189 3739
9983 5677
6869 9832
5260 -1746
9917 1675
-9873 -4514
-3514 -7461
-364 -7090
6673 8053
5940 -3593
1491 -7970
-1385 -6587
-1019 7693
2342 8426
8851 3727
-2535 4873
549 39
3591 -2553
5701 1138
-7187 2572
8058 9338
-8124 -3339
-429 -5456
-3683 5233
-8361 -3757
-1727 -4023
-610 3130
4544 -9392
9034 -7909
5818 -3115
-8243 -8395
1644 -6718
4451 6027
-2836 -1044
-8473 3872
3210 3698
-9642 9585
-2151 5086
4040 -71
9893 4166
-9858 5679
2530 -1835
-1226 3253
5345 794
7679 1528
6854 1162
8166 -6844
9183 2219
-8826 2616
-3513 67
-6235 -3578
-273 -6583
-7776 -5877
7774 7577
5463 6264
5663 7666
-448 9327
2579 1913
-7294 -7954
7295 -2077
-7194 -9616
-2739 4149
-3633 -9029
7308 -3557
-9769 1262
7684 -6206
933 -6004
1840 -2590
-1293 3157
3141 3334
4721 -2109
938 -1197
-9284 -5728
39 -6484
5161 -6578
-2472 -2667
-8519 -8313
-7342 4789
-5047 1569
-7170 9966
-2520 -4816
2901 -5766
5366 -7867
5290 -5260
-8205 -5928
5684 -1570
-9046 6516
-9213 -3379
138 -8330
-4908 826
-8121 -981
4427 6341
1130 -6639
8651 7085
-9230 9804
-5013 -8519
-4285 1971
4105 -8392
-3652 -8920
-1126 3115
-4734 -1857
-1621 -5443
1179 -3780
-2110 -834
-6288 -4963
7777 6703
3044 -4408
2674 2203
3008 -5827
-2303 1324
6526 7499
-531 6405
8013 -4038
763 -2706
-9591 -1919
6225 9637
-2085 -4325
1895 -1676
7491 -7186
1572 -6495
-9793 -5077
515 -652
-4729 3251
-8856 -6812
8234 -8001
9498 2562
-1034 4759
-9280 2687
9982 -3022
5060 1484
4841 -5889
3507 5005
-6672 -3524
-710 -878
2627 -9182
-4258 -9139
3930 6555
3527 9978
-3113 9201
-8801 8392
954 -4880
9879 -5583
7105 9920
-3102 -5680
9525 -9194
-5083 -8043
-9318 8086
-5438 8424
-2455 -5990
-1450 3852
4714 -6108
-9554 8013
7990 2364
1565 3973
2365 -5124
3717 6485
-5377 -6682
-3042 3596
-8364 -4552
-3746 3856
9534 -8840
9246 4892
3315 -9785
-2053 -2472
-8620 -5420
-1528 6497
4509 9815
2178 2639
-3388 6219
-5184 -2537
-2331 8977
-3985 8533
5849 2292
-8540 2973
550 7485
-7635 -2286
-7395 83
4020 -4668
2860 9641
-5780 -8034
-7817 7961
7775 6413
-949 -9588
6631 3674
-8864 5663
8360 -4833
-6300 2526
-1462 -1905
-8932 9549
-9246 -2
7712 5339
-858 -3160
5893 -9684
-6323 -6839
-1152 2474
434 -2103
-1970 1031
5164 1930
-4397 7082
6465 5516
-9318 460
-7014 8546
-3360 -5618
-2348 1524
-8478 1429
-3233 2127
-7313 -7046
-3008 5910
-7209 8581
1054 669
8567 1640
-3609 -4792
7138 -3404
-2602 -8445
7071 -3539
6922 -2416
-3871 -8527
-423 9908
5152 6490
1640 -9051
3076 6674
-6651 -7873
-8243 9484
-8216 341
-8991 -5451
9910 6559
-8233 -6704
-107 21
5297 -7375
-913 -8989
-1405 6088
7562 -3992
-364 8445
4935 -2862
-1913 -5213
-4818 -3426
-1299 -5117
-5634 -1469
8872 459
8729 -3849
-7291 9881
-3102 -7642
2379 -1803
823 -9489
-8478 -2324
-6237 -6370
-362 3839
2283 -4955
2183 -7006
1502 938
7512 -6010
-1127 6684
-1065 -66
-5887 6961
-6889 1527
5129 -7159
-1080 -459
7739 -7974
-7463 -8702
2695 2282
5912 -5941
-8382 -9821
-4776 -730
5985 3902
-1440 -8872
-4882 -2514
-2109 -3928
9727 3992
4673 6826
2074 -2440
401 -8496
1045 -2798
2949 9321
-5661 2504
-1494 5486
-6735 7035
-9066 -1862
7408 -5116
-7494 -3842
-2714 3392
-5401 1066
-9142 6126
3838 2490
3036 -5695
1865 -1490
14 -4891
6032 -4014
-973 -5221
-8996 -1020
-1814 3367
4122 -490
7649 1452
-9944 5056
-5066 8777
5890 -3717
7349 2221
2067 -9512
2978 -8072
-3767 -4096
4414 -266
4844 8099
-2195 -1852
2927 4596
-2703 6833
199 7652
-2838 5483
-3066 -1959
-6904 -1469
-2693 711
6994 1751
-6029 -6804
-6316 8064
9992 9759
-4338 -9618
117 -55
1764 -6204
5665 -1319
-3003 9570
6402 -1408
-3757 4294
-223 321
8362 7126
-4344 -9569
1143 -4822
6929 6685
-6399 1857
-80 -5379
-1900 -2714
1389 -89
-6423 3763
-8721 -4774
7628 5341
4910 6945
-743 -5375
8919 5032
-4648 9221
6347 2416
2848 -2566
6333 -4277
-3872 -2289
9568 6983
-4676 -270
-9264 3209
-3160 3424
-2814 2125
-8928 417
-4242 2187
-869 8700
-6676 -9333
5700 8388
7608 -4036
8380 -5228
2207 7675
-2881 4948
-3621 2260
-758 3247
-7024 -332
-7124 4566
-2010 -6288
9559 -284
-9867 8897
1083 -9370
-6950 -4109
279 -6066
-7679 -3625
6060 -301
4472 -6350
-4955 4439
3108 399
-3621 2164
-868 -6793
2875 5622
3908 2108
9542 9472
2909 -4382
-5485 -7180
-2829 3042
-7347 9319
-6747 221
-9684 6653
-3648 -4426
2945 6376
4536 -5456
4943 7991
3875 1364
4571 -4958
-9337 -6994
5115 1167
638 8293
-6090 8377
-5083 -6454
-9692 2146
1465 2088
-3971 -7039
-6665 4718
-5988 -3654
-3558 -313
7952 -9322
8669 -9023
2341 6615
-8344 2543
5550 633
-8201 -7680
-5667 4385
6482 2437
5984 -1757
-9611 -4881
7207 6292
-7026 1854
292 -3044
7023 30
9717 8025
8703 -6535
-5558 -8612
8003 -8909
7356 -9496
1137 9659
-4301 6626
1010 2936
-4628 32
8276 1212
6331 -4924
-4911 8665
4239 7258
-2066 1784
-8187 -1749
-3725 -5043
-1578 -4750
-3362 -1301
-210 6585
7089 -1639
-1981 -2855
-6230 1946
-5119 3719
-6250 8501
3433 3975
-7229 -4254
-1869 3484
741 1581
-6636 -3910
4341 -7604
-2647 -1102
7869 -5663
3036 9496
6080 -1773
6588 -7175
3692 6890
-1165 -5393
-7954 7462
9684 7438
5133 -4204
5264 3116
-3400 -8376
3206 -6606
-515 -8939
-6543 -9710
-811 -2454
1883 810
305 778
9006 -5082
1465 106
-3005 5593
-9801 -4844
-3662 9551
6988 -7755
1763 -3979
9138 2120
3745 -2974
4141 -542
519 671
961 -2654
4893 3977
-1493 -6130
4649 496
9136 -7467
2639 3654
-754 600
9477 -6646
-7096 -554
5412 -4186
5557 9893
5733 -2826
7921 4694
-5849 3198
-6132 2062
9408 8391
2367 8551
-7580 8021
-1483 -5405
849 7069
4443 1373
-8028 -2792
562 -6311
6856 -4831
4704 7187
-9201 2267
-6838 260
-1326 -9747
3451 -8918
6865 6546
4937 -8960
-6689 9994
8014 1024
5619 -4269
-3479 251
-8377 188
7396 -9037
-5348 -2684
2485 1678
-1135 -8493
7496 910
-8831 -336
-83 -9343
-8261 -156
-3611 -2911
1850 -7675
-7682 -8675
2350 5161
-5388 -5948
4304 1689
-8123 1133
5818 9648
685 -7007
4672 -9531
-4302 -3110
7800 -2743
-9359 -3086
-2429 8970
-1187 4280
-8632 3031
5356 8923
-6031 6939
2099 -8606
-4553 -9961
1728 6711
1565 -6529
-6882 7326
-5960 -2618
1572 3803
-9307 -7568
-311 -9010
-2096 -7787
-8818 4051
-1670 9196
5948 3716
6360 3419
357 5024
6419 -9672
-9633 -3824
-3392 -8135
-4664 2095
3142 -8107
-725 2175
-301 -9098
-6666 -5433
-721 4113
6326 6744
794 -9097
-9901 7509
4945 9125
6264 6047
1070 1304
1632 -3379
6518 1209
3074 1999
-2185 -6875
-4982 -7870
4306 -5323
-4421 8014
-3698 -5996
8117 -1087
-623 5581
6484 4442
5671 -9830
-6985 6583
6350 616
-4360 9280
-4100 1141
-7651 -9007
2992 -3862
-736 9145
-8726 -5473
2925 8003
6017 5580
9584 8504
1137 -7682
7899 -8580
9584 -9487
-5595 8103
8407 5254
-410 -2580
-3301 4756
-383 8952
9945 6320
-7542 1967
1111 6657
-8816 5443
3445 2385
1686 7830
6334 -539
5500 4990
6411 1191
5426 7119
5222 5994
4968 9831
971 3628
2104 -5442
-6491 7671
7711 -8279
7409 -2826
-6170 -6111
9332 -1481
-5376 -1265
-3435 2777
-4042 6310
1300 -3381
7810 -8542
-7703 -2290
-2576 6956
-9494 -8761
8588 -7609
670 1478
2869 692
6134 7900
-4927 4300
8190 3542
-7940 -1096
7639 7521
297 405
-3285 -5797
822 9977
-4845 8015
-555 2353
3029 -2548
2413 -9411
-7020 7257
-1266 1000
-8309 7372
5271 -4677
9623 -8455
5087 -9656
-752 -8468
9054 -9133
1273 607
8532 3071
3047 7988
9723 3074
-4574 8202
-625 2888
3477 -7824
9433 -8213
2787 -9823
7549 1887
-9070 8200
9745 2820
6885 -5727
-4194 4832
9420 -147
-9541 -5141
7930 692
2400 8991
2065 4698
2899 2122
-4991 -8789
-2892 -7727
-5940 -7794
-3895 -3460
-7853 -9432
8768 -6347
-9807 -6923
-2649 8512
7064 7078
651 6878
-8264 -9796
896 1111
3822 -6614
-8196 -6704
9139 -393
819 4704
-9303 -2131
75 7927
-1812 -1521
-953 6180
-6446 335
7134 -2186
46 -2532
-1733 -1795
-4918 831
1035 8918
3749 539
7646 -4349
-1053 -2429
7178 9451
4154 1807
9676 1717
3365 8572
-2950 3471
3372 -4727
9329 6097
-2369 6926
-1886 6462
-1613 7678
2229 6381
5299 3469
-5993 -3016
2635 2768
-9662 -8347
-5176 -4697
7110 -8763
6675 -7302
-8731 6785
255 39
5312 2041
-1863 -2653
-2007 4641
4823 9490
-9113 6108
2488 -6790
6679 3116
-9901 1507
-5725 -5593
-219 2734
8037 -1666
-429 4605
-8977 8867
5651 -3754
-9995 -7708
4333 -373
6974 5318
3679 -3809
-4320 -1312
-5205 -1499
5432 288
-6597 -8997
2511 2111
-9762 -2777
9957 -9494
-1160 3740
2065 -8286
-9420 -7868
-1622 3088
5380 9953
3300 2104
1142 3434
-6655 3994
-7319 -5180
7043 2746
-6967 1197
2201 2474
-1695 -3564
7380 -5289
-4783 2264
-3997 7336
-7230 7778
9910 8068
4876 -2928
745 2008
-5888 3977
-2590 -2235
-8242 5254
-6205 4476
-2779 -1839
9358 -9163
7032 254
-9590 1558
9990 -942
-8679 7790
8846 -4794
-7016 -2675
-887 -4663
6130 -3386
8623 -6011
7966 -3126
4639 -7266
-8292 -904
-6429 -9883
1999 -776
3782 4513
-1513 1357
-7086 814
9872 -1103
407 -7096
1831 -8808
2238 2973
8310 8536
-4850 -4928
-939 4439
-4967 -2507
3948 747
-6437 -6608
-2769 9377
-1399 855
-4633 9230
586 -7618
6917 3854
-3529 7222
-6154 6788
-8299 -9402
3571 9398
-8346 7660
-7269 1881
40 -3196
8018 5513
-3741 8795
-7814 1965
1341 3543
-5603 3138
2368 -6338
-3955 3485
1059 -3326
-6105 -7039
-6530 7530
8128 1462
860 -4829
-7170 5420
-2700 2514
-6962 -4438
-5205 -8940
9855 -5224
6741 1055
-1682 -4238
8900 1802
5465 2716
-3800 4988
-8338 -8491
-1809 7260
8510 -722
-9260 1661
-9448 -9642
5778 5321
1555 -6617
2666 -3202
-2142 8314
-6911 7461
2236 1434
-9084 -6450
5352 -9446
6991 -6464
8525 4537
6046 -3089
-2109 -6093
3185 -2042
9619 -3599
480 7646
6687 -6108
996 -3743
6776 -1759
-3446 -6339
-5158 -1646
9788 -357
6914 -9201
-4926 -5576
-2039 2266
-3198 -4215
2696 206
4113 -3431
4527 -9413
709 1018
-1336 7866
-8243 -8812
1166 -4650
7313 2753
-9866 -2059
6295 -2413
-9049 -1302
3218 6083
-5773 7865
130 -7988
-2203 2188
-7607 -9347
-2778 -9508
-5200 6506
1245 -4531
-2945 5509
-9583 9909
-1021 2534
-993 1583
9524 -3709
3879 2863
-4719 5819
5622 4830
2694 8499
-9490 9849
5758 -3455
-2802 2028
6241 8151
8378 8141
-2670 -8959
-9730 -378
3251 8106
4360 -5591
5992 -7771
2242 -6633
9951 9237
5055 -159
-1609 -4769
-2550 4397
4245 -5195
5071 1681
-6292 2
1874 -4011
-5871 -6331
-5290 3972
-6407 5180
7007 -1298
3111 -9436
-7207 1366
8454 2823
2059 8756
2317 8404
-2645 834
-4770 -9293
-4487 8526
206 9476
3198 -9417
-3427 7635
-8696 -1208
-7237 4423
3324 -265
-7843 -3644
-3080 330
-8305 8989
1812 3435
5911 -6130
-7727 -2409
8426 -1772
-1065 3350
1875 -2624
-3149 8169
-7527 -4198
-6564 -6230
2562 2767
910 -1539
-8083 5326
-4598 -5767
8284 -2205
-3216 6044
3199 9980
-6151 -7684
3628 -891
7337 -157
-6808 2053
9430 -3728
-1839 5068
-9131 1
7492 634
-6600 -1974
-9792 3775
2821 4311
-7736 -4154
3641 8223
7987 -9452
-5752 -5855
182 1185
-9706 1818
-8340 -6190
9584 7631
-2377 -1426
-2638 -7267
6456 9506
139 1952
-6302 7668
1442 7261
5292 -6094
3473 -5738
-3794 -8724
-8176 835
4980 -5808
9099 -3928
-8390 -1117
6414 9393
-9257 -6729
5566 9718
-7549 2088
1593 -7073
4879 -7373
-9706 -4548
-3567 8577
-3796 5458
-6560 -4555
-3278 9677
511 -354
7560 -1454
8340 -788
-8185 6658
9771 9950
-3059 8229
7946 -5766
-9958 -7494
-846 -5883
465 5356
-9192 -5968
-3670 4481
-62 962
6408 2534
2210 3378
-3255 -3150
5396 -3558
9375 -5696
-5318 7456
-8874 -8811
9418 -1827
6128 1788
8016 -8917
-1078 6171
1526 -2831
4923 -6893
7588 6055
-2983 -5027
7507 -2475
-5376 -2855
3995 3437
-6401 1369
9394 3111
4288 -7027
-5838 -2204
9690 9135
922 -2700
-1616 5817
1987 2658
-6452 -8974
-5867 -2766
-6712 -7809
-2836 -8279
2967 4026
-8830 -1609
-8173 -8689
2680 8886
1997 -4573
2121 5794
-2690 -3716
-861 6284
-6417 -3001
-3463 -9940
6440 5688
-9566 -7756
-522 9988
-7822 -5432
10 6488
513 3063
-8547 -3303
-1991 5405
4290 -6720
2428 -5591
-6076 7
-9989 -1730
-5447 1234
-8046 -850
2932 1857
1266 -1509
735 -629
3079 5421
-6291 -6066
-9579 5257
-1681 3719
-5863 934
59 -228
6773 2146
6555 -1930
8077 2922
-8809 -9522
5434 -8191
959 -535
-4958 7388
-401 -2389
6982 -9972
5450 -5946
-2012 60
-963 9159
6599 -1591
-6936 -8924
4569 -9265
2881 3123
-5087 1342
-2016 3156
7356 -3289
-1480 2896
-3919 2789
3897 -6801
811 4844
4873 -2784
1270 -2208
-8427 4043
3201 9259
-2333 610
1687 3520
4255 4452
-2425 -3745
-8683 856
-2267 6209
-7081 3022
-4083 -1191
-4682 1439
4639 5719
563 9215
151 -4551
6962 -844
-6802 -8580
-9322 8535
2866 -9881
3640 -1654
-7203 -1727
4528 1615
-3808 4093
302 9567
2588 7646
-3546 6942
-1619 -7774
7945 1772
4707 -3260
5910 2228
-8617 -5143
-3723 2871
5127 -5419
-1578 677
-7257 1713
9986 -4218
7397 -739
-6646 8234
7800 -2691
-5046 7377
4318 388
6335 5129
621 -3581
3159 4279
228 -952
7626 2789
-619 1611
9914 -6097
8301 -1772
9941 -1665
4117 -8957
304 9926
8159 5234
-3736 7379
8476 9680
67 1218
68 6515
-3346 -3599
-5600 -5591
3458 9814
6323 4628
-40 1083
8707 -4297
3931 -127
-8072 7007
-8230 3871
7517 6045
4999 2075
3174 9397
9076 -8738
6202 1650
1885 2863
-7016 -10
4399 8539
8352 -2616
-4267 -2144
8940 8396
-5902 9414
3007 -8634
8374 8030
5621 4935
4700 -9857
5939 3138
6255 3419
4682 -887
-5517 5330
-1808 883
-9128 6368
4906 1176
-7720 8992
-3152 6979
5374 1734
1147 -492
874 9472
-8779 -2126
-7192 2968
3112 6843
3701 -8772
4648 2771
-8117 -45
-995 -671
-6068 87
-3546 7197
2093 -1475
-2484 -4919
-7941 4373
-172 8085
-2408 7433
-9376 -5305
2570 8467
1434 -4433
-7591 9099
-9673 -1734
-5242 9831
3506 4975
-1976 362
-9551 -7490
9707 5677
-2078 624
5705 5520
3613 5438
3523 7764
8917 -6560
1857 -5165
-2978 -6738
-1171 -5574
-6476 -7823
443 4959
4789 -2428
-3733 8922
-716 2015
4525 8012
3688 3454
-5923 7952
3471 -8391
-9232 9783
7546 804
4245 8012
-7154 -9817
-6555 -178
4248 -131
5767 5995
953 -8508
2786 -70
-1148 -538
-8524 9053
7065 8136
1589 9722
7673 4473
9804 5666
9169 4864
-4333 -9429
8583 -9565
-9382 -6368
3454 -4851
8739 -2216
-6222 1422
2915 4505
-5565 8452
1634 -579
-1527 7008
5143 6831
6552 -742
-6269 452
-162 7945
6529 -6466
-2174 -993
-558 -4084
-451 129
8999 3781
-8436 -3277
8146 7738
5963 -937
1235 4781
-5799 -5882
-8875 -7132
-6581 6395
-4347 9989
440 -6309
-8365 3105
-9641 -6001
6727 -8116
-2200 -1815
8314 -3832
-6331 7349
-5928 7312
8770 -1046
8017 -4062
-9282 8454
-7429 2972
9561 -5081
-8687 -6303
-2594 -7021
-3330 687
-6209 7847
-4434 2026
3910 -5850
6056 -7708
2181 -4570
-3500 8090
5402 5850
-5197 4293
-9770 7892
6345 -3460
9512 -9052
-412 -7363
55 9072
-4229 4622
-4691 7461
9028 6162
-1813 2821
-9308 -5407
-3115 -4183
1247 6748
8559 -7214
8636 -8533
5760 7681
5572 -2841
3699 5990
-9342 5638
8275 6931
9723 246
-1411 -1671
-4211 -4507
-8346 7619
439 -1462
3131 3562
-6901 1131
1600 -6263
-3477 8068
9535 158
-2162 -1120
6039 5295
1284 -2870
-7233 3459
389 5664
-4091 -5238
3091 112
5605 8219
5837 -7399
1139 -9020
8263 -3724
-8873 -2010
1727 -8638
9430 6448
326 -8029
851 8964
4258 -8116
-985 610
-5932 -737
-5074 5503
-9735 4458
-1710 4556
2775 3356
9678 -2385
-1405 -1389
8608 816
-7473 -3142
-1780 -6544
9904 4254
9946 1370
333 230
2114 4517
-4873 -1688
-8705 -5151
-9648 2916
-2627 -58
-1782 -9383
7694 9384
-3001 -9008
3325 -8908
5629 5594
-3828 5653
9109 8156
6131 8113
-518 9013
2963 6076
4314 -6464
1848 -1203
7368 9441
2356 6864
-3195 7720
-7943 -6550
-7167 8744
-6543 -6529
-5437 -168
-853 6782
6155 -6087
-7932 5319
7153 5264
7997 8199
4275 -3366
170 4680
-2803 -1412
1749 -4262
-3678 -5436
-3996 -2175
4996 6848
5592 1782
