2000
-3479 -7940
2573 2998
9521 -8844
-4449 1076
8079 -1733
375 -5477
831 -489
-4409 -1883
-7772 634
3408 4346
3443 -5747
-428 -8956
9790 5831
-3580 -5403
-729 -1036
1024 7777
774 5792
6949 -2683
8393 294
-7719 -7501
744 -9809
3423 2656
-5507 -4705
9650 -7266
7080 -3279
4696 3057
4102 523
-3647 -5733
2585 7612
296 6495
7992 -8144
-8632 -4960
2357 -1234
-7220 8317
-5463 750
4662 -4938
-8562 9002
-1983 -1915
819 -4068
6374 -2333
-5556 1620
-7858 1069
9058 -7734
9879 2216
-1290 1642
7219 3895
8936 423
9189 8588
-9376 1292
-4238 -4311
4472 -4839
-2117 -9576
2230 5911
-4437 5901
-6433 -3231
8389 -8064
3006 -1989
278 -9470
6468 2063
-2575 3877
-2229 -1102
9321 -1635
-3048 -3294
-8281 -7771
-2081 1297
6459 -2519
1626 -3889
-4258 -1938
-6038 -6145
4346 1305
6963 -2471
9262 6455
-9294 3689
-528 3260
-2864 7174
-3929 -9383
-1018 8628
-945 -4608
-2379 5934
952 774
8255 9261
-4628 -2590
5472 -119
7457 1114
-3860 -6845
4405 1802
1978 -6898
-9489 3666
646 2684
-143 -17
600 -8498
-9870 5928
-4960 9583
9237 -815
9959 6383
9364 188
-8682 -8067
1814 -1544
9571 -9489
-6334 2992
-1486 -569
6254 -8209
9179 -9509
3175 6765
468 -176
1327 -3248
-3599 -8933
-5630 5178
-1917 1441
1544 -2672
-8764 -1959
3695 908
9364 -3724
-3213 -4491
-7779 -7346
2085 4174
5965 735
4948 2059
2544 8864
-1312 1843
8596 -6989
-2200 -6265
8913 -5004
-9843 5891
-6782 -3005
8757 1702
-3670 -5545
731 2451
-8320 -4307
2069 -8762
9133 -2378
-7922 -2126
9934 8818
7682 7026
-1132 6198
9210 -3631
3825 1184
9901 730
-3380 6458
-6548 -9942
5481 -161
8015 -4071
-7900 -8190
1224 2466
7425 -2498
5124 -6708
4888 6557
5374 7202
7948 8542
4739 6776
-3135 537
-8280 3948
-5323 -9311
7147 -8379
-4600 5019
-1422 -5681
248 -9120
-3589 -3408
-7222 6070
-6429 -8645
-1631 -6077
-9521 8695
9618 -6744
-8203 9574
-9930 7565
-1899 6536
4205 -3065
-2375 3543
8885 -7398
-8659 -5229
-909 -1995
2606 -81
-9769 -6941
9129 9017
-9629 -6991
-3068 -3580
-4885 -1260
5717 1132
4427 -5268
-3983 -8766
-8509 8218
-4848 7840
5103 5696
-7982 2777
-8731 7708
-4288 -6640
7000 4081
7140 8318
-8946 7232
-9760 9990
-3591 -4854
7608 894
-4254 5245
-6303 3324
4559 -6107
-7890 3436
1275 6050
5466 984
-6240 98
-2195 -8796
-1715 -1250
-7170 3517
5555 -4715
-7484 -6309
-2599 6609
-4525 -3523
-8909 7531
2776 -6918
-9873 559
4452 -9807
3629 8407
8177 -9717
1267 -5097
5001 3642
8567 8748
-2502 -7195
-9958 -3148
5858 4049
-8540 9318
9647 -7906
-1429 -1139
-3608 -4878
-1796 -337
-9779 -7112
-6919 2052
458 8394
-7603 6711
-4666 -1366
-4004 3664
6133 -9665
-3139 -5437
5136 -6370
-8601 625
-58 4714
6808 -7140
1721 -411
8432 -4622
8762 -8167
-5279 356
-7592 -7297
-5182 1524
-1766 2866
-4779 -2785
-5400 3568
7624 1217
9501 -9268
-5638 -1794
-7449 4636
3070 -518
2342 2493
-4198 -123
5256 -2216
-383 -5767
8311 7738
-5838 8060
3304 -9282
7305 -1020
9916 -8463
8826 -3754
7464 -5485
-4753 -9830
-1624 -9316
9042 3330
-7188 927
-2860 2111
-8012 5154
-7063 6664
-5383 -9036
8702 6276
8056 -7073
-2634 -3416
5564 1359
2896 -5329
4638 5480
-6285 5442
5612 2101
6507 -1037
-7708 -2292
-7645 5548
-2342 -4896
-9742 3217
-120 -354
4331 -3084
-6809 4497
-8855 6754
-6663 -8754
2605 -1489
6903 -7378
-8178 -779
-1616 1541
-2638 -4463
4500 -6005
5425 -6132
9416 6793
-4383 7780
996 795
-5839 -4125
6513 -5404
9094 8493
5246 -6576
-1608 -9762
2470 8583
-8796 -9004
3939 -627
-9087 -3253
2285 -7678
38 1996
5865 -3216
-2703 -817
-3037 9001
-205 2915
-7490 -8321
-3 3957
6170 9023
-7553 -910
3049 1415
3718 839
5556 -761
8612 8644
-4610 3215
9258 -6755
5242 7675
-5541 -704
8479 4827
7548 5477
-1609 -838
4563 -2657
-4980 902
3645 -5441
7370 -8811
6325 9813
651 4139
-6623 42
-1315 -72
-3137 -4290
2676 4076
1750 -3879
5417 -2083
-3536 9930
5407 7616
499 -5988
5076 -2482
-7860 -4939
3341 -6184
-1274 5786
5598 4431
-1431 -4950
5092 -30
9898 5667
-8624 -2502
-8427 -3240
6602 4053
-4310 7044
-9306 5739
3355 5876
-6392 9822
-2661 -2426
6356 -7596
-3780 3201
-1014 -304
-5874 8667
-6284 -5417
8274 6416
2082 -7472
26 -8109
2373 7180
4953 5320
2364 -1026
-5287 -9358
6518 6779
-9680 -8212
-638 -6154
-3750 -2341
-9141 -562
9134 2470
1136 3566
-8130 -3020
-2884 8573
-8899 -9857
-7965 -7082
-9903 4848
168 4408
-6619 5050
9414 -3748
-6970 -1906
3603 9652
-6502 -6650
4730 -7036
2402 -252
-4061 9311
6597 5256
-4044 -9205
9369 8467
8611 3072
9712 -5810
9038 -9355
5053 9809
8580 -795
9178 -7846
3970 7993
-8636 -7793
-722 -2428
4258 -5138
8332 -2271
760 380
-4364 -5730
-4935 -2644
-4177 5313
2106 -1846
2344 -5567
-1201 1817
5346 5103
-1972 -2428
-274 3925
5638 -2794
3134 -6305
4989 7003
-8136 -3867
3862 -754
9626 -9805
-1814 -1658
5698 -4739
-5705 6973
-4874 -8480
-326 6401
-1783 -8809
-9986 8473
-3956 -2717
-8792 -1958
8969 9492
-3093 6846
3848 5824
-8044 -8105
1141 9434
-6651 9539
-2120 767
9749 5257
2229 -6423
-1181 -5957
-5836 -8925
-4013 8493
6966 6102
-6615 -3999
7765 -3270
-58 -5407
-4841 6733
2556 6850
8745 -7272
-4118 8233
7771 -114
-9348 -769
-5513 -629
2949 -5879
1886 -9564
-8488 -8233
-6020 6050
5873 1220
7222 -5334
1397 9258
-2429 8707
9160 -8662
8188 2730
9179 5437
3669 -9347
539 -4940
4292 5161
-5469 4912
9033 -7501
-7064 -8800
-7033 4639
689 -1831
9389 669
5335 -3439
-461 -9670
9037 452
5512 7110
3560 8197
3633 7420
8073 2739
7799 1022
-3818 -1389
-6478 5811
8311 714
1914 -3724
-9086 -5033
6857 8603
2992 5324
-4395 6245
-9704 -1674
8779 5144
2253 9333
-8751 4290
1709 -4187
-7728 4882
-4096 -218
-7887 -9930
5882 5807
-3480 -643
5633 7913
-3400 -7845
-5522 -9733
9313 -6544
-6579 -8810
-484 -5083
-6218 -6283
-3229 2015
-3696 9756
-711 -1980
-3377 -8266
5237 1561
1632 6248
2054 7350
427 1234
2867 -7705
-1829 -220
48 9467
-7078 6370
7560 3081
-8282 -3657
3782 -2925
9091 -4500
-4744 -9448
2293 -885
4570 8266
-173 8916
5163 -194
877 -4821
-9867 938
3233 -8697
1084 3000
2466 -4876
-8507 -5148
-8347 5388
-4549 9053
-152 -6629
2593 -7047
-6495 2659
-8226 -8431
9835 5799
8435 -9936
-129 -339
8561 7319
-1744 -5532
-508 8694
1693 -4791
333 -5704
2869 -5842
-6734 1826
4599 4522
-8386 2439
5392 -5554
7106 4207
5776 -7382
-7863 -7400
-7336 5610
-1008 -9429
-8390 6256
-9277 -2448
-3754 -134
8796 3937
8233 -8341
-461 -872
-5326 1102
-4377 6526
-1036 9273
-2560 958
-4836 -1923
695 -1734
4587 -9061
6550 2832
7124 -9029
7228 -738
6814 -7545
6042 -8329
5608 -3220
2161 4838
-2314 3841
-1337 -8301
8225 2361
5354 8007
-1035 910
8987 -3486
4780 4129
8790 3402
-46 3087
4059 9060
-1679 -2923
3253 1286
6678 -4866
5636 -705
-5868 6007
3568 -2204
3216 1818
-2101 -7770
-9764 5161
-3930 -6747
-233 2922
-2949 -1223
-7822 -1732
-8646 -4160
-5101 2132
-7070 5413
419 6941
-7926 6183
-4523 -2903
-6897 -8570
2947 -391
-4852 6671
-7379 -3838
-4956 3047
-9980 -7143
9501 1114
9892 -212
8056 -3449
6112 -4210
7923 -6870
8544 -5269
-8329 -5427
-9245 2683
9780 -2534
-1103 -46
-6717 -3397
-3006 -4436
1727 -1569
-4801 -385
6194 6771
1605 -4781
8728 5694
-4035 5217
-8993 -9497
-6366 -7924
528 -7350
-2777 -7823
4860 2199
9665 1699
-8348 8361
-1316 2282
7847 -5064
7088 5679
-986 3294
64 -7714
-2494 -1072
-1658 -4611
-9394 -3767
458 4307
-9897 -4666
1705 4092
9990 631
-3450 8928
4347 8570
-9350 -3785
-7783 6000
-5344 -665
-1266 -9937
3357 -8257
-5970 7748
397 -2859
2531 5257
-4790 8739
6767 6858
-4088 5668
3480 -9410
4943 7617
-9736 3469
2039 -8508
1428 4611
4331 2689
-4256 3646
3709 8987
-9270 4478
5947 -2934
4207 -1519
-2542 -3657
-1198 458
1036 6389
5778 -4432
-3841 6948
4564 -743
-7274 -5178
-3686 4828
3160 8486
4895 7743
1388 -2510
-3523 -9361
5117 -4904
5883 928
-6871 1063
-8874 3811
-2011 4308
696 -71
9218 9026
9694 -3527
9452 -903
3919 4258
2806 -7823
-5617 -9767
-8304 -4035
7177 9278
9917 3084
-8100 -2626
8302 5034
-183 -8496
9036 -4849
9459 944
-5407 -2976
-230 154
-9652 -6190
6629 -536
-6279 9800
-4303 547
4501 -9753
-66 80
-643 6197
3001 -2890
4484 -726
-1972 8623
-9874 6506
-8344 -8435
2509 9162
-94 -8886
4989 -9178
-1646 9677
-860 9058
8857 -5018
9250 6582
6829 -1726
8354 3751
3668 -3238
7593 1432
-5574 390
-988 2076
2302 2454
4019 2859
5741 3958
8793 249
1071 -4354
-957 3782
2839 -6855
-1873 8183
8485 5417
-6310 1098
-1431 5314
-4204 -7956
3476 -7764
6347 -2890
-7094 -8378
4076 -4642
-8063 5209
-834 1815
-4216 7678
-6676 -2041
-4539 6856
-6279 6088
4271 8300
3716 1849
-3333 6476
1789 -8873
-6829 5236
-8808 -8694
-1584 -9633
-8011 7540
-3382 1322
251 9786
5321 -1444
-3767 9418
-2624 -8895
-8319 3278
-634 6558
4857 -4598
-9029 -2643
-6168 2294
3421 -2362
-7127 9343
-5631 -9688
-9321 -5934
-4674 6506
1548 -3611
-105 1944
-9501 -8201
-8784 -4785
-3680 454
-6269 2313
-1130 -1999
3404 3097
-5826 -2553
9741 4375
-4266 -1993
-2651 6882
7194 -1393
6394 1718
1944 -8407
1703 -4560
7385 -6509
-4710 -8403
-3187 -8396
2058 -3494
-7461 3133
-8866 5790
2607 1409
8857 8259
6354 6782
-1491 -7683
9200 -7913
4416 9579
5017 -9887
-8293 809
9971 -3040
451 3410
5008 7355
8959 5742
-7753 -4459
8674 4738
4248 -5213
9917 -6472
-4493 -3146
-2644 -7507
-5189 -8139
-6052 5865
9164 -2269
-2156 8364
2894 4180
-8861 -449
-3318 2864
3939 1591
1053 -4590
951 6618
1355 3300
-8193 -376
6874 -4398
6178 -4555
-2062 -7620
-2038 -6467
-6881 6470
-5800 1911
3995 -3997
-9817 5766
-4684 -3112
-6528 -8678
6634 5719
-8872 7411
7750 -2314
-5293 2079
-4576 -896
8428 235
9401 -3982
2119 8326
-4421 1060
-2471 -9919
1992 -1302
4702 5451
1216 -293
-9684 8606
-6352 -9748
5972 -6212
-5080 -9718
1689 -9180
6621 -7331
5494 -9884
4073 -4235
1783 7642
5967 3473
-5468 -6099
-2297 -8454
3965 2062
1233 9695
3123 2387
992 -7552
-3579 3439
-9053 4641
8644 -3887
-3066 -4133
2257 4053
4170 -2725
3040 1472
-887 -1758
-4565 -1457
2444 -4920
-3374 -32
-4250 -9853
-6438 -5689
6699 6983
-6849 -9595
3844 -2310
-3949 -428
9407 4792
-9342 -1585
-7532 -3660
3615 6637
-1892 -9642
2321 375
8918 -9059
-3979 7756
1444 5082
8950 6368
-9321 7194
7897 -3767
-3362 -8902
2509 -5232
8062 -9518
5274 8561
696 7468
-2472 9653
-9991 3164
7243 -5137
5238 -1883
-941 3284
1040 4155
-764 8801
8890 -3796
-2881 1907
8140 -6711
-5613 -4985
3505 -5223
-4741 6896
5456 1566
-967 -5747
-2373 -127
-6964 -9719
-4856 -2364
9475 -6000
7284 -9619
8257 2254
1054 2044
8249 1213
-6881 3664
6953 -912
7824 -5021
-243 -8661
8236 1328
-7107 8737
-7010 7412
-2716 5647
9649 4338
-8027 4042
-8238 -5208
-1106 -4832
7422 9046
4811 871
-7916 2197
-4140 6780
-4133 -1076
3904 -7187
-2127 -6310
8740 -2619
-3883 -3892
-2759 -8368
-9000 2828
-2835 8246
6008 -9352
-838 2860
-8252 7770
-9464 8056
-1073 9171
5088 5347
2126 4732
-2624 -9053
-2519 -8287
-876 -5000
2381 5355
-4817 -2137
3217 -7781
8768 6145
4391 4217
8586 -346
-3766 398
-1832 1468
-476 -2018
873 2425
-2229 -7829
-9377 -4040
629 -6383
-949 1720
6721 -8170
7185 8175
-3962 2822
8762 -3911
-7767 9255
7192 7530
904 6624
743 5777
-2755 7138
-4881 -7369
5056 -9511
-3619 9714
-4327 -3453
164 -2996
8724 -9978
-8147 9215
7389 9165
5708 9038
-1153 -2853
-3599 4469
5719 1081
1425 -6408
-6910 -3378
-6241 -7833
-1481 335
4545 2600
2313 -6426
3842 -9075
1650 7986
-8271 -2274
-3060 4094
3259 -6418
-3660 -1950
5197 -1034
-6566 5188
-3732 -4681
-1089 9154
-504 -8587
-2698 2001
-3944 3256
-4145 5821
-6884 -5679
-4754 8168
9874 6958
-5316 -9384
4711 -8398
-1095 5345
-2885 -2031
6935 5246
433 -3967
1352 -5911
-3037 -9579
-4445 -6017
5985 6460
3436 2857
-1322 -4239
83 9291
-8822 5515
6193 9050
9667 -5228
-3625 -5403
-6337 4377
-3934 5280
4246 778
-9469 -3279
810 -5322
-1180 5604
9588 -8506
7954 4376
-2768 9293
-4947 5110
4400 9631
8866 8857
-8373 9299
-5930 5059
9656 -8707
9391 445
-554 -2961
-8462 -823
5898 -6309
2091 -7931
7674 428
1922 -5369
9007 -9019
-9727 3596
-1295 -40
3311 -953
1625 -3175
-3877 2177
956 3252
8266 194
-5641 4332
-8629 7656
553 7526
-8783 -7091
-1301 -3550
6878 7029
-8341 -3628
1074 -1200
-3884 -5613
8068 1347
-5885 4822
-4633 1378
-2725 5740
-1009 1491
-4595 8231
2563 977
-1368 -236
-2710 7655
-9437 -7095
-645 2228
2977 2983
9356 -3768
8753 8357
-7257 4150
-4503 -1410
-6589 -5469
5910 -388
-928 2499
-6011 -3095
-4864 -8217
2760 3115
-7121 -8581
-7206 -4888
-1983 3890
-162 -6643
-9940 7372
-2676 -7186
-8830 9416
7287 -3923
4667 -2365
2166 -7217
6116 -8202
4297 1796
8702 -1092
691 -7993
5122 -6163
-1023 -6550
-1438 -8279
9332 1771
8849 6579
7671 -831
1983 8909
-7955 -5006
4792 6875
-5491 9332
-4165 -542
4977 -9605
2192 -4329
4579 2995
8723 893
8451 -1010
2440 7565
9287 1148
-3361 -5278
-8700 8618
1508 -4513
-1884 -7309
-2315 -2789
-5915 161
3213 -7523
5656 2315
6432 -7232
-1561 633
-2652 -1377
-6764 -3262
5728 -3930
-6366 -8314
6555 -1833
2889 -3359
-4741 -6807
2401 7910
-5679 -9513
-2302 -9484
4399 2007
8205 5505
-2181 -2389
4101 3860
-1787 -5750
6594 -7461
-722 5561
-8370 9830
-4764 -1274
6894 -1014
5627 -8210
-1296 3503
5134 -5394
-4907 -8896
-8379 9455
5182 2792
-1704 9741
-2649 3386
-2754 9836
-2193 -8549
-2288 9180
4741 -5600
-2049 -9290
-564 6371
-923 3187
8699 50
-2726 -5296
-690 1123
2228 -3872
-4418 4404
-2805 7570
7310 -5515
7871 9212
9047 -1619
3554 -1163
-1983 574
4975 -8735
-4304 -7243
-7152 -7075
9833 8853
-1097 1926
-9650 -7749
3375 9898
-3975 -340
-5937 -4398
-3108 5328
9813 4979
7911 -5799
2582 -8596
241 -9322
1252 -3865
1121 -8022
-1544 -53
6593 -9463
9391 5026
672 6426
-7603 -1707
-1810 1022
-9319 5772
-4906 7936
3263 -1534
-2835 5707
9908 3076
4480 -4924
-525 6211
-3934 -1559
420 -9274
674 -9092
-8555 8876
7622 -2734
-2588 -9165
2849 -1707
9315 3531
-698 -5241
-7306 -6283
2183 8118
3824 5958
-967 9348
-1856 7453
3663 -2767
5674 7619
-7934 9729
-9364 -186
-1310 2740
-6274 -4197
-3362 -3689
8326 4860
-1610 9488
-5754 7640
-8644 -8588
-6750 -3059
-3381 7260
6608 -9205
8248 5652
-3395 -1528
-188 5631
5359 -7722
2093 1878
-1662 9717
-4481 -5497
4535 5785
644 5878
9086 2860
500 -7246
-2112 -2947
7715 5577
2837 1138
1933 -5667
-6295 3165
-8364 180
-469 310
2588 1448
-2954 -1389
-1673 -1599
2904 5384
1169 7567
7165 -2561
-5981 -4467
-1712 6251
-6697 8240
3817 6176
-2687 -8983
-4650 374
-6462 -7033
6868 -945
-6915 -1105
-5936 -3601
5010 5673
-5926 1110
-3506 -2943
-1656 -9302
1858 7663
-3084 -4492
-8242 5878
7838 5204
5100 -1218
-201 1654
-4252 -3866
-899 8870
1645 3007
-8098 -4032
6088 4730
4124 -313
-9204 1097
8154 -8082
-7384 1011
2394 218
5727 4475
4073 9311
4514 -8795
3709 1910
-2715 -386
5748 -2772
-3902 3033
-3960 -1431
8258 -8537
9915 1663
-8651 4346
-4558 4038
5956 -4134
6878 -2683
-8745 -7708
-9513 2992
2302 6982
-8092 4560
191 537
-6129 5617
-3435 7476
4229 -6661
1908 6384
7848 -6011
9373 165
-1769 7762
1799 -5558
309 7395
-1568 1475
3767 907
-6102 -313
390 4255
2535 9922
458 2298
1635 -7275
-6079 8050
-8612 8200
4584 8151
-4140 7017
902 6152
3913 -4767
-325 9134
6528 -568
-5373 -6296
8332 -5041
8367 -7886
6369 -7770
-4128 -1244
-5226 2625
5350 6330
4379 -9871
-7950 -7008
-8858 9488
6504 6634
6506 723
9677 -2595
259 4139
-2709 -648
6777 507
5466 1918
4032 5109
-8941 7554
-3691 4122
-3254 -3069
-3019 1084
4934 -7905
-4913 -4920
-5433 6984
7338 -50
-5606 -5209
2196 3843
-2019 -5930
7143 -3824
6683 8993
910 7641
2749 5870
3423 -1337
-7216 3808
-5541 9732
4536 3251
9067 1440
6520 -530
174 -2125
-8455 -5193
-402 -2488
-8646 -4061
3731 -8207
1690 3057
2049 873
-1487 -1627
-5758 -3320
5343 -5018
-7490 -8615
-8884 -8153
5098 -3031
-7871 9374
2564 7885
-4241 -7631
-2824 -7263
249 -2695
6965 6774
-7712 5325
2102 695
-4711 3978
-7650 -5850
4551 3802
-7495 313
1698 3614
9182 -1264
5706 6536
5909 8000
5885 -8445
-6075 2193
8651 -8357
2669 1101
-2125 -1100
-2055 -366
-9672 163
-5860 -9954
-2083 -4383
-6860 212
-9476 -3811
9803 -4355
8102 5944
2479 -7295
-9296 3807
9084 2108
-1979 6589
-8047 -6992
7830 -3329
9292 4622
-5745 -4296
9588 -2764
1003 -1695
3922 -2551
7661 -7359
-1170 7062
-3573 -8095
-8431 2353
5058 -1750
-7944 4048
-124 9484
6072 -5140
1589 7897
-5432 -8255
-9912 -581
8844 -6141
4817 -5657
6369 8432
-4120 -460
2181 291
1073 -2739
2887 -5269
7085 -8779
-529 4457
2225 5863
5346 5248
-6171 -7899
-6282 5139
6884 5418
-5164 2007
9588 6972
-4964 -6320
-4168 4404
-2336 -8596
5416 1712
-7307 9846
-5424 210
1431 5580
3757 -4619
-8756 -5378
-6410 -4018
1804 -9690
5449 -2581
-7163 5522
1250 2333
3025 -2327
5074 837
-4760 -8219
-6814 -9095
6338 2904
6470 -7678
2532 9031
8332 -5233
148 -2317
2305 2088
-8210 5113
5424 5896
-6686 3594
2837 872
-3075 -3849
7546 -5914
4923 9951
-4548 2619
7246 -6117
-9493 -1362
4682 3583
2614 -9302
-4535 -2787
4897 4666
-3247 9334
4447 922
-3183 -1456
-4142 3591
-1817 3853
-6276 -7585
-3499 5109
8780 -5010
-8670 -4856
2748 -5769
6591 8576
2158 3256
7675 1272
-7795 -1508
-3122 -6861
-7528 -9178
1745 3632
-4104 -9361
7951 -7718
9856 5475
7891 -3866
-5037 -6420
2291 -1888
6978 -6258
1694 3621
2196 -275
-3299 2005
-3003 -1925
-9713 -5625
1235 -797
25 -2834
-5482 7429
-8212 -4510
-2227 4135
-391 9740
-4127 -2372
4929 1220
-6947 836
8299 941
-5439 -9970
3476 3713
-4282 -9522
2274 -9823
-1727 2715
-8083 6282
-6553 9509
-9343 5664
-8847 1686
-4180 -7555
-7816 2647
-6004 9151
4091 1778
-3666 -7355
3586 7144
-9106 -5368
8346 -8132
-7654 4371
4548 -5937
-9502 8341
4622 -3459
-3951 -7584
-8200 -8210
3476 -3294
2873 -7047
9322 -6983
-4112 5057
-3165 -6683
-4038 9979
-9157 6890
-8478 9549
-8584 -8263
6108 -6412
1372 -2517
-4177 4376
-9083 1870
8007 -5835
-4045 687
-8886 9807
-3519 -6848
-110 3987
-957 -4198
-881 5778
9477 9599
6489 8802
-7930 -9681
-7943 -8269
-960 -6514
4690 8165
6262 -9589
6002 -5767
-1601 7179
-2135 7730
7536 8075
-8774 -1021
-3314 -2263
3539 1116
614 9451
9049 -3622
-1099 91
410 9258
-5291 971
4458 2467
4353 3749
7881 2868
7102 614
1513 3883
1612 -4500
-6426 -6902
5799 2868
-5674 -1478
9638 -7516
-8066 -8415
-2036 252
-5937 -5296
-6039 6865
1556 4473
661 -1329
-3860 -3987
-7398 -4987
9348 -5979
-8376 9704
-1076 860
3958 6957
-176 2498
-8981 3477
5962 4150
5736 -5622
8351 7896
-7401 -2580
-1995 -7587
-9394 282
-7327 9561
-705 1267
-10000 -1187
6555 1897
5321 -6932
3928 8179
5135 -5756
-9538 1607
-1196 -1320
-3450 -4797
3302 -5235
-3618 -3994
3426 1652
7786 2702
-7017 -4849
-1567 -7888
3380 -623
-8089 -8552
7066 7101
-9831 -7814
-9635 2386
-9650 7818
3145 9221
1621 -9188
-3985 -8051
-3286 8172
-5823 9317
4689 3096
-481 -8676
196 6195
8308 6223
-4400 8629
-9924 5408
2508 -2489
3418 -9138
3248 6398
4216 3783
6725 3598
8132 -2640
3030 -1655
-3484 -5854
-2816 9745
6561 4415
5739 -8128
-8212 -3921
-3977 -4066
-1716 -9905
9224 1623
-7146 2081
2944 5452
1850 6272
3776 -88
-6490 -214
7146 500
-7435 -4638
-492 3897
3641 2803
-2783 -9588
-7715 3922
-6278 -3324
2610 -2206
-2111 -255
-4912 -5386
6696 833
-3716 -2058
-2066 -361
9551 8134
1640 -8291
5930 -3219
2143 -1214
-7318 8496
1298 -4628
-4216 -9957
7686 8515
-4810 1790
9584 -4872
8594 -8480
-3865 1193
-7975 -6319
5344 -3449
6190 -1690
164 -6722
-5013 9461
-3758 -8196
4311 -5362
-6867 -7895
-2523 -9287
-5523 8152
-9614 6983
-1228 -4117
1012 -703
817 -1644
9549 -395
7008 -9328
-2777 -4705
7326 2351
5629 -2867
-3406 1210
6735 -5663
-1025 6557
8662 1045
5479 5829
3980 -140
-3158 -6324
-440 8087
-2617 5614
-2310 -5708
7618 -8080
-7407 -2761
6255 4625
-3024 3537
-9330 3580
-5211 -3675
662 -2736
-2459 -8476
6290 -6643
9186 -3798
9783 1769
9166 6886
4972 -3376
-4041 -1275
6738 -3925
-2004 3649
-5392 4356
-1020 589
-5875 -9138
4442 9677
-3998 -5205
5780 9232
-5524 -9616
-6258 -6680
3244 -9235
6255 -3352
-2745 3026
9651 5421
-2134 -7774
-1698 -4391
-7022 -1675
-7320 6298
607 -2413
-1551 5381
5058 8453
-3031 -7109
-4157 -5220
-4836 -7252
-210 319
4805 -1094
5555 -6967
6059 1060
201 -7191
-1244 9430
-1241 -8213
112 -9222
-9204 1738
9325 2792
1894 5124
3577 -2227
4385 -3049
5452 -9455
-2986 -6052
4267 -9385
-478 6804
9837 2793
-6148 -1203
5327 9617
-7234 7774
9561 -2197
2303 5247
-3016 -327
-3815 3099
1944 29
-8478 -8201
-1250 -4480
-214 9629
-6424 -5799
-1462 6800
3604 -8436
4357 -8220
4298 7161
-9503 -8071
9703 -376
-8853 -3015
-7769 -7017
6377 3450
270 2936
-3315 -3717
-1918 -4066
1454 -1793
-2165 6833
-5246 -8761
8039 5133
6697 7013
8793 5363
2524 1053
2982 3090
-3566 6742
-6274 6405
9388 1303
-5248 -4043
8893 5765
-7953 8743
-5324 -4423
7506 129
682 9851
-5190 -939
-5807 9158
6170 -7151
-8068 -9111
1942 8684
1773 8177
4919 -1356
-4952 -8072
3231 8645
-5398 -5564
-6079 -8297
-5833 -2785
6514 -4032
9818 2564
2415 4019
-3200 4221
3378 7225
-6206 994
5604 3268
1951 -552
-2376 -2454
9911 -2555
-627 -7458
-8813 -5041
3116 -7397
-1973 -490
6725 7037
-3275 2194
-5242 6959
977 263
-5517 7173
8118 7778
2492 7861
4850 -4367
5081 -1905
9362 -3200
7966 -7296
-1032 9273
-2048 1059
7383 155
-6615 -5212
-4455 -4590
7604 -6170
-9211 5991
-3747 -7639
-6746 5487
6985 737
2318 -4907
4447 -524
-8708 -2833
7689 3248
9673 -9347
-6354 9375
434 -1360
-7485 5319
-9894 -2184
3226 -4100
-269 -628
-4638 4551
-9368 520
-273 1616
-3927 -2392
6422 -3288
6188 8391
-721 868
-5885 7480
-8146 688
62 -2492
6149 -4500
-9181 -9505
-1688 8664
-1715 -5354
4019 -4742
-6471 -8264
5977 9381
4717 -5838
1770 -4297
2415 -5490
-7099 1912
-7221 -1397
-197 5901
-3412 615
8123 1657
-9122 6650
-9134 7992
-9624 -8303
64 2899
8157 -1339
397 -5918
-2816 -4593
-431 94
5797 -4379
132 -4941
6971 -1788
-9465 6754
2654 -6530
7806 4059
-4284 9242
9612 5928
3920 315
2012 -9523
3376 4296
-3323 -4204
3600 5254
-9340 -9206
888 -9217
125 229
9009 -3316
8617 -9744
7010 9700
-6831 9152
3211 3384
6346 -9026
-9378 -7353
2962 5958
6435 8263
6279 -1306
4490 -189
-4936 -7045
-2530 1810
6314 -555
-6606 8358
-1237 -3561
416 -7598
-4178 -2621
252 1147
-5470 -1009
3686 -2817
3551 -9124
6834 8029
6292 -3488
8927 6989
520 2570
9247 7137
-1053 9305
-1251 -3284
-1205 -4740
1699 2143
4545 -8722
2378 -4164
6983 -9634
3078 -3650
3533 -8488
-3891 484
2234 -2917
7316 -7058
-6348 -1475
-5185 9963
-9180 4172
3477 -2218
8220 -233
8748 -7775
8090 -2986
2013 4168
-9997 6355
-9558 -5610
741 6986
-7782 3520
-2275 -2006
8799 -1672
4991 9959
2204 9835
9798 8643
2815 -9261
-1478 -9383
4105 12
5958 -3259
7476 2852
740 4047
402 -512
7599 743
1449 844
