2000
-3379 5872
-8007 2429
6943 -6340
-7561 -1891
1574 -1855
-2414 -7144
891 24
9535 9087
3719 -6810
6586 2157
7730 -8736
-6360 -2365
-2247 4626
-8410 1831
157 -9175
6697 -8471
7679 -9502
-2120 -7589
4241 4622
-3513 319
3175 -4186
9559 4073
6880 -2213
977 -7187
8692 4320
9305 -2438
5198 6421
1047 -7056
8497 -3329
-2504 2637
7887 2374
6593 -2087
4045 9287
3908 -5528
4791 -1715
7820 -5885
-8092 1687
9474 -8901
-6088 8788
6828 450
-8267 -3676
-7255 6133
-7203 6931
-6399 3792
149 -4986
-8892 4818
-3549 -1965
-2679 7702
-4106 -5783
2502 -5051
-936 -5594
6093 4043
5142 972
3481 9287
-264 -7226
-901 4029
161 5190
2120 5565
-644 6680
-4586 9442
7980 9505
-2461 -3477
-2055 -1848
2369 8582
-2749 3839
-8035 -1409
-7367 6316
1008 8058
-8936 -8505
-2009 -1791
-7762 4522
-289 -9190
6375 6120
2799 -8169
-5007 -4270
-1045 8214
-1543 -3306
4846 -9786
8796 6402
3961 -2786
5805 -3953
-3917 5927
7705 -7841
-6346 -9189
-979 8770
3291 5366
6176 1259
-2622 -6999
-1447 6271
-4279 -6102
-4168 7268
-6039 4676
4891 8010
8132 8807
-3980 7407
-2826 2092
1739 -4455
-2296 3257
4069 3165
1934 5080
4166 -3190
-8211 -1055
1946 342
333 2888
6786 -5780
-8513 6055
730 -3662
-5653 -4552
-2025 -659
469 -7522
8292 7716
-6740 7643
900 3751
-3085 4686
3486 -1311
9220 8849
1514 -2349
-8287 -8992
3896 -6540
1401 2047
1822 4403
-5539 6609
-4223 -3728
5614 -1191
5008 3752
1467 -3918
-6276 7020
771 8448
3133 8345
754 7686
-9745 339
7991 -27
981 1769
8950 9704
5471 -1402
-7000 350
-3042 -2708
3565 -2539
9991 2735
207 2899
8981 8720
5739 -8327
-6158 -3575
-1509 -3491
-2084 6975
-2686 9245
2939 -1829
9940 -975
2449 -2360
6238 8890
2960 -2080
8933 -7042
4141 -6361
-9906 2497
-884 7852
6571 302
5696 1817
8243 6031
-3740 9538
-9767 454
3419 4176
-7654 1268
-9708 -3643
3998 -3993
-1383 2741
-5619 3956
-9365 -8424
-1064 -6686
9532 4776
2627 -969
9333 -1352
-9536 2919
-1051 8749
8287 -7573
2881 5209
3106 -7760
3508 21
6378 9173
-4821 3800
261 4096
1773 7517
-7186 4643
-8323 2408
904 1750
-9220 -8792
3577 -2749
-9831 -6167
-7418 4042
-9811 2839
1769 -5411
-3171 6792
-3188 -1405
-2233 -9664
7857 -3090
-5273 6668
4184 1838
-3520 6500
2628 6998
-1252 1878
3087 -6469
4503 3249
7083 -3337
-5575 8394
4953 9665
-2026 -5385
-8594 -3279
9037 4803
5139 -1782
8849 -3196
-2808 6716
-1447 -6425
-6205 -8625
-7906 8755
632 6423
-6326 4563
-2189 -6282
4103 -8102
-9709 -1386
1999 8528
-3137 5244
-4314 9973
4775 -1731
-9793 -5278
5247 3634
349 -7223
-3648 -7562
-6186 -7377
-8623 148
291 -371
-5809 2009
9449 7687
9585 5723
-5663 7272
9520 -6404
8840 -9944
-9971 -3617
8373 -1754
2969 8525
2159 -7699
-4922 1936
4375 -3772
-1149 1430
-4702 -8091
1538 228
-4042 5590
6997 9450
5172 -4594
-7323 6581
-9824 -6771
-6714 -7804
2300 -7264
983 -2964
-4440 673
2974 -2328
9608 7719
-2332 8052
3202 7703
9612 6519
468 8501
7811 4870
4319 6426
-8169 8528
5108 3212
-9839 -1771
4146 9005
-4539 -6553
483 -3554
7119 6444
-2164 9765
7483 3813
5585 -2556
-4854 -1129
-4610 -1214
1007 -1521
-6652 9579
6004 2538
1065 7668
4600 -8445
3505 -107
2618 4761
-8071 -2350
4096 8080
4523 6133
5897 4935
2468 -3920
7245 7101
-4029 -1948
-9441 -3889
4590 5082
4660 5287
1546 7939
9327 4384
5939 -7390
6225 3926
-1314 3164
-9186 -1158
642 4336
469 8631
7287 -1114
4966 -3635
-6535 -246
-8473 2210
8321 3158
-1761 -4193
-8907 2911
4570 -7101
-8997 2639
8971 3896
1542 -9337
3827 8916
1478 -6052
8285 8362
6993 -7880
1006 -1247
5118 8000
1474 -4029
8181 -7696
5462 3001
-7472 -9779
6853 -6300
320 -6378
9982 1422
-962 1324
5708 -7328
-8413 -9421
-5472 -466
-2104 3066
5186 -7188
1565 -1391
-3392 -3809
5883 403
2707 8082
4804 7784
8005 1889
5590 7332
-5326 4858
-3721 -370
-5326 -5344
-2672 5318
9618 -9619
-84 2637
-4298 -5855
-3043 -8468
141 -5392
4520 -7758
6367 -9531
-7729 402
1906 2794
-5317 7075
8128 -90
-1512 -6007
3623 -7199
-2543 4768
3806 -7982
-7601 8507
4864 3423
-8711 6036
-8712 -5714
-1106 1967
7931 5150
5619 -2866
-8744 4297
-2910 7891
8686 3162
-6929 5494
9487 6813
9615 1560
48 6831
8849 792
3019 -2426
-5283 -5032
-5275 -2118
2168 -273
-8306 -3987
-8837 -5218
1916 9625
7642 6782
8393 3172
-3667 -1548
-6054 7079
3891 3126
-1594 -2847
-6017 7226
-1982 -7826
3469 -3448
5242 -8964
2640 8186
1634 9967
-4021 -5193
-410 3328
6673 863
1366 -8495
8399 8035
-3514 -242
557 -5269
-8423 4153
-8694 -5552
-4606 -17
5878 -990
5563 3412
8170 -654
-2468 804
4491 809
9337 -7114
6214 -5810
5054 -1074
4153 6607
4641 -3581
9898 2551
-8998 -5153
9001 455
8624 -3699
-9996 -5973
3037 -5983
7430 5883
-4772 2320
-3156 9320
128 6481
9367 -8666
-4475 3185
-7889 9301
5907 -5701
718 9985
6256 4268
9116 615
-5210 -9022
-2721 8116
-7858 -6587
-2569 -2716
-6834 8900
1220 -1419
-2100 2115
-1404 8064
-6881 -8252
4933 -2038
984 2365
6664 -9236
-9252 -3110
-8842 1102
-8284 -9276
-8297 -9727
-7891 -3493
3641 -1018
9987 -2028
592 -8929
3373 -6848
8989 -8189
-6404 -5007
462 -2416
9267 436
-7200 -884
-120 250
7141 9464
4286 4350
5074 -7981
-3987 6002
-3771 6777
-520 1843
9815 -6409
-1617 -534
6340 406
5939 -8244
-3251 5328
-3368 -6745
3691 7212
-3673 -4102
9870 -9789
-6605 9928
7998 7010
-7251 7681
7403 3072
3569 -1238
-9396 -6368
944 -3231
6236 -5861
8266 9327
-8918 6296
5344 4204
-8821 1553
2485 -8025
1594 4870
8802 -7468
-7541 1463
2193 -7804
9877 -9543
7250 4942
-2576 7280
-5368 818
-8692 1749
5888 5576
4902 7544
7560 7875
5799 9706
1258 6624
8599 6979
5569 -6258
-3726 192
-4624 4371
6567 -1267
2911 7569
2511 -9836
7444 160
-5301 -6345
5405 -7925
-8629 -3993
-2729 5013
6608 6273
5978 -1449
-4826 2407
-615 956
4698 -6228
7685 -1326
-6956 -9029
3426 -3219
-5650 -6668
-6504 57
-6062 -9419
-5764 -9061
-3265 -1363
8365 -6639
8375 1827
-1901 -4365
4186 4982
1109 -2202
8754 -6920
573 -5786
2889 7173
-8136 -1743
8760 5933
-7015 9011
-932 -6891
-6310 -3519
1141 3006
-4637 1647
5009 7876
-298 -6273
3083 7104
2085 -8478
3041 989
4069 -3085
1129 5515
2687 -5359
6619 -5983
-6329 8273
7283 5378
8487 -3344
3138 71
-3203 -4103
7545 -2001
-404 2160
9608 2553
-344 -6982
-5460 2690
-6322 -4539
2376 -8699
-9463 -8533
-3892 -6495
-2478 3224
5217 -7273
8105 4914
-8430 6221
-3709 -9688
-3791 8429
-3573 6810
2690 -6247
-9974 6023
9042 2298
-1292 -318
8865 -2698
2325 6108
7575 1240
8466 2862
-194 -2596
131 -291
-5378 -4977
-8757 1956
2268 -87
-1659 1255
-1936 -7802
-328 8490
4512 -5525
-9507 -301
-6899 7274
-1703 -799
-971 -4314
6927 -9379
3483 325
7729 9113
-1179 -2991
2032 1580
-6465 3444
-2923 6996
1972 9525
-4557 5419
7629 -6244
-1769 5115
-1466 5861
3135 -1276
-8354 5357
-8958 -4848
-506 4396
-5280 -8311
-9198 -3303
3706 -3831
7749 3344
508 -541
-3546 -4995
-1750 7586
3004 -7854
-4097 3693
2528 4353
213 4134
-3421 -5217
-6140 -6653
2220 1946
-3659 -5098
313 -8287
-1590 4783
-5328 1115
-5542 -7884
1575 -3858
1147 4967
6273 -8251
-6104 -6883
6810 2997
-2651 -201
-2347 3058
-8439 7562
-5370 7953
-102 -4579
4045 6850
8564 9961
8464 -5643
9193 -3027
2810 -6865
2998 -2629
-3942 -1895
-145 -2135
982 -7670
5327 7472
991 1512
-5430 -7325
-9763 8644
-9683 -3869
5274 -5133
-4563 215
3896 -682
3675 -6000
4695 2359
9216 2867
-6042 1225
9331 2213
-6201 17
6068 2906
4098 4781
-3707 1395
7791 -4912
-2548 4584
-5565 -8252
336 -2231
-8295 9709
-974 5774
-6506 5601
1681 -3579
-6992 -8091
6856 4617
550 -3033
-9296 6186
2812 4349
-870 6772
1887 -3091
1997 9144
3727 -322
5147 9449
939 8162
-8409 -4517
-5023 2644
1965 617
7039 2192
4102 -6355
-8018 -6233
734 957
863 2533
602 1438
1931 -2605
4304 -6548
-7405 -6183
7216 21
3190 -9958
-8075 2363
-8434 -5872
-9508 -6484
7854 264
-7545 2458
6103 8613
-7620 -9723
4955 -8194
8060 3114
-1727 -4183
6933 -1339
5835 -6076
-2259 4957
-5023 -7850
-7807 -1322
-5239 -8112
-263 -2161
1355 -3673
6591 230
-7313 2929
1542 -7234
-6956 -7490
-5684 3922
756 7999
-2463 -7625
4758 -7251
-3327 -5531
9427 592
6463 8136
-3187 -1876
12 8656
215 1574
-8379 9750
-21 -8431
8220 -8068
-5302 2666
8897 -239
-2597 1463
3183 -6787
-691 -8121
-1650 -9281
-1091 -5934
8379 8744
6879 2056
-9820 4842
7218 -2588
-7294 3913
7383 -2567
2723 -5673
-3741 1082
-2532 942
-5577 4679
-138 -3635
-422 5547
-8853 -6956
-2516 8887
-3326 -503
-1760 6394
2170 -4948
-6386 -1160
6252 2350
-16 -5447
5707 8959
-2994 -2634
8449 -1571
-6908 6987
1665 -4084
2281 1236
504 -8474
-1708 -4421
-1813 1651
-8853 5776
2169 4861
-6367 3108
-4332 -5661
-9591 -2752
1801 -8080
-5401 4114
-8520 -2493
9657 1605
-1409 -6351
3286 -3531
-8574 -6024
-776 -712
4867 1930
-6420 7516
3291 -6947
7914 -1552
-4724 -819
7241 -8453
2516 945
2865 7650
5485 -1963
9265 -8816
6510 6965
-5666 -7359
-889 -1178
2798 7620
-3093 537
-3813 -7979
9537 -8226
-1452 -233
-8065 6549
-4271 183
5451 -2789
8156 -7031
-5661 -2034
9724 4741
5925 9824
-9492 8988
-8372 2435
-8744 -5158
-7538 4460
-1283 7775
-6483 3090
8585 4904
-1609 -6947
9602 -2867
7316 326
-8742 -949
2020 6487
-1827 9414
4155 -9920
-6376 -2104
604 3800
-45 -5867
-1025 5953
413 4932
6428 5158
-1752 -7150
-8525 9945
-3282 -3168
3965 3587
-2366 41
9092 5001
5208 -1108
-1695 4833
4913 -6620
1276 -3820
-6299 8537
-3610 -8121
7833 7377
2309 5366
523 1966
4816 2457
2401 -7509
-676 -9989
3599 9119
-841 -2991
-4269 -8768
124 -1749
-6917 -9062
-1960 -7851
2051 -8284
-6027 9316
-5084 9473
6849 364
-550 -3531
8435 2878
-4666 -6307
-3815 6971
-9297 7735
6854 9230
-3762 4302
5534 -267
7984 5690
6629 -622
1527 -5213
224 -1611
-2296 -2702
-3230 7919
-1718 6341
-7191 -2660
-9783 -8548
-4855 -5036
-4344 -727
-2993 5051
4280 -3641
-5619 -2419
-8965 -9482
9929 9915
3013 9019
-2473 -9723
-1334 -1740
5559 -8529
9390 -9909
6432 -3951
3389 -2329
2844 9242
-2074 7328
-3400 7990
3040 3582
-6339 7328
-1370 -2680
1559 -1958
1677 -335
2404 5208
5486 -5311
2950 -6349
-4877 -5849
-5758 2229
8278 -5488
5905 -9326
-6364 5388
2715 -1252
-3263 5283
2586 -6965
-5917 -6502
4539 6247
-1990 2713
-3902 -182
-4975 9687
-1903 8503
-7847 -9490
-5338 -8954
6996 -2724
5510 2625
7020 5273
4381 1414
-9839 -5624
9660 816
7572 620
7839 5966
5933 -8345
8089 2377
-7806 -6058
-2650 -5813
-3590 -2781
-2270 5447
-9787 -1437
9561 6113
2458 7209
6202 8791
204 -522
3854 4304
-4881 4086
-1574 7234
3199 -7309
-1933 -3736
8641 -868
6795 -3845
4063 -5445
1775 -5856
-6689 -9528
2757 -6775
-6942 -6476
-5547 2317
4828 5516
-1286 -5624
8680 -4969
-7163 -3711
-6478 -2481
3931 1264
7528 -9558
3295 -8003
1874 9890
-5556 89
4234 -4064
-3591 9940
-6836 -8735
-1489 9166
5203 -57
-820 2964
-8940 30
8782 7894
-5818 -6540
980 -8382
6603 1426
1868 -5090
629 7852
-8539 -1117
8972 -7498
-1562 -4095
-434 6926
8192 8568
7733 6451
-3606 -3298
-6614 6656
406 5574
7188 -1832
1628 -813
4527 -8630
6517 -7393
1239 1129
-1020 2105
-9013 -4412
-1910 441
-9933 9959
-9395 -9752
8817 3354
-196 -7483
-781 -9731
6926 9919
5492 6326
-5507 -2669
-9761 6401
7771 6122
-7551 4766
-385 8008
112 7409
-7004 8596
2757 4820
8499 4807
5056 6545
-102 9104
-8380 3872
4141 9703
9621 4560
886 4787
-7882 8834
5234 9100
8942 -3922
-9157 6725
4732 -4888
-7480 458
2774 -1436
-6617 -762
-5956 -748
-483 -8119
-5294 9100
2971 9416
-7162 -3674
-9114 833
-4381 -3821
-4988 5493
8313 1458
7536 -6034
-5589 7255
-3913 -7901
2558 -7137
1427 -1393
-8435 -948
-7976 8531
-5867 -4390
-5291 1542
4678 -1161
8886 -8599
5955 7516
-6306 -6508
-7295 -8427
3032 2428
-9886 -8982
-8007 567
6388 -5474
-2611 -1920
-9593 2666
-8283 -7463
-5212 -8027
-2417 -2537
9005 -1079
-8520 6013
-8866 3682
4918 -9634
-6142 7089
8663 -7668
4760 -3436
1303 5415
-298 8596
-3158 3296
-8625 -3911
8755 7952
-9512 -8218
-2524 -5807
1656 -4723
7919 5059
4793 4381
1783 9400
-6514 5927
3016 -3300
-968 1065
-8651 5399
813 -2487
-171 2652
-332 -9486
-3396 6671
4622 4764
-9733 -921
3272 5111
-5892 -2257
-3477 -5073
-6972 -4253
-1133 -8685
-9038 4811
-4769 2353
-6582 3978
3097 7985
-4503 -5233
-8860 -6091
-1855 5326
5717 808
-4428 8470
-2452 338
-831 -440
7303 -5459
3189 6998
-7255 -6175
-1139 6218
1028 1612
-2314 -176
-2478 6260
4244 4825
-6688 -9381
-1751 -6539
-7493 -5548
8982 -9886
-7696 8224
-1439 -1726
7834 3574
8115 -8549
8449 8857
-7318 1303
-2480 -8807
6527 5264
-4913 -7731
8529 -5788
-7243 6331
-9330 6493
9954 -3931
522 -1081
2755 -3819
-5596 -497
-8503 5059
-1368 6686
8137 9331
8187 467
-8230 6586
-8501 -5411
-6426 3011
5280 -8254
-4042 2382
-1288 3808
4021 2436
8506 -618
-7978 7695
-6125 -973
-7750 4777
3556 2000
2407 -6253
-3202 -4091
6376 4264
849 -1295
7016 8146
1157 6070
7816 -9411
2971 -3564
-6035 -2505
9931 -4596
4786 -8294
9402 8436
1183 -9472
9026 -3003
-7282 7154
-9100 2582
-7789 5125
-612 1419
-9876 8587
-9547 -6042
-9973 -9140
-8551 1610
-8234 7843
-942 8141
-6456 -548
4880 -1011
-2576 -7949
-7421 4281
-5002 -7672
9482 -4674
-8372 -2284
-7160 -5897
5522 -6161
-7575 5950
9908 9367
-6053 -7122
8209 -6345
-8503 -4604
-6463 -6304
6869 556
-6735 802
2853 1748
-3972 4410
6738 9154
-5521 4748
-7537 9941
-5957 -172
3667 -975
-5026 -6715
-7348 9813
-7309 -1398
2257 320
5717 -5380
-1684 7475
1751 -7026
7497 -1094
-9347 5016
3147 350
3224 403
-4850 -116
-176 -8577
1251 1334
-9642 7588
-9127 -5083
-5271 -947
7655 -2754
7566 1141
9483 3632
1107 7003
9977 1519
-9576 -7143
-8406 7474
1544 -8922
1481 4741
-1655 -1512
-89 -9649
1685 -8110
9478 -8839
-3922 5765
-5183 -5929
1317 4528
-610 -3807
9825 -1117
-394 -1128
-9610 4652
-8770 3304
4498 -9185
-4386 -7176
-8715 -3959
4529 -9185
-8834 3351
5241 -1840
-679 2851
-1385 8440
-7490 9120
7368 7154
-2933 7549
152 -3243
9350 612
-4736 9758
3061 9741
-5724 -3506
3039 -2442
7320 3611
4426 8045
1395 1848
-6272 5592
2163 357
-1204 3049
5889 -5501
-8348 5027
2575 3257
-9987 -1281
9331 -7274
-7516 9364
-7176 -1685
8530 5545
-3176 821
-5569 5289
3333 -5857
9713 8857
8169 -1551
8806 -6560
6490 331
4830 1322
69 2378
-645 -9798
2642 -7356
-909 -631
2453 5694
-5992 1575
841 5277
-182 -3741
-8453 7665
-8193 4249
6826 8602
-2950 -8481
-5040 4994
-955 -424
-5382 -4830
-8732 -2404
1519 4687
-8949 624
-6287 -5839
-6425 143
-4562 9887
5163 1304
7563 10000
-8616 -1299
-7051 9111
-8568 -6808
-1568 9775
8489 2203
-8222 7113
-3997 -2467
5129 117
-1476 -2728
-8384 -3352
4530 3297
-2840 -950
-1064 8105
-592 2598
6319 -2181
6520 692
3523 7703
-9106 9469
-7037 4955
-2843 3048
160 -8549
2705 2656
-3507 6164
-2844 1555
-8077 5017
2034 2493
-8458 6453
8278 9194
5513 4199
-7983 1406
-7903 1831
-467 8537
-8275 9341
4295 4149
917 -1591
-140 -4828
-8452 -8924
-9040 -3715
7840 -1959
-3221 1837
-5671 9763
9936 8813
8007 -408
-6210 -8067
3340 3519
-930 -472
1785 9158
8499 8603
6472 3510
-8082 6514
-4593 -2612
2186 5499
-8216 -3045
4997 6867
-1296 -6656
-6893 -4504
-5692 6754
67 -3237
-1303 -7686
9554 7578
-2894 -7964
-5086 -1377
947 8891
6122 -2867
-2632 1139
-7752 -8240
7260 2775
-6550 8155
5021 -7236
-171 8447
-6058 -2555
-2080 2936
-6580 1972
8007 7987
5564 2117
7874 7561
-96 -3610
-4719 -7213
3642 -5429
9432 -4877
-3117 -8991
7505 -8321
9834 -2137
4348 -9046
-6878 8575
-3980 -5823
-9167 -2936
-7244 7661
5647 -5747
6370 -9237
-7956 4931
-4958 4243
-9249 5669
-6039 4044
9167 8114
9123 -6608
-1208 -3951
3913 6627
-8699 2346
920 -1740
2437 -5577
5209 -9340
8321 3271
7524 7965
8728 7688
6340 7615
5578 -5508
-9839 -8619
5425 6329
4442 -5878
1235 4591
-5640 7285
7632 -9974
6093 -8007
254 8934
-6644 -2988
1394 -3589
-6598 8565
-9750 3435
1123 -5353
-7739 8978
-2809 -2538
2564 -8441
7889 -2648
5195 -2012
-3701 6051
7057 -3571
176 4380
6374 4688
7342 -3732
7001 -3373
6759 -5581
-7017 -1606
-8171 -6118
-1471 -6767
-4068 6673
-5866 4511
6070 3123
-5805 -9582
2127 7679
7451 9390
-461 8426
2805 4507
2915 9715
-297 2899
9526 257
4676 -3297
8819 -9995
-6113 -8621
-1666 -9353
-8960 2416
647 7987
4830 -1105
-687 -3284
-1884 9025
-7866 -8561
-6415 -4434
-9928 1673
5108 -9890
3010 6708
-3036 -5190
5234 6256
6261 -4640
-3260 4052
8420 -6132
-9996 8795
6781 9460
-1646 651
-8912 1610
4355 7667
-7174 -796
4770 6489
1882 -3589
-3478 4842
5270 710
5520 9532
5787 -7766
1315 753
-1474 5769
9637 -8225
-9431 -3055
-3595 9642
292 -8930
2680 8480
6147 1380
-9417 755
964 -7307
-895 9074
7636 -3434
7276 9348
8879 2906
5140 2795
-2731 8386
4154 -3546
1951 5795
-7261 7512
7153 2520
3591 2865
1345 1165
-3734 -9
-9254 1212
7626 -3151
-356 5431
-8003 -3270
-3923 -2721
-9816 9273
5789 -1324
-2938 9045
-780 -3222
-7428 -5064
-7553 -8830
3690 -968
-4382 -6680
4486 1001
-9008 -9317
5616 -9249
1321 -4541
-9111 3241
9972 -9036
-1756 -3393
-399 -231
-7834 2149
1194 -4611
5888 -772
7885 -9587
-8417 -7820
1212 -5947
-2627 8994
-5 -9450
-5046 -8142
-3670 987
-9834 -9431
3811 7652
-7664 -5224
1384 7503
992 580
-7271 -5295
3815 3158
-3894 7644
8057 -298
1882 -6009
-1956 -6640
-7647 -3186
-2635 5417
-9004 2348
-2945 2319
6610 -2674
-1302 942
5719 420
1643 1035
-4665 823
5528 -7366
9514 1785
-572 -658
9044 -4381
-390 1205
4565 4646
-8541 -8626
-9488 -9361
2987 2545
-5136 -8492
2555 -6237
4705 -4806
9335 -8747
6009 423
-5034 977
7332 -8657
3129 -9507
3556 6845
-7536 -3723
7483 6320
965 5795
7170 5768
6407 2425
-5031 7682
-7090 -606
6878 3554
8748 5465
-9562 1582
-4274 -8198
2779 6447
7791 692
4907 3832
676 4640
-9084 -1538
-1497 3140
2656 -7881
7888 9468
5613 -175
1227 8015
1129 -5697
-8423 4137
-399 -1994
9589 -5954
-4152 40
207 -965
9727 8628
2459 -2003
-3643 8354
537 -3145
-6284 995
6835 9040
-7773 6372
-83 8443
6458 7841
-4136 -8857
5280 -2414
5593 -2559
1487 -1399
8641 8902
1657 -8944
-6596 2569
-5714 1383
3458 9584
-3562 644
-4641 -6006
-6967 154
246 -7807
-9364 -4740
-3179 -9838
-8695 7094
-5321 2685
-6153 -9695
-1093 -6008
-3386 5334
-9890 1268
-6164 8271
3375 -6486
-6903 -1877
8767 -3168
826 -464
-6590 -2154
39 7580
-7161 3657
7540 675
-2232 3382
-213 8846
-7129 6169
-6119 3634
2689 1778
-6954 496
2487 2799
6314 -3118
8726 -418
-9866 9411
-1054 -8788
-942 4681
2260 6078
3455 9098
-228 8821
2202 994
3560 -8739
7430 -8012
5623 6432
-1791 -8690
5527 2032
-5170 1255
-8142 1735
-8684 -8857
-5725 -9417
-8204 -8549
6132 6942
3019 854
-49 2113
933 -3527
-8812 -6556
-5295 -3145
2564 4748
4900 -4145
886 1907
-6062 -6891
8085 -3587
-8132 -1231
3633 -6337
-5753 -3095
-1644 7908
8571 -236
-5662 -1791
-5958 1589
-8217 8011
-8546 8696
-4450 -7029
-8561 -120
5735 8114
3742 6340
9449 -3380
6754 7680
169 -8747
-5083 8622
-4473 -2477
-4570 2885
-3631 7604
-467 -2279
9311 707
-1283 7296
5991 -5186
-2215 3892
-6229 -8460
-6625 -776
-716 9506
-153 7117
4796 -1268
3707 321
-1057 -1314
6209 -7656
5229 8191
9515 -4641
3081 -4682
6025 2769
64 6112
-9075 -1537
-7646 -3945
1316 2431
-8346 -153
3073 4691
5528 939
-6609 -7081
3241 4045
-7270 -9182
-6838 -4096
-2185 8939
-1982 8391
-6292 -2671
-6182 -8902
7210 -6546
1917 3883
9938 8135
565 7992
-2162 4974
-335 5941
600 -5368
-2449 -4808
-7043 7712
8531 -5488
4137 -4313
-1654 -8308
-6196 -8049
3002 6365
7463 1233
8408 6820
4423 8394
-9752 4045
2037 8081
3055 4535
4196 -6405
-1773 -7281
1632 -5205
-3773 9500
-2268 8311
-6003 -1522
171 -8131
-2459 6065
2429 7696
-1072 -5737
-5196 3612
2005 -2664
-8620 9227
-8972 5975
509 7138
-5546 4083
-9478 -5296
3220 6402
5901 5875
4185 -6833
1646 -6367
-777 -8097
7968 -8184
-6768 -9516
-5252 396
-2272 2160
-6784 3273
6220 -6546
9429 -1682
-824 7248
1330 -63
8362 3630
32 5573
1448 5302
8469 -347
7007 -647
1256 114
5651 -50
435 -777
-6661 8883
4764 8904
2176 1068
4522 -8300
3739 2116
-636 3950
-2393 -3364
-9735 -5586
-6292 -311
-1289 4018
-2608 5156
-5492 -2821
-8986 -5602
4349 9486
-1292 -9615
-7011 -1496
-2593 2048
-3164 -8527
-3106 -6697
5419 -8643
9028 -9367
-2731 -1497
6639 355
-9957 1255
-1006 -9654
5502 -1246
9654 6386
-5496 -6270
-6785 -5612
-5226 8853
-2644 5645
1413 -2237
2957 8484
-8214 8249
9606 9851
-9517 -9074
-571 -7647
2708 1473
-3551 -3933
-3587 6472
-4775 5443
5549 -4365
3087 -1401
2988 -9948
8906 -9978
9388 -8518
2966 -18
-1534 800
-952 -4078
-4228 3973
4899 2374
4727 -23
-8551 -1951
7837 -2566
-2374 1619
-2939 -5750
3606 2851
-4829 -7391
-7338 413
4157 8159
-6639 -4712
5270 3544
-5656 6327
-7752 -2544
-8571 7113
-513 1741
-8283 -9952
-1903 -2066
9090 -3112
8507 -4066
3905 -3285
-6713 -4432
1898 1231
-4635 -1542
337 8281
-6432 9522
6786 3698
3745 -7441
15 -5150
-8037 5993
-2267 5165
8935 5171
-3175 3172
-9941 752
-9594 -4086
6351 8566
-2146 8032
-737 9638
1816 9753
8033 8349
7870 -4127
9571 -4678
-2119 8376
-6774 7036
3028 7896
6782 -4811
-5920 -5519
7653 5716
-3533 905
6820 7712
9999 -3126
-5095 6891
6528 -2148
1325 7889
9958 -1657
7937 3079
8401 7827
9924 7507
8263 -3719
-2103 -6851
-1662 1290
9492 -1601
-2165 2418
-2957 7145
8577 4303
-5103 -2417
-5527 8575
148 3523
5133 -5279
3064 -8528
8272 5090
6638 1000
2227 6672
-3327 6561
9710 4210
-4501 4571
-7031 1768
-2094 -1288
-4144 805
-1172 4949
-3747 -1847
449 7446
4689 726
5448 -9404
-4211 3542
2353 2232
-3047 -5939
-9268 -1010
-729 -7100
7111 -2594
-4303 2701
-1811 -3670
5042 2387
-3088 9816
8485 -5382
2772 9461
-9374 -5263
5464 -6780
-2463 9037
2578 4632
584 3326
-8893 -5070
7641 7537
-5842 -4439
6688 632
-6668 -5011
1319 -7616
8492 5242
5057 82
4700 -875
-1415 3542
8279 1192
8133 -788
1969 7463
5815 -4331
-7284 -5454
3198 -3601
-2344 -2456
3105 838
-4809 1814
6803 3513
9618 2244
-2514 1843
-8076 8110
-2766 -7458
9805 6624
1537 9540
2472 8084
9267 -331
9060 -5560
-1013 5082
-4799 -4504
3040 -4095
6743 2857
-1608 -134
-6622 -8067
4178 -4806
-9243 -7004
-5174 -4616
1647 -7319
-6974 5781
5320 1452
-465 4563
-2048 -2208
5953 2522
-2397 732
6228 -5061
844 2804
-618 2989
-7146 1308
6962 7774
-3312 -47
6670 4860
-6036 -2554
127 -8505
7276 5612
-2937 6874
5157 2596
-5892 -9682
2840 -3170
7562 -9940
-1279 -5836
6968 7511
499 -6715
8314 70
-2157 7074
747 8997
3856 4532
-8023 -2583
-1088 7821
3432 5825
6420 -91
-3775 -5785
-5467 5297
-7874 333
4114 7373
-8464 9689
7199 -3445
-159 -7775
2295 1418
-1509 1875
871 -6141
8391 9238
375 -1552
-11 -5912
-6367 9288
2917 -2859
1356 -6227
9071 9142
3195 5889
6982 -8804
-5395 1029
7585 8519
