2000
4634 680
2951 9117
-862 1127
-5510 1466
-8738 4213
-5307 -9463
7941 2245
9895 4593
8858 -7452
-3373 -7579
2252 -7736
9646 -9498
-341 332
6775 -2609
4577 9422
102 -1624
-2507 2931
-2222 -6948
8239 6631
843 2269
2806 -6778
5467 9258
3850 746
7015 9083
-4776 6428
8692 -2637
-2135 7476
-2192 8338
-551 7524
-9335 -1697
6680 -2254
-9323 767
7541 -2107
-1756 -1545
-9277 9500
-7279 -7192
-7935 7251
1717 8189
-9009 9636
6063 -1268
6095 -3785
-2589 8476
-9467 -2320
-1076 5219
-6478 -18
7729 -411
-5923 -6078
1815 8406
581 -4662
-5163 -9942
-7134 1305
-1445 -2441
-532 -5069
-1713 -9729
2724 4180
-9606 -5650
-3454 2539
-6061 -2195
-3255 -2921
7061 2863
-3827 3988
7910 8510
6915 3971
9309 -276
-218 1217
-7479 -5855
1704 6370
-4979 4797
8789 -8829
5351 3309
-8621 5234
-2228 9466
992 -2075
5004 5433
2016 -8543
5445 5785
4295 -8091
5880 3354
-3202 4930
-3854 5188
9334 6580
2949 2388
-2816 4758
9651 7971
1279 -4027
-5073 5001
8188 6379
-5697 6420
1852 2900
4357 -6973
8812 -6132
-4223 3522
-3125 6827
1757 -8343
-9435 7394
3973 -8377
4012 9899
4657 643
-1387 -8805
889 4307
3028 -6388
-6289 5816
2236 4936
1556 -1986
4762 -2192
5397 -367
-6846 7294
4121 -8826
-3448 3750
1143 -4123
-2500 -2883
737 -1163
9480 -4768
-3572 -886
-2859 1813
9146 -8963
-9426 -6111
8826 -7144
4591 2810
-5662 381
-9986 -648
-3355 9736
-9091 -3111
-9361 -5514
363 1182
-7981 5503
-5661 -8416
-3184 6477
-4410 -6182
9352 6965
8003 2731
6621 8497
-4927 -7703
5107 9167
3268 -6616
2736 -6835
-7100 7003
-6108 -6898
1309 -2470
8712 -1748
-2525 -8328
-3023 -5548
-9072 1815
9354 7514
8200 240
-3309 8706
-9078 9923
-7781 -2968
-3802 -4004
3101 -8954
-5789 -6813
-9811 -4163
2660 -2888
4642 -2198
9775 -6032
-639 7075
-8474 -2750
9065 -9942
-8707 -3825
6415 -7862
-9157 9493
-6865 -6894
138 -4513
5204 -4646
121 -9943
-6756 -1696
7862 4332
-4836 -2846
8678 4242
-8069 9807
-9399 8452
-4299 5013
5072 -7873
2023 -1514
625 -9915
-6702 -1562
5265 5189
-9325 -3567
5508 -877
2901 9600
1625 -4372
-6320 9866
-2980 -514
-2551 -1155
-1349 -4303
-2131 -620
-5608 2973
5100 3571
-7944 -6816
-3010 843
-6999 6402
1591 288
-9559 8266
1110 5987
9308 5949
-4703 -5990
-6124 932
-9583 -1022
7823 4617
-5966 -2134
-9034 194
-6834 1903
-4527 -4641
2264 -8014
2829 1251
1373 9255
-458 5831
7817 -7037
-7329 -16
-347 -1074
2937 -8022
2910 4951
-6072 -9467
5150 7048
-1365 -4529
5665 -7096
4807 -399
8681 8831
-5463 -5999
8973 945
3920 7366
6917 345
3309 -6539
7166 4734
-6341 9701
-4601 540
-789 -9684
-5430 -7971
9077 3139
-7670 -6560
-3656 1432
-5246 7995
-9455 -8849
-1127 -2845
8100 -4918
-3832 -2155
8190 5740
9202 -6915
-8461 5219
8640 -9913
4348 -4802
-764 -5962
-3933 -6442
-9583 3806
7247 -1135
-9704 -7253
-5538 -2689
2183 -4950
2206 -4993
3810 -8945
-1100 4026
-234 -6301
-3216 811
-250 2688
6496 -1677
7242 -1610
2428 844
4402 198
-5996 8496
-2640 4820
-8713 -5029
2282 1377
-9852 -4250
4478 -5535
-759 6075
100 -1712
1987 -8138
2673 -6414
9995 -7509
4535 -7578
812 -9789
4776 1776
-8026 -3039
-4544 2898
-2283 -301
8391 6537
-2087 2726
8476 4393
-7422 -1939
-5865 2953
-5039 1820
3682 7957
-4737 6948
-6841 75
2497 -1021
-810 7694
-530 -2970
7712 -6035
6863 5165
-1416 -3112
-6576 -1699
-5253 -3026
-4913 5058
-3160 -6778
9896 -2334
-6794 4696
2652 -5143
-4475 -9392
683 -8364
615 -1315
-3622 -3100
7651 -6475
1211 9569
4733 5362
-7751 1794
-6185 -2963
4011 -4327
-5548 -1438
1784 -7181
485 1292
-4013 5401
-9743 7412
8020 -7640
-6004 -4218
4467 -1298
9323 8332
-4423 -5434
-5866 6974
2335 6788
2302 -7412
-375 8306
-2301 6118
-1600 -6364
176 2151
-6558 -6095
9306 -9340
-8208 3151
5511 9563
-935 9812
2234 -6773
-8442 -6468
1819 1556
2250 856
1364 5953
8541 -1694
-3389 -6335
-6497 -1834
5523 8031
182 1904
9530 -4302
79 7345
4216 8835
-7883 1871
5403 -274
2953 1182
8435 1357
-3367 8232
2808 253
-73 8884
-2811 -5829
-2163 -1533
-9647 7521
5551 5061
685 5876
-4706 -547
519 214
-952 9094
964 -5266
8182 4886
-3932 87
-8557 4855
3087 -1777
8477 -1923
681 -385
3787 -1597
-9410 7870
9111 -4656
-9596 -9056
-9460 8382
1556 4811
-4976 -4165
-5072 -7926
529 7794
2679 9614
-300 -1290
-6435 8747
-3030 4865
-7059 -9628
-13 -833
-8710 3622
5212 -2506
2838 -8120
-7176 8043
-9856 6964
1774 -6635
2921 1700
7495 -9482
8312 7849
-8818 -1976
-9546 991
3458 883
-4253 -5981
-1888 -5852
7036 2409
-249 8100
-686 8326
-9794 -1317
-3275 -7848
-7164 -3249
3837 -3131
-7710 8331
8849 -3243
-1673 -6495
5250 -9119
5593 -491
-5888 5705
-6556 -950
6920 3580
-4012 1557
3377 3955
6002 9460
-1858 -7310
-1437 6208
-3321 4867
-4543 5120
3450 -9484
994 1468
4973 6020
-9379 9321
2551 223
-4073 6214
-1016 6663
243 3092
-1631 -4097
-6421 9952
9412 -8255
-1843 9581
9509 -2447
-3859 -9560
9282 -3813
424 5319
-3214 6452
6192 -4861
-1820 -8242
1981 6813
3026 -9270
7394 -8372
8442 -7990
1634 1357
1308 -3190
2277 5213
8514 719
-8007 -9567
-5406 8022
-2070 -1866
-6548 -6125
-5952 8354
-6508 238
5717 -9761
7053 1673
6124 1419
6768 78
5809 7238
-1406 5209
-7981 -2557
-3624 -6377
8063 4296
8450 -5110
-7089 -9945
1910 -3236
4361 841
2916 9083
3041 8409
8648 -9872
5522 2479
-6103 5700
-501 1646
2604 -9336
5874 -4693
2750 -5081
-1458 -8387
5909 -7153
-2263 325
381 8079
-5158 648
-4790 -3989
-1185 9203
7611 -8154
-8026 -8145
4334 9980
5679 7497
2863 -8049
-7384 -1102
4206 -4534
385 -7790
-2456 676
3523 -7353
2973 -2827
-4749 -8741
5629 -2926
3085 3814
3017 -5441
-3595 -4380
-2524 4348
4327 -1621
-404 -4470
1203 3727
-7376 -7542
1646 3819
9750 -9450
1227 -7970
-5322 -2707
4466 -1530
-270 7651
-1555 -6563
7251 -921
3638 -8471
871 267
-1664 -9958
-1579 -7933
-2403 -7338
-9891 -8262
-5804 8800
6339 -7266
-2995 5842
-8407 9809
822 8232
-3298 -8
1363 -4713
-1276 -9848
-769 9808
-4943 -304
9963 -7132
-3369 5928
7995 2019
8403 5052
-9490 -687
1833 8512
-5034 -5293
-5731 1893
1701 1972
3924 -417
9575 -7477
1531 -9375
-5502 4658
4465 -6024
3672 3729
-9683 -6757
9171 7355
-626 -3052
-4279 -9114
3920 -2224
-3713 -3769
4659 -4248
7645 4975
-3054 8929
-1489 3067
9311 -5410
-4784 1807
-3536 841
4817 -286
-2836 -5350
-2107 -1512
-436 -2519
8151 784
1670 8938
-3287 -6129
3823 -690
5063 6721
5416 -1518
1131 6428
3215 -3918
673 -6638
5169 2525
-6634 5889
-677 -4646
4 -8097
4113 -9793
1410 -8383
2401 -6324
-3666 -440
3431 -2208
7102 6768
3488 -2747
9456 5885
6034 -1096
8707 586
3949 -752
-4506 -621
-1012 -883
8192 2581
4484 8312
-7761 -1805
3533 2317
9714 3649
-6792 -4066
7447 -3953
-7186 -9641
1334 8269
7875 -9977
2648 789
-8625 3908
-3124 1354
-9267 5324
-1839 2370
-5050 -279
1753 -3647
8269 -6845
9193 3993
1362 1802
-8544 8907
-5047 4571
4930 8903
-9109 1489
1512 -16
-9227 8766
6394 -5841
9234 -7852
-8808 -6730
9361 9967
3409 -647
9427 -5689
1187 -4839
-7126 7696
-503 4100
3006 4237
2528 953
3576 -8320
6890 1178
-8838 4467
6954 -1599
6281 -8065
-2196 3347
6617 5514
9202 2717
-7931 5978
-5991 2610
7771 -8504
-7088 8917
3016 -5634
8603 2409
-2918 -257
1423 4851
-3972 -5622
-7435 -1688
-9567 -2810
2846 9519
2866 -9566
5948 -5630
7087 3203
2901 5149
-2242 -7123
-5627 -9370
9547 -750
7337 1006
-6586 6284
-3974 9660
4510 4217
8595 -8831
3202 -9463
1449 -8841
-5601 7356
7790 -5706
2386 -9015
4188 3737
2607 -528
2349 810
1440 -5915
7056 -9558
1448 4708
4712 4392
4051 8583
2799 -9263
-4373 2281
2819 5114
6274 -7451
9905 -5733
2282 -5607
-4622 7694
5151 -5333
7861 -6714
4096 1478
5564 209
4373 -743
-2315 2619
732 -459
-1876 -7604
-3146 -1497
-9216 -5357
9758 2481
8751 3603
-8410 9752
-5856 8655
-9932 7593
-4019 3243
6529 8940
4139 -6159
7771 4346
-6398 -298
-3959 5864
-4595 1287
7404 6773
-1003 7250
-8108 -5743
6738 -219
-6617 -4630
-1158 9209
-8417 -1306
-3714 2986
-51 -8349
-5689 5988
9829 -3522
-5456 8450
1872 -8680
7184 1867
-6847 7914
8407 -7412
9838 -9444
-1466 -2597
-9096 -4549
4542 -4729
-1800 -5713
6702 -6616
6370 -217
5155 -3291
-7304 40
6518 9466
-8364 -7475
-6155 -5218
6649 3508
5142 -5251
-2662 -6478
-2201 7270
-1607 896
-9933 6333
-4676 -702
7306 4610
7994 3524
-6694 7729
-5563 8084
-1877 8461
-8354 -2867
3379 -1639
3143 -6718
-9489 -9056
-4306 -209
3313 9374
-9637 6753
1369 -8889
7444 2478
-4504 1437
-233 -7233
-9989 -7199
-5750 -2240
-4157 -6683
-8223 -1313
9542 7688
-3952 -2855
4148 6641
7586 -7088
2703 4659
7754 -3000
-2527 -263
848 -8163
4315 8842
3999 2013
8501 9811
-3667 -6235
1525 8513
-8171 583
-7009 -8911
8777 -2672
8194 -7468
9173 -1455
1457 2341
721 -9522
1199 -2119
7618 -1526
311 8672
-8766 2186
-5802 -1653
-1843 5233
8999 -7301
-8789 8211
-1206 4244
5333 -3239
7810 1785
8038 7830
96 6003
-1656 7210
-8591 -8448
3154 9065
1259 2608
1280 771
-7043 -4710
3637 2514
-2254 876
3575 -4485
-6275 465
-5291 8507
-1011 6240
-1976 -6238
-8408 -3202
-3478 -3939
-3008 5409
-9319 4866
7651 -1599
-8992 3836
-5394 2630
7920 6009
-1478 1284
-7840 5278
-5487 9990
454 9456
-8317 -1762
-5522 8884
-7354 672
-8810 6223
-3995 -2041
-6633 -2288
-3702 2997
-8603 -5952
7884 -6052
-9702 -3874
-7865 -3789
-8785 8219
7217 4378
4367 -6625
-3448 -8271
3688 -1458
1146 -1765
-7373 8166
8110 3792
-4529 -6183
5251 -5886
7111 2559
6608 -8452
-782 -7772
2075 8212
-1857 -484
1455 4210
2309 -641
6455 -1329
4121 396
-7342 -6994
1241 -2191
-305 3805
1317 3868
-8594 -2196
1918 6789
-653 6657
8205 2749
4977 -325
1608 1143
-9341 -2948
-5018 9751
-891 2114
-5494 7291
1408 -4436
-1430 -7653
156 4066
-2130 -6468
-8880 9852
-2345 -7092
-6583 -7474
9183 9574
2322 6485
-3840 -8892
2251 1020
-8208 7768
7518 6631
2466 495
1507 348
9633 6972
9319 -7086
6980 -1798
5455 3196
3047 -1429
1479 6576
-7178 -5578
-2284 4896
1380 -4274
-3166 -9962
4779 -8740
-7252 -7195
9437 6571
786 -9734
4335 1902
2594 -7708
-4794 3967
-4111 5633
2549 -4093
8199 -4935
-8360 -4405
3739 -323
-1707 -1817
3909 -8546
-4787 -6607
-5346 -5537
-2731 9992
-9718 -2598
1389 426
-3952 1069
7082 -556
-6590 -7638
-8285 -3991
1916 3021
8086 4265
9860 114
-6489 -6554
1629 7319
8774 1804
5197 -4462
3722 -6014
-2301 -6429
4695 -5289
5137 1702
-3509 -3917
9249 -5095
-2733 -6427
-418 -7342
9400 -1017
-6753 -8503
5332 7485
-9070 -3173
-2133 8843
4367 2560
-8182 -3360
4347 3284
-9424 9261
-6028 -4234
7469 5271
-4926 -7171
-2265 -2320
1253 -5678
702 8723
1426 -5445
-3948 101
-2414 8394
-1058 -4896
-2333 2237
-5204 6809
-2831 -7967
9039 335
3317 -4764
1003 9615
4885 7289
-9883 2192
9872 9959
-1998 1573
4017 4846
9401 8704
-1196 -837
-2443 -826
4278 -9890
2348 6499
7028 -8055
-2301 -9136
4921 -5804
3153 -3263
-3649 -1763
-4475 -5845
-9933 -5044
-5085 -637
-5343 -6340
8506 2917
5341 8674
-2164 7906
-2921 -5856
-2024 9114
9333 -4922
744 -9677
-8813 -9920
-2003 -7837
2622 6108
-5656 -8850
-4695 8973
-6071 3590
-7047 -906
2754 2565
-798 1331
3725 1259
2885 -5458
2407 -4719
-5605 -6315
2484 -9618
-9295 -2552
-2471 -3052
-889 -4386
-8279 5526
6676 -8268
-5574 -213
-6624 -4298
4796 2076
-5360 50
-4899 -2451
-7472 7563
-4175 8826
-5893 9134
-7182 -8048
-7665 -1498
5950 9023
-4030 -3239
6096 -6522
-7275 5082
-9466 7818
1325 9401
-4898 -5040
7036 8422
2193 9898
1167 -4604
-3321 7294
6120 7416
6550 2504
4457 -9774
2449 -6912
-7889 -9488
994 2119
9319 1802
-3117 -2910
-1372 -7957
-8557 -2582
6099 9953
8374 267
164 3135
-7749 566
1581 -4948
-7533 -1069
-8566 -2300
1647 -7263
-453 9612
-9877 -2184
9935 1658
-6541 4839
-8072 -7027
-4984 4064
-4798 556
4229 181
-9553 -8700
8156 2602
-3111 4332
9384 -5872
3059 -7810
-110 -4428
2030 8214
-8454 -4743
3073 -8424
6955 -8331
6508 3007
5981 -5865
8199 -7844
2712 -5283
4898 -2879
2142 -3060
-6737 9066
3398 298
8147 3873
6063 6502
-4206 1205
3139 -327
4930 7825
9401 4685
-9925 -1998
-5271 6356
-9510 -9697
-7540 -5570
-852 -7591
-470 5172
-4167 -2234
553 -4608
9411 2817
410 -6050
-5828 7557
-1239 -3528
9866 -33
-2209 -4379
-9695 4795
-3483 -2809
-2733 -9620
-5595 1246
9398 1478
3887 -3135
-4243 -1455
-9969 -2863
2530 5311
-1873 584
8255 1940
-503 8537
-1271 -3852
6115 -8022
1320 -1406
-2891 -2374
8538 1626
5727 7347
2314 -474
-8997 -6148
717 1711
-6024 4891
-4252 -9805
5506 -2272
-7967 -8002
7660 -2646
-4110 -5992
156 877
2855 8341
655 -9
7617 -2104
-6758 7765
8832 9876
-599 -7311
-3458 1145
-3424 404
-985 7259
-8826 552
8281 8485
-9518 6681
-2245 -9687
-5679 8142
-982 7366
5706 8199
-1811 -4406
3490 -3639
-2154 -473
3123 -9548
-6859 -3323
-8457 -7477
6648 -317
663 -1881
8672 -616
-2132 1837
2238 -9328
-5294 2071
3934 9993
7359 -973
-2775 -3328
5987 3064
-6855 9136
-1338 -524
-72 4712
-8611 -8216
-1972 6791
-3527 -3347
8493 -5325
7780 7136
-1027 7164
-8444 -632
-4840 -5069
-5076 -3738
5290 9094
-514 -7718
9067 -3765
-4630 -4527
4949 -7788
-9356 7753
-6743 -1402
-4612 -4246
2407 1285
9682 5582
2718 900
1784 -8819
550 -4589
342 3341
-6677 5710
8524 5266
-8732 -7667
-1431 -1991
3482 -5944
-11 7660
9134 2152
-5530 633
6388 -7610
7397 3579
-840 -1206
-6586 -9202
-8021 -4402
1009 5199
2260 6250
5680 -4928
-5942 5583
7917 7924
-4067 -4673
-617 206
1586 -6865
5287 9372
3725 719
6831 -6523
7056 112
-7373 7948
8746 -63
5535 -3959
-5040 -5555
-5584 265
5337 7220
6524 -9905
8020 9395
-1558 4440
-1634 -2327
808 -8455
-5363 9952
4392 -184
3293 8363
-1526 4943
2890 4070
-2273 1101
7143 5356
-6479 -3018
-9033 -7898
-6957 -2063
-1967 6304
9420 9567
7727 -227
7446 -2139
3128 -3908
-236 -1747
8069 7765
6127 -5845
9098 5083
2873 -1678
9423 5708
4784 -5680
1302 -9715
-3891 8306
-3758 2270
2294 2873
2439 7996
-2232 5434
-6705 3886
9978 -4787
3467 -9857
7908 -259
7618 5256
4059 4035
-7644 -9565
6144 652
4972 -4501
-494 927
2953 -5
-4015 9336
2208 9196
7191 8279
3713 -1633
-7748 -5041
172 -9272
-9129 -7771
5691 -2641
-3664 8779
6534 7029
7465 -5885
8489 -7390
1831 7329
1976 3460
-2825 -8664
-9329 -5071
-2155 3160
5160 6600
-5034 -4965
3715 -1128
3321 -2782
3168 -2392
8688 7913
-9589 2579
-392 -4977
2860 6946
-6724 793
-1879 1348
-1472 5107
-9837 -9904
-1254 5704
2584 -5445
-8846 6591
-4653 -2257
-9665 -159
-9221 9062
-3331 3656
5289 7668
247 -4643
4101 5701
6367 9855
647 681
-4251 9643
8471 -7512
-3695 4278
3702 8634
-3090 5052
5363 -3715
7750 1785
-8374 -9291
-6508 8085
5462 -7595
-9927 161
9239 750
-3550 4041
7616 7061
-2259 -7184
-3820 1983
4471 7212
1489 -1629
725 -5504
-6732 -1089
5196 7635
-580 8632
-6939 6666
4751 4767
-9108 -3447
-9565 212
-9039 -5314
8727 -6606
-9546 1133
7670 6342
2045 1917
-872 -6151
2220 -3485
4733 -5663
3248 -3334
-5700 8001
6632 2164
-1170 7441
2207 -6586
-33 -2699
7513 3100
7786 4123
7518 -7806
3327 6513
6575 7972
3609 997
8567 -1380
8856 -3543
794 4508
-8827 3588
5310 -2238
-6353 -4527
-3365 1941
9076 2477
-6502 8842
5662 -957
-6835 -8990
-3075 3448
3681 -9318
-7625 -6027
8691 3976
-3684 9705
-3838 7257
5485 -4828
-7520 -9324
-1561 6658
-4148 7790
3452 2086
-1717 2487
5049 2527
-4710 1781
6512 711
-2121 2177
6580 -2843
1130 -8441
5535 -7325
-7620 -180
798 -8149
744 -1458
-782 -3718
-7060 6945
8456 -8623
7184 2513
-1280 5628
1875 -4534
-9033 -6232
8200 7166
-658 -8801
-1643 -3922
-2363 -358
2318 -6793
3028 -3107
2465 4698
-3040 -6175
107 -3071
-2406 6178
-8724 6768
3001 -3951
-8324 8460
-2353 -8280
-790 3552
4438 -1386
3535 -2591
3488 -2500
7142 -4388
-1181 -5155
5459 -541
-5844 -8154
-608 -2077
8573 1116
1015 -6780
-6292 -3833
2216 2291
4471 6710
-7850 7614
4886 -7883
4453 1360
-7510 -677
-9457 -2013
3599 9699
-1736 7685
-2856 -7583
-2015 -6277
5367 5021
-142 7377
-9404 3940
-6173 -9128
6884 -1974
-5265 9764
7377 5075
7193 606
-4313 5983
-974 1645
-6648 -1823
1596 -431
-2746 6951
-6912 9860
-2697 8119
3139 1073
2171 -7330
-9670 -7004
-2411 6488
-5487 -2122
-2359 -1807
-6732 2969
-6425 -1261
-5279 -9540
5826 -738
-8841 3748
-6684 9178
9849 2755
6335 4291
2409 -3343
-8549 -2641
29 -731
2265 3622
3830 4080
-8043 9855
-1953 -7936
5033 -402
-7943 5036
5496 -7672
1590 -3221
-5753 5042
7940 6470
2945 1284
-4425 -8492
-1834 -720
6639 -8296
973 3338
680 388
-1812 -6762
-3187 -5491
-3427 3866
-2816 8581
3617 -4673
-2345 -758
6021 2833
1596 9246
9436 -6012
5272 -465
4765 2381
-4619 -9154
-3728 -3349
9989 -7981
6128 7245
-9518 668
8898 -1964
-8099 1016
3318 -808
4519 -915
-7953 -3066
-6513 -7827
-4861 -8212
-4224 5083
-5382 -5425
-9324 -8952
-4385 -6897
-246 -3943
1797 1887
-868 -258
-5870 -2076
9681 3335
-5649 -6973
2219 -8419
4387 7669
-1677 458
6353 6435
8223 1810
614 -8509
-213 -6001
-4953 8953
-7945 4184
-9760 4383
-3730 1809
-8450 2037
-6319 5402
2457 -4320
2428 -6639
-5058 6808
8197 -1632
8826 -6950
9485 240
-4229 8899
-9610 -8573
-853 6385
5337 3898
-1918 7915
2298 7392
-800 2043
-5920 8568
7690 4471
-6129 -2239
4844 146
675 6299
-1613 -6494
-3444 2592
-7168 934
-168 -239
4910 -1397
-1292 3943
-2159 -5944
-8029 -5956
-4844 9644
5407 4269
6557 4356
2547 9487
969 4246
-1888 6418
6437 -4188
3039 8787
1379 -1455
9479 9596
3077 4211
-3466 -690
-6747 -2014
2043 5242
-6994 4815
8179 7735
2003 -1838
-3762 3585
6793 2280
246 8785
8923 -2239
7294 8358
7145 9080
-2376 332
3648 -1477
-3546 -2898
6413 -3275
4711 6709
1950 -6614
8201 474
-1792 8677
-3162 -9901
3684 -6069
6211 3076
5581 4197
-4322 177
-1465 4503
7303 -7029
7025 -4321
7923 -5073
5750 4393
-8883 -1903
-5195 2162
9269 9550
3744 -9525
9152 -8811
-8712 -8048
-396 -4011
-7215 8694
2890 -464
9713 -7914
6589 8569
-4740 -1753
7647 7612
-7462 -3995
-9602 9290
-2614 8289
4171 -4764
-1494 2191
6387 3440
8350 -7750
-2077 5538
-4753 9639
-7948 7527
783 1753
3839 8663
7231 496
-7537 4148
1760 -3788
2217 -6169
-6880 8019
6307 2615
7852 4228
-3582 4199
1359 -3643
2328 -3474
-4216 -292
3067 -9750
-8502 1032
-3495 5119
7503 2281
-3503 -9656
4492 4733
-9056 2682
6513 -28
-2009 6883
-503 9633
3860 -1982
-7784 1069
-8853 -6001
4246 3575
-2996 3475
7447 -9971
4782 -9930
8911 8945
4946 -8713
-8369 6413
4866 -8557
4125 9844
3537 9532
6414 637
3990 -8473
3266 -369
-9300 1571
9291 5483
2778 -4432
9043 3536
7286 9782
-6427 -9791
9154 2068
3355 -3796
-3663 4100
5543 8707
8550 -8798
-9267 3388
-2255 5807
-8946 -9133
499 -8266
7026 4321
-197 4920
-9513 -9964
7293 -3699
-196 -6750
-6540 4579
-3354 3377
9581 -3666
-9567 -6279
-7573 -4083
840 9697
3084 -5303
-9496 5295
6162 -5451
5 -8442
5879 381
-4700 -2970
788 -598
9425 -492
6480 -1920
-3621 -772
-7396 9940
-6 6746
-9534 -4095
5543 428
3845 -3386
1312 -3618
-4603 650
5199 5537
-9185 -8441
1940 -4797
5955 -9585
3538 -9039
469 -3258
8543 2962
-7811 669
608 -5078
-8333 -1486
4419 -5677
4751 -7866
-1252 3682
-6215 2316
-7035 -6220
-6963 -818
4462 -8115
-2912 -6147
-5732 123
1084 -3237
3505 7806
4489 -4727
5943 2048
6970 6678
-4808 271
4594 -7643
-5509 -6669
-9266 3065
-4619 6961
-5539 -5481
7422 2067
3952 -2501
1352 1884
-4273 -5239
1524 9341
-9134 -9469
-475 -1250
-5482 5355
2033 -4533
9460 -4792
-2435 -9055
-2003 7774
839 2057
2738 2452
6971 9941
2007 7199
-5303 8114
3718 -320
8162 9770
9110 9445
9976 -315
-7845 9977
5331 -500
8689 -3327
1881 1084
5750 -8132
9642 9447
5224 -2532
9920 480
4141 1682
-1120 -9389
8725 -131
-6731 7299
7068 2442
5607 -8570
4836 9899
9875 9303
-1198 6992
-2615 8926
10 1211
3079 -7013
-3846 -520
6948 2721
-3079 -4902
6780 6868
7479 -5217
4652 -620
-3322 9924
2365 -8359
-6929 -2533
-2635 -2029
994 7907
8619 -2761
-115 9796
4728 -275
2712 -6385
3096 1527
-2032 8866
-6037 3764
631 8611
-6607 -5537
3843 1830
1753 -8235
-6594 -5758
1709 -2162
9530 -3523
-1896 9074
33 523
4040 444
-9832 9918
-6467 -1233
-5986 2880
5466 6629
392 1983
593 -6851
-2388 -5256
-9706 3986
9472 -4825
-583 5769
-6394 -7123
3075 -8875
-6081 -3143
7380 -5101
5343 3952
7591 5140
-2373 5511
2111 -8877
-8528 1642
-6376 -2424
4446 5585
-5951 4217
1923 -7943
954 -5656
-9888 5115
-8288 -9630
-4783 -2561
4296 4787
-6594 -864
-3191 5397
536 -7530
7981 -5601
-4478 8164
-195 3813
-4891 715
20 3429
1366 9556
-4667 4070
-7866 -2991
-7877 6287
6658 -4033
3406 -6165
-7658 -8126
4731 1423
-3181 -4252
1939 -8461
-4062 -8925
9239 -80
-2547 5181
-384 2764
-3808 2562
5838 9637
3706 -8722
-1713 -8829
-8822 9561
-4473 4131
7966 -8444
-2849 8933
4076 -5972
3498 -8118
-6579 -9106
-8030 -4564
9077 -640
-1739 -5071
7694 -3471
-7188 7878
7514 -2394
-1115 -7630
-2738 4940
4500 -9108
5024 -1559
3718 -9974
-7321 6710
-5541 -9131
-7249 6756
-8630 7957
-2887 -3828
9253 -2939
1991 -3810
6440 1235
-888 -316
7290 -7028
-4657 346
-994 -105
788 6326
-5234 -6495
-2748 -468
-38 8485
-6926 3652
4128 4421
6098 -4175
5718 5499
-7441 -6789
3122 8692
-74 8271
-2046 3282
6255 -7242
6825 -1035
8860 -4682
-8357 -4170
3056 3368
-3380 131
2336 -5972
7680 6583
4724 5410
-8766 5529
1027 822
7754 -9328
9364 7307
5578 875
-5844 3010
9489 -2748
6217 -5869
3170 -9967
-4137 8798
5886 4814
-1335 -7361
388 -7494
-7191 -9000
-9870 1789
-2683 7533
-1646 -8636
-4243 8344
9371 -172
-9298 -1158
-4428 4948
-7800 -1420
2711 -4939
-4906 -7863
-5345 -398
-5585 4679
-8962 -9459
-3232 6801
7801 1427
-6785 -423
830 -8349
-3264 532
2596 -7095
2733 2493
-8666 1966
635 3436
-4264 -3093
5689 6556
-7587 -7833
1769 -5497
-7098 -2931
1331 9905
6705 -6059
9089 8099
1396 8226
9877 -3976
6556 -7775
-4870 -3388
-7174 2872
-1442 -8416
5020 -5840
4788 9193
9469 -9245
-3357 4197
-7579 -8118
-1049 8413
8317 -4677
2985 -5998
-7900 8743
6968 5794
-8183 7217
-6838 -9435
-2823 8373
4965 2014
3598 3
7885 -6477
-3564 2338
6814 6393
590 -4095
-2213 -6544
-8132 6732
-7946 -9542
-5540 -6094
-7352 8761
4554 281
-2503 9616
-9820 6372
8465 4380
-3607 1079
-8919 3430
-9327 -6289
6049 -7314
9080 -2891
3014 2862
-9961 3390
121 -5479
-5021 -8093
-4187 5896
8377 -561
9720 -1539
1798 6652
3023 -2784
-4683 5699
-3223 5208
2358 1710
5422 1580
4266 3031
-9860 5191
-1947 7066
4176 6875
-8604 1813
3720 -1983
-6087 -3625
5815 -6746
5436 -3990
-7339 9255
192 -2767
-7068 9405
4613 5509
-2782 3430
-4991 -3030
-9999 -3640
-8449 -7004
-9939 -6138
-5543 3325
-4863 7959
-4025 -4147
5950 -7423
-4169 3609
9620 5485
4739 -5012
2221 -7720
-8315 -5070
-9562 8874
2304 -9982
-3012 1378
-8542 -8967
-5971 710
8293 -3270
-9946 -2188
-4230 -7250
2324 -1088
5211 1745
-4646 1994
-2522 -8959
-250 -5027
974 -4062
4589 -8029
