2000
8495 -4322
9599 -8901
9300 -5779
-5941 1386
-8065 7212
-4595 -4284
3989 4919
5787 2545
4732 -2475
-9716 -2628
4216 -1137
2976 7456
-8129 4630
3158 -1798
7969 1474
-9127 7314
-7867 -9817
-5596 -9529
1857 -8567
-7635 -1537
4179 7514
6153 -2230
-5964 1889
-6866 1939
9312 8768
-2369 -2861
-1685 7248
1877 -5673
2529 186
-4619 -1245
-3932 4218
4401 -3746
-3275 1923
3356 8805
989 -7697
9817 9442
-2789 -1112
-5503 5969
1628 1247
3736 1352
8491 939
1907 -8634
-4307 526
-9288 -2496
6260 -8058
9882 -3907
6068 -3952
7971 4282
6808 -7208
-1184 5047
4488 -2204
6684 2353
2042 -4580
-9613 -5098
6254 -6330
8330 4123
9210 8466
-1009 237
7741 -1377
566 3424
-6763 4000
-6231 447
-1551 9305
-4182 -8261
6787 -4744
3052 4634
-3013 4995
-9586 3457
8359 -7251
-3581 -5477
8646 4612
3077 -5251
4986 7856
-3522 -4211
9213 6447
4168 -9236
4932 -7550
-4525 7937
-6604 -6619
2358 1293
-352 -6097
8899 -4590
-7413 -9645
-6896 -6967
-2444 -9055
9278 3245
7994 -3798
-2222 6076
-8136 6700
3146 7977
8742 -5203
968 1034
-1030 7394
-5505 6444
1457 6088
9991 6854
-4016 -8896
-4820 8889
-8078 -1429
3237 -1715
-8471 3199
-6879 6235
2310 -6757
9943 899
-1124 7895
-7308 6809
-2157 1338
2452 7381
7545 -9467
6621 6948
3801 -998
3827 6612
9221 -6495
2076 9008
1013 -5137
8063 -967
-4733 6263
9506 -8817
2083 7578
9193 -6832
9977 -5321
9738 -8116
-7014 1540
5795 2189
2857 -9470
3253 2415
2747 378
3883 -2920
-192 5689
-9449 -321
8712 -9180
-9197 8614
9798 -2300
-1002 -9692
-6524 5601
-6000 -1810
3796 -2827
-7566 -6263
9647 6782
-8968 8229
4364 2504
-7119 4286
-4914 832
-3480 -9515
164 8615
-6845 -2929
-4315 2597
-9704 -6042
-2013 -797
-1476 3015
-8796 5184
-7644 6245
-6298 8721
9223 -5210
-3261 -6652
9573 -9745
8262 -8897
1935 -7546
-3340 -6653
-4318 8455
-754 6824
-580 -1163
2795 4931
-2146 3437
-3549 -9219
5965 -9902
6343 1377
97 -7959
553 -9956
-2886 -680
3296 7292
-7885 -3314
2861 1557
8625 7771
6225 9521
-9935 -5694
6864 -4529
-5878 3206
-3357 -342
4160 5698
5796 6815
1912 124
2165 5860
5904 -7991
5050 -7283
-6270 -6983
3425 2066
-2657 -4155
-6384 -3715
-4194 -312
7715 -6439
2753 -4129
9077 4578
-5765 -9404
6294 -560
-24 8395
2239 5810
5390 -8113
-2383 -1876
4563 1294
8032 -3613
8453 8293
-2142 1456
7742 -484
9204 5195
8757 -2732
6860 6918
5216 5230
5826 9657
-903 -6829
-4714 5840
5371 9073
-5320 7525
-4351 760
-4226 2298
8685 -6068
-7776 -2473
8983 -9142
374 3803
-1002 -9556
1433 3299
3937 1475
-3296 -1708
-2051 -847
2324 -3749
-4189 -9234
-6441 7611
8856 -8819
5663 -1761
-9464 -1775
2157 -4843
2684 -7058
-6200 4381
1905 5388
9553 7895
4914 -9098
6098 986
-7002 -1149
8004 -7199
2773 4668
5434 4048
1658 8585
-6514 8993
-2768 4235
-7541 -7131
-1973 1489
4431 4617
2718 -5569
9819 -8049
-6433 -5378
-4476 -6908
4078 8481
-2669 -8379
-1856 -9204
5465 -945
-6897 -5363
-3058 4619
3612 8482
2716 429
7019 -5436
6053 8897
3513 -1234
3198 4205
6156 -3770
4574 6737
9829 9723
-8076 -6182
-839 7627
8424 -745
8311 7305
-4338 7609
2227 -4866
-6385 2605
-3246 -441
4123 -9948
8949 -6228
2539 3897
-1899 6182
-3868 -543
-3807 -5744
-2300 -9295
-5476 -257
-2631 -376
-7401 3685
4710 -487
842 -5370
-236 -9629
6697 -6931
2628 7101
-9127 -6550
944 472
-5632 -6458
9724 -6518
6660 2469
-9555 -424
4003 -3427
6316 1866
-4790 -7753
5932 -2594
6919 -2190
6161 4362
8454 -2239
4551 -354
-3254 8872
-7679 899
-8630 1340
4882 3265
-9533 -4262
-8073 8326
-2099 7127
-6300 -7627
7960 -8097
-5850 -6264
1142 -6830
4701 -6198
-8116 1782
9543 861
-9494 -5941
-7070 7814
-1288 -2748
-7688 -4749
-7763 83
9542 7194
5519 -3575
-6448 -8531
-2437 -2859
2765 973
8430 -4478
-1308 -9364
-5562 -428
-8647 -6608
7975 44
4103 -5384
-7571 8481
-546 -9247
-275 1141
-5056 1766
-1040 1962
8388 -5514
-4045 -1801
9061 -4340
-9647 7239
-7240 1826
6183 8783
2075 5174
-7714 -9380
4385 7149
-8236 -9740
8742 2208
2961 -2086
9056 -1805
-6319 -7314
8369 -6001
2206 6362
-1718 -9524
-143 8161
9120 -2658
-7112 210
2714 -8120
-9226 9071
-6588 -5212
-4342 -6940
-6679 7797
3726 -2578
5337 -4217
3978 -3314
3093 8113
-4168 -8621
7742 5183
5659 8039
9920 -3977
7086 -4484
9447 9040
-5360 9975
-7235 2160
-9331 -4586
2195 -3823
-2305 -3673
7470 5516
-8702 -8580
1827 6527
4639 8997
-5903 -5080
-9898 -9529
8510 -8162
-2139 5761
-5003 -7851
-8812 -5054
-1359 -5556
-9676 -4172
4963 1407
7584 -5286
1041 -2842
-3606 -1001
419 2232
-1242 1414
4131 -7754
887 -6603
-2411 8228
-9935 989
470 -181
1968 1647
-9686 5468
-6368 3157
-7295 -1045
-5918 -6044
-1329 7669
-1453 -8334
665 -6568
5664 4941
-3646 -5195
-2949 -5578
1540 -9515
-7567 7938
2647 9129
-1053 -7501
7867 -6884
-7696 -9086
7792 8181
857 -343
3614 -9503
-8114 4939
-9675 -3995
3158 433
-906 4712
9517 -1178
6965 5449
9655 288
1946 2225
1353 -7913
-1693 -5408
1429 -5980
-1345 -3826
-1925 7455
-2889 168
4386 8932
3871 -5555
4171 6272
425 4196
-1093 -2671
6151 9519
8688 2144
-7569 6836
-940 8342
-5850 4377
-7311 -5867
1874 2457
-7649 7840
9015 -9472
4417 427
-642 -3875
4292 -1198
-4927 -3051
-8855 -1538
5791 9219
-7542 3773
-4083 1941
2497 -8855
-6792 2069
167 -8444
-590 -2642
-6465 6577
4416 -8717
-4467 -4113
-9966 3430
-6724 9950
-1248 -608
6342 7568
-3971 7546
6765 -8793
8701 -4459
-8798 9223
-5912 -1662
-9593 3700
8977 -2704
8375 574
-2850 -1613
-330 -4369
1518 -4713
8717 5203
8874 5273
-5336 -4287
-2999 -2375
-1109 -5274
-346 3031
-7708 -4345
-1402 -1645
6693 -6506
7194 2687
-6297 7100
1394 9892
-1722 -7922
1430 -7735
-2448 -8332
6872 -3332
-8060 -11
5703 9466
-2910 -3396
5052 -7297
9455 5981
-4643 -5295
6781 -8254
-1038 3955
362 3474
4294 -3845
-3954 7787
-6415 -591
1674 8045
9714 5015
-8318 9226
-786 -9695
9771 -6378
3947 -1363
5062 581
-3439 -1002
7425 4516
9984 5639
3315 4205
1399 -1055
8821 -2603
-4817 -586
8823 -1412
-3368 -1232
-6218 4217
3442 66
371 -4536
-914 -3624
8735 141
-9279 -6967
5752 3796
2032 1004
363 3176
1102 2015
-5320 -6323
1075 -7500
1914 -6499
2089 6258
-4974 4457
-1327 -7559
2508 -1192
7994 -4165
2212 -7122
6741 -2921
3833 4667
-1538 -8818
5907 -415
-3519 -9507
6230 -3730
-53 7583
-9917 -9091
-5590 -8979
-9000 5718
175 -9781
-3618 -3974
8555 -7432
-1596 8890
-4512 6548
-2652 -5664
9003 -4051
-2868 -8820
4486 1185
5399 -6962
3029 -9033
8550 1628
6259 -7024
-2282 -7647
8072 -9332
-5391 -1282
8465 1967
8256 991
3601 -9260
7288 -3341
995 -7191
-1241 -1644
-463 3718
-5098 9612
-3630 -5978
-1290 -9699
5650 9400
-7625 -2740
3334 1908
6298 3814
-3747 5126
813 -5373
5618 -1562
-822 -931
5728 2939
5748 187
8543 444
-2118 -1773
1559 1800
5823 2785
6807 7930
7329 -1747
9234 2456
-1915 -6576
-9042 2568
-2307 -5618
-991 -2789
5650 -7773
1296 -1653
-4994 -1452
8735 744
-5092 -5526
2702 7278
-923 2791
-704 -5740
-4090 -1380
6874 -3898
-7722 -3041
383 9828
2395 363
8466 5063
-7727 -6191
-3964 1195
9542 -8357
192 7332
1796 -5453
-978 -1074
-76 6705
-505 -4556
3425 -7278
1342 8791
-1387 9336
-3706 1936
5485 891
-5025 -9602
9182 -2121
5409 -2839
8357 -8546
-3181 -8556
-7504 7898
-3834 7011
-343 4293
997 8909
-5648 -6698
-3976 -5788
-6998 -8503
-9168 -8914
6744 5336
-3774 848
4967 2228
-6173 4922
-7917 4148
9323 9237
-9320 -9561
-7943 -3859
-3128 -3102
-5089 -1777
-2869 -9750
-6448 9629
-6160 5204
6702 3297
4383 563
-4102 -8746
5823 4847
-2926 2124
767 789
-1343 4623
3859 2850
3289 -2020
7842 8260
-4843 9067
-2710 -5286
-1315 68
-304 8142
7067 2237
-746 7257
-2181 7489
8743 -6364
-7796 3717
-438 4566
-925 2999
-2379 -9672
6899 7733
-4288 -8521
9740 3908
2974 -2726
5709 -1383
-7594 -6016
-7874 -5607
-9650 5823
3080 -7087
-9599 -396
6962 -5381
8337 9144
7430 9166
5885 1619
5668 -3495
-5763 -6494
-1294 2566
-3527 3670
-9057 2166
-9217 -6833
-2848 6653
-5234 -3090
-7268 2999
5912 -4883
8442 9533
-2127 6313
5456 9124
8289 -70
-8452 2886
-6889 7895
-8600 -9064
3502 -2652
-5262 106
-7728 -6305
-3138 -4319
-3946 -3224
3686 7735
733 4542
-6621 -9862
-6608 -3356
-7044 -8180
-9056 1265
-8806 -7867
8740 -7047
-5432 -3537
-2601 -8150
2919 -4032
9796 -5379
-1684 7657
-2942 -4212
2564 8899
6634 6834
1375 -30
108 1087
7732 8475
-5985 7221
2206 -5592
-3459 -1320
5355 3400
-6417 -999
4572 9923
-4109 982
5603 -2510
-1133 -593
5195 -6082
-3462 5926
2759 -2242
7728 -3108
7979 -2146
-3672 1556
2498 5710
-6161 343
9024 -5297
-8176 4101
-6898 4378
4300 -4593
6390 7674
-1115 -6089
3318 1992
9632 7752
3677 2233
9991 -110
6782 156
-8270 -8562
6716 4760
4191 -1942
-7878 -787
7637 -8250
5851 -5134
9244 9461
-5132 -7327
-5932 7264
-5104 -8743
6970 2953
704 -8066
4168 -9679
211 -1898
-8022 7879
9318 713
-4527 -6291
5488 9754
2687 -6616
-4866 -8670
-3804 323
-216 -9016
-6342 -840
145 8373
-6650 1447
-5601 5041
6975 -5960
-5638 8824
646 4863
2742 8294
-993 2625
-9946 5780
5533 4480
-8416 5542
-9407 1940
-7738 -3282
1423 -3211
5950 5767
4139 8802
248 -3906
-5145 -8791
-4750 8368
7192 -4450
-9587 3333
1626 -2163
-5818 6876
2655 -9368
8833 -5764
-6501 1908
-6153 -9584
855 -5908
4602 -170
-4403 -7722
-5200 551
-9635 -6544
-5334 8770
7137 -1059
4492 3637
-3031 4328
-4114 4905
5501 8595
9228 68
8026 -1845
-6217 -8220
-7803 -8476
-663 -2370
7460 6773
-7229 -6062
8211 -3223
234 -2428
-3659 -7704
1238 8621
2257 -6523
-8474 -4271
-5646 -7054
-8460 -2588
7480 9855
1730 -5512
-10 9226
-5530 5513
-6858 2187
-1041 3807
-8534 -5678
1100 1731
-6977 -6603
-4307 -8667
-6326 -636
6562 -9349
-3620 9652
-7403 8088
-4501 4455
4309 -2142
6068 -3300
-4075 -3962
-4729 -3943
-8036 4117
-2077 2134
6457 4644
95 3110
-9773 -2444
2610 3118
-3798 -4079
-3428 -9996
9656 -7236
-5428 6674
1128 -4027
3831 3793
-9508 -842
8917 3619
9676 138
-5746 -5812
6322 -4640
-9996 5899
2729 2778
-5946 99
-6783 2957
-7402 -9616
-9612 -581
5904 -830
-436 -9957
-263 -9524
4269 -9308
3571 -2711
-9093 8482
2340 2487
6675 -5696
-336 -9685
6214 6718
3216 -332
9768 2663
-4381 7271
7655 -7016
6124 -1783
-8892 -8236
-4472 5749
6225 4393
5085 5266
-7446 4214
6416 2376
-5137 -6539
-2235 -1245
-930 -4742
-8025 7430
818 -996
-8333 5192
6183 585
7290 -2714
9225 7558
9322 3414
2883 -5947
8446 -5150
-6164 -893
-2959 7252
-373 -3610
3572 -6544
5932 4490
-6531 -4942
-3792 -4998
7727 -835
-1923 7026
-2389 9394
401 -5741
-8183 -1379
-4245 -375
3678 -5141
3430 8638
1465 2123
3095 7266
-2624 8506
-4318 -7278
-9068 -9052
-273 -8386
337 -5599
3567 5935
2960 -1937
1178 -8357
-376 -5709
2913 -8422
1203 5162
-9980 8668
7306 -1399
-5556 7172
4437 -1230
997 7540
-9739 -4466
203 6679
-7987 -5086
-684 9930
5864 6071
-2145 -3397
1967 2544
6836 9033
-9390 -8410
6752 3469
2136 5534
-5866 -9507
7665 3162
-4347 2299
3559 5822
-8645 6650
7049 7541
-7545 5279
5208 -7217
8854 5492
-7906 4792
-2664 -3292
-539 7782
9373 -5829
-8640 71
-4396 9845
-5942 3496
379 3459
-521 -4557
-8735 6032
6402 -6963
-9422 -3659
-8380 7171
9954 -3246
-7755 -9452
5341 -7472
2957 -1940
-4159 -7324
568 -7582
2489 -1066
2500 1928
-856 -8186
8994 6558
-7999 -6757
9275 -1528
1510 -3013
7049 5676
6568 5809
-7438 -7611
-7062 6521
-7231 -1472
6588 -8001
-1604 5727
-8135 -3851
5084 8964
4612 4354
9889 1304
-2139 -2524
720 8883
-2646 3583
-5710 -6
-609 -7416
-7887 -8661
-2551 -4042
-3801 -1604
6924 4108
6107 -1031
-5305 7232
-6619 -5498
-2814 281
-5366 -7815
3489 -4482
2995 -1756
847 -4930
-7626 -6286
7429 8201
-5494 -3336
1724 540
-9782 -3381
8737 9174
3281 -3582
9108 5660
6613 3109
-8669 -6198
4083 -6286
-380 2239
7757 -7563
4402 -6892
1899 751
8186 -4752
-2830 4273
-9063 9336
-125 1676
-7985 2661
5555 94
-9768 -9249
-9868 2557
-614 9340
-3138 6745
-9542 717
-7045 -5335
823 78
6907 -5567
8905 -4775
473 2526
-3201 -9189
-9854 -8637
6760 1457
-2162 21
-6165 8776
-6753 -6607
5950 -5933
-6594 -2900
-6156 -4665
9773 268
8654 -1977
-8179 -3551
4603 -523
4702 -7552
4975 3507
4318 -1105
259 -4506
6951 4464
-1794 739
3235 -5212
1902 2041
9830 6483
-2697 1572
-9373 -6765
7225 1148
-7109 -9600
570 9599
-925 -5287
882 -4828
8679 -6224
6393 -4144
1350 6718
4902 372
-8890 2021
6810 -6893
5149 8067
4549 2432
-5996 8699
-4346 -8149
6720 -5369
-1248 -7122
-3802 -6668
1766 9322
-1786 5273
-7230 -7353
-1496 614
-2669 9163
3255 -6426
5596 -7768
-939 8086
6152 6126
-1443 -2070
-3372 4421
9994 6282
-5366 2282
8882 -9567
-6235 3386
6429 -4921
-9649 5531
8179 -5358
5256 -6879
-3996 403
3977 -3693
2261 -7021
-8935 3293
3139 -8679
-749 7217
5359 -4583
-8302 5879
-1840 5352
5785 -3668
-6561 762
5841 9551
8802 9868
-5491 6193
-6966 6980
-2618 -6514
3514 2760
5739 -4920
-7907 -4226
-2905 6804
7742 5233
-9351 6346
5945 3100
2172 -3932
2401 -2174
8588 -2044
1227 5840
9428 8150
8063 29
729 -6064
1143 -8904
7577 -8168
-3088 -5343
431 3316
3840 2726
-2042 -8753
-8687 1581
-1599 2328
8397 7259
-1195 -9428
2250 4518
4078 1113
-738 -6524
7226 3505
-8839 1045
5863 -2045
3508 2305
-9318 3439
475 -9581
6866 4834
6081 -5685
9617 -5176
-9128 -8885
-7906 1739
2311 -7011
7507 899
-4268 -1719
5479 1584
-4912 4995
-240 2704
-5621 -29
-7725 -4378
9062 7887
-7974 -3322
-8489 -464
3851 8893
-2563 -8687
-7572 7189
-1073 2030
5020 -5478
9142 -5042
3240 6247
-2169 -5127
-6412 -1282
-4858 6640
-3390 3349
8971 -478
1129 2606
9284 8032
1289 6877
9490 -5484
-4171 -4861
-3952 647
-7324 1978
6500 4975
9934 -8584
7664 5641
-5766 3173
-4389 -785
-425 -2177
-8829 753
-6005 9907
6233 -6138
-4385 5125
5722 9238
-6247 6904
-4237 5211
-422 3303
-4720 1812
-3214 2254
7392 -4500
-5139 440
-6388 5055
-2010 -905
6918 2944
-6303 -8715
-8809 -8191
-4328 -2308
-3463 7425
6662 5008
1911 -7742
-8811 -5865
7438 7674
-515 767
-3258 -3562
1938 9993
432 -5867
-7092 6799
-4107 7766
709 898
2183 -3468
2062 8127
-4181 7096
4520 -8546
6462 2356
8336 4902
-7243 -1628
-3954 9525
4013 -9806
353 9252
-7036 -9246
-1392 -7710
-7191 3397
4883 1516
-3866 2423
8955 -688
-2561 -7963
9133 4738
6192 6979
-666 7373
5995 2654
-5254 1390
4636 8752
-7334 4513
3765 -1352
3123 3019
9030 6729
3846 -8270
6967 -8162
7983 2449
-8239 -3179
-1142 6937
5395 2921
-101 1712
2805 1587
-2039 -7047
8065 -1200
1272 2707
941 2700
-4932 3939
678 -5295
-4846 8191
-6359 3429
8988 -7279
5170 -5672
1149 6970
7628 -9349
7293 -6273
5439 3022
-5392 912
3866 -1756
-9236 6290
-1003 1930
-1650 2036
-305 9938
-1637 3418
5329 -9627
7523 7238
9959 8970
-2982 6510
3480 8850
-6779 -8113
-4386 1107
-5872 -9486
5147 -8947
3018 2458
-1253 -988
-5338 3782
-462 -8536
-4878 3012
150 9234
-6673 7206
4444 -4522
-1832 -9151
7359 8123
6972 5186
7073 838
-4335 -6086
-1851 -3592
1182 3515
-4028 -6705
6029 -5801
-8299 8440
9905 -9310
7424 1239
4193 -4974
-7768 -2427
3052 7520
-7911 -9604
8519 -5060
-9874 9449
4007 9212
-6875 -9081
-2673 9673
3187 1274
8290 8509
-3572 -7121
-8682 4318
5009 1850
-6911 -5057
-30 6153
-6275 -8998
-7757 5923
-9961 -9503
-4562 -5668
-6220 8558
7769 -4436
204 7788
-8820 -5386
9609 -8748
-6519 8088
-9034 7899
2216 -90
-8241 -3995
949 945
-2903 -1431
3293 -5361
-5718 4544
5041 5536
9868 -5679
-7122 -9522
-237 -6352
-4844 -5632
2703 9968
-5060 57
-1856 2312
3931 -1579
-7949 2831
8836 -133
-9188 -6189
6101 3505
8144 1630
-3827 -607
-5072 -3854
467 -8786
-4587 -5204
2165 7067
-4845 5177
8865 -8959
1098 7858
3890 -6196
5946 -7038
5793 -2180
-8592 7998
-4471 8349
5575 -4059
7571 -8371
4744 3718
9865 -2535
2400 9672
-1812 4052
1118 7813
2989 -5927
-4886 6273
4131 5574
-6902 6212
9174 1741
9562 9045
7042 8687
-9244 -9031
631 -7430
-2080 6331
3769 -1799
5666 -7337
-3944 7354
1406 1786
-401 4244
-7962 -3756
-7483 -3692
-8118 -2848
-2915 -9632
2109 -5020
-5976 -3742
-1334 5391
-9920 -5214
-2644 -578
-527 711
-7367 8998
-8340 -6759
-5684 -7981
3806 -2284
-4319 5722
-8035 -6596
-288 -2281
8592 -1797
-1429 5315
-9705 -4324
5656 -5599
9792 -1960
6548 -5679
7464 9873
4304 -6097
-3379 -3064
3898 6937
8957 -1718
9719 8214
7656 2762
9887 -880
6839 -6658
1545 -402
-1366 5431
-5173 -6163
-1762 -1071
-9311 -9518
-5197 1750
5343 7237
-5139 -4013
6644 -353
-3417 1482
-6516 4263
6197 -740
-7979 -6797
2323 3853
7195 -8093
5227 2883
2034 2460
6297 -6140
6510 6861
7344 -5466
-9995 -9081
8157 -4133
5576 5348
-5006 -3262
-8060 2219
202 5299
-5442 -4575
2349 -3601
-9749 -3420
2208 -1608
-8726 -8834
3626 -2566
5015 7029
3890 3644
-8102 1524
2444 4954
-9180 -8097
7252 4321
-8942 6396
2336 -7755
-8736 -7002
2144 -7463
-1064 -4177
6124 -5508
2885 2908
4074 -1669
9487 7880
4909 1421
-1215 8222
-254 -1202
-6249 683
6308 -4090
-6049 -1708
-5312 3559
9525 -4991
1728 -9256
-6719 -9211
333 -6128
2085 5939
-1154 -3544
8508 -5031
-3430 -3359
-8218 7994
6216 -8522
3997 567
-5030 -318
9313 7748
-240 -8723
4836 -6737
1993 8169
8913 8082
8871 -6280
1313 -4085
-8147 -797
9380 -2881
5809 699
-8940 7887
9602 -7622
-6144 -7158
3409 9538
-781 7853
9321 8380
9657 2252
5515 -919
970 8214
-9985 -2493
4948 -117
5798 -7394
5530 -18
7101 -8629
2070 4909
2795 2909
5288 6852
9694 2396
1933 -7136
-5562 6824
5203 -5128
7124 -6242
6560 8580
-9487 6359
-2414 -2470
-8867 -9472
-6866 -3745
6237 6931
8302 8664
7293 7058
-34 4092
943 88
-3796 -1026
5560 4358
1181 -8142
451 9998
-2524 104
2404 -2425
-2346 -5964
5287 2918
7167 5241
-8505 6420
7071 -5978
-3594 -8548
-7770 9093
3184 -6301
7508 5917
-5109 -2152
-7795 -6289
-710 -5829
-5832 3386
-2790 9742
-2684 1644
9401 9614
2531 8691
3931 4687
4827 3419
7441 9147
-5681 1897
4710 -6154
-2455 -3451
-7534 -2106
9463 -4948
2485 1078
5249 -4612
-7506 -8226
-8485 -6863
4781 -296
-683 2552
1243 7903
2589 -4431
8988 -1106
1762 1137
-3246 -9852
-6006 9802
72 -8536
3079 5261
-5967 6259
1057 2541
-8351 6518
-7987 26
3163 -5857
7568 -6472
9802 1664
-434 -3116
6174 1044
-6342 -4124
7013 8882
9030 9141
8943 -6234
-1049 -3255
-7995 -986
-1007 -7971
8291 -3962
-3723 -9951
75 9940
-2197 2011
5539 -3042
8622 -4630
5976 9061
3825 -1812
7785 2149
1031 7484
-9656 8518
-7717 3781
-9475 9287
2021 1235
6985 -3749
6011 -8987
-5217 5276
5215 -7713
4298 4858
-8185 -6982
2109 3557
2618 -5842
6067 -1916
-9767 -3558
-2354 3851
2368 4985
2486 -2009
998 8372
3327 3012
9263 -3260
1474 312
-692 5273
-8720 6258
4836 -5478
1261 9299
6577 6652
-5470 -6630
1454 -806
9357 -9404
4447 5408
4113 724
-7565 535
-1094 -3401
9611 3433
-9828 -7767
6266 -7407
-8413 1647
1625 -4427
3816 -7133
-4113 -3540
-3168 -4923
2168 -7537
5378 1362
1958 -2658
-7250 8455
-822 125
-9341 -9417
-2818 5334
2488 -434
5520 513
6828 6381
1748 5506
-8922 8415
-4998 -6628
-167 8615
-2588 889
7073 6665
1748 9580
-3078 2450
905 -6295
3831 3393
7697 -6197
-7142 8211
-2224 -5121
9113 5346
1726 -2984
-7479 5940
8075 -6526
-3154 -2680
-4065 -3202
-8593 -9601
-9215 3347
2927 8481
4651 2533
9959 -6431
-9318 -724
3080 3789
5721 8379
-3022 9659
5004 -6504
4234 -188
-4249 -3271
203 6755
-5925 -2453
4345 -9230
-8831 3731
-2923 5752
4232 -8046
4487 -6276
-2707 2604
-8121 8167
5676 1696
75 4959
8338 1396
4893 -9227
585 3341
-9930 2847
-399 -9943
-2396 3994
8485 7397
1127 -4331
-4859 9655
-4671 -8075
-4351 -6906
5698 -6463
-8297 2943
-5362 7577
6257 7379
-1225 8434
9208 4594
-2065 -2612
-9766 3513
3570 1726
-560 3556
953 -5106
563 -2075
-2421 -4200
-2275 5705
-7481 2908
6445 3375
38 8217
5793 8148
9248 8397
-9449 2049
-3357 -1978
5410 9759
6992 8299
24 5644
2920 562
9177 9464
-2612 -6128
3394 -260
-835 8688
5317 -5161
8214 1684
3621 5482
3630 1972
369 -587
-8538 2877
-5381 920
4399 1826
124 -9972
9393 1390
-4328 -6132
-2948 2312
9906 -5151
8310 8162
6849 7020
-8142 1195
-3401 5886
1368 -9928
2044 -9781
-368 -1282
-4685 -3867
-9227 4815
361 -66
3683 5172
283 -5795
-1927 3075
-893 9676
-5476 5126
7008 2733
-248 -3446
7749 3856
-258 1611
5404 -5653
-1713 -8891
-173 1168
7302 -8360
-9825 8863
-1204 8075
6968 537
4742 -7522
9274 971
646 -3464
-8339 -1620
-8887 5171
-4555 8669
6245 865
-7525 -6806
1262 -293
4537 -8401
2768 -6730
-5090 -1916
-3054 69
1864 -4915
5622 5742
8220 -1169
-6478 4085
-9380 -8787
-406 4169
3060 -7719
-5330 4428
-4708 8505
-4581 -5365
4343 1489
3088 6682
9952 2600
-9316 -4145
9645 -1418
3667 -2370
-2907 1509
-5940 3010
-2906 -967
247 1304
-4528 -2286
3716 -6439
7989 8532
7036 -7894
-3259 -6720
8490 -7545
-7143 -5196
7405 5299
-5126 -3471
5111 -8191
3160 -5481
9749 -1223
-4493 -9748
3007 -2471
8833 2601
-9686 -6747
-3186 -5696
-3444 4030
9857 -5198
1803 -2687
3489 -3402
5123 4014
-688 6346
-3405 6248
8057 4186
-7575 -8295
4203 4938
5190 -7827
3424 9711
2311 -1804
5170 5977
-9719 6347
4097 -4296
506 558
7871 3954
-5728 -3970
-9957 5080
5146 9395
5643 3076
-2739 -8260
-2834 7420
2357 3408
9302 -8631
-5200 1268
-6816 2725
-1298 -9169
7178 8355
-5942 2704
-6739 1275
-1051 8286
-1964 -5147
-6347 3221
2615 -1921
-8846 8800
-9461 1978
-602 2136
-4457 -2294
2796 -4525
6743 -1434
-8710 7596
8427 9928
8282 3713
-3584 9326
4321 -3940
-1934 3399
-8028 -6731
6490 6102
-2099 -4375
-5576 2825
-5197 2776
-5088 -1315
6391 7922
-6604 4176
-7259 -814
502 -9861
-6213 -2247
-8535 2649
1974 -4211
1849 1603
-4999 -3706
-437 -6364
9738 694
6319 -227
-7402 -2361
-5865 -5536
3149 1122
-957 2768
-3056 3260
-3834 6160
-9981 3406
-5121 6668
-684 -6194
-405 -3655
7948 -8710
1305 -4835
-1199 -3331
7363 -9132
4362 2259
-6382 3681
-8135 6960
-1919 -2246
-9479 5014
-1727 -9156
7005 1186
-1687 4439
4827 7024
-5449 3192
-6743 -5857
-846 4146
9311 -5075
1594 -9542
-4953 1832
-5909 -1044
-3642 9410
6369 -2291
5463 -1777
-3042 -1829
2736 9706
891 5231
3391 3461
4206 9204
6117 -1783
6081 8757
6623 9374
-5701 -4766
-4307 5934
-2235 5893
-1430 740
3870 5577
-6714 8649
592 3960
-4149 -7531
-4105 7550
6502 8587
5769 6787
9711 -108
-8171 -26
2451 5827
5201 7911
-3135 -927
-1273 -6780
9113 2558
-2981 -9787
5790 1403
51 -5391
8569 -7204
-1013 -9357
-8087 -5581
-3273 4882
5389 8415
2027 -7505
6190 5100
926 7578
9209 -1360
-8567 -153
3067 -3927
-7648 161
374 5901
1024 -629
3980 -3837
2681 -8925
-4561 6270
-9312 -8333
-9731 1073
3209 1136
3631 5659
758 -1044
-3467 3541
-4099 -4596
8973 -538
5536 -2665
7496 5760
1660 7888
979 1590
-8527 -3595
-2520 -1321
-5052 4154
9542 6640
1433 -642
-9507 9812
5470 -5359
7319 7846
1386 -52
5352 -6149
3314 7288
-1657 8045
3805 2570
457 -4162
7428 -815
5590 -8565
