1561 1 614626602
248966536 
430140310 
515469734 
381837101 
263656329 
244135141 
113063785 
221832626 
610624806 
361378416 
266460497 
474473396 
445138123 
239313478 
559663942 
102858308 
110311968 
373742022 
149287654 
279644920 
324910411 
579497919 
455464562 
275716511 
214475053 
374751625 
595860125 
495333114 
112474793 
338037084 
215380512 
57837486 
153550791 
116223643 
439674586 
113603277 
56754941 
552738370 
31832061 
363775904 
610512944 
298292557 
223622697 
137420622 
537606035 
479682797 
240278929 
344314160 
549820976 
389566582 
320355237 
260104784 
50834056 
161193196 
232217452 
265309109 
535944820 
213450975 
457038380 
344815771 
247884216 
368815049 
99049414 
97831164 
181434849 
538724000 
211434441 
238189789 
173231925 
243266501 
601965692 
480141026 
541559057 
521984546 
2935046 
160934647 
387040740 
243213974 
201644964 
18631271 
329176714 
522000200 
278736055 
380010769 
68566793 
510953506 
341716035 
300907771 
420800638 
184127812 
31096939 
54058251 
552942860 
130146352 
151889415 
119751106 
365266509 
59720013 
54337052 
234894592 
302986513 
41676141 
100409015 
540941727 
260056845 
103344060 
398272532 
32470982 
42954192 
599917495 
51102253 
372130905 
203687251 
26234465 
137515071 
583276803 
233584128 
479231106 
269557971 
39758164 
359755075 
611677669 
404839174 
609094093 
438220179 
556728588 
425241356 
499882845 
312844758 
479578408 
120150834 
312227428 
217650706 
531582609 
238542553 
477707550 
331322826 
333211242 
206574690 
374277017 
14898292 
568699702 
131781319 
218585542 
594934166 
580319150 
187235743 
213891691 
141319811 
153189871 
564672614 
501074885 
461263698 
354885186 
191938533 
284857274 
608009931 
2553287 
170113516 
306228087 
482131694 
601287110 
3828912 
396178557 
518243116 
553394224 
259259505 
234939339 
271978863 
162230352 
305612514 
597899915 
116303451 
133789990 
201858854 
96611014 
99482537 
85490754 
6898862 
551825107 
549703385 
571571476 
134669548 
396340480 
8226217 
326608080 
377593911 
1609545 
329161366 
244103584 
4233789 
507689217 
230764091 
8062701 
289241172 
445403364 
257853082 
244896834 
376738861 
226228103 
407127185 
378747532 
209501415 
523430635 
512537521 
107756426 
316437806 
308416216 
504269940 
19732825 
245614720 
439346722 
591304300 
380284267 
532083359 
295926674 
92265745 
295050667 
297536219 
117823268 
235550408 
301770007 
10885883 
162710657 
6228865 
300127054 
304510178 
264081947 
241420045 
66622436 
490310049 
33920627 
141766125 
85184861 
557351261 
39677044 
503964046 
570185224 
44489417 
393607383 
589918048 
290104136 
529350262 
262991904 
366784561 
446807018 
558918577 
155446463 
438253842 
241828193 
273269730 
370200408 
239994358 
595178372 
532911064 
246223222 
591701583 
222794639 
206701326 
218495025 
600439835 
82384772 
252415651 
127579357 
478592392 
506163069 
478279160 
64325994 
461721690 
522768576 
457933376 
133409294 
198246110 
372657036 
396401197 
261426828 
515860211 
340693171 
416873290 
35883609 
278917522 
386539177 
406084016 
215308037 
367090947 
20764635 
157927416 
40562085 
243559273 
364628742 
259057110 
540395265 
143409671 
207868918 
53348020 
318398221 
99405385 
228023337 
382724214 
257523232 
136165311 
226030987 
390932525 
30807578 
295084180 
172707119 
292234405 
196317789 
209796448 
405503852 
543224157 
488713969 
177416426 
334681570 
89395403 
240903530 
355446204 
247322818 
281465615 
295401634 
308347717 
236918882 
221170297 
451757388 
444787799 
585541076 
155529006 
544193183 
198937810 
538253219 
498112573 
31499278 
460680363 
274418495 
62306855 
141137941 
143521772 
50937417 
33851887 
353318219 
456441268 
273472201 
227405585 
330253852 
608153770 
13197145 
267553539 
45369529 
571542722 
549019153 
37167320 
265263837 
171311432 
258337616 
102394622 
312495389 
540274849 
568946387 
242061969 
124586057 
188969161 
436570699 
156085334 
35022921 
96362592 
529414949 
487183621 
550907123 
580352365 
217431665 
289598739 
422167031 
490903865 
213400481 
448817040 
180827190 
537620385 
101743976 
537219478 
494536504 
347159287 
574386798 
145173738 
214866876 
218097811 
558591119 
527362264 
454768818 
209307061 
465820391 
275751032 
398276221 
287764487 
128232523 
129695300 
80523236 
43020869 
313275078 
16803756 
8746632 
227102901 
2798652 
127309820 
103380163 
216199132 
576126859 
595230113 
450215674 
63244232 
517822988 
330125576 
106799676 
173979341 
171695471 
321666552 
88473310 
426682748 
234402213 
543242127 
21363206 
85596001 
204366556 
116035585 
69756646 
332599078 
556753644 
150279881 
375619947 
255402119 
167083637 
80762736 
482505019 
480905048 
208072555 
282281340 
393500338 
480595571 
573907610 
229089409 
240235960 
173500153 
255611142 
347035636 
347479494 
427306613 
54075585 
435952803 
550385518 
288477797 
364568327 
268144881 
70469956 
568934882 
384180465 
140226601 
597930117 
22703664 
290506481 
55319619 
278105783 
153986275 
136082354 
457006959 
20264721 
40551066 
435684456 
110161216 
521146636 
394965463 
339250624 
146755994 
568465616 
594861766 
493791629 
301318507 
103937934 
547867213 
122644707 
39696849 
532741167 
183609191 
307841729 
603211122 
448940230 
388418352 
439833880 
432243744 
411122015 
115713759 
487563363 
385623955 
580722793 
9019114 
228004312 
297383671 
49570180 
49062165 
407544886 
267112973 
140423786 
132168908 
413868966 
94262799 
423426831 
293033992 
91977463 
527364764 
537297362 
525644929 
263457770 
151808085 
94627517 
267695656 
451415364 
239963904 
41487405 
276622642 
57581045 
149005578 
88732558 
241540565 
534629532 
54828748 
250559679 
148007241 
48608577 
611152618 
508092166 
456153462 
263638988 
344912109 
284718527 
373904112 
135571065 
404541515 
363334261 
227548527 
13675834 
597027781 
449589613 
277133603 
134209263 
240613287 
544829259 
585624626 
480577190 
282712821 
558643425 
538158234 
431718398 
32749380 
165072197 
351721328 
398600888 
112028033 
196124726 
447209464 
419576808 
400613049 
599759083 
379611953 
130898555 
580873768 
449912222 
266469619 
370788680 
198619881 
190414303 
384464514 
181021059 
25377313 
46971514 
11626479 
265990599 
288196930 
293647262 
131941186 
570909751 
237664085 
366495578 
388001546 
581436224 
227963932 
436119031 
365410509 
36388122 
17617155 
509016130 
152361087 
418230203 
190544769 
531973039 
245524916 
156791934 
63654817 
511994534 
527580613 
262274697 
87782235 
608441284 
139691913 
113159547 
351808956 
462341151 
75546304 
25379283 
141361810 
207487489 
292685191 
75422052 
270379224 
66060135 
42231674 
498343155 
198575323 
104038340 
231127434 
216192477 
613054470 
383488520 
330818838 
188972636 
300834957 
576343753 
42160727 
60885931 
170107842 
266137497 
323160627 
257890076 
259952179 
159248697 
67445781 
611761134 
6963245 
142992084 
333536574 
459347814 
46875730 
11595163 
534769866 
13651112 
388678057 
273397697 
208390424 
587253379 
377436036 
439517858 
188819254 
72260061 
208379775 
216034249 
572255456 
205610889 
177751399 
614416182 
266496819 
44255398 
265927077 
286053603 
302145474 
222275413 
445302299 
65987412 
219409944 
148661701 
520002255 
552946517 
608009515 
263274142 
260937837 
528152778 
276925253 
34989291 
186923872 
485315677 
7616068 
260756065 
310206932 
507458081 
333016126 
214982864 
108865727 
290644979 
420593753 
597639885 
601457319 
72463969 
27268680 
563780553 
54913730 
25810311 
171429363 
500216028 
91797722 
87235464 
34251127 
308196134 
25555378 
27634039 
571470276 
286493215 
252182974 
233768926 
17878663 
135503003 
415480760 
25494730 
92655225 
111061089 
229348968 
425671350 
22440111 
34610852 
412712487 
443033863 
328646894 
95939361 
211893989 
52311732 
45093311 
266807718 
78122042 
216522673 
152397144 
480942524 
154294 
497671030 
174512055 
25709671 
221701226 
131355728 
8599043 
170280357 
61520812 
337500466 
305783359 
477001571 
59391353 
398438583 
284458818 
288740321 
520506091 
306898928 
323351172 
14988133 
446328948 
37371464 
110927493 
43596334 
89683195 
467043563 
6800210 
478827996 
379962393 
159197353 
41540075 
380116686 
353264540 
216052130 
102222514 
574965765 
43804015 
110821557 
130619519 
416347586 
144718180 
132799035 
278722555 
204109532 
227633775 
259577530 
492849852 
133513263 
262872615 
512597182 
459524155 
94574960 
246364803 
570451647 
449194053 
32444155 
119264765 
455994262 
511272150 
499227157 
311587772 
552812225 
264717240 
50225709 
465260512 
366939754 
321587631 
509064526 
174157468 
148603307 
7181668 
318875647 
281402341 
285904222 
522985178 
205432274 
241877909 
97604586 
35341694 
201146681 
610201767 
494865849 
295721640 
241939967 
147087051 
130289090 
274384121 
266351816 
282679510 
171029668 
150952370 
594267281 
420238050 
112065768 
29866388 
270871959 
479005521 
47850176 
476332643 
38536386 
196453483 
483514310 
53808190 
174251981 
465814689 
576793367 
76080412 
404088755 
59771350 
111422106 
605235435 
366369274 
606287954 
286330472 
608309240 
449771162 
113015719 
268066758 
101496375 
92091386 
135492584 
563471505 
71732065 
252126791 
60910670 
412621212 
219394908 
539916190 
460471387 
81100948 
274848733 
353321027 
261011415 
25053080 
527573008 
112199501 
601846446 
603653419 
516288255 
358013954 
411471682 
203293245 
109756625 
99529191 
186019874 
414462023 
549300353 
299035592 
378924938 
36170125 
87523136 
210813679 
296037787 
159255200 
462940470 
356948456 
571876411 
67708775 
593260803 
114117353 
459832482 
253482933 
467438380 
106217294 
278536012 
76780943 
529439554 
576778616 
65807759 
127497364 
16562125 
173675599 
330790608 
437341509 
273204789 
516810481 
237176929 
207878539 
512242230 
312498025 
555071424 
599765365 
523311703 
236482608 
144393962 
68021728 
593431064 
412666530 
446753262 
268461422 
526783883 
291959141 
218340513 
379595660 
94572592 
193272682 
456376602 
9385543 
155424695 
218580518 
136882906 
483009579 
392256116 
164069671 
2120644 
50834303 
66253549 
239297572 
258712841 
578495779 
248191754 
510180422 
563634541 
467899615 
132036428 
404424661 
535921342 
421863649 
202464588 
64444160 
75698468 
114621868 
52799458 
294038980 
190613685 
147372050 
487311662 
32363684 
467780352 
339132514 
561966962 
301059416 
518538251 
339596475 
465129086 
520658894 
86826935 
227778793 
456352623 
41935934 
191647969 
89917775 
552116355 
451678667 
557817389 
380548940 
241476725 
175508286 
187785986 
140337471 
239952445 
574507214 
565982098 
603774663 
253919591 
141969181 
447542870 
437627410 
485355624 
300696619 
473156082 
129092141 
298152192 
377067730 
468688616 
459677436 
283100021 
251911708 
72829626 
435848801 
293847641 
575500354 
525766575 
231337394 
412552418 
165353519 
308282491 
350425301 
37257963 
496068477 
187158929 
588233167 
152345246 
138514424 
577381227 
102660994 
591506364 
410297494 
540288404 
158631544 
407390271 
95214041 
287723684 
401938620 
168677928 
452808457 
246989453 
148174106 
90093563 
16215236 
584022906 
80337361 
591715589 
191559037 
8070912 
86037563 
356912555 
316353403 
132859021 
90566675 
197795277 
320017949 
64173240 
46536680 
154928530 
26927864 
149197673 
442831052 
133621516 
74859474 
297858753 
237407944 
481096274 
585582436 
24719961 
35147599 
120160449 
582732174 
183321704 
210254011 
295343567 
152718008 
290591371 
583455314 
344277044 
298662283 
54866274 
397585756 
311411843 
498748054 
488152431 
205603277 
204139400 
552325670 
252139956 
55464087 
275649691 
401337628 
194691296 
105667364 
172593260 
492550048 
343075307 
39062931 
159902040 
64191426 
74210530 
280062488 
343319757 
257532233 
186712656 
24036721 
106646398 
173700184 
303888192 
147319599 
168758624 
55150623 
544905355 
480170466 
553898676 
114827341 
71147140 
454434233 
363549168 
323287095 
509898320 
24572256 
109998121 
89963013 
441262380 
282591380 
278909219 
169711084 
18050468 
438811258 
544925269 
92260997 
104247143 
273618423 
46189388 
290959798 
608677904 
463858545 
161056139 
297939493 
611178144 
329814763 
49486274 
237853054 
506381386 
603384949 
49076552 
577528526 
443192580 
412625719 
597211778 
34860455 
133594132 
403606056 
435846227 
574856511 
382593593 
100128843 
440963753 
400644061 
538940100 
371262419 
189301215 
339583400 
341277000 
546513362 
326939355 
31724459 
92141463 
487995494 
26060109 
88693004 
514206414 
75546382 
22942215 
405961197 
64304729 
72018766 
65259278 
203893466 
484644484 
47844454 
238753920 
3612013 
147846667 
59973544 
274864682 
530440260 
471125147 
101201832 
12853876 
395438644 
168860408 
513177850 
120395442 
510137407 
445064610 
143730954 
238258023 
537206072 
17099845 
264318132 
322295233 
531306258 
36260671 
41633605 
19037011 
411588159 
113652370 
84296288 
855022 
294693011 
443163501 
550631701 
609327783 
591010168 
307001403 
269565862 
203219983 
163499947 
67163851 
527096618 
255334748 
236024259 
425647865 
72126347 
131535063 
567108632 
215857301 
66189244 
186084259 
232957145 
26903533 
508379491 
460659561 
63164203 
246409253 
176092729 
171148520 
56457780 
260389016 
483026301 
351150790 
399948675 
419031400 
42248129 
72728398 
422428960 
8210148 
275948380 
585928906 
75373999 
188418395 
537659811 
311398257 
310462417 
609786158 
139329477 
262944447 
211016856 
205518720 
449028705 
140370158 
232422252 
39177752 
297425876 
606609215 
285587004 
473518604 
163131132 
342044784 
430303778 
342553590 
389591731 
215625850 
146958387 
431839859 
288354247 
265783504 
440050007 
260698784 
237085807 
515424005 
145513336 
471141776 
212195659 
455975752 
466301331 
47921293 
415316356 
373714344 
253440013 
560741219 
210480659 
182258422 
599918970 
204302693 
174241034 
581902131 
374217454 
33768323 
5716470 
189894629 
376321913 
395308201 
101916636 
219676457 
523544217 
86667040 
485459961 
45363779 
347365823 
418941925 
257183941 
492879158 
275457098 
165775757 
30624466 
438154586 
213697050 
142336979 
508265087 
467137062 
88451595 
415141904 
34768881 
384766722 
4817994 
520032675 
352042251 
379035447 
553800997 
54154878 
265326234 
11892465 
449463078 
367242869 
542591682 
54776851 
453909909 
109821198 
100140629 
497671889 
528763122 
357324570 
72320603 
500616378 
523100326 
102945068 
20540519 
122170773 
245282046 
225201764 
285703992 
30129799 
25717065 
16869031 
414896520 
30535058 
536901705 
152312168 
105966662 
172472257 
206467046 
67689053 
184364722 
352326281 
434931922 
112329801 
103499289 
585237988 
222150998 
203639918 
468283274 
447310277 
257360645 
540603876 
29696210 
476857128 
339945101 
361259489 
295424059 
281623305 
586461252 
581128050 
311753103 
612178316 
597997080 
112023020 
339109531 
520272182 
575357948 
141472350 
78117837 
478221151 
209161403 
573505318 
215920829 
29466722 
382231276 
15816276 
311100867 
300778431 
219456193 
475780298 
444484865 
173212995 
98153730 
474181075 
35443520 
438098830 
220813961 
330867578 
105095532 
503671370 
297369026 
416848634 
501223083 
591762263 
225267812 
536728771 
193804001 
185999157 
63574518 
582944597 
49593705 
272735920 
541823312 
576537293 
613225401 
5824143 
592353568 
309699665 
306602573 
508205918 
170853361 
136460835 
66792310 
269007090 
307038067 
102235830 
403502077 
224248185 
129499565 
204993767 
113292952 
123264748 
7215798 
310912192 
100400409 
232483609 
233014360 
294204409 
114878923 
607611638 
573545163 
164472627 
265720955 
197138030 
437406078 
264319754 
202962172 
111529201 
270415576 
205960902 
5108517 
137665094 
38817894 
71900826 
103068341 
345855961 
485159415 
202966576 
266500303 
32378 
407960342 
76189413 
123297125 
111572297 
83497762 
223697533 
40452064 
12908280 
214298099 
155330986 
5893315 
484239419 
16199771 
271614269 
66750846 
453605848 
232330180 
269713017 
565135048 
199141914 
475673918 
266639722 
33203165 
514491812 
338540548 
136271506 
556743930 
209073360 
35634239 
208617630 
520128497 
443594580 
595829802 
28799020 
555166876 
64700962 
563519312 
595618939 
77609241 
474213569 
136323323 
83502555 
343826385 
152523093 
51512981 
106973389 
302525098 
594865921 
376686405 
564056303 
490403992 
548756481 
216069423 
523607156 
145017848 
251006128 
356274819 
87135175 
156475645 
391909057 
606775564 
61977540 
220877034 
284374922 
401799319 
161417308 
349075883 
350692028 
453432404 
426685123 
521301754 
589755726 
206583835 
250501537 
438674976 
258096815 
53871083 
437596231 
549358893 
430557487 
83422090 
425136282 
61083523 
299491512 
30512994 
206101370 
246893797 
386787812 
604259304 
403369441 
475093027 
292804424 
161743138 
81343458 
577179345 
563542456 
553783525 
8024783 
299607882 
88985485 
434709905 
517305793 
64114608 
