20 20 714948716
2172911 114915268 81024287 601291003 340145322 567111247 668059279 273262830 400947781 636765809 96945471 254323375 324648017 104823654 537996614 565761101 65109114 108818405 427574219 
433118182 348969414 704304436 474430915 520687129 639436463 268529897 414025839 472924555 108187845 400462211 562508358 110360755 515377478 643532644 709014257 137936583 493057675 662124819 
411199413 176419239 581304411 508144883 430742613 188366212 610331036 253790510 39178596 675440150 362608914 464115314 390972115 708940827 453471033 147816813 514679240 375321279 413709210 
211118862 130659617 521897054 611581072 693167974 632257808 409372334 619114402 623685848 547308916 394585860 570861951 243559612 571005098 434580145 34118279 286798994 622946356 644449314 
537952003 659487452 602303247 182974701 408654049 275689145 174329311 144538866 423505958 689008550 519860144 119628951 182541196 647882261 641526004 76536051 626101518 556197595 485908384 
527629703 464934726 315631084 204629346 318210460 556553195 60685727 35204389 590671473 344847220 658150744 517534571 165213007 600051979 404889101 348187707 293757312 677940746 522517017 
435658677 383860487 493939351 237932604 503489437 676480546 170866148 430066724 35430380 79381450 268678102 518701264 607011152 16026611 119383631 94054282 331599571 675936825 154740008 
366803959 549022082 496949728 307368486 351607936 662162734 192471749 38910820 295401724 483591560 1902849 100332524 204301520 383125835 594271874 442234123 171666555 553166203 610462771 
599095778 585959083 689844220 152825163 389711630 579269155 166214274 506457760 673323436 497813844 464808368 110477228 149669086 298881733 607426955 454400071 647852168 554640972 646871819 
684125488 132456479 412877162 683390836 230151502 614541181 351567955 106837160 339189088 523234509 660003362 234703142 404744071 528376228 206961145 557569233 203139141 71281583 6197290 
709596900 27018803 504011133 456819052 137496030 653680218 38114568 27336768 390494073 685966736 579340239 319779675 655143507 711796717 17708121 620948126 224362002 632249301 257567364 
331199161 253852172 63215657 273616307 488555313 467959727 87043818 695516457 307942743 287545459 49211824 314140033 279556142 76230626 100564949 21426477 211089155 36658951 59541045 
238425922 427153023 27921564 100179944 31983981 683065070 94390444 47054601 586426979 318752445 679303902 126408127 649951606 215569857 189623783 208619196 704125170 654946009 295663013 
682055410 245302535 583208471 16318517 556805067 145178397 89911642 657370016 166604873 301000796 694028966 226145917 536789217 406233272 254067480 636969160 438217252 219546333 16410887 
485271853 88387096 335163332 446989538 214795222 267528721 662559394 404419004 476147916 649098347 341778796 54224712 616205041 587081330 634795683 629886057 426300181 65025363 2211483 
368721480 231630235 303212278 347801729 455138652 122415279 36448784 706568631 41798222 472028535 208528748 58209109 239714171 296915843 390734940 686703708 511711064 658263660 631676886 
198543851 416825359 563189016 540322646 471050070 461807840 409817759 390897036 374107681 121169223 453284898 376319163 487253202 684915133 679531440 117468714 422467568 84360502 153917497 
414087482 126158724 625946032 622616229 181730332 150711486 201945855 572465271 119828978 713656918 513142714 33919647 197252052 215019356 594471162 19988481 686069425 341330286 429806240 
359380245 489250 548337962 95078926 374170912 320642448 62407842 336116135 438111161 484875409 420476637 592028658 181376675 546635360 500388473 86406687 10779475 648462458 288352542 
583244745 50705219 287060743 381438742 84624865 481675295 593820597 679096027 501663775 562303805 302840096 216521298 204097833 300691845 47273044 299176759 674862756 367915491 361584600 
293392674 88440435 131511293 713869310 680469092 310250467 542918453 463271348 396657153 553697927 396785090 685009694 419356455 447490308 254484221 83208980 529477673 18573299 677029576 490987483 
520237073 524384665 76241362 19172155 13533781 374295706 66445198 312710539 331572245 434360688 674295139 624964918 522801122 88220215 623885512 485683998 398470681 449217748 231369129 77541617 
285329459 628154218 44965095 704685913 358058310 296811815 72946177 169949766 315385113 35027036 660937248 120673469 556774200 19592393 139845623 570307981 393888098 206290820 165432303 10511626 
640651507 122141225 635476543 445866413 207723939 541775838 213964194 603557119 273407370 445333322 681098736 558736828 355901324 8477614 548474024 713959633 305289428 618782700 166323182 620674540 
653809736 109674213 26399292 492997719 129266605 163607415 345719483 520517202 369898234 511151786 531028827 292963525 630655510 448919153 21243721 120793233 273108775 235207914 9401635 543878644 
680541235 690500370 387666755 321493842 698977983 218554562 317867258 286681194 119751046 484190439 192407017 55974565 591227151 216168809 548972283 2907539 379776223 179743050 523424740 34725740 
688257335 336867350 325051764 603964128 68200287 346295484 7171144 341309061 581503397 16572779 167601488 547095916 704435648 555268242 151003541 685827415 56236587 468870799 257559892 175987632 
235475021 449966909 231962196 111753456 666135717 63348263 114660994 328325723 243091312 638085734 363051462 216399930 257366867 688103226 102777841 325567153 316812493 109948985 666876213 183367174 
123884263 116891484 12876873 113371194 672159725 163880413 84249892 10810096 632751211 339172284 184160227 150640016 71552976 413484923 262393471 20102476 476833185 374416964 348428198 4975780 
294916481 711479659 218738209 552283348 681996668 318878549 162901784 281222945 428827533 112191781 464590118 552711795 229083264 477466990 663445489 183656773 641347402 30109164 191829368 556512397 
369281447 375989594 707152412 440834422 71888300 251959666 460936897 548721484 626376629 94416378 553697263 203706894 88309821 54849255 41041525 52720272 373727804 201305808 333943216 84969120 
310860088 80947117 635043415 539943352 558414106 583540187 6013908 482175292 613649350 195205775 323738972 267982081 571195368 315942667 708816502 643083668 567902332 452167183 474218935 476692744 
546583560 310329982 680399637 634893380 365179236 3854945 684976152 21320823 205160753 303970651 106289943 516020840 384917768 26384641 338377975 225745657 607287327 341754382 707920948 505987960 
536960156 314073703 56383824 390569308 630016369 47614110 316066759 480332484 499781292 75336977 239439012 328778635 385666958 202252432 246085799 33259978 206107377 216113234 54580800 408630629 
517446384 160870742 207065252 184777935 184617882 545443227 410523592 76956492 169611392 400858323 580306952 706571548 714932026 634053275 379554639 627362178 681667384 695621397 390108446 463862459 
53372157 629547457 75054878 436401615 114213672 321140676 469661592 320321048 534616409 521604891 14002960 334476576 682475633 221068212 519254511 149507298 48925222 212191886 223826290 215899113 
613050208 89184525 204884444 610396017 5651583 584439082 520171979 687318967 562474262 195331708 433595209 613208919 107292948 506012586 334661817 221506619 109567045 86737192 539190167 644183453 
608342082 553193126 263711313 573231498 56675121 65379607 5152580 102962842 277571492 228978869 318861955 173035483 315525893 523746398 65845284 321177475 390599264 586017262 290910225 238124809 
63762753 6919218 133747511 168418200 512931803 468409327 389924818 622498848 552509018 211528768 551733584 443264884 47135678 97858680 298910165 103810798 160600786 304062744 204136140 438172277 
