313 1 130556170
62464906 
52365723 
12048795 
1567896 
102842910 
488312 
99678165 
105061269 
30323442 
119346590 
113541589 
70578260 
44469401 
82420427 
89237739 
14698704 
50631767 
54282414 
120094537 
48778876 
48464297 
88192814 
117310686 
49346664 
93583030 
82996375 
8016593 
106460426 
26783859 
5611767 
34657628 
89248764 
57977489 
46706422 
90816660 
102235471 
47194734 
1353726 
18155641 
18933247 
62115387 
73112302 
89511506 
47999859 
24976558 
120164317 
62698562 
17023396 
115861802 
124208170 
7217343 
33769928 
81844814 
124528028 
83116592 
116842915 
18383305 
91133184 
92747170 
117138405 
38160022 
127404797 
75830998 
96137510 
115526291 
108062729 
9231882 
104136096 
50831526 
27387523 
64484414 
112946912 
100499824 
23439750 
30390600 
66891453 
85019138 
34504233 
83914848 
70324769 
28156233 
91132190 
45509768 
110001046 
26519119 
128626359 
37702862 
116873665 
30618444 
130450032 
103455899 
68778465 
68713730 
48730727 
106331047 
53683850 
98208527 
115562928 
27263775 
18483883 
12394280 
91748189 
874624 
54309175 
56603010 
103236466 
121200627 
83037219 
7184528 
15974376 
94777059 
35340760 
48521637 
9730656 
86756877 
75040756 
79772087 
124459739 
61358250 
110390530 
65768672 
106229221 
120584067 
3926231 
24403777 
37774015 
57610081 
122612303 
22780772 
26288927 
82511257 
107146294 
59452187 
24800953 
102870540 
57470268 
128037418 
93514997 
9951316 
4665775 
50904444 
104728374 
111977777 
99426081 
55874102 
9593555 
115881908 
5090018 
3497123 
118655229 
115480547 
10680866 
94328279 
46923515 
14607097 
60147127 
84697529 
13632249 
124174502 
48893373 
111892417 
76129588 
97454738 
40788434 
100930540 
69769107 
98258701 
39826859 
104699175 
49625089 
44492634 
25047449 
23797292 
97885482 
65888601 
21086465 
107479036 
123185580 
26176482 
52391231 
111284638 
11100859 
63072096 
16471819 
129995615 
19094264 
18034017 
84136974 
32726512 
11652348 
74445418 
14062759 
29197008 
41343985 
54851192 
130127547 
52528163 
94524964 
111369478 
26671168 
13593882 
97277183 
123689858 
109362416 
64606494 
437360 
130448880 
113500601 
123622939 
26069192 
107306903 
45766478 
109141292 
39822829 
3653368 
49995808 
58917092 
21687385 
3576611 
33058676 
33339732 
78022028 
47121434 
62536739 
60781084 
43387697 
3523188 
113309247 
79327732 
114892665 
81395486 
92921614 
81613677 
74529173 
13142931 
87635242 
16381604 
85006882 
11994744 
9448372 
52491145 
119301647 
127186091 
103047508 
28568305 
283289 
22487146 
28900468 
21970673 
98034998 
61959143 
127281646 
117472098 
109080576 
677287 
47697011 
93883344 
4200474 
102421329 
42654906 
60508210 
53260644 
76991591 
83536958 
69204888 
31549593 
40616029 
85586491 
116556474 
52610772 
36449934 
110462691 
41356248 
33079855 
24369100 
11339624 
105334385 
46856245 
40240092 
68720129 
86306315 
43614306 
65445604 
73222242 
94109954 
66122890 
120919252 
57437127 
11738435 
34199483 
100092032 
13661716 
87460126 
46527452 
97198673 
26108844 
78077044 
79229773 
53110406 
5492420 
73255617 
89560340 
115955110 
56026936 
122640194 
81739281 
8781632 
38833480 
128595526 
120992965 
107553608 
84345670 
