11 69 440442051
86354439 129893581 430310430 295699488 85848828 254585374 272913426 55600191 401785677 180742725 119314904 138158257 91908953 303582880 187075624 39194722 73458914 157149441 157584963 255058867 245685003 9159478 313500235 291626685 65099905 284443974 15591960 437185909 168595147 141785766 434604329 254949586 326405954 424472707 110207022 26539337 293342637 383120448 82139528 254686262 178147728 256181038 392844518 324783287 174048473 194204697 363978008 247507387 351354137 135847527 116850809 211323695 145007004 430351044 62508328 264833516 274352966 78100287 316303980 57232669 274612660 310466257 312182254 160576562 349223520 36673831 187115898 202124105 
34078834 323982032 71094922 212226561 194447625 23497389 96567796 368496098 217702085 74830360 230288040 183340778 210677886 347138848 394664472 410411496 391774447 16730749 234802960 280411969 149557642 110664888 337644637 424170301 35415701 264111446 199031418 439365827 300785276 431872 201047880 334864110 324413903 272142801 106648619 78419477 350366796 257943022 61200130 182353437 332773381 291488169 365694214 157735822 252911572 319916634 127705266 204243968 391373989 417234833 98940492 100489580 142184276 436585128 138944436 177599976 260254522 337975854 176523751 175324353 338407725 432298237 69746411 277106183 318725594 231121637 410252266 283376945 
48622607 31010344 25288330 436122594 322498512 390982543 153416364 189694640 325183733 335848236 8223163 276115670 312641017 107163654 431331856 14383242 103306730 184560848 246709824 418287858 136821257 37518131 153170159 34786930 84100923 222916570 366619719 402826516 68322762 336429934 245761410 171671975 367440277 325776346 167352517 304223345 276316838 375495487 108202540 215785126 270901671 116425702 106185351 197827244 223589355 97075156 266937092 326896084 336362610 73204864 359468497 32741815 110722994 72196604 122255351 194823917 349839780 48433018 211934988 418162541 384862951 71980953 149392464 366587784 397757299 371471587 285095684 288358692 
361251629 393298223 63701766 246437856 69281873 169887116 3823048 292871227 321688878 270760139 234051866 217609436 398691609 153078311 250351250 68972552 225274914 372606600 318523075 189399250 35324174 144742618 221846346 420187124 216723571 425965417 346332856 228765425 356994952 245713095 76682065 277804530 198569266 140383830 138526941 267851138 364997552 142349988 120280313 246244379 27394682 354332178 78138370 426086290 121695044 328489620 109343397 401696565 315380775 42151027 150653763 350704948 186893645 372500108 385176628 403617215 412750080 345794039 191940588 329302981 151065083 323349259 221392066 349634348 78017644 359919006 231770042 2573144 
116553549 406776961 303544129 198674837 375393695 381682499 184319075 56646687 324456674 348389079 17901200 254122004 390540105 223281569 164384901 136991698 210066233 163846084 100166861 182374261 69198071 346834055 125961797 274989760 229741262 402080469 184182057 307758905 376284030 30236654 365058656 107122134 437013614 228160733 305796970 371965257 169401180 49673994 42896500 108142409 12347628 60797699 362264413 402887732 284079268 140933869 99437379 108430056 304779952 254330846 290804316 373978022 160722850 31050669 263252338 4748667 433131137 61718950 367234179 368973116 91955603 291850783 90379805 88527165 79569464 396176775 74776978 303697251 
60135324 117673477 411839659 72482951 178471175 333662020 34928631 76834998 34153837 134366009 239991660 393660395 2981411 90353925 381922973 163704260 176131200 204733259 223179533 168820285 266452208 149971660 152077956 358407810 56106998 242457761 61219530 190403069 198192484 135996507 53658268 258327807 253669983 79782482 330810757 46425714 27729058 420465994 177987318 116609501 114389952 417978978 69827845 117371362 122617458 11308766 335802228 298748657 216042024 173266316 81853497 96778787 377964583 233931453 14744545 434071580 90673769 75964074 184032597 343592859 266687188 292417471 216205221 134641726 426926560 161300533 181067439 14213566 
141324475 413781364 130823066 310441033 391318290 200650910 42096950 128220303 266686282 432625784 426968959 42286254 165450049 123107011 139065040 102972580 357038463 208536191 151328715 61996787 339226872 390087919 19874201 165472008 242063338 236079421 300113733 283274453 11664509 95465728 297488018 152988984 68805040 42595640 77714572 74407885 243246549 119811522 202628187 69490780 166721861 243881701 166503640 332171909 366988711 360295287 49429044 338311730 183116033 200757759 14593072 81900853 150403626 34467273 302099467 6751519 325273300 161771149 290025972 336937809 311963483 201798545 104211348 380768522 244394184 181925919 69460962 101925289 
356464047 326815755 171416068 82743857 130255404 392646314 29200321 111528670 367226156 78629365 9398348 109900138 279387123 78718027 191800990 44075304 113185299 53458406 105553429 438458598 269956161 9863956 334954355 196204199 211662501 53450258 191257276 15614633 235376177 260718237 117539921 206124779 147091940 343682595 343595242 332073950 350613465 372795563 3160568 277397569 10982876 67285523 387297706 345096605 146003549 193383252 3456464 259188847 301568264 109009892 311932000 131082373 118873848 261170911 327286571 330536348 314621168 132828402 400877587 164281900 393546638 132702064 425133286 154923133 35942607 328286476 46555031 840627 
260639987 104442205 278238196 326349469 171727727 225093850 285730629 372457882 32761657 289187092 245931284 334329920 12481540 117421233 79696848 186081994 433318750 21267974 130902897 307497866 154096375 91338432 86064322 107200961 224040495 70755556 316850700 314709709 13326587 363405730 315550335 273966574 82132491 208073086 214600598 253860217 47451492 59889176 185876048 80213148 403802874 46091887 414543068 30568969 163513119 53797864 216650962 156389817 129792445 347553858 78172239 283888819 438892290 218963167 5374336 277217340 344445329 322225035 206211604 357771915 299915321 136046495 246023044 382047811 344119580 74908198 195465976 391571071 
134797373 436068630 31342168 152884802 41718466 60169791 183453771 259958191 168694261 400104732 30632564 298486705 307216539 163531409 141933473 360393384 382494575 147307808 251895279 341224459 83817398 17664832 258554322 383732718 208437933 118861922 325338477 112115461 193770119 135089009 63244481 383294098 185442194 149313255 95736848 227160659 209483045 333917225 101403406 378177305 293579906 132035969 236221959 215081000 350293984 432882038 189758939 292346507 194474401 1212166 247855521 278291798 73603604 65967791 221582465 282041536 239556319 106478890 394156997 433326437 241567898 71686033 376178483 41294648 275725894 86199887 268455306 44766887 
420117111 424585318 37228747 327981572 170905842 328177312 102620520 80757774 320617298 292379458 427830887 129376254 348318231 235244356 407668052 421921834 355938754 188808465 263521319 155053021 350013961 271962871 147937407 205866415 398375510 138400445 247161062 233659352 224600331 129900923 333152845 259001998 114044190 370381591 146541518 284950031 312843459 249162038 420434412 247745312 155826051 407823247 377121566 63702230 257352159 344347566 99908620 172848861 147440586 363429938 327901881 57012495 249677364 90123843 262878909 207610822 283250895 69597919 55554729 122135781 199498842 388707573 381137778 313543031 318647112 87237245 212777617 245775126 
391125889 192769977 53078387 161236495 214877780 44484508 224938725 31787887 388832073 379573951 259363354 95830607 357288444 201549790 152843101 166523756 291673633 30006566 428861184 189209083 99604484 43973861 311344863 353829932 432681433 252040590 281657518 365613100 339277834 53993084 170946175 344688278 301489667 278751168 65482721 130652002 323235675 345148052 162439888 326352303 284279951 36087797 422182909 201126343 237637587 189310565 422376705 143595775 219317130 410795837 332804857 373648221 69054253 203707668 287036101 61293634 70032813 128251568 41191290 23595202 236971258 266864071 368283479 152745480 105173187 48050756 283397482 42693417 393198807 
60121925 369045719 237036707 96209722 405513183 52447605 333847308 209108303 89108866 37001031 42709989 59462651 424532494 416358209 183243511 187798110 317678865 244537144 312557530 60214988 340455040 336152731 297186245 166877059 263994159 64216281 326776852 312044914 402340369 369470268 319528276 22020242 352800542 170849538 172956570 317871673 223297143 121088433 141264532 312406008 212816070 183974520 426595265 196906512 159890677 169396724 439431229 91854097 28218424 311546707 152069085 423400070 207257386 63539885 149835078 85536100 127756165 90896485 11865569 89654482 74651309 331393845 166401331 41736406 116527938 394084507 359608079 394551687 74730889 
115157166 321242250 287546958 299131685 307395464 44011419 18580310 91076743 97727203 110434406 174021773 409273909 317230097 156979792 230815850 380769982 361541476 316351950 122810702 66722516 382944125 212465184 141373824 328622525 433593121 183110230 4708412 387235576 157002864 399260098 76251020 272160029 280060297 363797978 130849662 201740316 22093952 204156578 347543665 119821154 369317590 135849994 143379618 246105636 347556392 374195467 241160173 323382423 250105365 363970874 390104938 247334046 190720613 145763318 135514519 183871682 328873547 194949537 185391814 100160966 208494191 261642833 427047601 102839043 239725366 172181818 304579358 316545924 376338395 
266407578 436367077 359940540 16542127 139304643 220330731 364098518 127784666 21048852 247038889 377890030 385019726 251428383 239508631 135298287 397191700 375023150 373896576 285623195 184257242 118846338 68716 392751432 435215777 427116316 55148423 234499092 158856082 414454387 165329571 149479032 295146521 161254597 68977520 311688647 355285846 289308251 235345114 42628460 365083709 96668558 34803046 309661383 348096940 329038283 59244226 304846588 318345988 433140801 204754338 62161179 111545087 259549660 14470559 161045419 246223924 124345589 9829066 19364561 98357924 175158637 223570199 393504444 391139840 292547719 319477647 305983634 196140525 169107316 
403338701 175508789 265775873 52426302 44728121 228157369 381464584 103972346 147288512 259368521 96671095 406769457 376256306 262942788 225877065 5011420 38272762 86385545 129357008 48101828 160476712 282441539 223260464 384046911 235503931 173958252 290879185 169266133 94226441 101304265 338373448 111849697 276813053 163707270 219002605 321541173 6149194 160025138 39798074 153437705 33678214 191195775 174491717 24219075 68423118 14653338 29230494 106695880 101038882 158587502 154797707 261515593 55313596 378058170 259847059 290817526 166300977 110284192 74368215 315254024 211588456 412741662 427103721 102686065 190733487 205664274 38511793 196882680 420416018 
78309867 405046992 68378787 324232248 139096657 92597861 392655366 153749994 176554962 58909194 309515482 389869070 268433507 185315631 4740614 260776232 4720638 350284746 41361764 169731437 424652960 356615787 436046499 396952571 398004063 98290512 147244006 217952893 136802305 344126686 197926859 269838778 363458233 321032253 153628974 116839445 27914669 160568895 270589439 204469630 274204695 194389476 153896648 102196150 379705106 213363868 362972381 384425744 123206563 18618700 168441736 107417471 375234487 164046183 63927990 332796498 262336695 265898603 110307339 13423555 224309844 362960805 337988939 147326025 298277613 105902468 264165469 326192281 266471363 
149039463 144946467 100234006 343428939 353569721 257156763 282691993 126491538 234413699 281402292 249698100 253032399 64128583 357115570 187824834 228174766 35328116 134905887 104796016 355953325 299939833 172946177 139821117 222458586 70493064 341873748 80294147 176395531 165597165 20770983 57151449 369363235 165717449 157385455 272350122 78845119 28826773 169326670 260063263 263240471 65013518 69319311 130557425 183868707 40719436 373108865 412043472 130774158 67572701 131124043 46285431 367512533 304070219 240833154 204255674 429289889 142264850 339276427 165243369 362588622 360047409 222394817 291509805 140049414 434506878 178144482 273621139 77618206 402197758 
93242350 340858677 81495831 217288267 85700657 265364538 258007702 18367471 291692565 3066416 140666778 422816608 104078453 122463866 341171382 344911607 381446146 330019220 46734405 280280521 109547144 409323026 254612485 331941960 315117386 8946454 380733394 52819816 337294199 17909548 69302130 430536548 413494831 150797960 262109370 113480044 416162497 134401628 131847514 267413011 137468043 327240898 304514174 241546495 63989319 205243504 146016050 4993413 149547279 247477062 340000540 259094422 216358036 208897580 205320938 91033371 272570641 200338887 198579793 169422788 218248434 267881922 214243892 246027821 418679882 35911210 359507864 8684883 170312837 
105639933 330824500 307780879 432880830 194896622 163611930 111154704 14424682 309627979 116148116 163971960 171389596 70433211 37350938 387747632 279330790 242671875 93065558 111459379 2568710 346371957 335608774 275543750 173811828 109410614 81129519 206776265 145321823 54921938 215461147 315634660 160561870 160570203 237700094 207727255 355466824 401312023 318881958 369891505 325224558 435030073 148148021 56172102 119747839 185498958 58204289 399078629 428170832 205996453 124822563 45024097 111926359 19989285 320567846 340464793 184126505 15981921 106799006 329448328 70903858 376986759 259367543 231465728 97114910 56625585 439192982 66866290 72222164 317632889 
51042350 11731277 366947517 199190370 122629985 46253305 384689327 180834274 59616489 427144714 1115282 239165658 31726759 113041640 313881550 407021212 13064381 57566003 37287688 174589993 387014330 108191545 165861308 260666428 394383879 262976217 317292013 7419366 329842506 3798732 325052254 380884856 70256615 306284326 194359781 192886599 407264237 138607057 428447479 81165281 180036326 429562761 320330939 266489692 156888956 193770437 233068852 169953337 251336439 270356539 399269936 252635325 433274690 124689192 72859701 387216518 1949965 4436269 394635883 386519077 62961607 333972692 381688488 133218221 254541573 135606218 326104820 221363759 328939881 
