185 9 846098
736438 381827 677261 426667 163378 323890 322809 317410 
837950 168604 735946 738629 434105 264426 690666 394567 
4087 244845 580333 529320 221790 470346 72892 491049 
737031 295425 592060 607069 638575 221084 286111 441990 
515987 30349 22558 679364 354239 258443 63752 259166 
340122 799697 151696 687302 131100 842361 148847 48262 
154184 642255 577581 375973 266502 563549 780097 70511 
12875 439134 677579 564525 660217 117591 73493 330105 
61016 96050 76447 415254 267568 53274 587495 607689 
766046 739191 448893 51047 648529 510815 99308 802712 
306971 589965 245662 573473 220491 92736 557059 233365 
531869 388539 710965 345988 419205 784457 589168 480220 
793583 578690 808549 215052 545039 549946 735817 464986 
443038 251687 516032 245468 762501 528416 115158 223373 
185358 273895 709921 405848 366631 420881 552288 52401 
809419 417154 311464 382526 355513 813708 775821 302997 
546299 738272 431124 245240 355195 320842 623301 798232 
572528 293235 110677 488930 734726 138910 712303 73985 
412805 576125 479832 779435 150908 99097 831835 27304 
516250 210277 322905 25664 177886 252628 241736 637260 
57877 672860 795575 413071 147603 572778 278280 633207 
19914 302032 276038 754639 440942 55318 741699 7648 
631443 288508 700158 695426 387604 598970 635805 57755 
809246 112612 842593 141033 278315 151306 691369 249267 
737241 640845 662337 797920 367524 7594 585028 300513 
309625 14967 122129 750566 70285 17729 671289 614803 
219312 438424 377206 606915 191296 166912 577746 154443 
192599 487316 208552 383989 551697 53822 633255 442840 
694666 362569 394661 129168 370162 46666 429680 592863 
61632 551809 410406 44992 482613 148673 572870 701925 
587096 103977 375817 778391 183965 107464 845910 376563 
507855 121439 673628 213454 175260 460784 569369 783001 
823353 31007 66070 260492 77672 495750 766430 139303 
114536 330738 97371 597148 392486 670240 366050 133483 
687293 741867 824950 25159 762406 824761 314797 424163 
100101 142326 550692 188436 516186 273962 125338 406516 
218044 104484 580083 295715 600233 500415 348093 627844 
744228 445463 378893 290615 182681 744943 337173 23875 
553787 316024 49033 470094 207762 276905 807332 220938 
332307 511925 409373 2394 698962 534711 408909 70907 
639194 142893 366621 306404 556383 627790 88149 454512 
140230 380117 658202 322910 192037 149277 346784 745823 
465300 308892 282895 673062 585797 244128 47901 72005 
756053 370350 833572 521992 818136 396382 592899 524307 
452350 26497 743786 162635 567362 745010 617146 707592 
279028 429250 184403 384141 578526 531187 196941 110803 
753154 479835 696940 405928 723963 657917 477932 546993 
182168 465405 222886 67281 774862 728860 591587 381114 
668433 489274 543748 389696 388185 227871 251189 580288 
570196 435592 118330 215699 33756 315271 326502 699985 
795105 90419 259815 586045 748335 737746 286939 843578 
270129 422901 64760 111968 305662 656346 493081 127996 
212597 103806 430768 600781 331677 681956 334971 55774 
184525 366376 271473 131356 681646 511050 831341 543729 
601468 245057 196751 416781 49780 483690 327336 232984 
60492 392096 344952 279229 115419 751108 320301 328016 
8816 751068 82698 253568 500001 330744 222417 597602 
697120 406965 642033 445743 71916 627275 143373 586460 
785407 253200 157142 835187 736889 397553 222072 710456 
789648 480099 56662 818143 385109 376962 300060 307000 
195007 295833 560567 608084 626577 782983 272663 390674 
343850 68597 836416 328841 695872 46767 69202 635180 
299966 139419 537344 103832 536972 672492 727363 393597 
306492 784024 365641 604676 227964 578776 65577 336046 
28511 626143 98031 568163 476104 370693 112738 733029 
439290 16131 215771 202139 822071 198049 750394 275938 
250543 441640 292845 700590 181109 174109 248089 400676 
112035 526805 159254 339998 259483 224830 589119 201069 
764049 687150 769231 307130 124820 795044 194060 477185 
811174 322906 679323 700223 520954 496695 130062 684573 
5312 422907 539064 186420 597015 700228 587095 622125 
380935 659424 29100 553493 797330 618219 754561 715280 
372346 677693 89387 497165 539714 196522 128252 417865 
519427 720650 271989 107359 371246 315127 791931 376557 
738033 397972 562976 402025 165178 217049 91128 546112 
30374 120227 166582 827703 651521 75044 609960 177768 
665812 699346 588009 359427 808943 716260 690367 482272 
590811 116258 502706 29035 431384 361614 405591 236394 
759585 35545 551494 78664 252593 642621 537851 196042 
675924 617508 177647 394422 692551 700682 572190 425340 
467006 314100 784766 429850 97337 629035 825197 601223 
658368 481804 630257 156729 843417 102826 393122 669980 
138370 11593 661719 390962 654214 266548 587003 397115 
37957 677725 791536 730508 532309 430703 309749 153216 
657878 161493 496141 668290 703603 475240 423415 428948 
110945 120649 585676 21340 223474 132699 691319 361843 
144291 420015 665880 711580 686562 406785 175672 724519 
151487 34186 522004 683795 377964 744828 750086 102820 
819396 400129 771109 589976 788444 261501 172825 53290 
382150 758500 833803 605623 804274 679023 34444 15543 
166016 700323 727122 6479 174085 815870 644073 325572 
3957 233054 76344 294996 131784 739506 397815 18157 
206612 322826 608133 148957 584326 780957 115322 33453 
693359 103027 552152 651534 695125 586595 580152 15042 
353895 461176 21521 441056 344023 578669 766627 261055 
811723 756046 556050 10484 649453 107767 28640 9966 
343668 549848 71998 841069 484707 187320 28424 245043 
290346 580575 809652 139372 234147 543706 154414 588041 
71859 89010 182998 415881 580754 16602 676935 546378 
685724 299962 469937 402154 320804 411653 412120 664471 
115402 397193 659442 513184 584512 687865 758226 28759 
335417 721780 81207 569563 332463 148696 224581 404321 
150781 407579 733277 731534 337256 477189 344890 176881 
777150 814826 579035 251856 380380 58132 70228 408858 
368400 642745 75943 106814 397587 834169 48648 733003 
622926 129854 456467 109290 278549 594124 426686 429329 
68680 313864 227841 405935 791052 572730 495892 722103 
541457 141904 40936 834913 113111 24240 310748 481510 
666984 386690 501399 218473 287836 550047 105377 823837 
592976 474920 87028 784601 222945 426789 280907 291624 
740652 508747 610634 685605 235378 173503 474686 689911 
315406 515621 591801 341592 539860 56450 823102 273822 
356215 391478 492294 644051 95426 510746 621789 688402 
52643 621893 626904 275587 202583 61712 480286 10213 
570459 157898 695817 718912 331400 324404 562724 646806 
753101 308426 55375 446862 277951 32378 720683 634166 
336932 279954 432118 432357 790700 120884 274660 756418 
655852 814639 185907 771511 789427 579268 781723 513787 
737165 631441 299676 222467 22823 16302 782348 775923 
237803 837722 289762 515754 783176 77423 216897 274009 
357376 562090 706365 215053 682973 48003 125373 405803 
775717 224355 331215 719045 803622 266839 299809 607765 
52181 599485 830231 834177 528862 679556 764001 766664 
671179 120741 349395 608256 198163 479367 795340 555538 
195358 568683 770591 791407 616685 809039 351111 459379 
187295 682325 332326 144818 103065 545210 665658 68321 
298596 649790 815574 827457 483247 646552 661099 221404 
767292 77471 742735 119356 556838 691977 587970 665271 
414561 425538 610579 98223 388478 115591 470677 575772 
710991 803002 633665 727131 502114 453225 708528 713785 
169992 678003 608220 566315 478456 336296 787718 399650 
326842 597430 432081 37581 443308 173952 615928 770944 
512565 380408 23068 54944 409075 493745 543791 273967 
363724 331358 155000 778913 697658 17429 559676 780725 
608507 321797 500941 240864 658092 355636 553589 138835 
106968 52648 89492 463351 139675 618495 388197 652240 
152804 324340 707183 474954 731160 317952 748921 161862 
562385 816996 94676 413944 747500 567427 261646 509908 
43125 762587 663847 614292 185200 371338 666203 205243 
423985 668770 668594 563659 441166 123768 369800 507045 
448107 143961 135901 333169 461912 797897 408106 91274 
681870 415857 418293 583271 137186 679938 247080 180310 
509502 824002 707678 694702 349241 527782 813020 773225 
263529 635515 403862 617770 759282 686737 278716 274367 
743773 327692 520611 272662 279490 82618 363935 115261 
498474 782227 611607 635659 616067 771762 729045 192546 
749666 590624 800323 252808 185383 767245 93011 361987 
469737 409948 133658 382921 250586 412373 570363 148261 
653141 244875 420922 86532 240568 784857 114869 739041 
634061 639551 441678 404029 565215 324624 509651 468782 
828323 463875 634665 80683 385021 640751 442669 8660 
204600 576326 304656 368262 55676 28920 429598 708816 
186870 4421 708424 427437 702353 736368 233455 403392 
529820 588208 720496 162012 825907 384048 543869 721207 
1825 332436 801889 386845 40164 311535 395504 244764 
800936 613235 526101 10514 555230 109600 632405 742099 
27096 407806 236513 729449 211151 383044 286742 654047 
38229 161139 816058 18038 545187 513829 739244 460087 
759340 695035 833 799503 73547 309413 198168 28385 
835723 637344 38898 544855 746943 584378 353931 774039 
59162 503520 570465 270312 40465 770282 78260 78693 
85322 48220 9806 543584 475124 749050 157572 388365 
511062 71481 341769 584608 293969 453013 612992 283593 
244258 564965 828447 58179 216321 336280 832217 275482 
839799 556583 545793 793339 480766 537129 785107 479163 
498424 794913 89725 127449 697864 160372 515813 362827 
144928 770657 14412 438896 290647 627404 722489 534905 
259346 617913 506159 475666 21170 492277 664223 14870 
115837 363918 721284 509678 814122 660293 55818 466447 
609107 145542 593895 373948 218990 176685 736774 363917 
14319 664261 715889 304966 358642 505355 752946 617988 
277169 413006 160631 211415 59184 824854 226284 88096 
255749 14546 597773 223772 674838 653590 603294 350922 
712208 351090 724869 844273 440850 528620 362091 455168 
346782 144957 673209 705424 650311 580056 390389 840556 
60039 464095 205872 119222 442850 345231 120393 611674 
359776 718165 748521 101591 438733 505716 365588 217918 
769881 244358 216092 277708 686053 491258 645952 186737 
636215 473062 805236 353503 120096 262602 347960 180134 
726696 466907 212432 236524 812138 332824 761273 238891 
117967 663696 253558 556699 236389 619145 774616 160172 
776579 144609 437879 616533 635866 150808 716345 339058 
623870 588558 692561 743965 764235 107498 837174 644833 
574405 203507 794432 453520 536331 709606 605486 654297 
440279 12945 277973 676668 545166 119566 749915 475646 
177250 254771 159156 813115 405579 788577 219151 96426 531036 
65613 840390 449173 173110 744541 160983 660590 101950 22392 
268011 551356 645073 786573 272630 239254 799517 550602 828997 
411660 670167 645889 800381 1318 54561 26515 727508 373215 
815091 13636 469640 500028 79248 377007 16178 165434 275450 
90236 826023 377399 112627 161012 82656 757700 101486 268361 
63931 814078 818962 46829 379640 556106 692717 246998 470499 
660353 273512 264984 187470 242504 278620 657109 655608 270943 
101094 671785 436376 376543 762021 329377 667017 28549 490388 
662748 699324 504949 85010 763254 472928 817047 810082 765643 
527054 569776 166543 64530 297107 440054 329513 484576 595634 
521208 208662 405143 792151 222831 143905 295504 599373 819001 
624880 333367 760626 269169 150016 613851 687193 235025 531007 
314023 205973 408066 146643 646102 131744 313185 623707 341926 
666315 20198 739577 415850 541405 102140 734068 400533 238047 
31874 696037 837419 4777 474818 324688 765402 657063 387779 
533154 498157 622804 131138 812179 741852 539204 112724 454932 
584023 338984 145616 79850 159200 165813 819426 488125 707218 
834641 376094 174728 226589 407968 24666 130986 325820 499484 
455673 245123 223524 756527 691352 721680 446308 822490 600837 
342062 428671 626636 710069 166595 119521 9586 246444 191797 
88475 132847 592997 708768 121389 122993 37397 261054 444036 
62063 392039 769855 474622 760787 81955 698145 671215 686382 
573726 271425 662773 241540 526562 245345 22077 390532 325015 
54674 313193 571458 246470 401667 617380 752542 177412 738769 
29436 214809 153724 386547 189947 458838 310303 664568 373526 
305333 516614 198642 145617 157317 470066 721465 398857 150529 
33788 334009 454136 358802 388682 680405 843336 548227 149049 
614617 454671 326461 420363 397182 454345 487162 783729 644291 
99901 161009 462760 473426 466342 46351 585144 525034 116743 
209111 313476 428675 272716 347263 762684 639927 706065 305267 
474233 616378 766570 536358 384896 375142 775894 805259 685399 
384140 446322 623029 182332 459299 784038 645091 86626 317357 
604517 584845 755466 721259 707032 222843 303836 133649 483182 
133497 686651 256224 438763 227862 26503 272310 764219 411398 
560527 694014 283634 399828 145131 643032 89834 327462 256232 
27773 39530 255933 258205 644046 840778 80648 432282 701711 
216567 736117 748435 699748 23515 588987 109873 375354 816848 
136375 560739 734968 460848 275168 495959 744482 588071 641089 
541415 677904 122452 710722 618753 75057 120556 30859 719102 
28311 24583 218362 643097 241149 21456 545433 94798 44971 
288322 117746 333400 172147 167196 807214 61017 628043 236283 
470051 439502 824353 178118 47894 656159 213645 758615 428813 
288702 792247 372747 74781 733633 397329 293142 530632 551553 
314598 229966 559426 272644 431363 677171 519119 603510 757442 
480234 577602 539387 629593 114630 45866 607847 292747 6836 
330983 506392 678526 672871 708169 624674 199520 782949 425285 
509924 229993 109818 215379 457666 252859 774804 730309 597298 
518953 316405 267785 430296 796638 758462 36660 580132 26993 
841700 254957 319740 2437 585939 739207 680962 325788 601277 
372614 525307 538127 797898 102208 681195 820791 317586 205838 
140627 159368 90048 651000 591396 319528 72686 175593 270068 
831147 125329 763275 771216 120930 85209 244857 36442 584224 
51041 717403 63913 652317 156994 502295 257421 108793 604502 
5594 842659 75990 211431 50264 148433 214555 701263 739828 
534082 687025 828496 717225 672073 107726 547478 597190 141731 
632686 755122 178172 370811 719238 808651 347799 438532 119546 
3995 695953 141415 608497 701546 137975 597562 826052 101314 
745994 194508 802577 639723 641666 643503 622120 512792 382553 
642922 214171 46721 784652 759933 801842 116726 197721 588058 
838452 545520 180491 111899 549514 30345 253313 224988 644966 
304364 822549 537996 405677 722444 732503 275231 429144 528070 
72635 118242 107840 368264 761163 322010 414984 699716 148920 
283803 729517 346641 25762 721870 805236 206253 746845 421727 
149673 154059 646715 707715 371498 623165 399612 690251 412587 
199092 119383 841730 727162 105094 113873 835001 473357 788111 
223988 801416 554805 372908 239120 351299 632624 177958 140147 
591761 297286 40893 167389 446958 108027 727179 221650 479525 
504246 621261 236753 829908 820353 356135 825539 614492 374304 
6390 516470 760736 707576 653533 716053 416282 180342 22151 
767581 726041 113184 61629 384779 410469 102521 552168 770502 
210547 433248 146054 603147 4471 680390 839899 834378 567720 
263012 726895 336113 637315 646360 6484 465029 507837 573093 
334983 78021 753434 270209 845601 546453 383392 61131 85133 
793860 76727 550376 631340 200349 50602 777393 716572 814246 
611684 623448 802526 333306 40361 596398 582494 590752 396659 
502054 209682 58397 229048 457740 136417 49459 641025 48995 
508987 178318 23201 594120 39156 13003 211473 670495 213352 
175150 514865 83825 143298 193526 707272 12801 439907 660709 
609198 176303 405362 72834 591432 528119 131230 820479 52836 
180723 783013 693860 142793 445902 785254 165994 106999 737485 
92072 318471 474957 305423 406697 143723 302323 549994 337248 
163497 475870 777155 737281 152045 20435 296544 224878 611866 
737738 269183 499322 703649 362981 436236 464487 505774 795213 
403642 584843 56113 208104 676914 287660 683060 49315 694356 
826782 351637 311327 231007 428209 787196 75139 319391 93142 
95573 529010 318019 620514 420649 500277 273737 191276 17160 
623049 655762 436009 572163 126381 87829 541352 334484 677818 
742087 84521 727132 590344 824378 145747 55572 209286 573955 
755843 284425 47248 2886 293073 576257 233980 67489 63884 
734256 341225 168235 664491 31251 823996 167477 516490 17354 
255305 211743 351837 87025 107731 349433 727232 611150 327712 
26880 579797 450073 513911 489541 734497 561158 405502 181472 
204392 639481 162036 181351 440714 416336 349585 259107 447587 
240558 339659 31054 257911 594964 155872 522823 595064 176678 
26157 476197 787827 353868 416153 434601 717017 83965 78043 
605415 558198 483544 699962 675665 190002 775073 770092 630715 
345311 273578 802897 705973 427212 296458 737026 685122 804497 
46799 274923 553462 223476 301079 96636 78280 568023 425864 
512880 438941 422904 590922 111333 135003 141443 724371 723744 
331444 653345 647737 29136 152557 834390 745109 12431 415503 
108544 662532 167603 66942 709330 442525 533479 845881 743603 
543190 78062 378603 36032 590941 730619 458935 335764 841952 
507014 390282 720224 384659 634801 440546 99373 577013 593103 
87664 476023 518609 503167 497642 248119 583845 477659 111350 
180271 78115 111133 836949 621304 102270 369454 657335 693211 
167050 183248 95952 162903 690261 486234 796202 228821 274936 
390650 241269 5850 50730 328932 394948 482414 745174 46491 
730532 482920 437225 754958 576266 515339 779166 567117 290545 
35337 3548 14857 728547 170597 198104 824499 246576 801440 
377710 196679 97238 565721 587328 338506 484647 551133 667438 
33496 187449 479589 839161 831056 116411 430287 739915 692676 
12604 672982 326770 216224 621395 330317 231080 503843 413990 
342260 395319 660565 297601 686104 11145 394839 405727 511549 
733344 44275 129659 467759 836944 317107 101250 743082 215141 
130736 240347 108957 823411 252950 695015 217159 469173 470311 
460551 613328 41131 28442 109489 349526 689006 320166 189531 
613227 715004 595257 278677 515325 552607 321411 136986 456529 
551594 151311 353512 766734 282046 506934 788766 172434 759883 
637682 389592 296033 174970 4045 822437 129177 791660 85827 
391778 634568 319068 581308 401696 187973 243543 593448 616374 
796149 68760 666435 319655 620353 817745 673167 454064 166768 
247078 396732 252277 73939 101391 641869 369971 189437 558989 
346309 318613 504550 345212 623466 206095 664279 358675 520866 
765328 602217 181291 535603 465344 250051 269015 784998 783479 
153737 525142 391445 320504 772220 701252 485856 60 802642 
194702 283106 145980 753690 542491 377668 325218 41604 155035 
444388 618958 426786 119156 538187 95980 300446 140767 561323 
463572 409781 413299 314029 476593 5418 618549 710172 690713 
473702 349930 690772 430245 544631 40856 489301 365299 583346 
780044 690516 538025 88981 201881 310884 428842 321036 762147 
524821 534558 56815 153122 65107 379672 566420 379135 10166 
484913 151585 633414 329528 538362 137245 174201 35585 681875 
128132 524885 114151 711477 371906 717742 316479 373962 73525 
627363 802803 307636 543411 481526 755269 513301 634647 820376 
46874 268044 266488 816214 752956 331149 603529 236385 23412 
653849 323662 58996 402701 451793 496956 516852 230248 22764 
388495 459802 396725 375095 241066 353430 682731 697552 748031 
591901 364755 536579 479254 324704 717698 745742 207895 624555 
230792 724499 774016 254203 532249 164655 226275 1928 529523 
723230 431855 672846 745993 733425 286550 209696 262422 527615 
563125 12130 292145 378133 517106 656899 68613 150262 48580 
699386 809079 256475 390918 193772 134875 318835 361050 580200 
396565 587324 582127 79990 377532 167883 752835 190502 55209 
193286 400197 230706 633977 30299 242835 80023 408431 673017 
649997 390119 823278 611652 243406 786258 22028 634324 47007 
69979 20136 408056 563254 416701 62358 299282 496690 439889 
380240 316502 630390 348524 422864 184489 492306 210742 127863 
735140 203840 536294 562058 766912 80314 452313 445541 236796 
305548 467569 25021 352554 450623 804330 673686 167778 288008 
736043 380135 697773 242909 673450 168177 27200 88951 591040 
124764 581256 714857 252627 383374 831772 701996 12409 665661 
695385 464722 265103 86082 683345 645747 24178 189801 250271 
828508 776562 331124 183493 579582 711258 35168 822490 451685 
116420 762765 540636 620535 800605 275793 489293 120209 659166 
388042 822204 671575 207604 671490 203274 472706 670648 40520 
272355 694825 143396 435701 590310 833033 766825 773803 566516 
545060 808970 542907 150647 838465 372650 604358 612901 327156 
34052 169171 360440 606294 557212 249621 431770 764815 75012 
548119 304498 745659 588638 576852 507462 645110 79531 251673 
632044 257 179377 352462 458392 55324 808444 522114 47690 
248071 280373 660590 488302 227501 829760 2643 833794 453949 
252263 419465 372665 240351 34561 677163 52987 623198 320992 
560448 335285 313598 725197 121231 226930 58475 386768 685322 
26875 262189 274413 74564 510260 554786 648230 152463 782286 
631891 68182 683057 152818 233520 169499 525482 473870 204059 
269622 439933 827256 503690 67358 229519 817287 792554 350749 
198119 764105 650592 796516 790979 66682 224830 778618 490017 
692691 580749 555556 541954 279618 623737 378912 432435 11158 
548410 24894 398104 752468 294516 751112 646702 711281 731545 
30122 595545 678001 293946 793663 509083 11515 744080 367039 
78196 35888 299558 481289 728578 34209 190746 424434 313826 
727558 716421 659336 651791 418733 684229 116872 238178 45722 
21885 38781 757002 666506 828076 506449 498408 188999 367089 
74468 200513 178147 441506 191785 214034 741063 673073 9589 
688347 776894 347098 69150 658353 217421 728485 377121 549229 
566616 493993 787406 612337 428953 826187 436317 249360 721240 
9743 660843 64141 376831 735310 264653 554977 330717 456437 
682086 138758 196487 691675 827104 127282 192674 50156 698710 
323170 691716 229733 26300 412233 636801 813706 91548 219655 
706870 527864 469015 582011 450682 283759 559227 827512 86047 
823880 449467 329839 347294 285454 468596 456857 44106 362678 
497214 149856 325909 349826 473025 171526 492634 412401 496835 
283336 380008 588382 502990 153855 183223 38982 735865 633904 
