240 5 87466444
67390136 65667955 9047844 14079062 
10676713 76684157 60714896 83331396 
74657449 48431460 35796182 60377075 
50750297 71182455 71041729 5745318 
72949606 14455278 6246508 17354991 
7190946 65135895 19630663 67134888 
39627240 52372379 34694912 74278414 
54493372 10192492 71454547 34417064 
27571454 32213398 207133 38248166 
21431110 60922029 34113118 47799567 
21887044 21620307 20710197 24348348 
5336317 43462934 69271117 29996930 
57918211 27228633 47351920 16820165 
4898083 18693591 83955052 83702774 
22776977 31183519 22225751 77270349 
80553462 6213853 63398420 20658472 
38427250 15316560 10617645 11569368 
27949596 44730762 59368934 49836640 
18062076 80079130 25895995 62575844 
75253071 7700668 5106330 45704838 
34929300 4169257 62525002 79004834 
22862847 10724617 26952171 45639824 
81085587 49177921 74621180 74172605 
55391774 2264163 46542084 45530031 
17580722 57159728 8810406 45530318 
53601498 68179339 47077965 23374581 
12503033 72973959 85950425 289659 
32385634 3590310 85171948 19025941 
7759566 11941513 10564330 69799865 
22666129 37516500 67150696 16285272 
38405429 54305431 42168884 45508210 
56569593 40421975 3571796 25861322 
10115258 12382202 71391639 15427763 
32272548 31003159 38802344 83953032 
55688126 76463776 84242691 607315 
31765093 33659202 58810708 39524658 
45600715 69375037 61035530 68266843 
58602545 40719781 36263122 48718981 
7558767 78432005 6760746 15839367 
31387535 49509993 41700689 80680245 
13603202 64803335 47819015 45875750 
8340050 38332366 42362337 15739183 
66507149 78316035 55523949 10805797 
24508793 26868212 2041463 21820515 
47954257 63076992 2620913 58267809 
16330329 78061487 19520345 63066547 
69027047 26281090 30616922 52125590 
27502090 72317610 84516842 41105292 
49654500 84046864 38692049 9705557 
74090238 32765393 64622191 53130942 
62792436 32679696 63936739 39012236 
59547907 65978201 60832750 59213171 
80766200 15164670 30014535 48807536 
5759712 1245887 63585091 26497767 
27526976 6735568 78623356 6740074 
79053177 27384761 87022817 80418684 
63142632 38248421 2657797 49766425 
22724821 18990995 15430923 85517256 
51670690 31078669 76240499 62929605 
48767877 49606804 34676331 42067632 
16482482 16401874 42586176 22242193 
17647760 18704822 48739959 84352188 
25440389 79074322 3625817 56204573 
58170090 3182189 49156812 33846278 
80608061 3525616 35323710 15866437 
22516611 50754632 53094701 25898308 
33544308 81046207 1361468 82312184 
82364019 75215251 76090824 11380056 
4150680 31210555 33622248 21798439 
1626384 82362207 18684182 27066772 
25681092 61487450 34982352 83851182 
16380646 84139163 69408467 9522262 
39375787 17265732 64566151 13603405 
19731372 69371859 39501712 53275679 
62951621 80040632 87298871 57849195 
19500446 27634258 69229250 23651125 
10555820 54562506 84627015 12182203 
1169276 55022205 78426426 26850367 
68220662 25942333 62412556 84601308 
61792503 44354578 6657125 52879297 
61620310 22934283 66482701 81351681 
4839697 57695421 86338367 19502326 
1980616 86170793 29062528 21481061 
65516058 10825334 84309637 76071877 
17098847 81470207 39965087 18268122 
736975 30925068 84295940 68957637 
8578408 59242052 17803508 70370911 
16130185 63638084 74961215 29461502 
86572367 53977472 23346738 43123071 
63383900 22218661 62625396 65364515 
60100461 4221480 38556583 38150075 
54224265 35399775 65932959 71323111 
68580989 18431602 41302240 21028972 
49356669 38131735 41697616 9646085 
9907342 59501123 80016995 65214979 
35672762 19222773 7210036 34778684 
73200244 69734226 77901755 828707 
43663894 4771714 17904229 55475362 
48170645 56460811 6158992 14928465 
43571593 23802959 37962583 24686138 
42234560 79264822 84892561 43302236 
29930113 39123732 52948320 79014906 
11158410 84676322 56763440 46831171 
16432651 15684484 33320863 41343902 
37129717 62933625 42172609 80793610 
67705338 60076837 48802527 28409539 
68248656 6672527 82515455 24353804 
30475485 72189046 750949 72710044 
63987423 85643509 28545835 45628543 
76478248 33205163 37177005 170213 
30415040 45651452 47001384 46847690 
13046943 32033254 725148 50176659 
7500434 82075208 43503824 75205771 
54685600 44017359 55326317 74645263 
50689885 2086336 50710075 32876377 
74275381 51461023 57297428 2507367 
1349096 37554270 48135910 29538351 
70759432 37023922 29708564 13708028 
34386381 28420955 12266725 47433324 
60454208 12991872 10143538 67954641 
7600635 5358370 7404975 13997243 
49375728 14442300 40353513 51776620 
16528635 3597143 84652996 42515023 
6769174 6194987 45022389 47295721 
43749256 44869306 76834071 66219696 
33604235 19076190 79927723 67990616 
86674596 43905455 27957495 59662359 
56897327 77278484 79328007 16208969 
82636853 86732982 69383663 44546136 
13708837 22270732 48033763 30237471 
25867874 84397766 24463501 32637047 
3126308 69485889 79932767 86053016 
66066203 21011402 64806267 12203993 
40087591 8978553 80194608 39295743 
52884007 59863110 50669109 61492341 
49675150 42530672 77701310 84023010 
41797209 11329536 41102702 7217053 
33600267 40847472 76631975 11179149 
37778794 13629031 82993647 40905101 
34825927 75459970 78669124 13425685 
9004927 56008946 25629678 803525 
64987498 57535293 79276719 69582513 
69109411 42479384 43608409 70495568 
85010055 73020726 67052133 78518271 
84350262 59865842 85735323 69661536 
13246870 26611861 80840684 51025663 
40240891 76367887 43641771 75066817 
16072420 34844451 1026058 64254798 
3386952 65833187 65058322 20085458 
75079487 8579605 41378978 56722453 
51058988 84987386 39751576 313606 
22252676 19337265 78831876 19136493 
79203106 28811762 1331584 44160983 
55423622 82172268 7720201 47375520 
22784718 3072980 34975892 38857137 
37917430 75179401 15645490 80481833 
5257151 32414819 52278298 80336638 
40994423 6190831 49592646 4586966 
3711773 41055230 44078023 25964448 
60392494 35443454 84278392 3840163 
15966223 37320983 48001146 23100852 
32026806 7432354 70476371 6522531 
10505333 57163271 45379667 133770 
84053679 12736164 80615603 1844386 
45150983 45427456 82181023 37856413 
51618287 83484676 81620831 7041067 
37073461 38232409 33005514 49176962 
73675863 68994913 53017125 41353093 
18849451 52729278 64453945 2587265 
11872639 47463871 9109795 61555424 
17160697 6200470 61689193 13747932 
18936633 54838351 54769769 15798623 
51976815 1195355 53655036 16128657 
84680030 47809422 62347175 34287047 
37752838 7886244 35175016 23962256 
28592164 39903148 17026357 47441614 
5165981 81480301 50028878 56216072 
80655179 10849681 30305051 49526884 
17050150 4527799 14985823 35986782 
11077158 69755591 51785405 63053972 
70950945 57151448 30893636 68164530 
17494425 5774366 54162584 55247262 
52838061 1871156 30920526 33141232 
41774303 87124334 80582845 86117736 
81138190 82322731 6578371 74326924 
5705967 36883421 75564815 22756116 
80588671 3084193 58742897 43376836 
72839783 62239309 18964363 8035291 
31924312 1569006 27910829 1129744 
46520823 82073412 56377006 51069891 
35655575 39008539 84211122 29140886 
38666428 29038531 66969629 71515625 
23894817 73547999 10087112 29600783 
22964975 85651927 52356898 55264653 
1269675 62810802 11175045 25820466 
37583667 69316859 33855756 69507978 
70885865 61766584 22348730 69117695 
8084560 30436743 32721142 43740134 
69445281 68643271 24592027 59822716 
10215357 4095211 83049348 34110173 
77643209 5670015 15421963 52319191 
43032949 67778860 20117400 44302624 
82300670 31292444 21834097 32417892 
13142858 7400860 53636877 35739730 
69167444 75985606 17390981 28963011 
58133356 1823130 24414152 40112192 
22177408 49006179 51645915 32392765 
53101389 47228818 18213945 82455606 
4609841 33635908 47308352 47642789 
53125775 19136759 43656420 47960000 
50429202 65490516 32088899 15283068 
72891376 37436784 51022797 6303383 
65133397 20124785 35266393 35800309 
61125366 59680544 75912500 83302774 
60397730 79269423 67406546 65210127 
78209248 85620490 60199288 82819088 
31789953 59218647 82172885 84915728 
78355406 38362860 84586735 41318163 
55564384 29209190 56601230 80166767 
66645973 59335035 38181157 44312925 
31170827 25158557 80113233 44007201 
84839100 20270297 79020982 9481394 
12073275 58961083 74691520 41993530 
8826136 47424363 76523626 79793541 
19176565 71230066 28953832 10065526 
61303933 26074122 3094697 68579324 
55283311 11406934 12990654 34462839 
22452976 51171810 30486772 53623803 
76330366 23133560 10164559 25414030 
82581308 40896548 34895423 46365590 
12391186 22120498 892676 60394773 
21255868 77416301 52721869 79609884 
12890930 81675700 41386418 74194862 
20283378 44481114 7018750 27277696 
7599055 20009403 13451543 30052031 
22892221 43938314 83675833 11756142 
18782881 45551399 37170171 13897745 
38158954 23776601 60263334 50550139 
85074550 12867017 23478467 18863973 
2816873 27911344 50184865 54885254 
22120599 4104838 80791124 42403976 296959 
343429 69681672 7896013 59530283 83133214 
37948043 82422503 78782535 73334883 6712201 
10098971 70597289 83059823 63174167 21289798 
58547432 35971057 71839936 56155537 549081 
47029411 26730518 42543406 74940754 76915382 
9962215 48772360 81020219 3286894 42887344 
33028185 42807774 64280023 40924197 14871613 
11657800 78872240 49005123 2973890 16451686 
7428331 13072860 87048975 3021710 27958035 
20872328 61569141 63929091 44423272 69435685 
16189179 43163690 8699758 58732584 69815451 
37326147 68694799 31121366 30879921 23692700 
74008709 15619113 66500474 50822287 56543310 
33083094 62480086 87126557 82088216 17164983 
16111798 41227555 69415295 15694328 44249264 
9906885 36566656 57529412 25546983 32700935 
78676104 41736161 75864624 87375862 13002301 
58213630 37235564 33408107 1868551 19826493 
57100806 27588268 35445605 75312287 78410554 
43699922 60106388 5135204 43360034 54728160 
22300186 59471832 47666722 4249036 26877167 
4449541 14155920 63443822 13689960 39702902 
8678312 44077071 81439063 36253943 43986488 
46152371 7001128 32933060 79560477 8869679 
4470560 49194838 75635398 79093616 37040681 
66579507 35327094 48858076 23425718 30398135 
16119791 84903356 2403522 15497520 1685947 
29280689 19947060 55019319 44435518 72814471 
46433228 4824838 29425098 79583298 41078780 
25122593 38269224 48079908 9766660 30363256 
8660594 14237219 31269102 84295991 5864391 
20020790 15120061 41191484 68878865 77723231 
71589618 36709664 75160142 25704148 52207183 
28557096 6695844 23865251 83576414 2842369 
48390729 81720650 7667206 77815826 73837503 
456994 54649427 24640283 247909 64416086 
6714546 48085954 78653305 37983647 44915500 
36228703 9715444 11746568 29131194 78594309 
2003354 13254367 67014980 77163495 78135966 
31755718 57431599 36542817 7331976 53541568 
39385186 55722705 47795773 86229843 85249538 
73344284 38397844 52432520 10518122 38645752 
68559614 56410119 86731705 59746474 46104774 
83358212 47686184 55820217 46815788 76817377 
86125533 530149 41782751 65674068 77693644 
32452273 49140794 47658798 20706097 56472769 
52911373 60091282 24729029 52418154 10565689 
61689575 38295993 48963532 26655650 525122 
142840 7748819 56935240 38585552 19206300 
54751021 73654772 18603491 23104794 33004115 
7954423 60941334 33534263 49737174 78326410 
62938914 33900454 79178211 62308719 54606550 
87361987 27753648 66408840 63802024 31882809 
76974528 38025154 70178801 38471615 16391811 
22414930 77791906 24140630 79350169 28911014 
82524381 46634746 15099341 13661428 21450547 
87280907 60793302 34102888 33348725 23064031 
64140305 8821195 8675492 55852071 22840921 
14993050 55747614 2305576 81401889 32083193 
34188384 22620980 70108346 56078192 61092594 
86500156 78493121 3129064 62351793 22087854 
71217529 9120738 20433607 38027877 61959617 
81061605 37842339 74463926 27698048 22902071 
10061513 43549361 70900717 57914456 11934987 
6275194 72907505 19393608 8580769 18553957 
3187808 81946605 41174936 25007161 50558352 
53978538 63218325 80762481 57107601 77281125 
15383890 40858685 86401862 74994948 78886561 
12606042 68590108 68439907 87069968 47999163 
3875533 48842488 4082079 74776250 58467951 
55194518 81051443 43909012 74588125 41343219 
62462968 77775933 75000831 55348912 54494101 
38092739 21861005 30245981 70566227 78968605 
20060662 37661124 32360845 58173531 25189627 
62958413 70779573 6313290 43931875 22094104 
6023460 86984859 22647599 10105539 74294664 
81115549 17011064 19590670 37558116 4132744 
12644897 51732092 33619684 179283 19614559 
647341 77449473 41475563 70070773 60549255 
72155175 2664990 49921386 56227027 60838521 
75111012 31718995 83329101 33135309 27361877 
57134212 39158769 26880291 79781810 975315 
52885963 73430914 17986378 24187640 23522586 
61296573 36832536 26965685 46627265 76189271 
85757695 86452057 66172299 78944265 69056385 
78432562 63632995 71721375 80064955 32393577 
84270903 67709523 15823579 31844567 52555839 
82362907 1512334 4248163 60954205 81294143 
44400929 65551175 67258612 62387306 2272371 
42492205 75394887 78282358 21168897 34555707 
18716192 19460147 33541319 84888491 10937967 
15131259 27565616 26281969 38563641 20164126 
10386553 74545551 39584656 65387583 18923673 
4674051 11995053 59613458 48099665 24660266 
53441156 44211602 2744996 72410776 58309915 
44194818 27436536 46238357 74188184 316441 
80794063 5437931 19776587 26868937 42037429 
69892006 81177648 69603044 47884982 32274844 
41478178 9982543 58531403 32773841 75370125 
77455075 76625343 39076186 49602089 37258564 
63736451 54754252 81470165 66481446 39698583 
4024643 23209820 18846127 50263000 9931559 
19162567 43590618 54546941 78116605 22170563 
9117926 12253174 55059218 78720969 60138156 
39045069 71910154 21831706 10110027 17217551 
9735386 39276110 6376449 48811571 40589206 
82812464 25081577 7877013 28527192 43274031 
86753048 32551835 18194858 57310182 82814834 
67303868 76472748 78116459 34384364 18833916 
51998029 43502289 70264542 19590802 73934266 
82113705 58635871 10088983 16478966 68745897 
27306533 65391803 59733014 72860434 26736930 
12855775 19917461 3529514 20732788 155661 
85980996 59196843 32707495 55886861 29040580 
67233336 35724284 57224335 9594358 21819656 
76058250 61592387 65321944 10567355 32894196 
3500773 5214615 4063622 13589756 21693580 
24520527 80073740 87085383 84253540 17178737 
65533320 9642871 37096198 20773841 69553110 
76429310 19288393 41283508 60847812 75175253 
22035095 79792155 62610545 79259429 1920068 
84430200 19562242 15223462 13996707 30129597 
48117658 17497480 35344211 3892287 70264687 
57037791 67590265 62871982 8367737 16088369 
80050719 73901056 64908691 68857924 7208452 
46995356 57820789 65674296 39989871 31202156 
5094113 62024965 62705318 67704657 53817949 
64625385 64668412 73380190 31559855 78665118 
55220794 31388520 47873605 3098561 74458258 
30671847 11847359 54582079 45254837 20215095 
70670447 37839111 6649706 87290145 58408042 
53035609 46819056 67939838 31243461 38519934 
50853001 36337573 13078454 26091874 55753237 
18607410 42428266 32955204 43698607 73988120 
63331329 11452957 57087647 62915942 14551517 
44079461 45298796 26398875 11195095 3087188 
46613969 33576549 80103750 4974682 33400249 
51045347 58010290 31930312 70696192 40964758 
70450245 34082748 29013338 35239706 11885629 
84766574 53847115 54313895 69432785 49256729 
80013022 84475122 60709685 49634225 59924619 
26972209 6247241 17756970 53371083 56619787 
20844158 51696059 41907343 13481463 8381748 
75307591 16237818 18103046 58948910 86934009 
59067803 81110162 72727765 39792149 28883423 
84613393 37092278 34441545 3171851 58236071 
83698273 83184873 55244748 8652522 45352653 
27702922 35624730 3310901 84637343 40706821 
59930687 57192508 44113887 14371585 70673971 
52495635 41390183 38622796 22309688 52050100 
77267812 33088498 45693817 14240140 72880646 
26288247 11387089 61683932 12440799 53736391 
32453558 47850079 49454819 231861 56502600 
46518479 67112234 4660886 1540387 64283132 
84545158 61471073 34009196 41192600 27553665 
56394174 45399242 20654855 46727977 67708929 
72704954 36529344 13330983 30932326 50769484 
86211628 8931580 13867580 12140123 21372378 
67603970 44593680 69222457 68769797 44825540 
38258612 66999283 24471329 82096949 68539670 
40465469 30886670 42544298 26185672 72079270 
21808971 82579845 69189519 42463825 41841377 
49432004 27702335 30081728 14473994 10345668 
32562219 13219177 19277248 46429798 25359300 
40649625 65744776 21663987 22405637 47048128 
66489527 12375257 65758418 42671863 7005761 
46831643 83137331 37892431 1909497 21856558 
61682708 62895919 56147410 43405782 17893299 
49699794 44548793 45595633 79781522 59022786 
7652309 64054748 23952971 26929556 23018102 
1023278 67579180 40473885 22687264 41695825 
39233020 40887798 54071081 17524993 83559661 
12787849 64356636 30941555 2391287 17977140 
4509121 15785002 80873058 12367538 59190784 
11299912 62067332 55450584 8606553 6093417 
27006926 16258861 70148164 50959896 82365868 
44877273 51983173 62478603 85351157 26381444 
55885435 76295184 67269242 61667523 6353733 
15073466 74455372 70710368 85192472 28557666 
40398515 2235148 44342668 33805128 14602686 
55244459 84282491 28381025 23228598 44600051 
34474441 50235523 12569919 56333612 52906426 
7469342 52921893 56600606 21658953 2517613 
82982050 77544387 78812797 14495855 51745466 
85166529 29569320 77911845 20121460 66472799 
19003066 60519974 68707947 15056741 46036109 
35021640 70301199 42852155 63402664 45240805 
87452206 49588112 47187335 12555680 57632731 
12627317 59202474 23088179 20938930 80861426 
25605792 16454535 70939368 16952144 70127841 
74395841 53829680 51408168 64841241 73951139 
30414523 35555315 86182120 50833477 50612055 
44751784 85855116 72624262 137494 13502343 
30398622 39300707 14801462 77585956 3567395 
72434192 41924280 62769868 8055927 62863210 
56164849 72839170 31028752 78815224 41502321 
52867601 65744621 47043008 16809324 82296869 
33527702 47223846 69563191 71420829 49768330 
71886254 28706168 48157001 57044071 68021113 
13370351 39153700 59032828 28171812 68450663 
14311230 13139560 62085951 77081097 60372938 
37482716 84956953 45745663 20222475 28016740 
38958991 73090075 45472368 86001998 2432955 
79480245 71240707 1367808 61576991 55195091 
51136138 45996800 35612266 51004146 54751878 
16166934 64374497 6439133 26910769 5079864 
26600804 41221998 57396875 1220310 70014102 
30303368 77880477 19215618 27760038 10636507 
47232358 66719028 35437590 44415733 16965589 
37870544 36429533 739851 78415803 10540080 
7645949 81262948 56536879 43258214 44800650 
23822313 11136156 60886154 69438897 38046924 
17677025 8573256 79268922 75073900 48971017 
13527587 57088275 39385049 32743205 84848313 
1732564 31686570 15811904 37170153 76102302 
32777493 26751704 25065391 72694795 17701062 
74782922 80340744 50675018 83030808 75309965 
8009223 19386676 86446120 20606384 40536581 
37026600 38283408 820844 68006529 25890863 
49791861 81534115 82979138 40887917 65988327 
32072014 42620480 10208452 87061369 79790632 
38021762 71549869 58253343 14798160 56778220 
75954405 2114637 1363527 39162978 85145444 
28384499 86349652 56243128 27364175 58667043 
9313264 16101782 9484006 49311559 35819318 
74552321 11636975 69064440 21776022 52524892 
47586323 5559043 46856379 9505782 5153967 
78358019 47527543 76703836 49144917 14036710 
85193063 76810329 16151346 38267597 67684314 
53007798 66652095 18278529 21784481 45727277 
76945571 70275196 61829058 86429577 32120310 
49359383 25226461 82934737 30957379 47002482 
87170636 30254709 52561524 85738022 78937942 
9426498 76629596 78176493 86130333 38308069 
4746758 83856951 66829405 60075556 73835555 
47047275 25616909 53021206 65325803 86578841 
11282038 54804930 21098600 24822104 5479070 
4929917 74181486 30705530 39575661 56849872 
