45 21 590720086
561481119 271703857 461997297 191026766 64308387 472009954 502668591 147983502 574123058 108857808 284313030 432751606 168851212 47710240 392992862 188915826 442900707 287010025 199552138 355340146 
91950160 152935634 408429102 184480803 551455411 345957638 574393813 240473397 268999326 485999772 581241331 455157054 382380238 77195151 55463733 71365235 549205104 182808934 434745432 532608076 
291666741 128338375 590036291 85194562 176048614 16985676 274110388 243625930 303995700 98339135 8245990 395945860 251274769 41351701 205103272 427406789 11985948 188776999 77160100 496381969 
84056684 283078040 360818936 91113531 360273191 40959279 162478765 318758208 223768212 6504110 476042893 140111562 350239180 100035708 225306124 526287794 117021383 124093121 394590333 45693693 
222432255 27512932 441639552 98383633 68864633 56022737 150467032 296247276 460196431 443023827 201909159 168929724 135381780 187404704 260043255 120331580 443760678 47198629 63766398 76808803 
53702739 164485900 432317061 28618528 264521607 66903098 554906321 381542990 406392914 358776568 427236682 253501778 10966109 493552843 351885411 79830741 174252189 127029052 376078017 43728534 
194729488 202663785 212658257 330111267 14745098 97378121 75119457 458505776 144576750 138885854 159991188 198279488 303371753 1588162 226898015 192569970 283887955 406480946 574112959 99560782 
389934123 35306164 353062560 400900231 153535616 329624580 105407582 327787804 81330241 106162208 371516337 276059728 308825992 208851204 230847604 323571089 306229324 305967060 191356778 450806073 
69529523 351347966 273762170 372901276 352936127 125336795 565471245 261500692 156494350 173540727 361061473 171105082 424243586 123403946 572005312 577779201 77705135 302089503 314846918 159035375 
408251710 311039865 435095102 126357615 144567678 75222620 74605314 75473611 5866289 265962091 526279684 75395812 241986666 424718463 448297087 219599403 174731867 47724855 481100094 331226216 
436662277 251441480 502331297 270185776 590242122 108293133 257244890 292623866 410382635 196768417 451659241 227914259 132484891 296034256 569668569 277052568 586653571 53553796 352526179 1799774 
319515887 503482472 77195585 186179162 337480848 150169281 405778564 512212715 197894135 511555267 468115540 259233021 387673357 379726751 529418796 11872002 112696493 411340295 304495867 523079127 
17388625 165435021 375669995 149873516 86145887 354618478 51602693 297476067 408172273 404128871 299275840 352364769 316891256 1148034 163220541 279048714 151317314 568999104 415938038 564608144 
114510895 293333491 233121078 502184251 297736851 387216483 514056252 410433343 207836691 227832032 342792384 225225316 17943663 127742292 590495527 104089549 107037379 51378133 401565615 139886262 
80183614 325518065 492251030 397074869 326666098 64751484 300800192 102660022 258427198 126018143 76548079 372938092 419351634 525065853 284402256 126368398 321562249 423135117 161478351 154075550 
60247062 504270734 3977475 78190724 256689635 3752915 397676968 363727014 270527743 208522497 128289885 350711356 158717171 29820828 157066139 110059878 309969008 82542940 212719899 193072815 
208561083 504664674 190687516 252589326 439010440 99766381 3634333 385249298 522901497 165112683 539324847 583148558 78663330 543302321 286015892 550749661 171731845 92972773 539153284 442259588 
516891965 76723082 202250857 84889049 321940605 574713691 194948927 256586222 66536545 32345435 449659036 275097627 537010108 49626465 527686952 9977071 149392845 531321284 395226369 81574255 
105713881 559227825 289399423 399773906 511810060 200091924 575200176 92821818 293064696 523633373 159758015 434633271 225033064 362008872 144198929 546973669 346002476 339147855 212839804 37215630 
586889986 287175450 312313256 533180007 336801914 464676817 167833688 110871369 29954625 563060056 407842319 351065201 156244404 321918351 160119020 77334377 522010274 359995806 385552891 224354884 
292909092 545310905 283664764 142618766 531996386 427863692 314269044 287278776 391688157 151785457 324494405 387858056 438960906 261484271 545714672 400439430 350837697 122828273 135987408 380792321 
310564938 543829726 141137435 466809342 275027991 516653151 168820328 206318178 285928870 554373218 55349671 203514571 133640647 339014434 346133336 74916946 391554736 285078989 577592417 192522806 
436864446 526763432 580380861 285105265 412924312 160052056 310221304 173041922 282880329 446208711 178510853 2725180 399318351 319648287 469534521 299022951 460978047 47634763 130017738 156186830 
226684590 400764105 575098097 575721932 364455148 545908042 275315488 165289797 240266945 262187818 357812602 86411304 413627859 562870072 586913264 451228780 132202042 306414482 33550616 39758980 
161903106 212061468 42484159 185898066 156386364 136695290 109597626 26644325 399726748 239615364 398227850 35691251 49659382 7282470 236089793 414114529 553190512 511405280 204080936 418134066 
398269707 561893537 129221979 221177480 158720133 125415156 297082869 290922174 56506247 330633484 330681153 433806049 167371561 588562007 244380724 539154621 134537210 353978350 190475555 158940567 
2873627 213380014 194631818 267929704 220662484 55398220 91324146 398529605 566803499 295405081 225943584 374353119 481975228 355165562 220207208 265371970 105257327 517290077 180970753 377160270 
472600170 136328515 220246232 264648341 134170435 89303565 213082875 484104341 443281914 28235039 52324821 446155540 241615052 462353334 123365157 462277535 517751553 430085999 270087053 493834965 
350167689 120707246 492864694 456819526 100549417 122351815 131471409 421203440 264318501 312442161 207643623 146198585 448770675 52566464 35523535 207617720 141870028 248606409 101001974 209828552 
492238143 368723490 65264005 143133108 240356738 404025858 230087253 382784900 458788466 124850915 501296475 433632764 245558161 403441082 299732204 561504273 150469506 55880222 16664236 414788007 
368322383 224307858 560986591 441769667 492271017 5790039 274063996 258817655 469793143 375065969 468646206 371311199 368466069 158586820 139120916 233499416 187289287 369208168 25564229 55357666 
118735693 151537313 113667040 579690549 554978394 413399243 550474735 114727814 93956074 567138971 529515820 86955066 416123438 124458934 528724733 533071065 345645668 212068642 416565329 440115420 
211811221 294491448 436103228 204953899 77754877 575224143 438453314 265044164 569108921 88694152 535798525 312521223 240231465 58745478 301491685 419886468 96821330 476643029 534614281 190777404 
77738523 98086624 277732469 493861961 437942253 431133811 60889549 192867834 267879063 477454877 42263167 104366893 396622934 103043004 309320791 99054420 87547061 372450714 364098583 281332591 
85821475 524573718 3133727 326052939 207995805 520022107 155219321 520213831 405945049 314510211 120271148 483683572 37273445 22680226 11502056 475215697 78490647 72391604 292760141 346369709 
174523090 335023307 450736601 571146023 62742921 384734001 79480356 150289981 166464628 68255549 56299181 252286102 217505876 274829603 203015651 50178290 204131623 573631667 570392120 234753281 
512818487 315339877 127716766 550091931 338020103 139218821 59264152 416510749 427007120 352024292 387557067 10810123 311724208 247573581 206632755 374467128 256984191 286113111 149433718 48125428 
569765355 205732898 515808225 196551144 105239110 128103789 246729433 309370732 326412065 226401467 544124013 248510466 166417953 296517388 423279006 504438055 60412819 482543157 545625413 487419938 
243847362 342462393 122906671 555571570 214712583 329539425 339318611 96373383 240329145 488752329 144498810 219374413 319161836 69586949 40602166 424400946 413087433 287331599 358448287 148779412 
138409675 311852213 21966487 304827627 233046211 445245492 433942292 293459029 337068563 13524228 405555576 205592534 355986621 528462246 170444017 195375813 482678281 134439238 291749196 132287339 
247868176 436248005 351661752 567030011 130511563 392263917 25387480 543598996 304272125 383835767 317055017 67358409 320364589 554418199 372186036 553410799 33620214 430804937 471546437 370688776 
444329164 286381927 200957920 209595698 439520782 586798632 29648121 331478976 130517783 321397316 88442925 3062568 382321930 64781286 194769189 512833493 457045202 220156668 90389012 385993937 
13272348 32120638 453352345 549033633 586538836 234818294 136400955 29438963 290299840 17227306 24804349 143908918 519005928 225762268 568901311 583203319 437237509 7829345 539358905 192431902 
544623356 37081743 195494469 336225200 101863028 390263657 473735302 183584839 19700239 188800923 569578775 248369282 220921560 432211034 206682828 216740309 291705937 343083783 461575967 582005777 
575707784 111056925 350591304 128670235 336819192 328772528 121153467 398733311 336601873 69792285 445126 505901838 322270723 195939594 251406951 424133750 210879861 349818862 232395199 230580099 
538619784 211253887 103625990 168821257 268141530 525705514 10238175 184524077 493465906 96490752 175809767 103130213 207547676 151077680 231800447 169043478 479850207 352953913 567776788 441128689 47422808 
568221913 356310441 369693530 388838116 232394001 203107194 8997890 206889473 60179002 454974684 154789170 271432888 183277284 539007123 164251028 118262711 173921907 348775104 236405226 270412658 149261480 
339535438 102636944 300339159 571335884 271680421 189469279 333569710 248737122 255274578 380992517 441635644 20864932 159965961 455150369 468655628 578469850 464148259 84825014 47928765 543799552 455010880 
534758348 136356749 403297916 108289289 254619459 201896432 457064392 115701294 472309090 15605785 455236731 574946033 315944943 435852528 471303063 130090832 394098848 344716794 385365409 184371278 195632351 
30906950 559733934 275459329 124239187 172160307 148887501 209064201 435485767 317363663 73354994 4200639 453720411 101329519 112489927 333016480 303225950 194230929 448717773 400211649 425233409 313234418 
9114205 365854962 373763555 480417267 495945793 177142316 234413974 505987811 576910290 54722934 161571370 170600747 330182263 285810556 342761054 103746373 494874756 402923430 421110035 192906359 407124068 
499507056 509632573 519613995 241803449 222138437 338521533 315197831 247026695 173034855 37712162 256140900 538889816 36152327 361234776 68792132 213294642 4928664 574779942 199484845 275048293 145631225 
370085592 229907165 56118391 337523255 333653538 550993146 149726598 379440182 368576115 556850666 288227151 287488601 110421184 154707209 134303647 448942716 469905040 6006952 246654180 132293811 262147851 
194823910 168446137 32662540 263616041 381740779 252987899 463072593 205902233 152712802 233380427 200664434 382619966 289498817 538187688 125553417 465168573 312590896 129670209 243024601 278721475 42573969 
155189811 13819268 197281178 504890154 87438593 76466131 510897105 334092772 424156637 182324869 153593291 1882688 430384104 41885942 8300076 308048613 504958534 214202308 460761414 363015570 414866742 
252661293 277190997 577731039 2891320 151639483 299601848 132561528 19340693 202999932 175135496 389927199 216819199 587813369 304097266 519654487 288956109 224274284 263027173 122392660 31275762 416620463 
124275347 86336476 458506404 347972118 394385088 588141547 562174425 479823111 360437031 10997690 141764317 262304637 588728729 360052332 413944119 513007186 117290469 57961421 125287032 507822661 447888619 
557502926 504915943 161265799 486437327 203151966 10216692 374141109 325544625 256889150 415438181 74496581 343225625 283224499 47145308 362287322 496042655 18599646 251390346 481156295 244994032 17831272 
152740845 458399370 377883604 191361573 380686469 119850682 249322993 130650110 36953256 321888222 97432950 541869199 107830630 208546886 369697774 118047321 582687994 319919008 374936470 32082698 19092198 
342838704 315307196 66237505 114405939 436026461 300233846 365796284 326462669 545227877 8304166 103880124 412907160 386187769 295241696 418270239 506038450 169241299 548920348 167668316 491129520 55633211 
118817428 8240063 479576792 113191811 341684079 96221309 433110818 341297159 128304007 76879625 93415776 68287812 143117129 207821715 504314272 443350974 198294608 455453551 22535375 206598773 184010284 
435442534 217463151 103928589 262992686 132781515 273169887 436589644 300449830 388976016 116899464 43943867 21892688 5756170 372532373 363576767 101977478 214923104 114153839 230281484 291802728 422966310 
298569296 59596466 40067938 212163481 502947439 453759242 292293641 525482813 69637928 476303924 585601957 287101079 580232513 473271252 44559203 478079009 319140809 560405728 276334939 436040273 229026204 
298227626 66473052 10838490 286481002 168450529 441158289 25311450 398732013 357637626 448277760 321977918 417234091 113022307 158818008 544858139 566781548 451111649 104297476 261096086 336695486 99179346 
172873774 541604608 197127207 217432976 428963531 140944626 402515313 329975079 576984898 40821430 252879314 52737863 267056615 164036926 436585087 117494817 189348375 244597013 99809052 262302744 191251540 
517043142 1661 350069548 95857804 566783208 210461110 200155279 452555903 171833205 514731320 34709590 338114423 121138441 252142565 176357867 262083066 279334487 131009555 463744573 320155916 383888868 
141159045 587212530 547925793 577744131 329383956 361950778 447017754 429193007 33533435 47549207 570912758 33535095 22295364 76050476 224994913 232756473 491602450 86830729 29266288 415613684 336937015 
367380710 161428734 213756189 168415186 48188409 493090676 299424740 136609591 222526505 307990217 277768635 434415645 480592620 480189375 388476210 251823311 551883738 226949131 500753441 224109555 207141802 
158965146 246404918 498588973 8636668 103838001 399471337 95467396 133104288 439761630 57081020 500484997 225866973 270837209 293576792 274055381 173207798 2281445 35341581 20410912 525668357 313110215 
79503166 415540890 417976199 467979376 292040810 3816461 104208420 202074165 227926015 526746917 361039310 99007542 59292414 369675977 202845542 83440360 89819982 335949829 523201989 146901002 461111435 
158348875 42414820 163968140 57080865 215622617 381646280 92422445 236033528 316594551 30209269 315536694 141415354 72862077 192795983 58132774 76678537 512401098 260206938 304604551 73104538 245922857 
28288703 132396951 240275443 231134244 215837310 545492120 567084073 363715908 317069731 437475421 146741392 359484550 226120171 203822256 575107166 17046364 296244700 435817304 333640914 326453968 376030607 
99732878 23992655 193503199 157865651 100671191 115184210 42749198 29952352 403685443 288672054 58241054 160759004 153624106 289375297 1272923 323792835 265739283 364988831 50142480 327891314 511730222 
34303639 554011484 340229088 18690719 195734457 45753701 79184632 529375371 587604365 455215238 253784858 20876933 57998350 36327118 336944819 388579255 79076315 366897170 201544611 583145064 425138223 
577700310 146049083 339190130 578973233 94518527 229606022 568638673 144661006 557497335 114325418 178964645 145465342 454554505 413052059 341199799 124984816 492236690 495251779 121869094 572128537 158316550 
358142722 39406800 194643667 104367454 52662664 489116677 95941234 469603970 481541654 145756066 456584194 252267346 484946195 69513950 346785872 123832131 47432536 116123488 306006075 161757953 295088132 
451471417 25592372 332816800 417347825 150577187 234333403 321879517 487842976 431138549 104872676 470662307 95221958 514913038 199706370 147884621 37986238 295647603 26768504 519527891 441403669 108029307 
181075150 335629777 177543256 152537631 84138517 224975791 268661118 390144592 386733744 188425859 250895922 37002725 521242658 292920356 187579911 380252670 239476482 300099496 220671132 559745853 180041716 
315893089 108615414 379748085 463777709 146601651 300072298 115222823 75409455 150755880 223252129 471881300 111062266 400795385 33698844 195200783 35051089 517756658 585345374 46461442 115462430 460917905 
83464166 45985002 163118174 486440772 426237671 27271265 411216877 271585413 587017117 538506 587478501 104912444 4963201 85212734 251514094 305035498 200435556 542320244 80467987 48364294 423481457 
191530252 449159678 81856910 11407644 108887377 8893481 6032931 155348818 339752607 91627445 454209680 385737608 254745618 565327061 436651888 497413578 385823852 117517214 493710608 11038967 329672325 
223299661 231398863 414885058 99490364 536434360 239997223 51090521 241578956 288361516 99248587 433109208 146801108 181105497 444516851 255688484 405395673 75226392 35713911 154428193 166853836 114600200 
164842410 46276064 304603871 10774212 543689641 99707636 343688121 71356773 326143298 82640359 294656433 557542161 122202026 394146797 127933044 362199248 69913927 369512000 59840678 169162514 427297817 
206641785 350268010 281094581 87006878 380340292 571717668 338117484 534768485 147851418 77394294 324287504 194127481 381998164 335061715 362493731 106382409 303426446 433850503 432525706 10743414 353183546 
24024390 132945440 372006952 151957434 495144687 441920878 146146043 554985364 20363305 573443859 386303758 370631314 479215049 97987245 375648216 460212631 60781339 319696614 232740658 138175632 268660727 
51544748 520173795 228399052 414038478 251232813 531825497 472565591 93038432 542568910 235029050 332459518 84794263 16315915 484416951 579938950 82913402 39842907 168880837 103276707 237963375 555184595 
98584630 126458337 277848449 474232845 586670967 338629787 418606068 228691538 476805418 96546709 280236285 30935736 324945760 318951373 282168548 481447866 200796877 590603676 433296689 60502536 332343107 
142767562 292215146 441436667 347383121 375128547 105956183 516263957 478405253 343919557 105405075 576989883 470377893 383253524 85179251 91005384 131163224 503785319 535093617 232645252 225008637 440006512 
263580987 174631006 168237798 545749535 65358785 584431370 170309734 123332083 54213819 502652840 266099644 346428964 353369420 22762678 130837424 459325602 163703245 233919287 212525072 269108319 435585779 
