6 26 407247192
201089538 148651823 221961036 366243089 350190260 339201488 36793297 272278271 344134129 24131559 298608503 11440622 291169347 117805062 200999178 54635173 6430947 113625410 91175762 43669097 173656607 17658926 64216869 321246882 260197055 
330876634 288062985 190413288 94163332 401756991 293270049 184005181 31913933 107983893 31753389 382104193 335937692 68546685 135887583 161576941 92678244 323248397 173017562 272599902 33806266 374016740 327235074 336236717 376394461 307163147 
379905813 142803875 213574384 332874993 56803565 362523750 145256747 233618861 145689846 128172390 228128659 327712206 312177570 260042592 324448410 343930958 123651904 253138910 301229954 148291798 7468658 393908197 64293002 69238531 259260906 
98099268 36008078 68001099 323088296 301154850 263916558 184499228 332711037 70243749 406126533 278266913 25520307 144136087 104638581 59962464 272308476 221519552 387674669 65991165 74314951 304875887 2674930 86719166 39519916 303904883 
235010963 46988573 179318200 188056276 116227103 327331417 174907855 40987493 395332516 90748958 342142342 252001881 164000498 156358498 210997941 162879838 27378218 236518247 307015924 132016799 185233022 60829519 353536350 165660499 126820683 
316603612 359288697 18247924 292075089 398808612 322152806 8591171 334549496 390223317 196647446 339528910 310307542 371555301 380516402 187145177 55057066 204163864 327899369 219057563 360522361 131650117 270689712 276652891 256920676 170458443 
1422497 34906505 120040273 243711158 89319315 246860955 41819889 41360819 265108878 333894977 328921742 68766804 342486147 144976357 51742928 131886400 77258075 250802781 96194508 346526788 30700765 40003886 32195771 358600133 147813760 281470444 
83003058 11256280 150876142 228676045 70467034 41050950 263582549 190507307 284762107 241654176 30121069 326581995 171767306 183982259 141982091 93441856 252749062 77221045 127170524 304491989 97859756 204428598 36799890 82806576 32460506 67500654 
11562773 64656276 18853595 159376532 234879031 397856156 59385123 385755172 108037320 129852157 19558929 260372180 320359463 193073347 94779163 239232843 1160461 266546469 15967909 143142551 248740636 157469282 109115907 375911159 54714079 95727975 
61844877 91513968 178534550 390304886 47766933 190097322 47713969 362620031 238226165 171345312 241981306 297611288 149853291 350018625 20216252 58164532 203143613 229328026 251237878 186675087 357313180 141150651 45974363 262033401 173045513 183467310 
12255490 282161420 40883589 362969072 266641706 398727969 343235351 333928567 381785662 391002284 5531008 318251942 346375122 243757172 82350061 69861548 134121267 120955664 12632980 43089830 179120195 104528904 161170167 319110384 291203991 111236155 
