100 11 991400477
75415255 632888218 74749797 139230107 133642129 731790949 583028000 196618845 528670461 334747755 
265417437 370613532 896122114 629193369 552569500 733593366 426825772 35697925 812067866 227078057 
813266106 100191717 524683849 121709680 37510563 51037803 130463003 81008641 559939379 146502408 
448330651 635354633 779390625 358397753 609902045 913032753 98788224 201529568 118251120 462775990 
371594628 218985863 833389521 111633570 848179231 229875849 845226935 118921831 265573774 501211630 
345999888 914157185 601403346 870683736 871184171 638913908 757038844 836964479 719922549 325577745 
983466887 12170028 796249683 771457034 370567781 414751251 528406616 304673310 451598124 481975041 
767449300 823192751 700960903 444755649 934826320 393056962 674631498 788652777 511978793 775522577 
133781235 693295986 698279284 735184580 407896550 413380283 382698011 173534916 258944285 937937865 
334429966 86328000 950107892 139279171 857785033 164592501 389347727 230108477 304583117 840945850 
712083518 80631939 672738123 421643943 360704893 451481271 814700905 870653696 84050877 170596526 
654775795 217832111 863892511 196971908 953016691 115705889 610352190 179631530 289240804 704613780 
126168917 623670769 790941779 911594114 598267245 492643641 84786138 987614972 722752117 224686560 
837160344 443435157 140635804 353815296 700396406 501340696 805296566 359014139 215911221 889347442 
529610664 870687015 115779076 237420003 902976228 904113072 353125891 357245247 92344124 477684000 
70458549 53830346 109954291 861400328 965424459 543538841 197960797 885527902 539753335 920712913 
118813984 220830508 208064899 259449787 409963109 908461304 596107789 59176503 276074965 812019009 
948523945 641002934 526622852 899620326 878422936 438198603 647650226 75465655 795443849 739994349 
553149654 701219703 793824694 498421250 406536859 603165981 50559613 604497655 497293406 425630254 
533810091 451424695 481778067 741874989 710874482 891741175 494253121 150899099 950917677 770328085 
962918107 743358450 255247847 498140481 486895604 142270305 771656389 143145352 53053265 411017066 
718457006 441520224 120836292 356198528 939941473 527373150 959364509 825818391 140470328 300574743 
95365473 509597724 751999437 577143539 95389541 306790747 312801542 589642661 457689845 272318742 
203887574 429207474 24276714 459135420 762665261 346489624 436723030 542921172 489634975 325093600 
953938238 52008810 766613823 910091835 408207337 550472124 281381813 376171368 220207343 257169446 
676746110 315572816 766767169 272662376 728033660 697474015 579453122 49434725 131033504 45742490 
157070772 334921077 310267269 16664791 629373802 81532052 363154414 74696354 459770530 852789389 
235107259 257625596 904798198 10320604 176316953 156922363 560792727 457698765 533093731 781000070 
714868211 53756669 931890191 325552208 326419044 668523373 31625746 905872166 553275403 162659249 
786931961 710346174 332897632 105798752 727010965 962271433 22648110 98764901 872285093 482418639 
786871595 115991874 740044234 535586621 953030261 916361186 692508984 357739816 217976779 69519543 
147339408 768162295 123276211 914546904 102314026 285012561 426987106 960657554 34801555 980262508 
958634108 821733515 699208205 135448568 927532266 270135998 933037307 950180375 368900898 649239228 
276515842 164372016 600548407 25159598 535275942 562178190 776838089 236384448 919918006 3414391 
305903990 902574719 606893991 264497507 661038452 544525322 549510067 96625080 349099704 584311621 
85487110 151650641 414644658 620012620 287099208 186093752 890148617 64053343 971591433 102966344 
713292570 256706797 102655665 322440500 117183701 637931606 719935995 894021789 709633360 483770829 
732753485 24136872 230262377 348246999 123951684 891300828 892772320 673461750 987925907 85788853 
266372893 908730322 237439493 516334856 372659771 524538700 702428608 106725216 588592043 517936869 
45008865 145801441 774643665 147664529 468241940 891827365 620913441 32094764 629765983 339146323 
515865592 371118990 198600500 746127968 554683294 322552184 646028318 291372443 4613456 477871053 
377161295 106303655 230518204 614600787 622638510 438495280 147739009 168983946 545220495 571648357 
686920814 590229360 717449798 305481308 573211194 29608566 41225501 202724157 61703329 670991483 
377187785 577568921 877427779 575788285 167613717 440710595 733657774 813642035 732083037 573588535 
135429916 117843854 679892189 201265425 567761946 146447528 639760704 550818261 150748779 28898028 
131066140 837669593 619127387 683833243 978468206 36255409 548759115 28293229 238979566 610462443 
534602018 616167350 31948192 255946625 35872463 199561909 696657219 769530236 848521249 272657085 
187035600 983951164 225818244 866927788 29133418 793580190 848692621 668894121 188315279 8040923 
697792148 154698724 681027821 160836363 838531967 668095549 197091772 231207910 531706083 436071337 
841670352 901625406 887555992 708935850 166171553 923428455 908497758 698146078 536875519 600935835 
970803162 723911118 428803827 40538234 434755735 457937244 669435729 127365184 135430888 857751007 
135406106 833223035 21049254 816433926 2658921 694898526 328446303 35067998 926106435 695469692 
471139334 611693615 605694620 202612154 329228987 607183479 134640131 81643573 313929079 506832956 
682579407 128649069 74660902 119982757 4504608 344733942 413237306 673940337 472099126 548668193 
540290866 607505231 225808057 396657425 267855986 63784283 100155473 431619594 98852280 34861430 
135688808 405308919 481872351 576700734 607921072 811101337 192483735 577878509 728062216 341730119 
93310987 254558451 470379187 3289194 209858513 474883794 348023136 623095819 157423653 820122261 
15680840 533031825 271544320 241488896 929689249 374717611 140590484 865162028 806337205 239442763 
735340763 942026012 644751681 225812636 362643574 96589582 872231279 555127308 674468090 608893017 
896857426 603096382 863451467 211153441 606385575 81909503 521354541 789726016 540322627 514095499 
453765105 556003466 55726846 725309425 797492362 820733401 108626558 938082845 529812257 750281068 
21442437 273752542 536223909 501511423 334882484 898867482 598101004 215713285 297911619 281168616 
659923607 38685873 884264997 367291902 249839314 334567401 284518710 771193854 132892939 824841336 
129206181 421975350 389444325 20250333 155884297 30853515 840983733 99828160 804253665 214712818 
685426534 825696101 488465359 230249965 171124353 823347842 137716969 769225356 874378432 270945893 
58993495 542901561 309631766 778575797 910193463 559471079 948460503 38629001 174581761 916670748 
863470337 303787941 347245620 96831490 324038273 338447222 127685004 8938834 273592687 931938668 
223651651 959019220 601551598 547434316 33186013 772675950 214698986 6220288 385818134 97676941 
277166180 280128934 475895807 586797945 67304254 230006098 981586329 851082062 268635099 84918 
776352332 140704958 303872859 958915257 237536447 463228437 141279307 200538756 472167271 414871994 
141076946 531136227 217808042 577945849 87170065 86311361 194538627 301869051 92531648 580356761 
234863297 205015133 860485694 710759103 791813078 763107253 940765201 617316235 458106144 217999822 
617401153 78375304 194022085 921274011 45890084 431558531 228419276 187169390 632097286 700586546 
437358689 608491537 75639602 655166731 30354215 162809666 741478091 60210147 299996022 669327044 
640566907 534859318 874342176 344969430 254217944 510072082 943393988 38899973 135987840 410099654 
256899794 753388992 488474958 450921878 518579831 369682347 717797714 746999106 556851736 193811828 
291502481 2809948 802303364 367142082 493293984 667974884 365269053 78688903 728185031 665265075 
748015946 212668766 208723915 466274950 557638195 298259164 976347032 344949012 337159136 120934394 
755048665 594058929 709640691 87440451 880298112 72137350 457122797 606695348 654453761 849291839 
800507175 945956241 687419092 446727368 157015151 24629904 123301774 522284204 103318806 686804110 
31466107 686652057 899472876 240190021 161526529 301027899 538449185 146473083 645976910 875608320 
102724782 244942404 313584078 647682778 332382854 37799018 555137433 624822957 644494366 218190717 
482714318 288918369 8063786 14050238 570963042 396243 38680141 529582122 522680446 141998946 
224985754 554146552 828651002 133058152 629653878 825494836 269403357 12019891 807285225 915380266 
887628211 745327312 168922192 45129117 236926919 336622352 82928134 792064351 961445308 562739805 
18854590 288076454 851658174 853636159 302126691 266538044 854032401 340806831 796120165 220629675 
482805776 29705442 774776226 155373606 989481376 248346932 980868441 102801561 260366823 632070494 
26781350 156594556 385997329 31020847 37040978 622924247 367643198 119969111 258905426 337688028 
518026222 113077322 625764481 213601224 966713480 927891171 480139267 829345403 112614830 284858955 
58574600 595420605 149881702 668668131 586111516 974680383 917015062 410896786 86081467 21298713 
51566802 112862816 13210574 272881436 143883662 50251551 895805682 346844166 5537968 163310631 
684532193 523564189 111705258 154213503 737165412 87018260 917421979 61221507 751680968 38636332 
346080461 645572873 469374242 331279468 158157832 64085281 314559374 83772416 474982066 235958146 
105071129 361866173 184138267 118281702 634747609 163339234 3850559 374470119 510183399 9388526 
373098055 38632421 368270020 484803312 192845923 940752737 571821571 118867424 10573766 167419367 
984221538 191971533 812992239 462195303 523251000 971150070 361597889 837810373 890239792 836579954 
82368041 830628226 42362955 101823613 784227233 677110563 265162847 788077791 60180205 775346245 
632783622 433278259 813978665 836370947 918081571 15424110 785723206 333819970 961009317 631614278 
501239337 789147683 823585810 158148404 95259814 355436332 137897997 456857702 37163534 36737311 
137354484 946249357 702682842 179717439 56672493 495509597 856828001 321835339 127504217 917008205 
105781106 595605144 194203293 755077077 440575614 947602169 605818492 70215648 125338967 410744637 701829925 
626578303 208491843 369332563 784726707 303751656 724768895 757942009 760609358 597249734 629996625 897963841 
552098613 341278989 86280802 444088411 672105891 778426109 765923749 799610107 539351142 707022161 239132080 
733554434 306016066 679707693 525073431 911834557 585240646 650412398 331178717 130987400 120907529 374987865 
500319962 905634235 678739520 69005685 507493072 283265706 666255418 146089219 25146376 62270860 322685513 
938144960 506359270 3390927 725170591 116199848 638318339 108438562 823222008 877450418 841992995 137837596 
401074939 210983255 884989458 986315585 861395652 60085003 125902507 982303180 435072867 626222468 731854244 
122411910 695228153 247946838 240994921 205400399 229353363 101458602 267671258 552038875 48203085 774030528 
555429801 608690981 890230375 37664969 717129542 557369211 915115386 403039366 530524112 324789848 614022620 
424113092 155022261 484017794 484198095 280924767 310237802 919270961 742464540 50691568 877000176 281609521 
133955712 953312403 487009920 363309074 63370527 754681177 915347948 111573611 537311227 314694578 555581898 
271458430 352359546 281310962 828827640 276074454 684350327 367951274 436181607 142289775 627381672 591203867 
626307568 120179289 872128633 936545370 874767555 458510002 822554243 595684560 740119522 956509954 392913791 
235728964 328418550 456284317 990410141 87683327 403175234 371638196 402377904 958757131 643096626 754737449 
83984921 315841094 39411425 603652554 683792368 310910338 745942328 155090868 902114204 216166725 110587462 
618159666 161311617 985355016 85269190 819183165 424956404 825388711 784292642 817870194 896434981 948028497 
118071340 730761950 44311346 356563879 110999668 446689249 159237838 589413599 45343526 243222758 905254693 
84754951 846875311 432963889 230982594 436734468 588054756 141696320 652901192 698642217 759855985 649530114 
527914061 680442480 477312801 788187771 349748020 105522271 449974793 254782523 62150291 568046132 985544472 
933179419 924610010 931861445 223785497 92447370 365191873 269129022 170987434 114363394 189201278 853180050 
382644588 420183871 298514040 970699343 561880191 951415231 513258388 165653004 444862173 876489754 846095484 
922174974 673277047 39760332 863014550 131851363 294542854 760482146 535214800 124004154 702261088 303741639 
891182904 926046584 231506314 100291605 39092434 237811053 214654998 228293712 99590626 597299585 648477582 
233421971 411915756 54274601 28754031 760491449 219927605 473616203 645580726 901340394 239708005 162774601 
941100725 111322078 129943269 79560407 871804223 500475375 203564560 417982139 804217013 103346986 187945551 
871040632 38955897 227037985 117451208 253610894 455331696 52359139 686227785 112408800 285781109 106743063 
2000707 314535139 702551818 221928311 788151342 192049372 131868227 36458869 354823972 908286257 147780946 
320084547 987846663 854902475 820559921 35328051 116801442 468693762 138675036 140064299 348333916 12948238 
367102283 301102429 266559132 657751284 353461567 952786916 605477389 639242676 894847284 607478095 953777814 
441315930 829406405 750528678 633365301 796591937 622304853 988189273 548795022 605403104 152190648 545241207 
304222407 972750568 580569257 421023849 450043852 554561599 561088147 633695073 567509836 763507735 934797502 
669386273 429858541 296858591 466090017 43935452 936101266 204854130 486730853 733795909 646170059 160054086 
328241415 288134883 956646023 950546267 120240984 349357873 564548894 272431631 894599080 868771300 89099027 
319085165 133711977 539142878 708964069 530117429 16754779 120390734 302224686 951552280 789777006 567400532 
92327700 264466546 446653290 37028488 469320675 933384142 606141702 124090256 102037750 934383117 247542444 
894001078 893528906 203100733 251958474 301994628 475532363 981874859 14682757 564631389 144876852 148394733 
939091572 853840921 513829468 955846351 974231654 816054153 915998153 772608182 227371514 16925375 872392033 
674024803 880671646 185629536 616008467 330730176 145037098 553363522 273712815 392579541 455964123 11158550 
595680274 543239902 148470483 906529942 533714283 163153239 315078160 678591134 146865278 262769254 376348883 
660694745 62532433 359180059 320665726 978530586 967105547 548037239 830773266 848097102 65978870 555361740 
42326161 681987336 886091916 22680564 79267687 3721559 415260104 535231809 14880108 846257683 87071233 
163350591 761387148 456102821 161821135 85064830 970011260 144003718 183151389 354959666 804698462 245683822 
549457030 960681494 68131236 525162099 352635561 734221807 217176030 418614431 133500376 94819496 109201289 
28191814 117500059 23786281 858631155 368077468 559018089 708828569 222934674 481406627 707496465 819639127 
772826753 869317599 740021262 751437536 21920840 923172650 941714507 661936607 12773300 499771059 466534929 
80904535 860250464 819170490 650443648 86026016 246384443 783944023 16162817 190903037 647453142 133662875 
214689318 514683819 337057648 609024712 67429216 559992321 99030862 774925680 223548276 707174920 488160108 
963569537 302529284 345398253 730659016 252843313 15934382 743432315 587931678 317786617 659654156 456781664 
145556629 154014632 378124985 227258377 937958654 229605107 418161413 594011318 198585287 468168036 944012442 
535642934 85792271 20041181 104234778 20140438 794966860 163100359 727315357 127043796 135269419 38444164 
472442048 865928434 126604782 323693736 453277577 714536459 641480352 948249038 15234951 787036980 110863192 
228677241 22894879 57421368 458282347 276373597 486749991 656867633 744541633 274679262 201110090 665651209 
294720442 140662173 685791646 925004607 303762531 257023831 60647926 274349255 130785300 533089973 148877211 
92707388 856783708 437472094 807243846 342180888 229637960 657796103 137817390 340501152 886473343 987430051 
233239825 353355213 107720477 555307122 18822368 687579415 829986383 55249763 361830146 133306347 31229241 
882939097 893628259 334991772 148562450 954276184 609341026 114665056 331282986 593535543 207372443 31983522 
866324942 849933594 374164410 104562424 516329219 347299105 280380881 246719391 178645985 513620706 600074603 
121683767 77527350 454214276 809263181 742831038 344781345 15010155 711454690 376010585 897949251 613682471 
711002356 881829006 411875484 164260211 5093584 578475775 593113059 47783332 610459296 468037523 897716926 
819941011 407917252 257962973 11156945 688298133 504682363 189802929 45835667 940074271 311486695 123363016 
238205376 129349398 701511359 582986720 144359552 421565571 958997304 877626108 870565347 513916489 768054636 
126357659 678176699 608465526 704833433 115206586 491566163 159209558 583244108 233199917 979150568 991161359 
491162890 990307512 523376320 831162558 24027269 569211986 779836352 335513963 527892307 26641250 300180666 
238003188 444945275 279857523 494886064 412542101 1400459 374050934 926458589 769455095 500408592 448552116 
221837449 49158854 563758701 713403611 208368411 982320114 946603528 196118501 817398302 281683246 30342842 
349374144 121445326 54370110 918586130 736598983 389884073 290395265 598557538 525382044 528398453 52102335 
805239567 31884039 299961742 806640025 241252278 70337159 420011948 576978176 354206581 477166702 626137029 
917965281 34487142 834505439 744202224 981090669 39223462 570200048 106690743 69566303 754891497 63453374 
123936413 517394455 635369663 349137791 807789720 77844029 874519834 180105001 129946364 523676229 47306345 
265225411 174233083 288558623 170879875 429562336 865536798 525086455 906729038 335590655 286968565 941216179 
178695616 39770311 766223676 53236383 445287664 872914418 949520469 208778683 771685097 908774187 726173138 
415654282 101828806 377879686 493498311 976348639 557984686 458761980 343941697 605291030 559304696 353492085 
893849652 730184570 783054420 603303278 263870548 698382980 938893932 550839112 483515987 952906853 425926728 
258339185 14742759 871214391 966570908 799580533 88592596 746855528 716954242 650083039 6426638 818783047 
36562247 335242254 639048514 429864238 794004233 818307516 43754791 197225757 180399123 772921748 927410327 
963453543 220141855 35197703 505753351 2952615 586036814 989269338 955859468 20563064 91525351 805919532 
727094760 66695782 614099587 651004661 648868615 174970657 145004529 490612558 829071009 16884081 825854812 
312036351 446748319 463775873 138943390 490503109 661001630 154659818 107341685 597011479 126712883 327483539 
632209181 467783540 330436154 62162823 300969706 294895144 909443669 227812362 109414198 645137951 129825449 
558831090 140059440 778694063 569119052 285063968 113223450 406789583 301948049 939078261 718825933 748696367 
411453656 693086628 83116304 81054808 847746446 190457988 513383592 809776634 517941527 980910078 121477002 
848377680 51672423 422446707 151872346 796433397 650259069 96603849 285488176 780084517 490752244 425547616 
402695409 68470818 710611583 515918858 310577706 21159154 298913947 864720944 769855520 710367602 566407095 
852971823 626739716 258070369 52029334 975440613 76446525 405288166 964950214 197923527 262265368 851939942 
455687539 249455019 492290168 114546130 181376173 777778343 729947953 507445722 211925481 967960667 411233845 
922537064 327796353 721811550 779013523 626710299 430449322 392785872 180994729 5455939 89674523 807734444 
98843613 141703856 627091886 175290138 382309327 435958928 208530970 644574694 131815698 664218508 729347018 
624105865 614081944 910723190 410483731 187946725 262085740 457726517 164506914 673319584 224180409 492303266 
239047962 11793455 127613087 669497284 404579326 143925121 510270528 494253848 951659565 609114141 471275010 
422668279 784404278 853584336 858627206 1534770 342075859 990442903 501070583 80022399 623148291 123752049 
826062895 868949327 311698773 96748157 335275366 311522992 605385047 559455775 803826257 844433008 406566535 
766756649 522529814 811145860 910681770 41399865 149316536 706258163 485831311 455908851 137525964 114152417 
153410016 831470475 115687186 495485874 830512900 452075074 410825578 297578019 575827123 80805301 10444174 
722843201 12870764 345719540 42965716 618255810 740492620 682109278 306605646 155658677 292782756 829135460 
802121842 47381354 705852630 951438377 753639516 35600769 251264057 726482785 149753185 404674072 401870088 
100757676 900159945 76299816 552832749 154902351 373877835 137259394 71024958 384322008 695419901 83895721 
565358853 738385616 537468836 314450995 264411722 844074481 305426977 557194477 517126769 116148341 604575830 
66896227 902904024 202132174 102496995 162767603 928614958 252250179 567441674 174401874 353007854 311518447 
250701690 905840603 301738103 624579524 878417302 372763060 844218837 582436725 456658780 418177213 164739169 
