678 1 325068863
212237605 
9433297 
109269847 
292852086 
247353791 
4159566 
158274430 
25076257 
83513663 
160647788 
6837453 
140677031 
148541705 
172164578 
322314501 
28577359 
3074552 
270253267 
81569823 
37898682 
64230249 
312808239 
164525512 
168787358 
142452981 
197586426 
68498580 
297603100 
135972254 
152412787 
199856511 
151139388 
161846083 
112055887 
246921003 
84131010 
116215453 
80126569 
237205659 
199729115 
43703886 
244043111 
143335676 
192245591 
219137219 
268579706 
23752479 
25141300 
213764109 
105322302 
63039982 
277994358 
221060070 
30495023 
249711245 
166442580 
228081449 
121139354 
138976816 
166983232 
273552141 
141762856 
318122619 
110329360 
253818742 
42904288 
322458763 
44965331 
123030856 
37525088 
47623976 
166734741 
281568199 
318958044 
161909861 
175636554 
262468886 
185662340 
200777853 
151164132 
93914171 
66747364 
232088019 
314974240 
97242387 
156730400 
156347956 
128253365 
277869754 
98254301 
295236596 
226353031 
42946686 
91219881 
139611920 
99694957 
134124168 
137001819 
272658681 
60084553 
174526907 
320282656 
29748823 
259024635 
117101366 
191658684 
237590718 
54501388 
180250553 
241298100 
8595049 
274164723 
308045464 
240683067 
66999629 
208217380 
200342997 
26277114 
11401881 
281142280 
124531414 
306638476 
310424840 
295476492 
200787886 
124967896 
70102585 
9843190 
64899245 
17692402 
69927742 
42355681 
140904587 
227674957 
104309845 
258005952 
94264777 
16831699 
115436870 
77444859 
258129798 
124031918 
26540718 
44035928 
167644515 
93540346 
252253307 
42918648 
119817459 
66584717 
126990457 
47278402 
48154329 
112346433 
17686030 
248942214 
237314328 
215787008 
61714933 
105143102 
233479409 
259641067 
275497175 
177313526 
162247161 
54738156 
110250614 
59441467 
71569854 
225687483 
136886326 
132629182 
152648931 
163427043 
304663502 
320293445 
59896919 
34777476 
166141622 
179714377 
101362192 
293132078 
29922309 
149516521 
80409647 
47608338 
201388264 
120653504 
263395345 
66032727 
225796606 
299804284 
604930 
176224917 
152048946 
290850483 
33892603 
65229089 
25223087 
233460849 
93846102 
162109412 
169019560 
246495032 
128465984 
148614199 
44649143 
188362902 
183391674 
210790764 
171006809 
284753865 
178853978 
3858647 
237199915 
62193154 
51466984 
113519316 
182846657 
117791859 
307550435 
211572792 
220525672 
308155364 
190727239 
175504147 
273936984 
224619841 
240733235 
102089600 
133011826 
137508866 
67128541 
104960916 
58935034 
195594524 
253575114 
231582569 
186886956 
111897924 
117304469 
160823294 
199581318 
99087976 
164681940 
111712370 
161281129 
19078453 
28161215 
19058923 
264868704 
10642786 
33561244 
160325512 
121727679 
224288482 
10760795 
198594192 
251837852 
54423560 
300683791 
187779208 
191932425 
42743468 
292740123 
53796989 
41267522 
221246373 
285379557 
31084007 
136073826 
77615163 
319905693 
10586280 
304701531 
159518769 
250297042 
140913797 
306595614 
278458256 
287971112 
246395455 
92030571 
321532355 
81652103 
213758250 
23681504 
220411291 
215281971 
275519355 
274834850 
190896899 
266228092 
141698411 
36569896 
233899351 
323493792 
205835810 
258075253 
283804486 
236919816 
197078608 
164349178 
231756645 
10594418 
143981845 
194204943 
260891459 
87825171 
175731694 
17210382 
50727419 
225056678 
109240952 
175189304 
109638310 
125928731 
198870807 
4980737 
16141839 
277319691 
279815586 
9968267 
21408450 
224443527 
174536555 
255307800 
222868455 
55303502 
316312583 
309602470 
292223317 
188322327 
148882784 
1840629 
198916744 
95794159 
196045571 
262737733 
183619329 
174706794 
279948114 
37276278 
202693001 
192118595 
212465581 
312331311 
120976856 
214265917 
317312047 
265117087 
294515137 
74988300 
78014883 
315923586 
299431826 
252551437 
49092053 
160947 
307854938 
40335772 
309763417 
77938922 
228658098 
261575730 
79779550 
230504372 
160299418 
78754650 
168173241 
18849884 
56390974 
251050884 
184124554 
259083974 
246099008 
71521271 
246346421 
42007000 
88716717 
41519135 
110053616 
58162990 
116507434 
188068498 
49017713 
90870396 
115551072 
98109765 
219029735 
98337146 
266443929 
6653818 
176276067 
298031556 
268229548 
58985146 
203467064 
103460102 
137739796 
174569834 
250308378 
194130769 
228550247 
109364068 
256144272 
149580392 
308883731 
177421830 
319585784 
72531584 
21870494 
104570537 
258692967 
138377927 
292639034 
110640209 
32177852 
83121242 
11679503 
251207586 
309456781 
278123431 
257861404 
288662377 
251086123 
3951618 
22578660 
257482717 
235410112 
288316848 
106983687 
160649627 
285377146 
138463464 
72943224 
216452554 
288043855 
56758092 
196803913 
282560775 
257288068 
218674406 
62062448 
318910564 
31983469 
157631012 
104481909 
64161320 
43681783 
116161411 
118298436 
156068093 
197214371 
179089369 
119661607 
251230024 
183040986 
142240266 
183643877 
93382234 
105488250 
93557093 
56961390 
193794925 
232020556 
257903007 
85178615 
194995547 
117590628 
84912058 
280485852 
49809832 
303586463 
145477829 
171649926 
138499462 
106038370 
276131834 
5590311 
149720153 
195222775 
123888746 
305788245 
67368282 
105907644 
100380988 
318598305 
288948629 
45550783 
305171711 
185260393 
279037425 
73659941 
45151312 
147763486 
108610026 
303054318 
35871631 
106535103 
223574475 
120783688 
189950484 
76313837 
227299680 
10359449 
247963762 
40730278 
116397819 
199026732 
174318982 
69047501 
197179036 
101137257 
49766882 
264547318 
207044901 
278146263 
61006289 
298923059 
126626575 
169107530 
287112981 
208593530 
45697000 
7195430 
159286545 
154307025 
113179277 
195158175 
63771657 
11684889 
118871392 
253722140 
87998725 
21102209 
264081589 
138892016 
189830879 
183408937 
12849884 
39080997 
252456437 
210028920 
268216647 
105152848 
277505767 
150192684 
186228640 
141441585 
252045272 
312855215 
310549114 
214089390 
196379881 
31177250 
24214349 
158595955 
313482668 
265392018 
28685267 
52185461 
80006436 
147556658 
108837131 
296003553 
296657259 
47849856 
109826705 
161419275 
34188322 
122676589 
3429801 
89574288 
135635038 
74575977 
194727135 
216070334 
27698190 
55886912 
160441448 
279743462 
171671656 
145921699 
168763988 
170981066 
305097341 
320976729 
4508157 
96440675 
261299883 
161191816 
276624529 
16237456 
111678004 
60392796 
312241008 
83266399 
236241044 
224997243 
47615203 
270429365 
150603361 
179043397 
34934789 
286238398 
253619373 
32591453 
305238261 
281317563 
216476757 
140610845 
38921691 
191077942 
89462073 
207685678 
36990144 
197488944 
6523073 
169496694 
293929618 
267822955 
5619646 
245485283 
86989940 
245296042 
305878078 
202160478 
3493578 
217050258 
102088857 
179107173 
290409152 
252692217 
33081706 
128273470 
16791281 
89630609 
160864923 
322029541 
173877701 
180271209 
265569915 
212799391 
46280288 
29963125 
223414598 
83270431 
227452068 
229937670 
55696654 
324311215 
300690154 
189314693 
244727635 
62611231 
109541871 
28466379 
67701238 
241033841 
48446167 
169790094 
95072151 
13786455 
225411840 
256152249 
270058318 
242203120 
148712387 
105854377 
42093327 
322590087 
286125585 
307663241 
13250144 
135335402 
140555895 
