204 7 785609937
418152558 587621758 310191599 220243666 746389818 72298428 
736079144 298239648 512676398 361471201 466674453 320330327 
631043064 502842495 128997984 454675297 185934093 130030080 
378815387 434310638 305031402 61317814 594637545 239656716 
56003372 37404920 657046861 645039698 73680799 669465128 
98340056 491833356 471476948 408531655 712077021 641602992 
480830082 86282454 363578865 417242705 447753654 253989543 
161309258 502532944 180568263 290307241 380944466 366502356 
629683484 183496078 224549219 149104948 454160054 33576827 
598107827 510163426 280327909 469544750 369593186 354008707 
562746103 467933241 60232126 457959277 300201121 196045372 
523298494 204767429 282327825 101267421 45746359 153817705 
564603127 207055616 656350648 745171389 497362857 461031339 
535409970 550782566 644527417 759959189 123623739 313077533 
217272241 721731565 246977184 497600149 615012541 40306595 
65998918 601494869 717585999 335577206 273844208 232177182 
531622578 220878927 646290773 28340465 322146348 692037132 
182158169 310485700 113482810 262245042 270047151 34581892 
723276381 19847184 9100683 5930086 203542598 132724422 
319007618 420814838 68846049 775330965 342151212 107594815 
30027622 617496292 709089684 171349846 167463561 406670117 
403527028 699086138 627549044 473554026 151162828 373431617 
379981220 333320997 683917316 702810193 595566038 377700692 
161128310 533232481 397547875 170228993 539162566 24826698 
302953414 281906410 654987698 371799462 480973600 211528972 
688740440 511001221 252761490 35956412 106087293 420225050 
442626528 509614320 543047413 493911797 406904571 694210240 
81733476 1275854 241921299 189387017 127822272 261223563 
567087709 288950581 218192269 388371809 459179573 181091061 
413198507 762132986 672343633 491922430 557668674 367707295 
127187628 460799176 302444741 379949117 496755587 408532033 
14564229 363118340 341882578 557611641 71420200 748787149 
675558106 362499838 173799228 341215631 551886855 301621499 
602439193 542710789 590572079 244367687 145472660 264141715 
425458747 768017329 450010926 312192442 474329822 222069662 
103635962 25253675 106605063 406080703 405202791 603360649 
238348961 419767019 180869052 3967765 401114885 461635414 
752754913 500409216 38525314 350290366 56014909 14148394 
651911864 82190327 556859182 666220168 326558014 126068068 
354098108 752016760 108475459 18499097 487945428 6541506 
240568758 15317615 31795180 347173821 421398317 436997970 
374270695 83483504 280501214 764485909 87451268 105352324 
440511385 263942406 29497766 479036699 614232771 85512674 
493185092 480534697 167703001 473780500 570491090 494261014 
599848567 138979261 670013999 132060251 157478357 372349489 
138601757 607393277 387667104 379743099 378303323 232801646 
240477295 176310244 525631312 730324671 155186215 613082579 
259413221 19433826 91415047 288910986 498470524 129384043 
374423659 415391841 33654965 542126659 312908566 604146055 
460123898 127147195 743125315 344527960 259207446 324339897 
140613674 607155365 355469399 737626940 201288526 733772722 
394164812 651111983 124473028 134186186 595826717 489005405 
171004991 69630000 508439230 471766200 358540985 430645979 
601150243 156700869 269774046 634805207 122563754 582682611 
453341324 6423877 709829806 620202864 350951836 392773477 
158932823 700911673 214318904 514402222 76664901 624953592 
671911169 470829712 490455638 220120422 28752124 510018580 
709125826 409103277 3384805 431955119 95259539 361925789 
286337323 696409781 727972820 556111368 545605051 64926636 
353184042 422682600 71350513 486750073 257275527 631648511 
93913612 625554512 756296409 308232515 563692959 47351373 
356922332 659340353 727527247 61768032 93850837 180015596 
571786611 226712889 589118872 575171415 82404233 108114637 
360833429 368741555 18914480 512542475 139242986 773865693 
1205336 701773190 620284519 72555848 402913325 301296271 
127940585 496826936 141240845 98627056 228795676 128670030 
355324591 9454233 2400445 506588064 71222265 305597445 
686603659 66745101 532310333 699458757 65652742 38450791 
21963456 635832333 407192345 250224098 362764870 755781493 
238479854 363970206 95680971 282500598 645872216 498594295 
583796868 197549026 419157456 148773938 296176082 71689357 
277443967 75236898 81143590 489190575 581824961 361712017 
9178082 692164846 428457117 750834577 606013665 703456021 
213021593 51713346 763024580 43950163 301937443 549525675 
14121719 540417296 337232106 109802689 246654119 197494385 
32133210 44841049 395043410 451290665 193614987 114955717 
732326185 471058953 399538778 27859837 383985753 195753801 
389571853 393163834 311654872 241765195 567734636 132058599 
368957442 780756228 183771944 346372084 39096454 485709387 
319633984 262564335 449862908 656866090 581713186 120253253 
278096700 613846395 165094301 96876335 488873286 358709287 
211832052 435589533 253504466 35107055 672795532 61226444 
230860855 486103610 454390278 542515727 151605030 445861139 
98310551 520562471 650353593 491428658 290670780 113186272 
400874270 34040990 375750606 274473403 690907079 171853854 
394726655 183393841 209436475 559820956 280270175 122045986 
342266468 701448389 557635518 19507159 736555443 654167275 
80733603 391152524 564007110 744470043 357404476 715612139 
614067407 455715026 659910836 478811062 370879909 374317841 
591997333 195490404 408358830 391484164 469963807 313655971 
563338018 288426687 706395974 196510718 271983868 201056212 
318556703 37986562 326240826 299928446 57493720 277186332 
377831946 347573485 668338855 156229118 515779753 240133393 
295577482 344237223 119584644 169878380 246784510 699810716 
753542384 53171906 109691182 376291276 444656069 3391214 
113683473 431730312 291817901 243815672 51977255 563801768 
444871883 370533957 601788329 194848935 94198628 83018275 
472035266 472030573 430591759 564110346 51995916 160761575 
227979964 347573398 714344960 347564607 517451777 175519532 
471111548 694730386 438037600 580802730 494757888 306429895 
584193943 32177586 161896432 90401906 275993257 213873687 
77939900 144601366 8143869 679728228 339450300 102342497 
762746502 25875628 783719232 407728324 13722199 50105211 
777836061 241702162 397678608 130307309 13002994 338866610 
305826840 484114542 247987059 743864440 279307334 166481172 
264684397 287237502 198658757 426580828 586985571 474652013 
64190740 664925470 619253378 72334609 559043760 173093740 
384023268 536180325 408315530 382132562 367644874 422037728 
641583935 569217160 663739889 253652605 699524468 676742883 
16255441 429087533 375247487 473588662 387342035 78291046 
640069833 75762657 365528547 53118652 711689648 376250343 
527770664 199616613 255565875 361414105 271951221 238345861 
743854007 79710714 198262411 366559600 671189439 565907284 
2987390 527163436 558860669 90463505 204552267 682121362 
767206387 220807707 325598957 356843936 118132594 136677218 
644481144 758202426 421786037 433745916 25711140 347865747 
24386322 762827966 547482360 279952196 547978296 243169806 
518298056 506222366 532226683 140296692 296518191 417806184 
129940201 299505580 368705845 688800869 389969084 573258111 
9048519 580911696 217802043 334647476 361491857 335934636 
471324693 220363063 308527124 316846955 654108979 543584426 
88448928 102231526 520802455 59667513 382183721 492516976 
302837318 324218003 213129404 258800226 464514694 509647594 
676606409 18191121 232889400 259702317 706991989 46594709 
256696653 716040508 51242631 474498696 474424209 412734487 
234169557 369485127 633097550 752042844 686332081 710942754 
510017332 774781008 27564342 454556012 48838583 619094225 
370809214 561022064 367048453 7674843 34212352 255299373 
517322437 134554987 273490493 173948062 394257303 194872544 
429888933 74690181 334649277 481131563 758535039 23463548 
108256113 207094659 392948674 165089888 382873728 503016981 
90422704 316627285 492188051 327333208 194919523 541026634 
160817495 565728736 525784923 527865948 573403578 559997274 
783165320 514462240 694552260 271045875 112146527 512545788 
675264581 542035460 10972195 433650084 446903248 769507233 
457113631 555159360 400338117 273798531 143985473 783211844 
200551737 443754339 314229192 692739787 771087546 509148714 
657502646 146295104 289267512 397677631 97897277 286407315 
381411131 304798822 15259618 499699616 575844696 127406144 
226635467 674845502 93177829 237607661 322885648 540081077 
430851119 203735505 518976662 45579299 686880198 662962135 
43181205 101821997 321106536 566756559 218298009 515930308 
290295335 299536881 85961637 3299072 120950737 183858913 
289706387 502361867 488657734 514312167 216451546 488238655 
641718310 652433175 586820382 734896139 313777061 333442256 
489367278 744628179 537177760 432080165 213943703 647794183 
309432362 257124908 173352405 54275124 247617692 391650413 
570205431 537913027 114923519 79903293 750558261 235874256 
263762205 464000873 738236122 176156164 192703102 378423893 
664394818 258157638 454593293 465605262 416790002 768370353 
222783743 329893505 151124821 183697728 761973669 365068523 
45881973 495142257 45929656 428580540 549417380 293547348 
243967179 543359036 255196600 358890697 46998554 429491086 
594764952 310760758 107882022 547391137 486916921 509931286 
349551255 575047964 191825149 18534611 464389451 608615150 
210641189 687173194 152898717 361766009 85260984 129262449 
150570758 340489120 48140931 196500413 769069659 21294536 
699393923 227426900 564653571 168980585 586317597 35388350 
22207897 395472611 346149107 130089918 366599973 256802253 
63757429 139887454 46240279 255582578 367768227 510629729 
78587790 578409415 412192985 440832670 363911650 706800132 
570095118 514482407 261679314 41972274 134719045 245139035 
63266809 257849194 681912098 51656605 426829778 482619757 
87044954 449037674 301828593 433194060 2863817 92164792 
689996312 275967409 441398408 159972816 531549986 23556697 
670602544 33874001 25702337 506531755 474706670 389613986 
427721949 468538013 327832618 113137488 510510286 671897826 
567622685 573777094 144137082 463924845 625433698 780313022 
370280827 712478651 653086922 95845646 569408936 79686964 
397356600 473795310 355654372 53145070 57504351 101594420 
76701766 728106895 344814584 102404102 658374875 33911316 
701364251 509833049 711795492 243586931 622970536 436695840 
339220982 404983283 434209160 483358063 292644354 483379083 
478061148 86661406 410247797 554884295 182507051 403392958 
634571258 579863650 300924494 204615693 56744945 358428844 
515556275 133446710 300925801 74760921 445196975 383036901 
318018400 360951288 107260012 244203954 28274444 153966773 
104636019 367495426 558950056 538845178 274589714 275330635 
445960487 176387087 361992040 279944509 731271381 544499091 
683337466 3968928 548098966 198652022 208584620 604843911 
557080866 724140894 162026846 281742892 222638041 30960046 
664779793 540656440 391911333 195776030 784860393 629531940 
349742803 313232637 420763591 332429084 275814041 119089530 
607759718 721774527 295476617 393487983 216109098 450484223 
361723299 113836626 454453150 124212328 521834811 663037769 
152792464 293305739 25304952 314819309 784394793 247942992 
345779355 87300874 2989494 161426913 283076904 211586112 
214695078 632819706 524818748 59194894 179638852 15022851 
178284424 211134795 160533603 473761040 604622777 376642700 
138635325 180736139 699825489 16824701 514294629 436050362 
679862469 667087092 153092326 128903646 405642626 151877181 
376846637 175158206 239178055 589182293 545931282 522254958 
15158467 760626359 578810889 749323378 34211316 758449740 
188082454 212495739 183974597 348616057 109993004 212333599 
725258756 457974491 393069737 63210533 474799191 121754428 
499260894 369051723 212577745 76089445 497955368 41956597 
227966626 298538231 217114802 676490843 102110586 763046083 
622482026 326615216 161798731 415682977 290328656 405356209 
597868942 478411109 41588173 205579764 250763391 151581176 
417913362 190412210 609555666 234719325 253622742 298744920 
356473752 176619862 91532868 778397660 252709306 13224461 
34744319 690022094 521108854 251859120 4639225 46955666 
438641429 627121250 373570881 24176385 466540452 87635762 
429532593 488145619 775393033 471120765 693725382 240546487 
622701940 535374970 640304859 655993831 770094294 317663826 378474976 
550304271 494283687 470007843 543091993 170729219 692578467 1572537 
75141375 428077383 253431657 79780600 475033048 115809311 130638075 
272340154 139985695 597178527 359975915 569518287 299714208 559105174 
255029114 417175816 14041723 301467279 166940848 78082807 171851172 
360771367 395746632 550326148 125465700 104420382 444070216 92293919 
275149600 560384908 93866455 559637137 412198517 347298111 639417736 
310967790 672453584 770055811 7044170 26829341 5360626 367020084 
20083853 514420996 349861483 484459129 145986874 363903205 316470 
522273884 441986011 381513805 97435313 261468869 355576178 432247176 
365889250 223382619 524541094 64775075 207503753 618407548 48148437 
619702269 389441885 687566173 354406284 276285531 95748272 361450453 
512461035 101108897 152206763 532544887 39266118 502068245 231394079 
185252992 289707676 441056711 131263101 155429912 246306741 438044577 
416898780 601882918 84681815 206524255 249001763 609222908 271299329 
456505515 442020518 319447766 290597846 255198628 430750164 68740355 
531484159 526498435 430190808 258335256 51343557 582397570 214616368 
90609674 298855877 655356609 485208828 588563552 310803383 40208155 
743993464 557110123 478252731 375282306 582729267 562934545 5542787 
46121092 595893678 276842115 502626606 461650421 20026106 216960677 
716849049 660122432 285701031 462723270 610357092 139628064 144794751 
85436874 722025633 568757281 176046548 235271573 438503953 84991601 
247571350 173043561 125199755 415301039 153889909 603452485 214319571 
160355401 590123255 219862357 206476492 400406995 496704471 132839323 
76447479 726076740 559146162 217032753 24325460 268583419 103492248 
634682552 408211482 248286998 720119425 344627178 240780504 319902198 
3634976 679284456 404893799 460552488 276064242 530093553 90243590 
429954151 557282264 304563160 590309551 361795581 524425516 220522269 
185938802 444866212 562707754 471732443 594679177 336243979 688765195 
619004637 28563623 6647505 468077251 436775104 464280665 402586738 
205138507 705061168 146225162 418119645 22471913 551118960 93062196 
298536154 504948738 392651948 728490304 485967227 697215107 742536081 
271499034 645376848 177448412 457437835 304633122 163892391 143560340 
323048525 500136369 256061760 156443224 738046154 262709264 48256700 
598557484 726989928 450843437 227432216 70177384 20804824 645551861 
92649296 571923783 162350282 391185450 500608747 555002229 334065816 
200966036 675953561 500338122 472465069 535720471 101522759 353639129 
264089818 265415150 497199468 587138342 189287744 176997453 167317791 
141723961 439706716 215574490 740281444 590432869 90154153 182103722 
660610253 110958976 251391808 753259548 682882759 413742089 358835060 
397881568 392480543 116637102 22583829 282824166 616975223 495048898 
242280862 718497982 272424252 506370680 198303194 193359946 517245247 
387590937 370357398 684563038 738661060 24454177 114527590 117068792 
38623271 204681742 299172514 699233523 315640718 759910484 666883134 
422259702 597388799 449454419 243877495 204259404 566091520 266461323 
696429733 606802969 185246446 362446820 539691013 457670698 292553725 
161730432 74766869 24189035 758667531 445124266 132488298 135454880 
469578442 456362050 252523671 508201713 84780018 551696184 631171461 
400420735 735342894 512444657 246416662 547121755 385635302 490294156 
175117384 166116884 180491704 295283342 196656078 575084313 657730162 
160083316 456491236 164673949 321813747 531258104 398209146 504217504 
190772432 530697443 639672383 84087100 201449556 106586116 16025038 
286229573 82018526 70932724 110386533 241097645 7113607 566149357 
2609462 392748908 480179738 387073008 558865791 84407667 682356350 
179258095 659491979 554476574 339341410 539719440 142886748 84891383 
285367606 541095894 589108886 685486201 286183399 652517494 193309526 
696979117 182839835 418680726 406944915 264858360 489613449 726677610 
505956004 496727055 507217029 717911628 103866025 201786829 319374699 
86468042 286194496 425467274 265726136 369422700 194333910 605067545 
123532203 337220657 689958927 618245971 302052776 702804038 727468397 
11972401 569711594 135167985 708951517 752551429 553848710 539632658 
441146014 467198385 480700330 370838244 178315502 411653585 512486097 
282181527 37176639 255597021 577995731 323371134 681064294 58111929 
116530060 299134429 86915699 449408425 60091312 200610852 282044458 
362144087 117804952 433249081 374116487 111252772 568417065 297458067 
78194263 546002001 260826950 728686439 436936611 741527279 313914745 
615252112 367570926 250137068 321169864 404747565 505734088 113555657 
151854924 401188445 381013748 477731146 700322873 467929447 141529633 
760414184 92276524 632920254 336948334 210081475 280559397 134801046 
321334246 272712687 432259112 608874671 242450913 116822287 551951173 
679387523 72739629 289602143 718375861 649656717 539739210 253935787 
478140507 259863361 576837607 53731657 84788031 381587580 531462802 
208847129 273253252 96728661 183651376 365529775 729648914 729945872 
575611250 224598373 79136980 320681721 706657222 720742255 143946455 
163498198 51954604 119633853 266621946 334040395 409235995 199387869 
407433338 372711431 662669819 99963907 56311017 663243651 363041726 
141099047 259221293 108894591 349946175 532474545 205623251 742943713 
112394382 359008390 111015873 111741857 7342988 190152853 432423578 
714000209 334631333 106258 301234632 595932099 119740110 567856578 
144362557 528976104 190980672 551795894 116077597 277386716 75496026 
172388613 155020429 438537752 522833822 414241722 756778505 87170060 
370452492 386137981 253849998 692193036 745146370 364865871 18324956 
752489357 555018723 660094696 104615854 313386281 660200953 405850486 
123708442 779941062 188097126 477417161 523307228 588423960 452949280 
63121051 80200739 737791469 444855826 235221167 600065446 182079711 
73199114 571234013 478595933 652997768 381108219 732445930 559580867 
549990814 311701863 1642048 516870233 290456811 661736743 45222312 
27579317 536327758 451072797 360633922 740005045 62906148 52441145 
687048498 651330108 714736588 173905774 731530846 666918119 618761600 
390488238 481373627 224577536 673033515 476343865 126909694 540421345 
281188309 73745686 523738437 45569185 594793712 525380484 771785580 
308986748 610853452 31397954 336566065 570917435 482470751 120936212 
525312542 545376898 173377356 426751103 620443231 311850169 24393102 
566364139 193158350 643154701 380588603 98268202 291468462 268012180 
783958229 418378155 232169750 488882763 492123841 755908187 534451947 
510653778 705024896 729973752 243376751 530268411 185107932 3679041 
315575908 91314908 124615252 264624676 60428031 297992608 115112004 
680871262 33579002 139505105 670971626 226737352 206396032 475296454 
534351716 497864493 167044859 742046171 130632711 399214609 445318996 
46492777 578859021 403507169 557146554 498273979 557217146 224259530 
452278615 742325077 227938571 191590749 257376210 352553822 456215424 
317804241 74282655 571327427 422411728 107861657 134568757 307773416 
334599008 340964788 206806096 292686949 53219344 373850954 249123182 
393198217 773065562 118178404 439690993 566314645 521685572 420573772 
488324850 502638943 644833301 154993527 459354083 87161934 346584275 
140466518 439715756 226535924 458270758 513998410 221599576 95072548 
45596292 356168333 612192127 380195299 120869346 33388285 96618474 
383434852 407239238 555087818 776633068 604041026 673266221 430714123 
594091896 618688018 275024120 506152971 335717024 343593647 84882724 
218807332 430755580 431466998 359273849 294207561 81739148 241280833 
231942197 303338723 545699543 277538488 83243281 372281732 81470013 
413458790 615016179 387434649 11283704 445991643 156912529 2306835 
473768894 253914976 642367120 282250852 86993056 341127466 212140049 
632056242 684721112 297022772 274599799 539212917 152225995 57609874 
257156704 233965142 298890706 489098900 746650028 268326474 190373613 
253629534 64344432 481189788 667088323 679360610 83014499 678372027 
549088478 449273191 104415087 237247434 703188166 170518432 728844449 
213917447 511645897 155374560 60363752 410757071 452397331 544309713 
164360051 604623325 601919586 421516754 262324693 324546517 334351879 
223364783 592872991 734071654 476994316 657217422 638997668 358472702 
760314257 145748392 460580954 523792798 595021582 564996040 184776457 
512599810 159250697 128010968 726517257 670896594 283385527 210617234 
296043727 159519083 754926946 669749940 187878634 780582758 515002919 
450203326 319519337 273091023 673568108 336128553 430898903 574298649 
417082200 284286633 356507576 391786520 430035024 31478592 339315543 
239446669 20210857 524091999 175782704 179461554 652102967 326036186 
274094373 359224719 536653419 570138099 518743802 715316591 663624265 
130358661 710289411 602363409 580561986 453544973 89844495 468520156 
213409752 520743397 466555030 630491951 228766255 37452669 236668533 
82537504 278277423 575984075 321984172 298488280 523812300 707113039 
687295996 390305329 247539287 175780431 173266273 207928932 169654755 
115746300 137635585 257015245 246104960 271661221 73768717 41057008 
725206193 372959374 718923326 153006007 317438996 399868419 207234184 
546205250 646667250 443902716 52478979 139334735 443623017 374463151 
647169177 391171542 505312415 548855235 205213096 752851701 148371891 
378479368 175170695 527372809 494225668 522152442 208124279 164066853 
8203725 281892995 414470024 157146144 78588594 347783412 310152150 
396027589 171388056 517386333 365969064 241791531 385025275 418448043 
381126266 252384517 216647419 242685505 67292284 145696059 215276966 
272505379 112937822 572995019 650984746 497454680 524104053 568946639 
233997184 732228332 156749718 451547072 437857552 571219741 608693215 
516446146 342739378 342581590 336209960 514127434 283704149 125915250 
179655190 92465649 753709455 560781455 344850165 394093099 227203186 
412142448 539789157 651826314 108384052 76463204 439211395 759368797 
573917883 387051674 752051662 231651293 333670068 123191442 683198364 
771527619 694411182 506281641 711709990 251540622 272599456 262310013 
189404281 556303604 597571425 369059471 648769252 565670942 353577151 
417355642 174154103 4516562 253234315 137679485 656342875 361618366 
214142688 519290496 335377226 2450634 120732232 511165113 443448089 
454402299 634356554 341036515 649666143 752503961 271054381 575766196 
427780808 543653836 261812434 40921315 523693666 283120084 409980785 
386852980 63181088 187294161 18598685 446681353 191810723 271832999 
584360837 62543660 57187591 12893587 5570381 392564816 224690383 
126302612 327466154 668138471 4441136 176212770 432911211 77843505 
352452956 127701817 77345926 780233763 95091879 339158359 35545140 
618785544 46014668 654872087 429374749 109195755 56556311 447973433 
765223270 457713196 143542658 563974169 520256855 200730248 603981 
525827236 17031289 434640527 75866073 344497442 317169060 80307209 
730056374 173816497 158150713 296899392 301518313 235496638 500869380 
605956354 784001159 536414520 439131960 44405889 405676669 292242935 
362947806 671579142 163952593 342561138 343682400 307495250 330271532 
287675481 717571660 540221675 237238942 158339174 189252264 522451177 
712182778 715767487 26494611 80365440 313320209 184645323 377264831 
38574747 629488123 301870437 644531101 51615570 52675019 507399286 
305367621 667697850 14032283 668315426 763013218 177984876 434612789 
530431843 694826288 188620546 241843549 50524237 152578447 479082490 
208863410 341830710 425269893 135436251 481334422 451764503 215801690 
9044693 60146052 16802747 47619440 689634174 318673183 115886766 
164985970 580694364 623286051 470353590 672128439 637318334 353059079 
649531719 239039435 211408093 394353625 148255785 400028639 59933399 
198780021 552607085 539015889 407643431 318174020 388022007 752425844 
223244668 54176572 391963759 441635523 114322623 618112668 489254962 
227693023 360522076 28877953 392678992 155606502 652164004 77422644 
251471167 503872400 639827885 115392948 166648060 65626041 719092735 
314903844 675000842 779026134 513683865 651344152 741778248 345063521 
393254397 344190317 521225590 40235290 607713051 336925574 481870813 
722035674 169428305 394862000 164118759 529950380 423739953 556797750 
109293108 290294019 57956619 360764274 217902644 697784504 685503384 
384550703 187146770 42722408 123190772 285883837 36138604 60610862 
151618051 201653077 405674382 754218610 755189556 350636197 8843963 
577292669 687561771 490714775 723064568 280726301 99966837 310919552 
25066743 523706789 291453527 343706013 237737033 349410146 704470286 
455639676 470930875 28099959 263926604 658077644 70822366 387117376 
158351543 106960969 447728237 519315756 517960208 277138845 487924428 
487539826 51511267 706114553 488568720 739073037 411219390 426023351 
234189400 720532390 736942902 468602306 667975404 242786492 26698381 
329448663 15932863 154904893 208824564 486863737 183004851 472751168 
568677606 253827216 283604769 150765374 570134347 731333005 670081129 
302484617 432208075 581741782 213760668 483719342 502246398 702329387 
437182441 337202013 342742800 95108067 481470628 503421928 773056535 
573182258 169944645 223491141 117020983 185877507 378396033 325845546 
96477469 561400883 222332939 665155074 238964324 505937707 30310510 
23488733 451660775 124127864 535319512 307605075 129605871 749080179 
5714479 55588494 665799629 652243083 392790507 432278654 171087375 
297997360 359436807 158533972 85569680 529381451 382025112 411936825 
138995183 184157371 737782371 235472651 169294479 174505372 324363950 
408258803 104179305 564020622 641093698 555840079 688148485 390803273 
287181379 32144419 354273514 292895858 87732912 443809368 159529003 
689869581 299824248 330616377 411603167 659261054 698496511 497172846 
403032568 294911685 332845897 751373913 479069055 285018330 410582790 
72099760 668869864 734946739 480358562 773049168 513357424 335842322 
752625472 625242134 150381820 254196914 81122778 714001497 756438934 
378201853 372200927 339704162 282461496 95761400 94056764 117800888 
