5 29 725890717
140649994 377913784 226378453 221480818 78857974 648168635 685330580 342687067 241469744 552688930 52409583 539620408 656608088 149498362 480472207 539336321 456845398 599028974 371855570 197091590 307592440 181859002 280388410 687658490 363146260 398676368 172516820 445027246 
608266586 272592824 653398343 53214366 680695110 153886078 274695183 33662367 76163996 264323548 406537936 347822242 121310263 489136021 161551932 52027634 638634382 642024139 591363954 399777565 545350898 267517309 596869154 157241123 449376310 181555350 149197398 116820355 
580231717 321714218 561847600 492796088 624495544 489355226 546010453 579299937 673429806 125003421 643150806 53891587 389326968 353986527 401713829 510637231 117231830 593454263 592853367 60163997 539776187 488515106 490130064 389424870 30141697 391297003 546665993 509706509 
572852352 695863390 626526863 457381854 321875393 462483746 224287225 220480220 256136757 74595463 104077942 233864348 199598884 51526533 287755935 619114354 405513059 689469763 434049370 522744888 557033308 301012019 613097387 401107281 63636407 377336733 64641433 123966606 
42743018 611307425 633673114 645783873 581280098 534309260 377275009 207453276 301090791 601562233 427933495 587416050 676157696 562199939 95389680 180054365 613726471 383145614 73278001 323537315 376913162 507327371 150579988 238244256 112637175 37786657 639351536 206462085 
445311892 703992968 330428690 488054910 619598179 238211087 438136568 505176062 76818132 89520859 712629337 377908922 721271595 444860618 239434254 701727076 281169839 365012436 186079226 199194096 22267333 259357226 552919913 399180494 70982382 703499901 637424749 213808060 45584343 
581074070 420270144 490896235 559176321 24808116 283248930 483072285 263019202 721385497 262357629 339837333 115204141 249096248 22044040 140773521 693956865 291666796 116609879 279424490 656679232 302689104 508807088 678946564 592234833 335836283 382424843 693405717 343633969 324147378 
181323059 389218312 209519233 601593202 184412332 72993339 626401318 467661261 556065623 193718305 493344543 92532534 563744141 608548683 371817285 585788180 53619990 370071935 181752762 170229868 679684927 112541276 503107475 462601297 95785625 399640093 102735366 508398970 367155092 
476557837 136844133 548478151 170073934 346363366 454369138 354486265 419356704 385068241 126445311 249531610 608975049 619789853 372252646 446828472 532636322 18179213 336914437 586256311 418439651 518667198 60783964 372233860 661396976 594079941 139132943 31291883 267829316 272056811 
