11 41 193457167
174461801 79405649 29785810 174983071 176552430 139223584 76462346 161308502 37750564 33086582 116973569 40275630 90439267 163496409 48669092 151763154 51224953 165565859 133689499 126684160 55481136 167156415 184683951 56660055 156249474 114070591 85756710 80245968 174033096 174222052 59957861 155037730 40715722 89743671 117108822 4356174 16055276 174116357 165664675 53805839 
13745771 69726265 74626658 84730227 39765506 103840938 43036213 71535647 75949629 157270901 4762639 131430764 130970148 169991779 188090818 74307643 71150391 60935549 154553611 32271508 22245622 1599493 187309237 43506533 91343163 91506081 47862706 107398438 52710459 615402 141749466 66456229 70341666 3464145 131731644 110107171 107305082 174767857 181642818 183254710 
119126779 166950645 101773495 56639759 124030445 76952335 130947401 1723668 137887883 72589033 14540365 160133505 74188526 8392434 10182870 146076877 80443703 38590764 40563337 133154161 19751354 182312802 180155579 90093019 185776946 118430055 180745378 80170049 80285933 149476217 69967591 5955544 103514884 171741085 62595302 34088161 35781441 174087892 16357018 173669324 
33764946 30897382 120890850 107953471 19835004 111618908 60573181 80823896 130754860 101136517 20520889 150506213 70537340 7219300 27687253 43402307 106194544 14975463 123572355 186480476 144996869 174085134 192436020 55054585 132914240 42119343 69687934 168695681 3295256 86044951 148907837 37060202 97487521 56886708 145013672 117322525 149050804 186132041 178691609 86348496 
74356579 5755330 43397541 144893918 186976986 71084793 168841413 80259551 66605444 98956600 73282859 18145145 60129755 52806900 73199729 193043995 75471432 142887663 168282508 78766687 16020635 104278366 96372077 113508156 141710262 28473771 17918702 97303898 1693833 3153143 183652393 76050412 182910828 14137955 8032351 156975835 85222747 176873764 43778218 132373379 
62918385 97606266 150518524 103593329 130958354 10806274 103180156 12972618 153693936 58550685 72284494 150259760 143374239 149201759 50855937 91627333 177675529 49319827 188931230 179369362 33018158 179126455 61962606 3017007 173809598 50540145 159992842 46120366 14501930 184316248 178493744 77420315 88465346 135555100 181013643 6511722 146361374 71281820 19484339 87143331 
129832504 72314021 43945923 79749575 28058613 94801859 151922096 186279330 124666874 147396158 172191524 157685031 113610634 21242151 160702038 93963064 71782296 127237712 140083429 86284225 98641981 125120005 144249728 167652516 47763127 112351392 174164237 667333 183633211 174193764 87810663 100553736 53050618 112301775 160848499 61654419 187648822 119313427 54476581 118858529 
53797606 13756127 83086392 147953428 34998277 50331262 48459324 106780572 158114162 169087941 173609986 43844165 81295968 104947735 18039513 129059094 23841960 192203749 110271615 188020359 172940345 178627466 75662117 13078984 97472073 43053448 74733402 72208917 142912064 109755172 191067445 177254858 123511298 61241858 131751119 158509574 92118309 160755631 52378168 37320492 
136386405 32530986 81164656 4770394 137478720 99204168 133829487 141865868 97950749 31189123 136429060 77433927 16359421 18634009 90512910 94376683 42232645 145791501 147130788 165689897 62089505 144741065 149487588 185600802 186528111 87781539 131198397 85189252 55080002 183576564 122509744 172011595 3195571 10217232 176781988 121219480 89966589 97699496 69628180 187917337 
109433807 186602428 52439285 106338417 185781625 123497384 7257932 34557103 75831717 134933908 180792188 118466410 86217805 136822608 91155233 59833937 11692168 28896462 145023189 47317359 193018215 54620954 25871786 2756618 45383374 183198963 123976097 135349962 67986480 174149466 129810132 177420287 167294726 162794605 90301536 159619184 92834821 78104656 174721475 149211726 
19581396 162056495 74220968 86344389 85967125 145921389 146178325 97659292 174817851 78289535 144976650 174378898 132910488 151393625 157680704 178293862 141135420 68744823 100731845 15664732 49437121 17629998 173630207 23274679 180424603 70474575 163439051 60347445 148579230 144703358 16102004 168160625 93847875 70868160 41593035 179814999 23332382 187771360 84017123 178695421 
72603727 16081795 140162340 186059404 167475419 104385876 151441287 95698860 173130698 58715964 91908780 9655840 56891151 72081820 32930519 43858586 142556394 176914758 104206030 78223646 108706138 120308033 33472292 9096845 171721382 75065327 188911843 1596596 49924708 60016987 160837205 103073623 76098781 107542377 95675859 30662221 192473441 34205167 126361080 152692161 73466320 
24812693 162348000 130357470 77439701 1821351 174216055 7084116 159281298 65510106 85307761 74530268 166363328 99325242 83627112 144627542 154935757 59626976 126769326 11403297 119643962 94149363 95022108 2285576 182236928 171243156 32947796 161798390 11991155 139854065 121033383 85457474 145211946 89924216 22357776 29194479 72290755 177119019 36278594 38114885 49171958 102131544 
93190341 2623307 182001974 176817452 147250848 143480563 42987260 61108195 135429048 143176411 155257557 36993988 145461986 124582506 14779976 158954970 92923728 7316320 85897056 1045133 73318982 37651834 90969348 76221947 47391501 143805291 59883798 83670095 181920176 89600944 166346827 81653349 92224250 154891633 45558823 26563119 85460217 69091271 87671313 7977286 18810514 
30016891 25516462 144817688 154599396 20841627 90860680 34611146 28157946 176757735 35656278 101476927 20952402 107170814 177698873 68343902 57518937 24670693 132559185 26527134 94816825 85994033 88725672 187041075 27973687 134284494 20147026 113433903 183920953 107818339 101956377 9274300 137835229 127472839 154091987 79522647 128859654 51495499 114133792 157017599 15341256 130335258 
45582547 36293657 24594093 10369442 85182747 82113029 15585323 4829954 89185352 110402147 90823986 177911023 84531243 118797673 99283538 104678269 19319597 89747323 193041796 101821163 79566811 117965046 35836834 20746820 4030525 164696487 52787507 98709505 108802107 68128762 16132784 134929842 84967607 40726876 125844472 170150354 103385094 121974983 155525496 192570445 19465152 
52892314 177024300 103996394 152235175 63395859 189219851 152099961 133688370 188804479 60463956 19798014 93857547 96300789 40544833 97888071 48085297 93332339 177142765 137432592 142006290 193275548 59450455 33516729 21090446 165840116 184212271 124475539 94357931 146280599 123588816 113823082 179718102 87701137 4907498 119041298 151096995 670181 77684091 71873386 170019849 138148046 
91671399 70420228 21536856 112761420 148853487 50167341 186638948 113084273 187599932 135188070 93447843 34138409 149249987 114538288 180523713 140005091 26101848 61969665 73373711 130235852 175792747 40179834 24479821 161245433 159221132 156122004 161915613 43448055 34538222 138478294 181596101 106754810 189443710 9675789 26059062 125385219 40388319 19240842 45012324 15076272 134974100 
138460166 49214680 90766920 59541286 16826414 17860032 66188322 78796079 91233742 2967006 41676847 111958765 27446826 9465112 77722729 164114018 171380724 121170783 179197429 96947040 89854905 92495071 73478771 80075883 99099321 5406822 120464201 118340163 50419146 135540472 59857095 188879311 165300341 131169203 35508619 182126754 149029234 82242129 67465665 27350998 85209135 
109142511 139309762 93201149 118607622 23575323 63858000 77076368 125291294 30143450 154568596 21689032 122638520 34590199 82310103 28280673 20542210 9317136 127166024 51506544 125402796 167568308 27473876 97245969 105280343 62982494 85915556 60852410 145224623 133926409 88203407 17521779 49611753 34056001 110722927 148764563 38176512 155126115 12928952 163467805 185269564 167497547 
165702025 114450916 182632935 54554960 123276778 183720333 44417284 37530823 41769709 150365269 11641963 69243584 54154070 116922306 112771267 120614814 158319904 45083911 41629245 33611332 62605689 91240997 67667332 173328615 27093581 105843843 134997563 40022533 56399669 126809959 188065268 28644527 28348897 157786224 63744675 132170863 148049389 88707148 169701685 189819097 45615249 
