615 2 680347400
141985828 
113344868 
271461280 
346624655 
543122690 
108169432 
533517049 
464722238 
23386974 
666426385 
144137982 
120065947 
529210348 
273311022 
330281687 
524701027 
42430482 
272363672 
264222639 
145436634 
645745391 
594233349 
646024225 
412605818 
390808851 
404307520 
147679224 
172692759 
117534248 
25979038 
389606512 
259520075 
32882457 
661067791 
499703281 
469563698 
662795774 
352872930 
253938535 
579741299 
338951914 
398076516 
19459845 
81373414 
671387538 
243300083 
606074440 
33470619 
515663755 
83508230 
72465805 
374620297 
677741578 
612048581 
437266 
388203029 
229567252 
148116489 
454454339 
347101499 
67654079 
57272002 
606621573 
674442487 
37992392 
319536006 
463658785 
594346717 
672408935 
37249919 
493740615 
224572000 
328884987 
406759011 
305945413 
213483676 
650059094 
125231004 
140512846 
378934000 
208739234 
212978650 
647112848 
99691963 
144679830 
647550114 
381453543 
374247081 
8877754 
155560481 
614907131 
650437784 
212832482 
434739856 
644532871 
144383425 
73928461 
321402807 
632288693 
65989995 
252211277 
339240459 
184120546 
581096263 
65652070 
490065959 
114232538 
609269715 
508855514 
254745384 
201414866 
37247347 
361282585 
61738865 
30497862 
505962415 
602847530 
411951404 
93420647 
611725284 
461070437 
27980378 
475374219 
673902918 
356278785 
439559689 
31497495 
430207245 
80615095 
663786187 
389755791 
226384924 
216237798 
573876336 
127133786 
175448419 
277153446 
134924876 
104370733 
105661560 
283228811 
199344150 
36467458 
644511395 
154641566 
640871271 
363684961 
77141696 
372475275 
457105608 
582425531 
46756863 
378644537 
377452349 
40312380 
54575921 
30223190 
645715826 
378341717 
4396836 
522713165 
87750107 
230781759 
58603562 
555184994 
251474097 
234051980 
45549592 
386398972 
231981264 
44769703 
669627782 
324883965 
655143112 
633791776 
479525530 
615666983 
210687889 
556667225 
201353409 
667793496 
352303907 
248110271 
259649184 
49408856 
181981202 
207783656 
79632045 
40908180 
479683924 
657934832 
563621344 
460992582 
208369191 
515783457 
229388727 
459843287 
643393988 
274938318 
59453410 
88586403 
213266572 
48733791 
413470367 
81620836 
576084118 
106207048 
16940418 
106424606 
662874273 
111852378 
667776653 
228389331 
253521200 
140636988 
277798186 
329060953 
241979195 
250988782 
369969132 
41315718 
122134766 
146801627 
502308299 
330503956 
662585083 
51349626 
3558394 
519190222 
219846495 
63011803 
607776624 
326671619 
5304145 
340899590 
408292454 
474946814 
447106638 
318791423 
474929972 
323192062 
430643800 
355917776 
551581392 
577723551 
390113316 
42590730 
226437103 
632092510 
187138063 
596406235 
566966780 
309272828 
636766413 
282486230 
533335335 
512562648 
227394407 
536893728 
351405469 
340799454 
493464082 
278834693 
667471072 
392326778 
513292834 
395416125 
80484744 
173610623 
33860147 
448973267 
390361236 
358062498 
18102194 
155153780 
255438648 
408215509 
197744509 
375434302 
253519171 
278441123 
185051688 
33697102 
587713951 
141470701 
316183331 
440701885 
654033348 
437136290 
190806765 
218649968 
97588343 
577829398 
497484660 
84712014 
183367328 
223988646 
373686690 
157410623 
397599268 
407546836 
606383889 
1171656 
659167885 
624486082 
156325435 
127817684 
245912743 
354069943 
503251985 
392990465 
632511065 
7956273 
426687566 
433436167 
149426973 
636429448 
87349204 
16671472 
393218337 
171714520 
235321439 
384365231 
69196517 
626364651 
469077244 
146122396 
170005896 
55975085 
303533018 
461163715 
463521920 
229569506 
462335370 
335900956 
67266740 
618660804 
463718639 
206738034 
185941898 
286623224 
599728498 
31664115 
294579496 
239627215 
465100281 
337565020 
89267814 
446008036 
354236491 
376044703 
617722555 
483116481 
80062533 
6571672 
429133731 
442698329 
46252619 
492698178 
498673413 
349785637 
273514493 
175406485 
579355142 
629408414 
511307440 
540180433 
567721818 
294678679 
66571066 
647222267 
581301902 
559858115 
678886381 
89092549 
12696481 
357197814 
320216120 
101964295 
122858449 
674452610 
371567549 
60233604 
370780242 
451630081 
640711227 
119566573 
213981009 
6616445 
612264750 
32307022 
249960633 
98990394 
101272058 
42526927 
48051408 
612579497 
582707359 
509331777 
226910775 
542836977 
369765195 
21423828 
315906243 
368304176 
4074928 
222161276 
619060541 
324291047 
217684122 
61571589 
211954808 
589251670 
15363744 
582735050 
360534350 
549633522 
595860174 
468073911 
449808519 
421336075 
393939484 
19421751 
520326469 
495211541 
61948677 
461936428 
427443637 
538214588 
184479356 
547912964 
294262716 
554244550 
462895343 
610168958 
135759877 
466970271 
151982833 
74473017 
4472469 
369666954 
29603158 
216427277 
172129775 
618872853 
12373478 
532664125 
381717527 
608233651 
213949187 
44737197 
349222325 
607888670 
638064899 
82759945 
316311362 
593572128 
438254924 
637313550 
344997867 
622734279 
504879113 
639260582 
390189981 
180985608 
569082139 
419508409 
647955878 
614623524 
387539978 
652428346 
197501629 
310701687 
82066774 
369631404 
142785691 
94440251 
115506680 
418061769 
22326501 
329455866 
462798965 
371548826 
150555687 
314075016 
347867322 
360425600 
120858295 
105774846 
317391749 
465856161 
622067676 
35482014 
424769342 
225468808 
216467621 
207062632 
644977217 
77634650 
34897307 
245728346 
49715595 
232398936 
556430032 
131782369 
602030339 
18868322 
226222619 
611095570 
330488643 
142107672 
153762587 
6498759 
513656497 
304318273 
320573774 
74734970 
664743872 
441432068 
180509815 
195346772 
226940828 
122230091 
230828785 
545268721 
347698898 
340854957 
71983953 
205887266 
418489606 
106881259 
451615611 
468205201 
232838746 
221256794 
493546121 
48080236 
133683668 
613327291 
659175805 
464172310 
75087562 
132590991 
470671068 
482302610 
330467815 
110897442 
557037580 
208422838 
445888061 
57199994 
403769610 
672828889 
72988636 
528156946 
431308761 
314246086 
188664503 
503292713 
520133351 
607154108 
503732524 
184960114 
288570460 
56223869 
406216907 
101769180 
104304105 
539900574 
608655023 
83132509 
323725483 
3395184 
109282052 
114049151 
485697794 
439749866 
118505144 
255946525 
648172704 
564393204 
313146518 
265153465 
450433244 
279693706 
112963010 
201394605 
593939791 
301627512 
598245869 
433725741 
121992772 
315189544 
618685854 
410563231 
371413413 
238113913 
405890963 
369276069 
97667086 
227757137 
345967129 
421392569 
231152320 
455249180 
429000271 
610408665 
108210198 
547505414 
186007789 
76035501 
325109769 
392712859 
234747517 
95195613 
672406564 347710526 
190148769 585998954 
542896590 1605789 
232935846 664889361 
316795333 64832852 
288663743 581767297 
302946764 588113257 
270695965 294172401 
135522993 510221645 
35217569 260233865 
178681977 357776391 
190295129 286892174 
118492956 269861470 
256486226 443602725 
662574328 491233742 
432356889 548192043 
52155419 516064209 
347402148 595052008 
517669997 473896545 
579593968 47676481 
538729396 81468863 
629443777 54887311 
669582119 113350893 
349059712 18316264 
623572538 277835832 
278550128 121907114 
529170775 468845256 
302357839 647663730 
632265277 558844064 
304477606 508050756 
263288957 630393046 
375895398 315444375 
466109854 616856097 
230148983 196991003 
410405242 22954102 
138226035 162345789 
104422964 87322412 
110791652 667563635 
94231856 459851363 
5532498 37456993 
631245746 284082625 
52922658 480069120 
646486432 355280496 
340944002 598404309 
127335711 645421607 
426107664 390624667 
489025805 15214214 
25721642 168346810 
632070310 255870624 
365337812 255686703 
172383277 503563847 
418032492 276806241 
484444810 528824143 
157581027 578676665 
201886657 163113524 
509692210 46343554 
447196148 562614867 
419971226 306893731 
131106515 80567827 
224950639 258442225 
619547985 544616855 
649066892 428226389 
453389620 674788533 
596573199 298671081 
143870308 175122162 
554357784 316253584 
572244560 185601427 
486618376 269900521 
607984121 644199402 
168229786 23081929 
126965525 677921995 
69425482 467720224 
453748013 489396707 
94266555 584854527 
463523085 212775745 
162949352 402723670 
77045199 25227395 
44161210 423993370 
19668527 534292960 
42317051 57097386 
602973674 596674834 
373350969 494870833 
675834812 179621945 
84423954 603471532 
37032498 146212291 
626553460 163998023 
37345437 15631541 
525276798 384652001 
398586800 619543352 
289159128 181762484 
45530249 345667031 
478044705 16133999 
370894425 415764467 
440127369 284121503 
269710026 482444419 
341218888 85894851 
292330404 34222456 
580765684 181376367 
107402952 558748189 
104500498 144435450 
598519031 624612509 
201992024 529423019 
533802601 46921421 
233727619 252042000 
560023325 416445298 
327363036 605553573 
81764928 18618892 
621687571 346217904 
434383358 275026091 
630339406 23745984 
651029061 291210893 
3199386 156570616 
218991901 583965069 
337946982 326394852 
355924409 442447479 
470830301 167654591 
280271139 672822324 
16730209 133726340 
613302297 144016380 
279326891 492978221 
560461677 606689926 
311742945 642226605 
625308818 146641667 
201655660 379344775 
421667758 151647666 
296649310 392349418 
442858558 299848696 
548920034 661850458 
97024916 100078167 
201456462 346507877 
542525646 565845314 
514162467 36007936 
451878790 424451228 
169734275 384833686 
568467607 449061166 
91023058 448581883 
268962243 402766002 
304019639 213923660 
549407668 505675299 
486826987 290728025 
550881516 677034848 
576635995 206951225 
190094695 338767180 
82012835 287119611 
438845346 283469296 
527186039 194582143 
168967209 254559657 
230590079 620845998 
679010884 400324353 
218890835 460689642 
62596670 309913892 
122482677 331558913 
32332493 426502315 
439041124 581740161 
145388765 245520710 
85679337 15922880 
135766710 555873883 
116432657 325861404 
214293662 198445491 
612981014 546697560 
481914786 353378204 
60932302 544440546 
607937861 185080932 
378497696 606601344 
585405285 597388530 
280502138 541560506 
120513574 402984814 
192772018 152846066 
42698280 631813142 
628144778 188087045 
90545003 607382667 
97568476 226311712 
482909149 214001132 
552173116 590761363 
412446622 378365281 
457111522 107572559 
51396085 411602375 
652013105 552892497 
596683307 350163400 
372704992 395299743 
160763081 653207129 
256512848 281276654 
375844542 342843418 
327681272 418542822 
187867711 275478649 
500188418 278412713 
96072467 597756893 
398282977 578981616 
24969177 163667244 
489395578 330974350 
435591076 159718251 
438546909 380545712 
571320625 303771165 
253090808 487656531 
547493116 625795800 
96167425 27908796 
598655528 352680273 
202744002 187711222 
15176290 530425273 
606254043 203044000 
19115073 319653612 
375015264 115187540 
130621656 92950840 
13821755 155590832 
150176635 396775884 
380123734 585767711 
556494134 31881794 
285966022 341025910 
335652958 432615382 
41893593 202798673 
378063781 138061017 
124266020 189930460 
490741289 327010021 
271200233 399476130 
177087893 90665427 
496078681 196202966 
410319038 190746545 
311390505 540940694 
177255936 218770811 
16184125 220991123 
615546694 289866410 
126411433 385251979 
321748203 305936006 
619836440 657401160 
58203987 661730032 
73410984 329826319 
13002201 197677004 
413315331 503743489 
418245576 4168163 
116430771 595333469 
94833590 612509451 
4747586 505152627 
16467147 209696642 
365745920 87281635 
428467452 275488597 
308272757 257225297 
565355006 434684189 
536035827 100314361 
634178746 475524866 
77368120 12035333 
350466050 44337656 
235420203 363468250 
242014659 648735533 
80422890 660260234 
652903696 196853660 
468804854 641295837 
22574263 367110991 
466101063 39041409 
576807632 45058135 
126323043 218486235 
214105283 434595799 
369270083 673018840 
82491139 118517061 
92985800 36322485 
594041927 63912472 
622263769 157719128 
108250127 70895123 
521187377 350264785 
39283256 495168818 
223736170 585745503 
11675078 586099576 
440252491 608155292 
166421718 119564705 
647196700 62881950 
164622839 667078295 
174926736 272286673 
314885245 437755371 
264958113 290934936 
556272431 357943912 
220815972 363525509 
421856383 56290892 
521244636 530106509 
127186014 255643164 
93582445 60027821 
70464582 210877167 
539331875 656045611 
10187894 299236965 
583853502 176609611 
418801670 444261353 
133050112 476983060 
324550799 307976848 
68922333 639436044 
65384818 333880445 
143582131 515215800 
585382908 364398102 
198393909 220450443 
420688993 39291144 
644115503 547875006 
188492860 57350548 
607902827 152515993 
161786266 360445853 
128214203 171974159 
659682818 605626256 
348583769 291695639 
263098760 481633881 
88331298 587649559 
2821880 157253630 
440296754 642112649 
384692626 583878884 
476981048 183286686 
161488137 675374956 
403737128 582177129 
608224652 367505230 
449704734 9928663 
318414329 270818712 
162444655 373759146 
631264565 184217409 
545733304 504158534 
109496264 107528225 
115506772 266153575 
589162105 97396621 
67014285 591983984 
254650251 507311038 
447307784 532901428 
304401073 243941431 
35840713 465889209 
132527539 439577840 
261277489 634310742 
20294222 30634823 
644239404 232267102 
195012086 19895210 
606026248 39487802 
204112618 364970703 
437204887 207167433 
472498927 552711658 
473321007 381313631 
650108279 540335292 
186508766 117969681 
260857481 633816549 
650871108 565258554 
90969132 580270373 
244358914 117055222 
233059364 505636403 
71018563 253353585 
429829777 608816518 
379179239 518400414 
522270279 304858086 
451446768 46035496 
669828788 208304254 
253202928 355538867 
654574464 46176534 
56505097 517893894 
480070377 136572415 
635863574 60580458 
663947515 499945833 
519397563 648475198 
293427357 83409076 
85183019 526486721 
482604030 49760133 
99492905 125644958 
552135202 372230695 
537603924 394058080 
677088780 308703291 
333652127 560128720 
517007544 480413606 
128878738 384793159 
420148692 78942386 
222339652 219871668 
215514800 71414377 
280452125 92673467 
464918762 13060839 
60801264 77998718 
96469915 39542835 
604485438 472632496 
89302967 597536895 
491836006 534996721 
289420189 349092529 
142265952 179720121 
551354371 475918079 
633407392 281573066 
169542836 81938729 
666366225 589691527 
160881114 208358476 
129215795 269954466 
173331405 303226471 
362627932 638250166 
316287310 316987747 
35901483 306315776 
356530581 533945473 
672506823 339392100 
451134967 483995428 
87599972 634113707 
46299108 229865923 
27044979 597653478 
599342553 660452370 
92437696 88537989 
635949650 78456520 
678229515 10041916 
180373547 20656461 
279996381 353704951 
217441484 536182864 
311607716 533728793 
66381762 241067751 
53255720 422912343 
94665823 45415142 
655862994 439359341 
422969122 63115565 
393125647 469268229 
186540039 313729178 
280132859 679441144 
187392699 372570554 
87631732 142994949 
344585625 659419798 
46595416 524959171 
573634811 326591796 
198316722 110728894 
75985811 509924437 
538016238 142367572 
70644787 591271957 
458838466 58869161 
636687098 434354059 
498228501 379308819 
391028175 104565300 
61788200 471126766 
418294477 235479610 
470220509 605687175 
501608715 451410792 
642240675 165846939 
324041741 8488690 
10458709 110887703 
228639037 102333982 
115175148 304624847 
612258419 653191385 
446992419 576461757 
564115941 119042036 
528889470 414014191 
553396095 346770570 
6534161 157635421 
344894421 68322360 
522320738 82841497 
197360521 205752398 
582087224 18621835 
657163189 543980498 
184468773 194416082 
552469188 88486034 
198862336 100760824 
190820015 314037484 
298944223 16289585 
286881468 639495193 
486309894 64208561 
78189828 334851963 
478222751 525144474 
575181084 484756911 
2432495 239728105 
553079271 418311784 
216128153 70092391 
624064182 117867976 
662620178 494438522 
661848474 60300102 
8507203 427528813 
148786135 100928091 
421848188 339606150 
414965574 614350962 
249454286 21499641 
573498754 55416779 
85708201 651688582 
390268741 563930951 
390044207 178660977 
261899014 286035253 
418389081 28189436 
23999637 634517233 
98281826 648063818 
72037809 654460555 
462154939 627444834 
34413257 364220694 
268184798 183199391 
465148784 583591537 
416364092 93325509 
517595099 665818378 
114825149 304305004 
40887756 94091902 
169204737 324715049 
551581404 559248944 
503376025 133133017 
164936796 134976257 
161322452 82494984 
89146089 153162830 
50211401 54742449 
127275984 405924892 
575745834 55247792 
663704137 57141783 
238447183 342064072 
534291872 548369826 
435389580 265098122 
533840803 550214728 
569403125 468287111 
537865181 58260462 
6213311 409099185 
511067957 403147887 
542232201 569563304 
538124143 597113205 
652058288 520828783 
69928634 21922288 
469129784 90763169 
321405731 258086769 
146010961 304762467 
208787104 278016695 
646826538 62731575 
146039120 295427269 
327829696 573438475 
58853149 110443972 
254936737 596718329 
62262985 261150047 
325470113 573330941 
557856485 80913466 
356105397 309191779 
678026670 327816284 
43231713 641513855 
243297123 512361496 
51929623 564702854 
664006817 91499135 
82676472 86005072 
369515829 623061562 
148736646 515554949 
238141430 370124893 
302204575 296994578 
480568864 557141311 
106924059 436390401 
31502509 432394171 
222932493 589358993 
406866188 579037889 
218203371 298104009 
226506772 261435083 
152829015 363362447 
667355131 98317190 
141276452 651014547 
189816324 223952923 
56672218 559332153 
60225636 98967415 
288098253 191925618 
362650859 590302827 
488920195 56430874 
360655289 595844253 
492821274 392157797 
241449576 35406367 
301169389 541874315 
614444255 519372759 
159630924 54162179 
674366393 312459938 
417524625 661374123 
410777127 558801076 
525599821 494152003 
676312550 475830590 
266695307 56190786 
468356556 554793559 
248116403 150660014 
358307537 630595149 
207090888 38615425 
439650554 19564761 
324331773 574658681 
54971127 625501161 
436185595 562973934 
358085071 489375070 
617136112 352104063 
15046160 247871888 
226689338 425823286 
19884115 71941758 
133186440 15849264 
441330900 399881746 
72040049 229340055 
167886456 213715003 
273558621 526193992 
57521304 480649508 
458367968 497171857 
393772820 102352340 
285041689 342302499 
621412052 40879883 
224929032 192708274 
530254953 55276295 
544812337 545301112 
196706734 665060226 
184335549 216590848 
630560535 317521989 
232440111 391544034 
37056334 198038712 
514442641 98501342 
305312266 107653861 
624695333 362833569 
481861920 296274453 
73216577 195287339 
292185344 358258265 
537589837 126808548 
292696700 656077420 
319516821 36162804 
31006314 77540309 
581463915 121271599 
62253134 659358015 
337862446 12466269 
190091155 570302557 
297568854 120706041 
87993868 25222646 
219207382 286864685 
26435058 57113866 
649698254 508296977 
246946870 42567430 
23236916 539132214 
294384247 454385304 
559499313 587080946 
430115324 198668733 
623243749 354680189 
169767594 417918815 
475951788 232020727 
290487981 133466833 
138045547 480579136 
597327941 329172953 
601285176 578880360 
354395598 33703709 
185397645 380830656 
90817574 48307050 
102338784 337764444 
90874479 125575699 
90107809 278817277 
579961003 649607121 
79109374 223287478 
