1684 1 100832437
79587962 
44897082 
12482616 
98365560 
41380815 
2033258 
22299034 
33992893 
12217221 
21537298 
36842714 
16459241 
95690531 
94813689 
54953984 
10883956 
83055371 
58767108 
86436913 
89176107 
62274848 
100767871 
44581600 
98030887 
45707414 
59540027 
37126190 
58859708 
97436406 
27085688 
27461086 
76191931 
41980298 
9941230 
43722582 
83361112 
82804453 
66021615 
16521567 
65019203 
87558913 
23361809 
81478443 
82417006 
88173026 
5597518 
63298490 
70395960 
64364626 
18900494 
58739629 
25807036 
89665893 
73318757 
93835452 
34540869 
32026346 
30129204 
63398105 
99460281 
27212420 
60856719 
44817303 
69192717 
70797949 
58537413 
21718920 
22767493 
23726590 
38240486 
87786695 
81283031 
31599823 
38430229 
32865128 
18940411 
44027747 
66161147 
59333899 
78389901 
85061640 
88071056 
3364499 
43892625 
60557376 
67197479 
78433493 
62581250 
67324211 
10996690 
61209093 
94536630 
71853408 
76023924 
32894438 
11816448 
33728899 
54613357 
34583941 
27453018 
62851371 
92368164 
7903611 
64448722 
29965956 
10766268 
83389133 
73993702 
46924943 
41890594 
51551165 
1151674 
29129213 
24913192 
45044298 
59684117 
92110671 
93475320 
21432929 
28599973 
3639572 
82642022 
22304166 
75492979 
27831037 
25196132 
57306956 
61559936 
49807018 
61888425 
89012953 
82655917 
53424151 
66914092 
46272202 
83390106 
47677888 
99658863 
26548899 
94602830 
10714548 
48097592 
95754504 
9841289 
43008313 
39966364 
69525405 
4284075 
32609246 
90958334 
32884047 
6246346 
42765447 
25185741 
51736854 
70596483 
50381873 
8211372 
31323981 
70186419 
70099796 
90334462 
52009898 
93521475 
56416117 
98282099 
76079144 
3261567 
67106053 
72625571 
97864397 
77820601 
19890726 
62783992 
87661889 
62899038 
1917918 
26352386 
67183112 
4524693 
16478282 
100067158 
81601004 
59243728 
24420462 
32505420 
99837739 
44799863 
40716791 
30329283 
14153844 
80814115 
19831307 
36161270 
43500682 
46244952 
3608461 
18747388 
19504048 
70714513 
61370487 
16536007 
17700205 
81261212 
49317527 
75359623 
13325341 
21232973 
879571 
50505981 
25757665 
17357852 
49740702 
77356198 
46599108 
44158692 
9029180 
45604409 
58956083 
19743500 
45931220 
43107455 
70555143 
65762527 
79268724 
13223387 
82005007 
52874713 
1968303 
676617 
93586755 
63338790 
88042589 
10454522 
43767564 
36527678 
85814144 
27090434 
57760651 
86693714 
77596414 
53515844 
3219128 
97334644 
30039604 
19815764 
40660898 
39068784 
65420173 
69614509 
28809812 
10518955 
11889526 
99364954 
46279010 
61155779 
11755904 
27451580 
13198054 
13724206 
98958162 
76782337 
77062995 
86168314 
87236859 
90828088 
92693520 
72218565 
17086084 
49621733 
28077371 
94682497 
73135106 
1294027 
91184704 
2342272 
21109791 
1010693 
11408584 
86529963 
70625202 
40218395 
67046446 
52512256 
8748441 
12493019 
83665563 
20504344 
9942127 
66861146 
4226078 
8067851 
42811045 
81289073 
64233693 
29215466 
71284723 
56094776 
71431560 
58368335 
75714037 
99508930 
52218394 
48016705 
100802956 
12568189 
20356506 
21080309 
13578882 
31765089 
77607800 
54201612 
41981013 
43821809 
5881430 
50729453 
56314827 
59544522 
71233796 
36254482 
25573230 
75459873 
44322332 
68384274 
25914037 
78553554 
67597269 
67196288 
33815892 
38196391 
24732185 
8697491 
6870412 
46948108 
26711725 
6840930 
59516296 
47068230 
98751205 
73095177 
48830847 
75526567 
97294317 
90811859 
18515938 
2343310 
40708874 
44828293 
61887831 
81940198 
81082774 
57458589 
26565163 
95402635 
25010425 
22476728 
73123751 
92607693 
89673016 
76937171 
100801612 
13572763 
55632190 
6839586 
30518399 
82343914 
13680516 
90034695 
99409672 
82429249 
32294963 
47408082 
57123378 
28756843 
37387503 
45636845 
1097681 
48093906 
60462666 
62985511 
100031632 
40713003 
90441628 
96594323 
5280729 
14619615 
18238614 
48402008 
77224837 
7079192 
24506741 
77194011 
91481920 
80138930 
84033597 
21167882 
31647936 
67711641 
81200105 
30225170 
49308452 
12662630 
77633251 
76429358 
41419472 
85018283 
21233765 
42517152 
32279751 
51693960 
75500191 
1476474 
92406962 
65109381 
98070797 
67685219 
49726525 
15476973 
15254789 
26118924 
93386130 
39761529 
73310463 
54033141 
89897987 
26509151 
45198551 
20713485 
94220791 
25566218 
50938655 
12694334 
38228848 
98569434 
59121221 
49645848 
82755279 
50352514 
62160529 
85032558 
1214036 
36828282 
56506561 
93620997 
71935192 
53744920 
30471307 
20829279 
39219421 
45726095 
16945731 
31773113 
55485152 
90256193 
55803782 
44550702 
86762873 
169896 
65264186 
50148755 
25736113 
86200369 
62843089 
33962489 
53934895 
21131872 
53605866 
5855265 
71484385 
14933957 
90887823 
72698421 
21759767 
16559475 
35484509 
93694958 
70304394 
35953345 
84521765 
8691377 
81679439 
635058 
10462018 
36332154 
60888780 
66265799 
50880384 
46819215 
36433223 
15312132 
96967969 
32166865 
71510030 
28976149 
66129353 
24612487 
20105549 
89732747 
30467751 
61587463 
3834266 
91353102 
3450975 
25594033 
7080139 
8933012 
89286519 
47382061 
44886356 
42973376 
26070966 
25733358 
13605962 
6530512 
32063040 
74494741 
42793840 
82943423 
91311484 
79227062 
68253083 
57444545 
10561489 
38930675 
56418222 
46688371 
33540690 
76523771 
35588680 
34005970 
7276325 
39422946 
95356600 
10727299 
35014507 
72434268 
19660310 
94298554 
18983891 
34544195 
36439492 
15052386 
60277552 
50045454 
21582897 
62338120 
94537723 
34374265 
44449105 
55014299 
12768890 
82699716 
11626406 
94160344 
91627920 
38042156 
40016277 
24336172 
84563455 
45602486 
28339670 
91839779 
55022960 
22863833 
72564606 
90037466 
95298100 
62222445 
53501111 
84279519 
96766639 
89940603 
69329433 
26209282 
39153619 
90912330 
88547401 
2856433 
24454157 
2161597 
57870731 
7220575 
84861312 
39494665 
548482 
75656794 
77536821 
10562287 
69990495 
61267838 
56164772 
68327693 
22272709 
10355294 
91191525 
94837314 
70390288 
55654716 
56227321 
23058962 
9099327 
52161522 
12167127 
78428759 
78370803 
21318274 
38506180 
36083295 
95004672 
32957866 
38244891 
52042966 
10175969 
93103732 
91537630 
10724450 
67928088 
38239542 
92116703 
7083674 
69504909 
47449037 
75411367 
91777617 
27801860 
35767983 
85782493 
98192147 
61420228 
11174906 
20418671 
70519554 
63336427 
2583326 
18113404 
10872322 
94731565 
56619584 
46955616 
58901329 
59574978 
85200507 
10111857 
69750946 
77471801 
71647015 
50472925 
14564980 
9054120 
41757190 
92478620 
78559028 
89206226 
67057549 
39501736 
87005614 
72823060 
24451791 
84365324 
33410850 
35626696 
74781523 
73927932 
68960652 
47362378 
92041336 
79832973 
11259034 
17826011 
25956151 
70160362 
77400988 
81154186 
50269747 
46319496 
57793549 
21084325 
96792420 
42356058 
135973 
7714701 
34002240 
48692529 
66918456 
71057317 
88194264 
53091632 
13045468 
82643583 
6622047 
16453847 
17437842 
81403570 
90381778 
86398493 
98763476 
51588205 
35396557 
80020038 
69414215 
61352707 
49347963 
15980294 
11671985 
69615238 
62299790 
39463062 
90699562 
28257301 
81819119 
60833063 
5969531 
85818887 
8693154 
72887986 
26041295 
96887417 
25147180 
39086763 
78698563 
31769227 
55540609 
66133933 
83170325 
15087478 
21697517 
51098892 
66675683 
57094073 
30286492 
35257460 
88444308 
49631983 
51237754 
100116292 
18414784 
83535072 
38746917 
8281908 
81789901 
90563564 
39112500 
87759431 
45547543 
47805653 
59814979 
71588837 
13858162 
54959688 
80673128 
62554253 
86728914 
5378828 
27855748 
39064330 
20466306 
19550793 
90163221 
87141988 
46642394 
90447241 
92396976 
4251793 
39246787 
12799821 
3535648 
57661570 
96334892 
12280093 
35941006 
47289885 
72841185 
75053505 
4214407 
17556290 
92856687 
64029386 
59142656 
5882411 
88986602 
38983346 
38434192 
74883078 
44362174 
36287468 
83944936 
34826008 
55838260 
73275719 
21135558 
1648216 
62890522 
83530062 
5900008 
72134837 
96329883 
80265621 
28963969 
61829866 
62543242 
34902504 
8287313 
34551990 
79953537 
12501720 
22105808 
71977786 
46528634 
81248463 
47857725 
34682798 
19399372 
86291916 
79563404 
33759074 
21746946 
62675902 
68585081 
47582734 
5116712 
59718167 
19228478 
38004762 
42415791 
95958452 
9307162 
7910765 
75391635 
8268659 
69740631 
7099969 
13168691 
48025472 
11649487 
93122228 
30524720 
33755294 
64267576 
47050882 
14171320 
82122830 
51731208 
33570691 
67582308 
30462174 
67329764 
59326783 
63135604 
5079936 
6077079 
38249844 
64798102 
96135523 
46252135 
77211421 
91261537 
25556825 
55119715 
35818263 
3823012 
24027908 
42918231 
16991703 
42050908 
54567717 
9281493 
72575628 
88323011 
43546597 
18794072 
1661893 
24836989 
70525280 
5230112 
62416826 
70984982 
42557404 
20911171 
3285678 
47637339 
97818215 
41535521 
82432969 
93121300 
57785184 
28809481 
53547928 
83342008 
83929195 
89366191 
87165020 
7124665 
1449513 
3324285 
19173102 
56017230 
83435743 
91748729 
13505332 
26149902 
80540329 
85997190 
20984420 
20230700 
91227301 
83401245 
91215682 
32952267 
74309944 
64498888 
50587134 
41293250 
5201971 
32187665 
33582113 
32984684 
30994674 
87130040 
15494254 
14091432 
45661322 
1826836 
92046062 
47110835 
75981086 
10386726 
2295627 
58584391 
72132983 
86630924 
54731822 
51840875 
71795676 
45713770 
42069103 
62190539 
28282577 
2449876 
65140334 
72590049 
66948763 
14895030 
13050861 
42148263 
17080223 
16630502 
75132946 
48074896 
73758071 
90627199 
32163856 
18586955 
62451564 
23377481 
35695318 
7597741 
3761735 
7988473 
36179661 
75894718 
94619396 
90911482 
97733121 
65582634 
5790343 
8967315 
97770701 
4070448 
11417191 
32076126 
76660496 
78365953 
16968684 
59708885 
90511744 
4046435 
46336916 
64812252 
52121331 
19262549 
24604543 
54282715 
7847032 
87056106 
47657724 
43542350 
94653846 
51419459 
21528351 
100831035 
97311705 
15315310 
60907608 
64209917 
50895472 
66697950 
73177231 
17831265 
70768397 
84594421 
49907390 
16593984 
32125466 
66876074 
76302869 
21804772 
70922508 
21807347 
86617024 
93041367 
11067424 
10389129 
16489174 
89744421 
67442763 
64146897 
2451862 
31261700 
85563884 
23980213 
31260298 
82043151 
9293051 
92167905 
45420630 
60188522 
58033418 
88595390 
78019786 
98799343 
72357373 
97924705 
14560890 
74480367 
63968341 
90863758 
96285139 
4055940 
82668633 
52067254 
67094836 
63733585 
32453911 
83584009 
22643097 
99896673 
16895997 
25094959 
323464 
1627444 
19072700 
31583761 
83670594 
28365750 
93749195 
99088753 
88554271 
20947704 
86851705 
35739149 
18914609 
28374169 
32831416 
33475498 
2022099 
66797285 
94336784 
68304766 
70853224 
46170508 
19539582 
7113151 
9071655 
51993492 
60694688 
31714752 
21055256 
77590685 
26807239 
21378719 
79218128 
45879938 
22960009 
32053813 
74245687 
86706732 
307657 
31965049 
6821998 
57156890 
67704197 
96566572 
55528588 
100535612 
100039599 
27548215 
66500459 
63541474 
95852980 
6518775 
8879545 
14560124 
84461891 
88781165 
36551144 
44324142 
90493445 
57606399 
91912355 
16468246 
48982646 
40295574 
32345712 
71942654 
42346915 
76588927 
57816948 
42654572 
7721539 
34636474 
69808990 
75425735 
30370609 
24505140 
45126439 
29577770 
22050883 
81624426 
93119243 
17071425 
88143200 
71996316 
1629077 
41770183 
29942573 
8177749 
86094324 
19603580 
35781676 
47171770 
6069355 
84764322 
87467343 
8412595 
55874538 
28981820 
85001522 
83689015 
41633920 
92723060 
17493051 
10610473 
37313886 
17861188 
5113141 
52437853 
17436486 
97993990 
33229842 
80553258 
85062943 
91370570 
51717136 
86692020 
32308315 
81659708 
64867297 
88400167 
71260817 
100648973 
34739499 
77330171 
84580857 
92204370 
85742765 
9620486 
20353753 
39909378 
93309500 
31985201 
1797529 
80800080 
12593202 
39111415 
98661267 
88536309 
61546796 
86095282 
85697861 
94776637 
65816102 
69928366 
55312299 
87530766 
25785477 
57618142 
38355566 
90652774 
15183401 
8783945 
90469309 
19920428 
56111644 
44215257 
11292361 
11019500 
53835742 
1643642 
50928878 
16310334 
33628842 
52726406 
97110413 
46222044 
61835349 
64936771 
33925915 
22549708 
50199615 
18791338 
87323873 
86013245 
58717232 
11801263 
72711574 
84502709 
69419405 
10234702 
74323045 
84602805 
19018646 
33957445 
74520761 
45127818 
48170230 
85813121 
56147317 
1173534 
87456762 
77073723 
17483867 
20253167 
28967692 
84591808 
36472739 
90803040 
18693671 
70398653 
83350276 
68893285 
59187519 
69841712 
54074093 
17072313 
81642974 
96783195 
742584 
20227470 
6185459 
45063157 
74827803 
96034070 
49018130 
48516127 
40329450 
97188359 
33496810 
66474295 
68359422 
90951101 
42715581 
55840817 
81201796 
41680801 
39600188 
16842097 
31651403 
58293858 
57238278 
84999208 
97184671 
15593359 
54008482 
20423855 
32665671 
4816547 
16374612 
3405784 
25044017 
93390036 
18466469 
69869348 
88591668 
37482128 
17553037 
98918646 
33838049 
21047376 
34558033 
1365033 
11166039 
77273613 
57205850 
92367834 
18121976 
66803566 
8377493 
19770907 
95094952 
65615770 
74767643 
91447185 
51206657 
98773653 
81868569 
53869856 
2757763 
98243180 
57275639 
98631745 
90800779 
45739637 
67668655 
48557538 
83221764 
55219221 
16641276 
87057341 
76266596 
51199308 
58419903 
87432634 
98470449 
85623281 
48965559 
86589953 
51594409 
27340580 
76358388 
45856923 
62953878 
50293594 
6469199 
13328097 
48234809 
58335296 
67197952 
20990100 
55746039 
94471120 
89619373 
15711909 
39378319 
26453120 
34266975 
92597611 
81672340 
50908250 
78822514 
27104027 
72105086 
36409979 
84534189 
69743097 
21200822 
32667310 
25498141 
42792759 
60007889 
1024092 
58647210 
22129329 
21315214 
35113938 
5454954 
69550022 
93449233 
72652905 
60537651 
48362834 
36289116 
49324586 
34072271 
45664963 
75777705 
38336775 
37430136 
26615136 
59242553 
15420213 
53719162 
30515202 
21827720 
37420913 
70255827 
13026071 
70088222 
95753968 
55818829 
100093639 
66775588 
13633602 
92220496 
88090801 
48747539 
97675449 
26805914 
41364334 
39493446 
57341093 
59724697 
75782561 
5833242 
63794496 
20615087 
81610946 
1298833 
28042751 
7393645 
30538915 
13460492 
31110335 
61054116 
35288212 
68531248 
475034 
48314282 
7784561 
66226530 
74130639 
77875729 
32169680 
57761769 
69263787 
90258009 
76506836 
36104328 
87061452 
87868699 
45595302 
43570107 
16758487 
91375391 
49403348 
80552982 
11158040 
179386 
51849344 
9198320 
78402996 
82388258 
22658811 
79510859 
12607465 
27944551 
47209669 
13082498 
46256361 
24991759 
79309028 
19554563 
2035050 
81476236 
77316331 
41296365 
40899337 
22988259 
77400692 
27128351 
10024520 
92993522 
40695986 
26783006 
83536476 
60096863 
6503550 
64692044 
30273777 
28350422 
73890363 
78674301 
9906242 
66546703 
57352722 
22513706 
94491253 
3729954 
5593733 
39915177 
28721712 
84902760 
59469739 
754290 
35544087 
5951161 
42050654 
76443423 
28939419 
89448875 
73569302 
38963938 
81609959 
13432851 
65746943 
34311526 
73529713 
42248022 
99003570 
73801018 
70598443 
42059024 
51642881 
50502214 
7773289 
8163165 
43013448 
1432105 
82723084 
48607180 
41347281 
10612358 
2675031 
70814548 
82196613 
38219118 
46763237 
23414830 
84660069 
75702656 
12031267 
57396934 
84664122 
63638754 
40827313 
19576157 
97950280 
84354554 
61824178 
66118941 
57323134 
1587712 
78175493 
8133577 
22087454 
85948782 
87126707 
65100902 
57378415 
69017354 
12875644 
68723224 
49627240 
86380641 
8702863 
30991416 
23767321 
55466099 
54406245 
78424918 
333846 
36435040 
4986943 
84997968 
70071322 
45814255 
3741687 
67189164 
100166337 
35563393 
2473196 
56657033 
7148633 
80648689 
34788138 
29236087 
35762562 
21082408 
94336988 
63138505 
90099761 
77210160 
1026820 
38894563 
62758363 
9729682 
69885978 
56523212 
35193309 
94289751 
34115693 
35527155 
29892353 
39102635 
90522651 
69961204 
54914419 
64261866 
36317930 
54248318 
99825258 
8788655 
80902880 
6141453 
59434872 
14858580 
35377539 
65194962 
5938516 
99712055 
98330995 
66035805 
76089778 
99357814 
74927897 
38015703 
79085024 
13978966 
64536444 
13445895 
7436280 
98652136 
18970578 
7326161 
6919862 
8660791 
77287364 
61834280 
72922656 
83602823 
86080127 
41913005 
62389006 
66150569 
18051987 
91821406 
51006677 
23427054 
56183930 
26942722 
22306672 
53682487 
92978526 
98396449 
22205392 
37071514 
5577243 
71287944 
51050480 
70113686 
54731367 
28484288 
37930913 
73701945 
5807977 
44850775 
52360264 
53092870 
76682583 
95280449 
5860784 
61930272 
6358545 
68249789 
27248403 
24410531 
29236286 
48252609 
47837585 
85420215 
75195330 
40141785 
8267793 
37338947 
7703325 
470713 
74410461 
13280567 
71758656 
24628503 
53391782 
25657585 
23110319 
61320223 
