137 11 327535658
9774838 8293934 122401120 88500156 309906206 83500413 259600457 4628091 61282071 195001491 
55455846 156017618 121453480 302101117 317503322 225438384 110779674 135861986 258001934 269644412 
213652247 77367254 114074594 196317831 288541615 232001761 189213110 310800336 310256237 109955257 
284894356 320031074 118249190 225025776 80995571 245885696 308526188 158326327 68244086 187538559 
171058118 123699932 16020518 292511597 243531348 5988182 190414322 26775363 141850167 266146555 
296419774 27966755 161244109 228224668 42014885 122250065 277956728 231227994 250780701 78407607 
13647592 208139398 70903022 277162740 105629515 297164551 13243077 86620045 273221177 81487162 
274158603 116743636 22917393 290179120 226985532 266448741 113897601 235130154 110954403 255747767 
319007008 79838519 101444821 152715458 125793486 143459705 92695823 76214555 192417999 15940865 
154622161 23795890 224080262 43255483 118688929 147440077 158150333 131932005 234060121 249101809 
213419167 325949023 183575745 236336559 288592484 83025618 320515599 74954427 135886071 103934344 
148432493 127357421 1503162 249877314 97803178 127296647 211067318 190499000 21241501 221215616 
206439864 175863662 62741806 248250426 36849444 181430734 68154844 194999776 131093039 119945264 
116565926 162242505 118358628 300141670 71043405 224681411 200897588 209289304 117366137 9248000 
313223647 265798630 281871378 132457108 5870585 52138898 259753754 34668202 242637897 98725554 
255883818 266808061 274589215 318625623 5253128 311438658 317786656 73407971 324168733 266609994 
11083534 258464959 101316840 129442161 231070970 317626203 26587913 249698857 199379848 143954050 
76677157 2798136 227482979 31012876 135255243 233353563 228417731 212739296 268021764 288785928 
311464849 14100223 228058330 76248706 150456145 51041757 205417663 285973101 269715685 202050738 
225047436 280799218 132980038 326364276 82705720 181781307 316454820 254559590 249210464 6029309 
216243939 325887620 8827444 261457217 174630795 289348644 167275121 75512868 174552281 253027185 
36763137 303747429 84857707 82551766 52460476 235313852 133593522 75608439 193751294 75773548 
277659176 236529029 174303065 228369513 235357646 257008784 227881119 42007107 1763015 149555924 
48036415 35737254 147907885 56863858 297194470 140268980 163942801 282199891 215781847 156225381 
25421717 70275283 132437152 110279423 152827048 2627927 163323574 104150869 78236365 29539209 
325190374 173625840 83798538 171957780 74459694 319156183 246696863 302340813 33627632 248459877 
269627036 226930004 284197130 235265221 101524162 253855942 47998542 265466962 208520174 263780388 
94156685 233941890 6520012 226593836 161951612 304613017 46952062 325275186 81228227 125188427 
172544694 224148900 298814266 256343231 68571021 191004260 247963756 315267883 311075372 99321687 
53922401 253166749 326251690 10583873 160896311 100240193 82170114 208894852 183437455 108420587 
290405539 277594139 160092776 114655850 321918274 322044387 91733208 41334677 319783914 318227392 
166523103 164792950 32570933 283067669 238866480 101141953 146536270 159294577 88874177 130075983 
76346563 142796578 200973031 220328553 298646408 34333684 138299045 53280863 60958835 321736499 
161701449 169094674 271794979 139524524 283750523 83907894 134033252 193214031 125242571 126281508 
1636064 109495973 108804757 34206997 210293941 20135578 135348949 29294552 324696113 41953426 
304636492 218772975 2480303 323339823 111565869 301126710 175403806 67595214 172137872 236362640 
61796054 151569620 77921655 151321333 291094143 179402478 235229226 97591736 45080850 32936138 
41603543 191982871 287698069 295674257 226189867 170456351 133540135 179269116 17481203 275966547 
221222541 139847994 312469821 223702843 135652158 241765990 15024194 311055963 309361203 4892365 
37613245 43621598 156461984 260800857 12673230 265286426 112667676 247902456 180608461 303014483 
98568893 39942304 167461696 58731303 8080902 211381862 229187654 286886994 63115319 64399156 
53048182 284337859 204247149 37982345 325771001 12363649 279748334 158525494 141149911 261573878 
163417858 324029113 122925775 137610141 257294312 135599005 75360908 187692287 55965802 255969369 
308437070 154534694 295911672 293629065 30996297 121722873 177475268 260183950 226340167 240590587 
324583105 279388348 15123087 19024895 317370692 158624388 31388543 87313667 317149881 317804412 
166617844 298298039 314297866 289543619 108372521 61786819 242872923 1463729 67209406 298838724 
257433097 48110817 271103717 43539410 14204223 302100013 310528240 9409790 52478604 27063048 
67730676 194792008 306451396 82853763 213816903 114016729 59208450 62935745 201330396 194088630 
198470456 40412581 164851010 185232664 147686499 90953831 64749782 63023763 92417559 131959187 
179592786 167580955 180070003 268426803 28850664 12004525 60721457 11843245 21414315 113200061 
38906293 89144990 125722368 163087988 317264710 157269570 94835016 194203459 37935615 296165411 
60756431 236406070 154308292 43337740 239369033 119725090 279557528 304118815 479153 44439428 
108542343 180071938 29750682 106342646 120963082 58601345 118347170 181684539 215710548 285027442 
112614899 72347140 191902732 56067566 53165427 326897741 31067436 148000442 11295842 69003050 
116630195 72052272 123139419 88668786 260655969 34972794 26124175 212677839 156821908 26603327 
74847566 265364250 206675265 104598248 189437195 145368646 308465550 125514665 144783484 196640439 
228272406 75128682 86717878 92639479 276462206 139883304 237267520 307529641 287883746 248563361 
48997032 222244240 138345932 172136450 128643325 71466242 24839543 154767499 101874380 181661450 
181370826 176721946 264756000 205776390 99050493 126657536 23609377 79980384 69902500 313658819 
94351123 298174906 61251842 181069000 63278726 10178389 138682604 118276545 135438329 99030691 
39304247 2165660 321274930 177650178 174302110 267648554 66846720 16871952 94880394 168721099 
198533402 93981519 163173344 135753743 299757908 262223836 80141578 141097585 159934520 150044078 
127220745 254285642 120683325 6202886 253084941 1692350 161647233 64231886 119968895 297085561 
163262576 304539099 299251221 302267805 299919577 291283630 242380700 184496596 308155581 154991394 
170947994 179153324 248972912 6585680 132637366 221195162 86539815 30509244 34757088 246474334 
180553321 161977832 173224317 118966945 313446675 98773600 120659294 147558249 163005485 58358488 
117108152 143998361 180627887 88823714 263996465 298277763 52571685 178841507 155238700 178457565 
151563200 143916993 175341189 73000453 150502672 307978554 111925914 237042487 10952139 146683001 
301247120 9235759 126391132 146935779 128202703 112302149 63439678 66592297 77590697 44175462 
270216742 194698848 5904122 268574928 101252861 269900587 57047332 299090503 266472393 212286031 
150012410 90499934 28667366 325353598 308766344 324435995 123526793 93156600 51673123 279744890 
57569900 25384585 288980648 183961032 317586321 234913651 113993480 198756298 119236247 191584176 
242931759 207183288 204013324 66566181 293488516 305266184 8931109 23000189 276821029 93133801 
53016520 244563738 1364034 226949843 242381677 310130377 223850179 183638769 75751318 93253602 
135848000 133321218 118638186 242558948 135012549 253954806 295202898 249006028 125175445 232169444 
258320503 185837503 111817073 134798168 252403683 223035888 112528694 261334791 246036077 207080022 
26932933 299052596 124108101 28296966 198466780 184220077 156157643 240047258 185589145 231908960 
5765201 321437145 182960477 269669344 54190734 317973025 196088491 21857973 57173694 138994235 
254027416 133224497 324831738 183574788 268022664 249699762 79075018 198281657 1229195 325111094 
223091978 28162127 114358331 164930378 201725051 130555410 166880754 175612993 43067009 24934241 
79986294 194098168 18835727 80677071 136231853 73026460 216380395 150050644 240150390 91284389 
289044878 166642147 224508885 286340957 22681276 310261848 208505061 247022251 181007847 209734255 
62327986 221830124 55626681 176686316 59224844 75082031 307241725 226105597 250695023 22773076 
68770137 148411617 34601543 232871821 46818987 170833395 123628580 263199381 320884038 36243311 
26948111 100123558 20615757 69187295 58928856 43297033 51913485 85164216 108049583 50651631 
294898470 170377569 272481754 168255451 19528226 4170939 61067781 144500251 48006836 311762804 
167273326 116776972 277904720 19605168 167379093 324723706 190438562 291007672 260387428 1517242 
327250983 105065839 101640799 20331081 174253133 160569654 208894071 226166617 63464170 316943654 
276818247 30826981 159785564 221764343 16812731 324579747 43665581 77880512 141544339 236938374 
207373615 126547964 171445646 157742676 146153131 11289080 154930723 154321993 302296751 87782492 
155839234 119742375 10578630 257480032 140073456 184831763 235779985 21431868 83462721 299244154 
156105821 178011268 147801435 133621684 72239952 164614165 130665773 261171490 60224976 89940411 
170574206 267598590 216488375 159750151 97805607 180371805 171039230 70466629 7158139 291066280 
303515079 162997372 83272997 314093708 238207703 41076752 171389812 291717988 62508619 72582833 
263426483 36344740 250594100 228958217 169966423 140564351 211302682 118362495 219466140 271527657 
26033206 207770645 29320889 242521580 39985137 272392453 240623684 28754666 15323424 247781823 
319820946 318838502 228509494 220824242 305396551 284447497 261900993 294516663 248629826 142139911 
39563837 2250950 178484650 107888236 231209167 166181373 66182886 114976190 102274167 285649025 
204234146 128307372 165884012 233555034 188559251 23599448 178411829 101647277 52354114 11465552 
167159399 189905359 2768395 68133234 228459900 125895245 25045072 162825234 92876249 91405197 
122695444 277706043 93656147 301180094 203324578 324865313 285091766 269507463 112305844 59830274 
45351130 134270289 5867946 28965441 40289665 194427196 52564888 36431793 113804772 250184959 
47897344 280964170 257820617 50665738 166827704 158744858 321826940 9603075 139300391 87167531 
101008272 261995835 182603873 194664418 53370570 58392793 191994072 10926677 145630555 122030215 
216022908 190981684 74030803 39621153 219947124 114320467 234048349 272512012 296018217 20317462 
12891612 16379902 301281632 270712229 212311597 140573677 247187386 206602879 150176751 58952119 
111500709 68915322 320947953 111834881 263579739 46782864 170227673 273304110 202975498 315858228 
213064624 236728705 324570211 287095427 276349858 216981677 219146193 182862548 307223988 187628752 
20910309 320115599 21738953 139922240 81022469 234050550 98226216 674197 258383728 66133267 
59626315 187614736 135048588 198304567 299449616 216358627 62817730 287407589 162127078 265793227 
93460458 47656044 320252231 90495010 152481770 269066430 125206986 44092304 269659277 104895315 
231721055 290569586 242741214 253460008 248222125 141493982 305240857 18912683 142168178 53819226 
85045949 19524792 241433961 37824836 35559658 31078218 254183462 98377387 318485806 88774882 
181900913 84410605 281696883 174617486 174905615 106642994 116148257 300112600 150735297 203537834 
222738215 200186652 166571761 137943770 271376959 232524185 97168051 249082157 251436867 239336229 
120631682 154213115 76591320 34529984 192037951 112150978 210874159 263951712 28258664 201824307 
170456893 210159577 286234911 124618117 57241404 278870825 48991410 318655618 69178067 17457007 
12388093 291916281 35373958 324225811 247590350 306750916 229214338 17222742 46027714 153115546 
74289270 166659395 125058961 150880590 18919678 317096911 80761867 229793836 71243264 109020530 
104082484 241700157 319180106 208047695 38782615 194151809 304648819 233039983 3002069 46291227 
68227289 15390161 10671849 103601246 12080314 75992498 82816503 59024951 238481198 274110174 
212140496 312770467 113233910 154929756 281381356 277419545 144491008 34607564 179677722 33464572 
143628094 101490506 275164728 280538499 127268500 131677642 147154650 104381660 37181966 295422676 
150672887 105409254 310812836 306610693 26740799 140623449 200333491 109557301 199648399 111279030 
201397774 229519195 96513838 314631683 56913292 50359536 264515569 19134600 230233057 261923591 
52599171 46325492 181144396 228240 326863991 308412895 131905881 291748940 230524854 314353805 
259635957 53662082 237493358 60643434 178003075 264234157 18997183 50800907 191521757 218645581 
307345894 65383873 120629117 221590031 197745855 322808367 89679866 134725766 14407308 319912923 
214379656 212272436 183968714 67988393 30230975 1027346 194131587 162136855 292776285 97120782 
148955001 42606883 296048822 204178659 103250317 291782196 140877157 122247499 160313402 4863255 
158623379 140123637 70247127 96982796 34178009 85723282 92255504 123857875 38179347 251928769 
116235139 252559002 281931504 300203852 138277694 312162478 301231198 4873622 146763674 84202124 
247260361 113448975 126809007 215773524 317627633 47789623 180020061 276235089 315303079 12797804 
281098343 146390799 298187398 169075770 61103894 4829749 254799051 153359397 273953581 292978397 
223018465 207919019 35732040 177414310 180587212 174009733 162041129 299548709 324149312 126535103 
201481133 243874014 57714377 146020439 277377838 193072309 193810061 275128198 141771739 326843439 
105656302 240600381 290964537 76308041 227406450 24532773 226403747 299935800 323158127 172821669 
83108838 36371234 53205029 118840877 213785543 51522541 110580909 193556972 168801549 252460520 137822374 
188012981 314064834 13267050 6497761 263907013 206339358 18038121 29229852 165841396 17345901 134886153 
224172076 308310438 28924494 124042868 5307552 255328240 241708967 146195978 245880209 324817805 182567211 
116815537 261388981 214083054 168338077 189700190 80104367 154869926 114625051 35657040 15347248 101154226 
48924089 21845009 182791538 72993746 185149087 212021390 56565441 202494988 164637842 280737516 1000067 
193562335 222510683 151573576 121354917 281949950 297769553 184965425 96962396 152801106 301780961 30815718 
39348501 142583380 220515907 264718825 115183605 152871258 118106164 275796810 71755783 312296210 115372118 
254547321 57754297 300521205 139033052 259585695 175480534 121401193 30517852 176480600 314963528 70758835 
518517 254048744 25173126 116018369 111478510 122135521 268819474 85723812 298217196 125898274 46037491 
8927745 63081440 161221095 161799002 326453561 109482247 233554784 311214112 42584664 160566446 186698708 
15570210 117329797 118748744 191050743 238730990 149266596 185261642 43889159 37755730 3510458 297937902 
62928855 119528827 81880753 2794675 206078600 167604564 301011870 4441216 31372355 309939614 212788613 
10323749 144202957 29436816 119805995 195488041 13115269 162390659 28518828 199813977 323226826 291114583 
136293020 4472211 20040214 103289915 189733852 63929372 141045644 10974610 179597573 21704798 275769394 
261478325 24499472 154312335 246813188 325511342 304019508 278185542 307915297 7002763 288509291 269848554 
36439578 226045585 137800936 49554846 206166543 311585721 67099122 201857711 92894945 203392142 206329921 
112935158 306682056 213794072 322130487 265458000 224768681 174192401 287162797 173002416 253401025 311662269 
145045051 172678555 309637952 266794858 268594396 107747890 273797620 229568028 50060785 127967497 273343913 
5592020 177522343 151974797 317177741 62351764 171562807 227802985 265743905 195623027 13202485 62620603 
81881441 153063271 542944 124380421 144985972 287705740 115113137 70851338 89562650 260158187 61260192 
71664943 17147686 2318930 324678791 290945306 49617257 192469875 91377144 322961169 198061895 86629786 
292666266 5434277 148981550 281959372 233237261 232455754 150046741 64170045 295076356 49658481 34963616 
113349599 319304859 179949587 218785639 106882337 250800924 308348288 184770823 129791416 197743531 201918509 
132110345 194886663 165328156 181727601 59820879 74435599 322419070 75613073 306331343 105279977 81047349 
127777234 59703690 132014910 177963287 27480730 13915254 290769943 222405168 48878869 76583883 214174369 
228828455 295369521 321056705 297359679 93912451 323557828 99615436 291655981 197940678 49456080 159006985 
180999133 48913980 36558163 73165031 43797391 112171236 51960715 294343325 10948884 325003906 26511357 
288229751 175431535 199258044 302145005 138665819 94127554 168754173 32980001 126032222 70046970 146079822 
264819226 185136948 239992272 260841395 102482683 204112594 276512372 151938762 180849878 129975846 18583041 
217408040 20871177 62380432 147309575 72831891 29188098 158258459 70300139 200965412 264218509 63461973 
217953756 238827855 19858091 129811609 80046370 52838091 255843830 295359297 198917912 193127397 298226544 
256640483 126433134 218439526 133217418 220675805 42842629 131797595 23115993 61425669 21669977 189253127 
269072058 314245509 262085017 115990456 290234267 150115455 134686167 226917118 31307727 25104264 283475272 
51165817 300181830 181251941 104003908 228490001 294341537 120652119 239347698 265032422 49756944 183511131 
155936289 704661 76651277 16509217 132502256 245033227 223200844 299438190 106750695 310003201 286148040 
41300054 243723956 66576949 9145808 50874465 293494066 40453535 221244686 67163979 236885309 193890858 
248415920 13353558 240111158 215221798 279271635 151923197 297984520 146758878 7898669 271651108 147463538 
84549946 105890625 97696093 2047514 146821768 69598624 254064167 274555268 173476964 113094520 190743566 
240053912 122240327 59348330 23742619 307959819 280593015 90906597 217309470 292214172 157052816 48393327 
22519972 190004914 129303 174443168 160453775 146888180 72137 249835182 112082018 229888040 173456106 
209778110 49665853 320277873 97107034 303730019 85027783 88314297 89288880 275771348 146098508 211529207 
7584019 169841126 9683667 105907333 78478022 226993136 215851805 235530838 93116763 238371776 243266051 
238512023 230545243 221450125 203130503 230617379 143749648 315212520 132969760 134936054 15185271 182635613 
272944226 112292304 158829973 30436350 18336900 248118853 306207697 164435407 277378359 131522015 6740874 
104792325 237429348 230484854 4249803 125745494 283745991 242632523 181847569 199476383 153608887 84857153 
93390849 29203731 315474532 54870796 162146550 266174591 189806849 177331821 121274545 135215417 107354424 
97834818 165651766 270957282 163683970 289589763 107857030 258792628 93576119 259863862 36049294 148735766 
162813057 185565054 92211559 119023389 100661918 274059127 136230071 72001105 176646580 229620919 101204835 
309851411 102222014 81081685 248490343 292028863 76143805 187495188 244974579 1228528 103060305 228356644 
272185809 266744274 190410748 52507181 15731543 101717167 130101342 51780836 250452932 292914398 237345890 
160394791 229668086 155738107 106918259 183628456 227739211 101295138 85713716 1408388 83610890 5666029 
227756030 4565575 297694891 303899834 9791062 32864111 305128361 112851366 261220755 67508812 197325939 
269361802 265281950 213057481 43543310 67847633 264838316 111726542 33226372 319914505 272121332 80624757 
148116954 196769890 264253212 48320506 298065028 167697227 194994851 54140259 173363255 95215222 203971791 
288788446 216845355 213762852 139382856 12168358 144344517 73067952 79677169 14134797 14894096 17423460 
227192277 203703363 85271092 309760893 315429904 263763421 302139739 77745877 162118477 122721034 274515767 
98836030 171041540 245045136 84263556 183766690 116915694 75357110 278981912 320887485 181875855 168291608 
24844978 321258711 180459965 169189495 66791004 77867433 183324291 226951057 95290892 228246868 248384720 
325827941 210472102 54009265 262055703 185076182 131755142 96638521 125527516 224001208 13204850 296569055 
286776643 242734363 152800086 76156678 135821773 249512297 214774462 317697627 235534205 239619440 311420679 
88458511 81273276 195941983 166325944 82327866 240623339 79347135 310574733 161472400 77639418 193511176 
33211965 157425420 51051700 164967106 71794241 176579215 206698613 230265048 290878569 165939597 145463753 
261408954 242096274 281285525 1115893 129335078 89177793 236650097 186684817 73062814 142838907 267958092 
86735096 126895150 22750299 327358434 23972585 5789374 306561134 101612002 17030849 12237440 76767721 
213348506 322470503 148561961 207658020 201633457 51291351 171000930 40037395 14485403 250140184 99863968 
113501227 68986376 46929345 202679019 123366772 233614161 93472132 266205678 319302552 180207227 210831128 
14517193 325295961 234803712 165572524 122051736 154146013 182603372 134289175 230913733 68416220 274489977 
197205994 276074239 293853733 248497344 264805469 151621427 80713046 5140294 251485394 11944572 219392627 
116145039 214623590 15223740 22223541 125826022 281429417 159256393 123763548 309990844 173773585 121523850 
217258897 157076408 243575585 189135209 157410079 195595059 92513284 225826298 287815335 289719277 319630837 
254133409 28411262 74630947 78219177 254390265 225037198 147434871 266334836 116894166 81310209 153422767 
132117905 248799707 96979088 231277621 80520441 220742636 213732807 72024325 14730827 248722003 229100732 
76036712 110321554 58975153 89362070 20565137 102531750 194907705 128014713 239892886 121505455 301691932 
314523832 17454932 228546538 29755671 310155760 167345715 146649836 63930310 138498781 96498040 312730016 
53208169 240003 210980757 273950804 31703109 283005081 106411930 98155411 184570155 178941 26207264 
61275607 89541011 192038358 163807356 284448715 320053070 76164584 223684469 111939643 208418715 58869700 
158216480 238174386 186755759 143292494 202554521 250686068 99521575 299052561 53610726 152729743 117022863 
264591482 99144888 293991929 37791204 23287117 64611681 222361358 23466058 236084903 283636964 113007068 
100587602 119908662 215186082 238370972 13803545 256600850 22774956 222222259 133200850 180991436 278126944 
319956608 324283929 153145807 60837318 96269845 124662709 114448043 66729887 59415871 196769824 165874774 
25872141 234561027 189161891 90483821 274652685 212627948 326568723 230753990 143365315 244886625 168392951 
176281696 155721938 327462453 250612845 323762851 39879354 56278036 177218628 318006297 48698986 319232857 
143616445 109536303 233233001 86009453 41714645 299962888 145425323 56214768 283567961 171297463 290775794 
145194193 79511584 55623120 175552440 78544648 286377110 136648054 141161572 272500360 130660049 296883509 
90157455 53737236 293110702 130036808 110015271 288059629 120507446 303980214 97487127 264123891 85980858 
3184470 22597685 272961460 120877657 168023008 1640569 76909959 11784812 292416363 39834452 91296395 
20503824 215386891 315107001 124611233 169765245 273998872 214841893 300425293 243346723 304999347 171892828 
26652066 107500496 281908099 132441994 228007941 76082954 229929121 309862131 162063812 50843890 150190116 
252755571 171721546 318213123 254396140 66361804 147728234 37007144 106196255 56754929 202776925 139313446 
189592229 327388158 309078690 136055442 32424692 99698624 197132464 155154338 271591452 41514829 262654833 
43694192 173956823 308393073 119777145 221616243 108449846 99571256 90190432 258639961 24791169 79642277 
249317425 279187308 146004080 214775958 316194451 252200335 89261186 9166017 63978122 278853414 9018516 
190787111 232639156 186709165 290485734 102235961 14327844 52271827 289016748 94712976 95966018 280703870 
75570391 215743163 174784454 184020236 315314418 82705185 115124538 157835886 162347461 182172262 254753493 
308351540 214678519 61142585 50746516 303939705 70308602 259990595 72987760 79327117 123242047 305626915 
83766582 231458081 225593176 98094425 283729907 4804565 10537701 52160267 285508434 86108091 85633729 
132757229 87858626 218678446 33192713 20713463 48978674 195540173 20616024 303732166 321622012 235294542 
37339093 44832870 29428888 107647694 122553764 102416648 4705110 63526111 225773862 233737649 294984191 
269097337 149562374 68908739 273901901 160100074 266334963 231874676 246208164 169698991 182362204 151797089 
60841779 215554916 317776509 255086410 228825388 10856874 49013217 222911742 63881715 231618267 85474911 
93310603 156996260 208028674 13457550 161701370 271554784 56961711 213169318 56733616 326059048 35196033 
270908313 272425290 195296106 209707617 322030266 259234569 51870950 176856811 83495999 257978686 210142027 
73736849 185529437 111431756 229859680 234542653 6807839 111471695 138625262 92282749 22512597 295621521 
118041723 35970146 275053190 62060848 238197814 305952808 264060422 236721203 13613182 207433076 326876793 
208909288 234870992 321371400 285874156 104472241 315958510 41834497 34915268 198564878 260837303 220444704 
127726934 308427283 272717657 134534772 92363319 229073218 44547821 114875915 14889380 307855501 296112018 
107672870 187646648 206774173 86090019 124171411 261225676 99703200 149334786 260566810 126342787 56670120 
72132851 84681285 161142360 205821660 271781739 196057628 222116838 22813683 234232631 22308113 148971265 
324680587 302108842 241334583 226218146 164386962 173940797 58837826 144706804 142517156 166510695 4817794 
21755671 252600713 274255162 282981346 170034212 96054290 33742797 114107299 297990367 251141605 198788583 
131597068 129427606 288300621 145384995 24008785 128844603 197347926 46316897 277815868 194492854 166156039 
191614792 238441300 3007342 38019931 297279125 147714146 325803044 136254161 297797897 165289014 206585173 
62247700 120734701 49083726 158301989 299743455 163191024 128756697 223349401 179709906 78084065 170507307 
140474868 41199359 12246391 87049771 238547284 58563288 37329980 105504480 42449626 46675071 161676079 
45456967 229960959 131419545 10901412 228228345 85404005 126429608 65981700 291989177 188677308 4446701 
13537244 164709596 121920455 321994226 111196593 163000156 174168473 7010957 5971804 132373641 48210315 
18218194 219423411 286757599 222047439 74483690 209992378 264497064 121158760 44132798 127684331 23584061 
320818300 138585742 69542705 78686646 82745650 135524404 43140164 271422957 285237062 201943365 253862852 
79621859 196401932 37523786 242622014 43034747 44534742 66324117 320674345 92745057 84542310 30292397 
197232955 124320049 104776086 79689674 61281454 225934845 269088429 6696084 67249205 262371070 145281826 
136791909 158788015 45757775 90046613 201928178 317180731 193013974 76335884 243507924 90366132 90468116 
98762010 150718445 133502862 143296751 217042561 271907506 53772107 119315171 302199902 251005061 243635219 
79440329 148425034 122646972 123105473 235243762 129343056 190354678 170079173 92355181 144876886 146597487 
138112955 52653798 20990006 127758027 245667772 242591848 188996250 8498245 5524305 105488559 159216690 
284293124 248785310 193989550 228664971 120287716 313304720 203329214 189023077 229404280 100499842 9912452 
169781552 223605314 245156214 299124607 86424333 232965686 63944129 49031519 52027515 202057083 101685316 
218283478 147545409 19817429 278605625 9006000 173581632 101860229 114494559 150528621 58617694 181010168 
16982512 105012964 119028183 148017532 126072477 308051259 195152111 226572318 317963711 37398004 122641974 
53314566 8986952 26796606 104010551 72931080 75828124 301304023 92718462 322779398 9782143 240263870 
160327126 288387767 67000170 6373099 207978296 326760686 302167677 84326289 325501153 136880489 189339253 
116993677 284898020 133142029 97509278 152514472 32178689 233203288 189912476 300086620 104248153 16629727 
144613525 208258703 89560807 38171949 182027068 9568 33415688 9539510 240273438 11473113 297927276 
307273607 163112170 178369913 124228934 137744188 262696202 122194428 274624676 269765754 239188104 49717337 
75372124 154427681 202231809 252816770 60095310 209874584 43098031 309609420 226504310 5441856 190332465 
133795416 43613804 190089832 133804984 222295449 199629341 191808721 51498861 315286916 316812627 214611030 
311387129 113505902 24819560 64277972 235700329 117174535 6508067 292618732 166891872 227146148 119510755 
