22 39 877779054
297907225 541779975 407070355 763755032 833332513 353819025 187899741 616141492 667936413 259577762 586097756 189734958 540676213 221218587 155659908 271056712 10771702 289084417 611257898 565849103 632805580 127113658 639092303 795174287 552602465 565889141 688308182 324223390 637702107 869061609 229602374 57830277 141136989 636672729 821585309 96690448 598566213 617559509 
320906399 388723571 877137270 29225100 186532988 148108888 250443686 342192895 419165600 261215388 239351772 638497957 435138950 872157351 373686074 196452198 397627043 48509485 370415798 694009685 372732874 130338850 685292239 210409707 188169127 826429228 455156895 617828895 531194135 175944053 357609349 852100533 172742083 842821079 3546578 845128584 599004426 739843777 
795395939 140390971 609133624 156968656 386963387 166493519 637200466 760649461 848799230 157048454 417233405 341435974 459132598 398040738 79849283 266645783 608450444 753871923 701149470 185828285 101996223 354564550 847625851 67680032 814739542 142588880 32722056 426360579 595791923 239800941 288425301 513408807 380191912 19779871 278451922 375229758 672126903 37873333 
258100164 251221539 680775301 675333568 200731972 262128844 195595251 280581254 136849086 412120155 642527637 446073015 206022899 744523859 408712024 175869695 812203890 345672511 804312088 453000405 772033089 130399417 692801346 668532850 643808223 681067717 296387180 44481091 178518420 90735028 568207937 44693044 827810080 371204183 720026611 150762997 241407487 523696322 
39418711 378256572 543890936 290020807 824329587 749913834 156765611 355262556 533857988 91190447 309009527 68465482 152265311 689117075 198864898 845066656 479870870 450747580 648355318 776258049 103303130 434948198 475067537 671511067 479641241 33173022 164936195 321888797 183936019 14418141 453659578 709208243 392674713 119771459 121449995 825078759 477759752 764069119 
788415774 619692200 463334025 219646246 688157681 615599336 516837781 495097038 582886937 118929596 68065563 839316715 503262105 171368693 396485858 586404101 842879759 876127098 619577122 615890413 806090354 411587600 630308554 867824392 243016788 631057726 595670310 850320296 578357430 195651008 344684821 97068609 423417667 808018845 316714855 233796293 545839126 441627095 
336967790 736800523 168631150 405033352 698338183 671893254 184476504 702898500 380518300 149577208 309321003 608169882 373542081 237632302 141978427 611925094 713531153 870848729 365203765 431422409 451464430 551635654 235147876 796149250 648704262 658565542 726389041 573493576 500436294 2523572 137341616 837404083 739324094 305972766 850511894 167957682 585940479 157209344 
870856181 574533239 792640065 302398129 304924066 288403091 148104891 54976952 508402644 469710503 48046626 873606408 23353857 499511056 155537467 744355246 25955711 804241729 133216193 752344751 499956250 633652486 362942783 245372326 201351974 224487822 551345091 174084814 519964 259506515 817147671 479450604 442114213 732008681 389923193 747038278 628486232 146102543 
802015230 259109821 615813045 458136315 740790689 247241362 79868316 18549101 113817553 105824027 430865289 247033746 466243237 53042485 488760691 829186019 298414810 690112665 661748301 457834360 472271938 270342724 325415334 19715014 749793327 767529547 751723694 261937465 244863230 110505331 408040007 654952919 855468666 146073998 235310180 326554760 1389819 801032009 
345103860 115207371 514930495 384043609 362241116 103394678 45160553 459076267 540655156 343575362 271409877 810477916 409484181 351756274 203041585 342973974 371471287 75055858 232724466 731269440 822846836 85662156 841774771 353107789 740615074 427538842 107256246 583999713 754093601 108646064 507252668 707271920 709706948 144404108 213536474 680022524 733652299 258697026 
261319736 4602861 210346847 140804072 815080776 227905487 100634805 626196821 570879461 472106091 309327138 411678386 325596476 254394919 497340541 775445706 215577167 846030075 325205493 808686926 552250733 687373553 525407449 667577860 516866419 357335343 420056428 338477352 159578812 275929672 597174378 28973007 766386046 415595684 169777078 311762228 643501171 270411882 
60179994 336601577 350592432 369507131 748279962 284263367 231976509 853694963 667783533 447553676 821945983 601063485 378461547 104492121 410657984 511943456 772069981 535598862 869278798 314347354 874076213 636932069 198351485 201545996 273979535 572811991 617141680 51831072 6795164 382863796 322242953 66975157 327539832 280909844 44556747 198040739 173247670 276533255 
659810161 841031202 332161390 212051549 564315633 318697397 316543670 583048076 830640852 696688110 240867883 430215055 619109923 237165041 189368069 425535867 46785497 71422063 120568803 663927176 123253134 127363966 169011917 53570546 680192636 104626208 334480389 332823842 302666946 507728058 609357097 570551567 79054666 63739432 782603115 643370298 382436828 221367730 
348639319 821152139 526130299 197581661 373588139 267461167 42821161 171030667 692997034 89606657 242452729 421640296 753533832 365705862 157078722 530620208 419276407 837271357 635246415 361831255 292316145 545987821 869559313 509747701 238760333 70834924 181561592 629437907 322279681 172072880 458880097 278993459 115445964 107231341 84649579 97108563 374692508 127470739 
268139229 675764001 217077396 118666418 219625242 578685687 92446739 376703963 717380355 511723146 822049780 82922175 873554400 722440384 628909995 473409118 840262544 475744787 152318501 144045081 227403640 82672641 801971474 294358196 361666099 525491898 401589536 446315677 622600460 384356503 181860876 498814148 668194963 7012731 225555025 495894665 585698417 318001764 
480673087 33374177 829724909 33018272 116296352 433574714 755458655 745206346 515058292 326016604 829025593 667376792 78136145 664503692 750049433 2328564 81082833 719789991 527820461 90746828 288326614 758495380 475103331 78261949 379530474 265519239 85274679 213159958 369488363 670973095 531161721 850161450 704347272 91182035 5400667 820643623 524756749 368933782 
296145374 162035986 694950385 247391912 437487237 773086529 519970063 795611129 775415093 601052895 637622066 33530959 691799723 534023139 792026339 774977513 612285087 779631272 648571211 697559765 115012175 140280520 98828265 254248356 112662915 411249996 345430390 603917095 354114564 870187138 95071822 258334398 640297583 790022207 113800769 685859280 293404141 633770832 
603691354 191040179 842898186 849387879 710424652 264993314 113706423 232746396 162191772 725991509 134598613 810762983 153846679 735464301 559117962 252674944 111933602 279855336 271999399 65438452 5993376 234188423 57846535 101065198 492522820 306218578 499161864 214398048 114298803 792566004 848168879 326064616 591680643 421362471 297673441 32400700 686355784 19454323 
265147095 848547556 745445832 7820167 389605944 507366970 743284467 70944851 368116373 463292529 350800186 640115772 528730980 842647075 874304194 194651974 551786732 97122419 108945011 173169541 311520466 223243813 573810005 281910291 157382889 773565107 311347221 63130789 805965806 119923950 82585111 193333846 576545965 436105402 201154012 88372854 65693318 552512938 
645171218 433809690 138026412 604045863 196146407 274831851 176988344 678525060 77558285 728775075 775647478 186503295 510019076 209388890 17821568 206050026 99373640 175204456 587689592 410720860 238335244 515876343 138719269 806773868 317284648 715265234 365100216 518438659 411712547 38867993 193172542 179104711 472677682 817052468 391225033 276898549 699958778 568213376 
77644554 777517062 27283857 461366492 86241303 537302932 670755381 104062870 351427417 378203480 279267325 61337954 788924339 125677028 185288756 49864553 540525355 502573403 373204246 27846516 143233007 784916793 66714508 822259062 572095963 147466650 369606935 85541941 32439658 191786659 261829777 110084211 577378180 289113633 179525162 663619482 826416564 850280542 
375756811 300064926 350704967 263098595 847256393 747703765 388775622 154766094 405642778 537375437 657339496 778847023 173296412 408646962 294059221 240010920 838980483 866155183 873331083 330808364 559771584 27991686 130669482 821601360 623929410 316122121 718789452 803454572 101962549 275501421 384030519 85793819 183640806 342809946 348892414 153118144 212734656 345742495 
307884237 226451893 5338877 573298192 613373376 178635289 590019613 29653542 26720668 551221041 18029671 22272696 490103864 185875714 536117895 228847805 129698019 282268250 544969926 456561930 207943767 255006934 732063350 200048746 340800752 37925101 542858691 689693165 191043244 363667806 157656606 107001940 590119699 648848996 288374591 325714020 827484284 615149 841221075 
462279411 159910649 467325205 92626566 258088973 653200918 628744460 486936777 390973396 33233656 639981162 847535325 727030936 17209041 701819620 49300627 843863307 347819180 200233777 263851877 146936883 563901583 29582942 253938822 276242227 678431938 150387872 210030706 236211627 636856534 659326240 698491038 796767183 248872391 791117603 177077101 24294254 542083009 272088337 
23342110 183391124 34290445 870877434 518496519 537352999 302992460 175871606 111511711 650811639 376105382 375363588 797748522 62227910 404946529 659761803 824323650 205599412 810149675 642428815 441811039 177301614 423976001 262523022 96289742 280922851 661715084 759220356 305217104 326019038 639383153 328559213 117484621 281748057 807511107 635981140 819101055 232724512 811852745 
52833712 5757096 310179072 36271759 411580077 858260496 441218287 193562826 804805091 646817699 611786960 177529312 696703197 789088573 601505312 567300678 493452775 4649108 351236707 374894076 795719725 285330205 622351688 732353398 10889285 26320690 270159910 646870424 453496205 502884421 189018574 114404376 116715976 107272106 150676134 528296053 87753547 591894420 329933338 
500633097 360933064 63941243 678162408 665710720 853029815 9963125 355232343 76777995 500465746 314543510 59746531 26480877 599873714 682098218 758834274 610762998 708418908 151215129 865707882 284136058 262174009 176947401 6614893 378889984 770073020 157291026 515260496 465901026 749185445 845193833 88755069 718192969 517209535 374991936 506124634 100534756 384955061 469431437 
177312750 493495266 783974946 237059280 519976142 114144065 41378444 9105821 724907062 357871811 160320949 320910349 250082328 30569417 105932210 256697220 17533861 876005229 413988245 140868816 464127201 285394635 108283595 160956729 125808549 233567589 144023124 240007643 334102344 137052644 709439079 511415094 630547910 223709430 748474373 272744997 337853494 789852816 281850818 
184981501 269945572 50246226 113966310 128102359 80815643 219898519 384799578 584203017 218124693 798787822 725071832 290326353 206403403 441429886 451283081 818065465 674997475 595306205 666147567 131320764 732358848 105882051 642735857 93202163 329591480 121505636 365947160 667444973 33579397 255872437 460500934 789378483 306118662 574467243 39701787 872787818 794365761 32575825 
579211780 134711399 831363646 34579018 33112212 645841508 476008903 484395292 194202379 273227323 687775956 860349945 12622547 150430210 88452942 655358403 243632372 418044421 776864038 609579531 207710340 418517895 865451967 276285733 815970837 779645089 850752975 463747083 774653852 767339681 496322907 84161038 510125539 449907499 118740055 543237750 217969952 594748957 635707502 
20246790 476050740 445704403 2817681 488673286 596134612 91270622 266252634 839766984 117389502 651191132 179641920 810953355 677783486 653168347 209460033 615975268 555034381 182433953 201943296 59983638 557848093 306340663 144144675 676048092 756248161 748738243 341506787 582292572 73782606 585288748 602539362 549833345 153214097 213431502 160727576 357423168 304702123 35054669 
805264611 30166084 294320260 107127477 841119439 94324691 368370283 658653931 318374418 45625609 449162344 128392174 591462760 129231382 434732836 343681895 413353933 313201942 214641083 362935180 503568973 288423688 70444873 714182794 838257032 709512483 49835241 607059067 189156597 840390877 642113736 602495667 870556961 58654941 317697603 441971805 638833146 686067885 222846681 
79428509 339767953 280083484 207820682 53451659 17389326 642553517 397133553 430743258 563829918 219849095 793678437 675473351 508272783 864123310 511877090 76825220 303931198 169786791 683884287 101162254 132398613 56293428 703657921 611030033 600801882 143576469 175222783 361855973 829644354 6143924 49358942 291633252 286227407 257179623 830938424 303616732 507807600 350292922 
342434450 193858463 178216477 258333832 477406273 686489259 730531601 111504309 371388938 156683745 281291099 177494170 257845998 21764171 719641111 83724864 632794204 442663939 713154847 416091446 412594371 273094606 30309829 461953312 172802317 802390750 719132935 125961687 714081941 349161480 84329068 178737336 151094402 262545544 45145628 236575135 557109262 775677228 348079443 
50719146 54581918 237445001 714066829 798281430 745062685 555928886 490080753 108152294 606667284 325456545 524243740 141482600 598551150 162628028 603435912 771353467 87239723 52864252 505389613 801321664 10100191 589718680 588133459 647048106 460338684 633279086 5844186 139668891 531177260 839777142 190388036 193833637 685296602 512529325 114336012 552580233 190679156 212491225 
660732526 405420899 537947769 793050725 546903498 744573379 77899699 758413869 246222251 165139421 811278120 751611863 574535544 429452770 71625948 284889949 198721822 531964631 526243494 204566007 671633522 179641699 652417609 470096017 859328850 459935156 104846287 581739321 620589848 781378956 794230545 11617780 309020800 62473720 804668504 463998758 807047098 4789148 344633572 
175490294 655782083 763986152 49323102 838392086 315659867 120949049 731356494 122456148 260988140 379820934 812875669 54842607 167537092 587514223 133013083 149086887 655523838 723712884 338900668 398334632 235387245 255352158 409952411 152482505 317825877 336841860 616481262 247093920 827484522 569189293 30658673 213562010 63470850 565835288 174175041 864984231 294858797 513605995 
109661324 555846936 15647874 530611452 218764002 669038479 240346620 351777084 426199826 503944918 197710913 765100493 24500495 41172618 142673596 42527365 193655122 68573933 865222738 810136383 801521366 423002665 109621081 832180039 636564674 173091931 128310732 418814175 646150621 423169528 54641115 363886404 101237409 556142502 16718802 320001410 347401926 742918935 279852954 
381676211 369084798 85638326 268997649 1659752 126810943 19745705 44187116 320466064 88319637 517484314 252823392 497915462 62707924 848297987 60390906 307347058 629464377 188701638 726161232 397835943 611871165 388876806 761722346 713108574 553093767 386515607 641184443 508570152 251655488 43258342 12467309 228814745 128896668 281464957 230474497 255707610 787064175 760515126 
576173674 483458271 400220385 437071525 103594679 71002769 15664917 163985584 378349826 645129293 352687221 226732003 165186181 86779332 223683268 534982987 407962365 776777034 43719539 171367753 15642591 781228540 700479609 28109899 132264231 829376276 795428370 362738727 693158345 704713490 731328312 391552964 310392707 253769643 436698949 22061845 324772411 452363865 186047428 
311196696 219714104 146809109 146003158 870753798 719441954 369686425 136032190 249625264 754537918 665605243 29067476 770180508 569054728 337621544 798290407 309393418 289218765 324014182 280206604 590451570 150948617 133755862 590078993 69415783 873379018 148998887 577331141 806225888 209437212 371453029 239643529 37225775 518262137 385646686 516054032 359925036 363407570 652086222 
217624759 240166433 47986870 732545748 132567886 617041597 192388238 538932752 48655961 89681462 862946933 328862564 288207491 621970010 70692885 507430 299460252 66292848 635359830 876791393 480593195 844797041 370465367 720236723 490097275 496801963 713957868 128372253 464801458 199586383 388532934 290500676 47827275 436519803 631120883 180395161 175782345 431583580 327402372 
710291819 129339502 798423765 647228843 417546992 150689180 325996187 418054421 450149431 363495 175635197 57236229 480956689 628506697 35776055 323414358 240824918 140652477 645446685 855050684 605453934 845033068 365804563 504029069 15081288 802324365 257370898 681329962 586181169 688954477 616806794 26768394 818293978 537451504 282071696 358061916 688140683 608067882 384190796 
