12 23 171090356
76805891 7844808 79860011 113393810 46441871 126583374 49628856 21342114 57261011 156247081 159154517 84126149 148121544 165901006 145190282 66247987 116536049 90878721 127371419 105320042 154751586 151941786 
112802204 11290322 90424628 151456168 32465536 31473228 166764115 11876255 92808402 149170630 19721062 78269036 91474083 142853913 110453033 46703562 69796650 73314667 31860287 57860810 63041440 85582454 
129362440 37141365 151830441 74808132 33620710 13712127 9037817 93972919 71254536 27440644 10863864 161679164 7806456 43329399 22062035 80171194 131896634 20471060 134942447 57218319 4340719 132017153 
105672855 114793751 7630359 4379148 17018062 116181625 138930938 80059501 107364702 97203021 22801489 88104786 77611776 133113178 7417537 86649592 55995740 78672072 114090235 66859604 145951859 27497314 
15789626 73614517 13269132 53286883 94085576 148211578 110505202 4026918 109138375 121778680 118820669 22369357 31758452 41439354 44151605 76290013 121498854 151516306 2402677 49900966 145221716 156705432 
11923788 152639252 72264667 67919527 60220967 91955525 134779130 111773450 25053463 56169380 14297610 38322594 109456262 13983810 92134795 125562087 18010727 106873793 76250411 42432019 34843773 13609486 
83871372 78995377 89899498 34279869 59421327 168993154 84180835 110243666 154608229 96104622 91792561 132473519 69624772 57614151 130029667 110004526 74988224 155083129 166173905 89285834 99006346 10140434 
103269643 96741765 135702521 26880993 32525201 117553555 69313012 67368974 131163040 153184383 51964974 126663161 16373896 16986924 124565958 6155354 127230589 13684454 7860599 124623773 146157972 77485370 
11147568 105097282 93090519 86135791 165781035 88174067 81022248 170388004 98314501 89892514 96039412 139617645 116773507 34165237 162771823 14996162 101534210 122844506 168180544 153499183 78417310 90155063 
170486107 108583891 1911040 32226963 122268344 86462618 156850736 2936583 163947988 73598927 108033864 85948150 65335341 8325166 79722841 146357589 7622814 83637965 65159746 103662225 128856233 10842896 
137827461 120537699 102530037 144962294 148982828 5220849 32971745 133000761 976535 109058475 70494295 2887575 141285437 98363262 89350192 32646440 101299844 158898803 106245366 38243351 150447577 490351 
123259497 135771041 146847939 130882310 125009629 117608308 140145158 82775505 128451204 12482887 32222847 136581864 63045804 10115318 141802712 1618172 48716702 48379871 110676646 119210996 127958425 157562707 
46483901 122909240 19118790 147783744 16318311 125364156 91627718 72366511 125854506 43796858 37047195 7212712 80279791 162056823 124821019 126025573 150432951 158872846 44109083 88256421 124364354 107154886 3972362 
677333 108773058 52689063 125748183 125050327 77500682 82616251 17123301 123984582 34435135 36242091 6278593 50753445 67206870 3506934 123119955 21971019 123994772 65767773 105874710 109875186 133425219 59605372 
64810402 112767813 47387862 14520108 106624857 77352839 121674994 110597218 154721151 136048675 163286280 109378978 166699625 69696605 20904872 12732570 99281810 132030986 48974660 11161026 88385054 116181529 14667959 
117105632 43753171 138662730 11783048 149627880 77447560 50808890 114833875 47858585 69177326 67822360 62378693 4711826 50775822 89654310 115309043 34406617 54612628 13105590 143785594 50221896 159493174 70291089 
139645445 87684627 107922699 17529748 4446276 25217396 39311900 19114235 142323028 159756050 63377588 59706699 43894197 140825147 110515589 158728072 94284356 8602558 55460075 156663048 13314384 106235897 75227001 
34224050 46243137 35440252 47329640 95629354 162353127 112423437 165920442 130908216 29017708 102752784 54038587 110154963 33570804 93350487 129269197 4803475 82016180 21556429 141201153 125910377 67982199 80626385 
19148716 162266554 89228943 74608790 53439869 8143950 86445310 128666869 42367999 38289070 164107120 166388618 133918423 60970515 107721699 34349133 20788374 42340030 137101916 74826960 152494992 76273343 73778070 
110673833 157767797 155794250 37830885 127878594 16214894 105813083 37414622 35363609 2589905 32244188 15573022 56029773 40388137 7618956 90297266 82756136 45908025 160005009 154745377 8736092 49885167 91376719 
43085224 70673540 133716748 85787763 51101124 20722008 162061106 124879193 131395840 54339170 15183710 74827348 11127407 31398603 86241054 48542029 66762211 88830958 157477196 159026213 50461355 26774977 166645168 
140758620 15131736 118153816 129673272 169877112 32490531 8468083 166854455 75575754 155832602 35081470 66964141 35843369 55803477 134625870 66323186 92799940 17874683 81506895 167627287 29002090 112905498 82777985 
154235098 85268332 77209566 46222561 149895168 33271544 72997537 51050603 2939807 164820252 169204419 38213703 69207632 30604593 46681785 64971730 11780971 108115010 100053199 155436091 49559003 61457300 118971604 
