479 2 370061409
136736332 
216604446 
192324011 
2058620 
134104836 
168911694 
205103891 
271163325 
45585872 
369869031 
91687316 
278909683 
264477034 
180750645 
360166883 
89751259 
141283245 
281410763 
266739236 
223238009 
162800006 
272217082 
201659409 
7388732 
256541706 
241645487 
168053715 
318437097 
143044940 
322914772 
362629689 
352666077 
242342614 
257777097 
57548094 
6386041 
56627381 
262651984 
277549365 
175098058 
335344412 
72060077 
156831137 
229760036 
252810721 
146936610 
22334692 
24032556 
131170769 
361958733 
247270565 
293970775 
336999211 
78868564 
301359506 
223479508 
23337447 
172236617 
171855195 
239267192 
125089980 
164423474 
294756666 
367432593 
125023967 
352304759 
3757224 
181651347 
317780139 
281306588 
356749404 
283063141 
56190061 
143519131 
215646574 
309000782 
363340546 
310866071 
333033337 
124449906 
5586791 
210242492 
48359271 
342586002 
361995862 
52542173 
196004100 
15271899 
224778789 
70682691 
327423897 
349868768 
307990970 
252119153 
347239952 
62953528 
234362502 
53820572 
317489680 
182081231 
37950557 
7001072 
167967769 
94140617 
150520202 
86437739 
33079989 
216684145 
100127206 
366113326 
341134050 
105713996 
279179214 
92316717 
78238588 
271113666 
144858889 
347127493 
359270371 
369637677 
120633580 
316632858 
52268433 
58563141 
198690601 
102331781 
194401474 
135876499 
156152352 
141829744 
20781126 
194102908 
148830815 
188748894 
361128331 
2174414 
348071438 
24146910 
218858558 
78137234 
93083632 
262816004 
183851230 
75086243 
355132720 
334974623 
346199908 
129930199 
14864104 
38232266 
202391272 
135497683 
354865123 
254659704 
266945629 
256379120 
356991484 
164170499 
22194209 
215967233 
8823640 
42975335 
112893537 
230539260 
304609034 
103960458 
232713673 
282619063 
128107368 
154395627 
63579693 
294075805 
47150221 
247430922 
369162047 
105106337 
285228942 
48123943 
307921341 
300093045 
86356208 
140251204 
138414124 
71159922 
97734304 
35298344 
30362438 
157549185 
272353648 
52556647 
3455008 
281177287 
168416787 
116348544 
141655138 
175849217 
293193808 
77192207 
161291676 
124124572 
231587834 
224871369 
48138967 
351622860 
102240881 
120124411 
159552594 
17408413 
168248353 
97412525 
20324854 
254604560 
310548534 
158738978 
28587878 
111106235 
266922127 
58950316 
268655419 
169214365 
111506962 
344995232 
80330243 
352808554 
164167172 
294870186 
158596361 
87299570 
2000983 
319888037 
211424141 
306473622 
174697996 
332447914 
288035073 
349823682 
82510915 
150411063 
70055492 
250759267 
247823587 
90380345 
135302417 
188310712 
322004128 
236775101 
299416946 
218864845 
295725416 
270895761 
90902607 
110055774 
245829583 
244117655 
92802918 
112820151 
168926431 
324284084 
200119721 
243812219 
346995517 
114367258 
180224432 
224516909 
76753762 
171082901 
204279182 
159264676 
321493963 
347219479 
112847339 
272140946 
140423220 
321034562 
90390248 
92365939 
187748253 
92630590 
14054180 
113412259 
66349747 
177841592 
223468032 
15002726 
51897837 
19094346 
127822877 
293709073 
46201826 
30765994 
167459883 
23135934 
218018057 
50507711 
247652842 
294771819 
294475417 
154755420 
156859891 
245907970 
204798295 
342592036 
147987506 
345221515 
293565188 
311262560 
140410850 
111252031 
106716546 
227349835 
297549095 
173066293 
35130018 
223840523 
188069018 
159912660 
315819674 
18715291 
156445130 
362021499 
122366090 
26728409 
87980829 
340384147 
77236119 
335633671 
265094556 
74534932 
193212487 
124777843 
320442901 
27949373 
97308469 
171253803 
75994284 
93697053 
185339759 
289289939 
277833889 
364941111 
146578364 
205321574 
167945994 
254593187 
131985493 
58838408 
117329244 
77743757 
150438505 
273774373 
142588653 
272804594 
3326178 
230569481 
243127331 
80562296 
269026548 
211045283 
155097227 
92177626 
38646523 
178363524 
193011804 
208839797 
52440723 
341890893 
302536850 
310665288 
261119422 
210309329 
305544989 
110521182 
118454300 
176314379 
365114369 
323324598 
308037592 
112382203 
103891752 
88414687 
88979972 
246480404 
64042678 
92306149 
179873281 
307170008 
245753250 
78838420 
221038688 
103673873 
243900851 
259685210 
282037396 
139736051 
98463597 
37301515 
111565534 
103823843 
347966802 
75508352 
16956569 
283450381 
186029533 
208295674 
162588156 
181082492 
161558862 
100564339 
366349500 
338335419 
188979025 
85268062 
287639219 
253021702 
250459016 
97451091 
263015107 
126150856 
176289510 
113992385 
229824728 
123013757 
76500991 
214685520 
262749807 
247849393 
324871841 
77138737 
54496633 
302777233 
152647088 
71453201 
289051011 
338676620 
279748874 
154462563 
149697703 
144131132 
255026901 
218870599 
185289948 
146829323 
6962058 
102867757 
102674421 
257421073 
200318847 
68512924 
13510520 
79431753 
182505308 
316220053 
275330315 
331891104 
160844164 
168018712 
209679088 
115654595 
245157448 
264175720 
121255224 
100627932 
38452317 
113129631 
69243143 
21024587 
267592194 
291825651 
238040524 
225442491 
140634840 
53269062 
2210404 
147596897 
229021625 
104884825 
34956561 
59279062 
173397748 
121351886 211595621 
58726453 67510529 
116864526 93440953 
301239498 357768044 
5943437 119717489 
305748888 343003962 
240972713 36315411 
11394869 56925740 
178443359 105304261 
27341330 100207600 
343344785 252783821 
313727245 99437243 
254994224 164147539 
328458867 62702445 
271988905 90561326 
308984999 23279381 
4980343 70534848 
163674715 121844868 
163975800 94852804 
182436308 242804043 
214570292 118123787 
215746595 158366401 
227324003 300026270 
288176947 35705952 
35269121 315518276 
208798357 81437302 
198240687 225348998 
253759351 156058308 
19435127 212156808 
291645558 291424031 
5541530 230569147 
17526808 10521872 
3927391 181201523 
205251546 240787997 
276054326 90511250 
113530630 193448014 
208635036 32100621 
351814415 138782435 
332126890 269929952 
247373192 70219408 
288271624 158994945 
224541515 116450902 
14282534 108239456 
345394015 33717660 
23219661 266978163 
27965088 101645996 
200370707 45491895 
112167868 204298097 
226693417 20242810 
75024684 132686333 
110754059 261440119 
326134347 22212492 
293540740 10710749 
160994926 328491026 
353525506 111191515 
28649024 271735720 
270186459 253190539 
91010018 284468992 
64253391 66342623 
21010049 160357857 
333320786 48975136 
262003853 163630083 
94467030 4110311 
70751576 321160447 
97237926 145776260 
83785370 207991984 
110039775 112743113 
230204475 33519105 
123453861 94022798 
362010131 179802763 
278099118 93482551 
81477074 178224167 
49496486 172487091 
165516556 113749877 
238829714 186526604 
274107733 274973896 
235501739 238934982 
68542569 32792165 
243045292 139294144 
353952611 43106614 
357955209 140561378 
251098598 97933575 
253304490 184126469 
204337485 79581748 
351034072 196286206 
259384510 259071780 
362653563 43684980 
140119344 42088639 
216172071 8459296 
228723321 157825181 
194985899 205654451 
62737667 133311034 
74528023 204165041 
166103198 20396712 
343459184 149994400 
63503325 34176381 
363440583 17425319 
132109955 246683663 
274436594 39270836 
29088807 255409256 
235557042 361358123 
217304433 228149195 
34981693 60247173 
343122639 324038569 
68706468 201784551 
111802340 336577172 
110262398 174540006 
172711602 184790420 
81528443 338814799 
278071937 54926218 
191632595 44398659 
161987404 185011768 
61823977 366982164 
134518828 39083967 
36191590 236492440 
294493223 271748631 
300673959 214621052 
202721222 335655652 
347753030 248667258 
362517617 119282894 
153275205 104258548 
158683462 263537602 
351683359 331395063 
151151418 63150393 
2971849 132046752 
190961416 267489250 
176445410 352948819 
155324414 311154192 
52692970 289843241 
350238159 88884559 
229159078 347554778 
63456587 159771627 
264999226 339062614 
198250675 242690846 
217668462 190706883 
64797136 73767063 
367850236 223480597 
337304664 52295582 
257699056 191279479 
115445974 260670904 
323326230 9230786 
158098744 202595036 
65003001 313423158 
143687818 117695970 
306089795 123864567 
206580529 238072269 
101357935 270037115 
100667293 366357160 
239038319 298917967 
311871402 159530178 
192448246 79491934 
233297240 190237072 
302972530 273425301 
315417460 190610176 
167528176 133686830 
154104477 120792996 
142917616 312203220 
26211428 207920616 
328449774 169899245 
28439983 337362966 
366648618 235020511 
205373825 97945143 
207881022 306041117 
167125700 149742737 
307782481 181820498 
12096311 130169317 
261312432 245393551 
23229786 267108358 
221642248 338647245 
87657125 19109014 
102272665 314646407 
212786815 318075086 
256788217 238998242 
228819099 288061388 
111720883 257259081 
255362944 108308091 
195102988 163560165 
279138040 105807406 
99539873 149087136 
328434948 37260944 
330907633 340531259 
240315066 222158655 
288748206 263544851 
192090410 140329044 
305015492 279747534 
232322863 110111554 
297217337 75048268 
58125230 256828950 
16869906 286944328 
174828928 128590788 
247026805 133015268 
309783685 144953189 
296575433 218860315 
250760594 26053896 
367947450 209134133 
136199645 31617070 
252488788 6453301 
253775725 171175584 
342882958 148689531 
14328024 350721846 
131260461 246650886 
90771990 58416388 
24522550 148897220 
315245337 114277261 
138664944 120012856 
315752854 88515146 
325912929 255475129 
233468334 252426952 
104274034 114167519 
351365653 175044880 
26125048 117503888 
206661950 278613835 
196841995 163261071 
152612815 242548349 
311950601 166940838 
223208785 73149652 
116415120 16804172 
131566039 213822475 
165701391 76749966 
328099735 7189731 
269647627 273791179 
95704876 225499147 
232089705 31996607 
180749495 39187135 
146164125 162053739 
214232015 245173978 
352442432 50832555 
153726403 252107823 
214093625 306339217 
124594762 228867622 
176103451 50626944 
302017273 292518570 
67431115 136406708 
209164441 306017311 
213156673 240087572 
16030438 185627697 
216702147 184620120 
113950240 78730442 
216616726 367584540 
117917577 65604247 
159576869 332149591 
310778224 214842698 
85805542 167328023 
169773917 2722563 
176490636 294368679 
231590184 352594086 
47819019 163546047 
347936052 188134939 
299952754 187039083 
124090840 215932823 
129950051 140121277 
104383916 346652197 
324741396 291218961 
128206036 244181518 
288742092 246123612 
309785764 151142357 
281096599 250502578 
68808451 366902140 
120653997 238582368 
72448099 297144632 
235774443 304038282 
279677308 283593461 
170407725 330436756 
101666990 100299069 
220299235 298642635 
19055288 350249285 
141587308 196324010 
326840073 96267295 
117481561 84984699 
43272209 109047049 
33931707 353057973 
260189406 17851702 
306383947 328997856 
14692432 56976535 
197518814 87140530 
354121166 63231847 
94002208 263737065 
49648704 264409932 
296997217 224200499 
67532397 147235043 
152781724 86587684 
127422918 294369032 
355796499 157086387 
93459723 103216651 
314955891 136731931 
212263699 348887597 
119728494 175276501 
366739298 56051032 
134212948 84255126 
185912372 34555158 
244280461 169972128 
170671811 338282668 
136532589 220320514 
305515996 63468397 
74459604 2986983 
210703439 227241327 
162459473 40949753 
224433755 148194562 
198036140 317893477 
324296018 215815427 
157448805 166498308 
194641615 277177298 
44598205 264204309 
36051726 178811152 
51282832 221964097 
286251116 368448098 
94759622 86861517 
39492754 231292210 
307182030 345008749 
367645412 84465030 
347995732 281172247 
14529754 140393795 
322122000 238963508 
361473162 222981536 
259680382 315707771 
68735553 47067777 
185029475 336261973 
27068471 229627679 
303289679 136005003 
111262228 354572510 
60792496 27451934 
352959198 228436923 
187198256 22390542 
89667724 124318876 
70222688 160136532 
281668712 48157010 
71247370 296198465 
261435610 23307960 
237985369 252847362 
319174301 200489147 
198493723 17848444 
247556923 86346594 
354110417 347510200 
315974273 287338686 
186338599 57175091 
344734592 320015900 
157511830 30455777 
178391414 344710085 
125731125 340943943 
171852357 195953812 
131019065 83459659 
244110821 202266434 
82481520 208369827 
298459199 23290286 
91155779 247572090 
223779432 362534308 
338305340 174159752 
78819492 25177744 
151608542 97617161 
15339826 40770537 
154792251 62897814 
360786436 15127477 
93353590 242001246 
62660958 219084714 
212883779 234513315 
117861922 46726241 
20796370 64796139 
321877480 176162696 
273165965 250275270 
199452981 67145141 
200670756 53171003 
59618039 241799492 
227330754 211322336 
266977235 81762692 
308939497 355201866 
122533228 166555144 
48038270 186143061 
181682621 141391860 
130967703 317228384 
63299970 343851482 
181680289 254046698 
20516313 275361465 
318842836 45217189 
81462751 294832198 
295492458 353800537 
361977338 198986611 
36910130 124418773 
143609499 264240884 
335741108 113410131 
48826972 347504001 
98550587 244245006 
143997736 146588857 
133211463 28503753 
360865522 264179165 
345732136 126988888 
237969237 230235822 
10974176 331370355 
208420683 329817012 
6526135 362768239 
254587800 4841989 
346507366 319388534 
276713405 86240892 
73745897 123146301 
53305172 112310401 
236556431 102132144 
89752993 335107017 
346377149 306635534 
184519270 109527202 
37962683 175323382 
3644957 86518215 
302312270 314499000 
19577433 313286445 
348692751 227998115 
345926853 58042282 
220704944 303338049 
62884271 270035706 
252665173 42421072 
356276598 29234466 
165567372 39520360 
141544867 32062393 
141652503 304182665 
69992807 190853048 
313641595 254512076 
3203646 351604277 
132658855 79733409 
140945888 64909715 
24170999 160523321 
81019556 75687146 
18460026 129769806 
133729428 312049776 
63046445 196613698 
212024072 18535015 
311919575 198239260 
47769480 107425538 
310644426 262199152 
212372736 155120325 
269205213 282365542 
345973373 212785398 
239701015 349177018 
267213071 2298460 
58849017 38097550 
140092980 155904821 
198620870 293997341 
231591967 289965701 
53705737 365321394 
231954067 116752182 
264758488 146801536 
208172002 206616653 
47864192 255941481 
16865587 358508617 
220964030 229238323 
143567533 120107833 
141542455 192364302 
35716628 84066866 
171479910 302929698 
86365325 303213733 
43850644 299343110 
89057144 315356319 
223279042 23472507 
235260611 276984778 
18732491 170038074 
96560356 356375784 
316839609 304732357 
192931028 364703801 
263497235 209796614 
55974405 114399855 
68973527 199541937 
234507687 283400788 
21844829 270224314 
70291050 266209545 
275977409 156656375 
272246674 22651449 
85938075 64127214 
338007768 12040513 
87599721 276091775 
289025291 179217017 
76068439 88409043 
165531392 95731445 
95964797 61285816 
90373836 359462031 
271082429 146348240 
103800476 42879353 
48713574 41131559 
29103537 143443208 
14179270 99394586 
112476149 363041484 
328935766 14661413 
15631523 117697238 
