22 47 981077385
57177682 416888175 913651846 294117512 691609814 818195321 231844777 64752649 382073 796765913 472063266 83345547 421700023 945862763 92173657 165495298 790764793 640285605 109400610 164688018 140150701 355829918 660835575 471319341 843020824 483733787 293592575 167057289 966521164 401852333 660141335 42621461 818740508 592715796 336738972 343944058 244504853 568583749 408696706 244886925 198943398 880759971 142903594 435314542 660216471 49748372 
600809839 284575000 504705098 710210448 449263018 459526920 84962980 129021207 930846260 927983804 612754993 58032571 113963707 412869894 459884903 588776163 455491354 297548025 15085695 606901447 641492082 259590547 9078932 864859909 504477472 208022329 579213617 462052187 643336871 73023824 511800558 77740446 357598823 35428270 787950894 806861840 309626311 872913873 935883046 259395185 634491413 382231776 317427755 563126241 795101669 777312657 
170825019 84186759 889531804 581835 691088205 364617622 260172382 700167137 248400146 764649853 722860587 827613762 60295776 199791194 900637585 572096333 277531640 91830144 422195724 84405148 898691984 731822034 771990142 668168766 805888340 240075292 69323156 142238709 803201532 679095946 734222487 788697672 577953826 457348027 789279507 102635768 821965649 68374503 802802904 89288409 647695477 359257227 731573292 707991252 559048421 465804613 
113681321 836580060 557634756 350548166 920985207 289920476 101292814 526569085 958089242 721852275 766644376 842083519 678762105 403439645 354773202 246578328 25731053 932727027 703926355 815010559 54285409 544814618 698056183 671759434 448774148 179345396 49939276 13941176 702007769 608987696 294416910 815689089 279161492 852051665 185159869 33740435 160894756 101123804 560309519 933655119 637647200 345876510 794661252 335331919 749316154 168357068 
581910247 775047206 915755217 119430338 423651502 970040625 664244955 936378806 475393796 927690224 134646817 525333071 941631399 651325707 948991888 69642045 300608533 247075994 921693709 300439523 280816428 897259586 216234449 841125946 664508441 853881648 20596192 292763430 22807304 584583467 275791619 604717550 193224410 210469450 724147887 616875911 14103812 221986578 386848453 489497607 168599416 336166391 829501799 924901936 6414713 797416301 
13466595 307023245 859163416 749831425 607462767 158902458 480684748 823697215 814699525 164115803 511172600 649966839 271550354 533979903 253472920 547341973 157620067 446697329 757811422 696439075 878244361 586586355 733096774 284015429 95006576 716367311 620181819 739179496 474862983 441267653 370189533 303000699 748290897 248275563 71754738 189347401 221849142 367110607 827715737 851219789 345897532 357810951 520109242 617447885 891790853 588253283 
183712472 864082041 53873227 756195016 394114852 746788709 176375107 146134240 49726752 86052805 677172672 484579693 825232300 170958269 925847345 214344448 473958967 507731979 277291132 360384827 511750501 499140274 542166555 358388852 183953799 888064086 530870925 704063040 339105708 256255514 125910059 337489301 139260170 179783285 908355438 348046143 741243116 103653160 308851505 605640989 189705964 4946791 109143296 33860878 971653567 849661763 
62876447 279206270 190987478 340167579 639591096 702737978 653978974 15351388 875797951 837932772 903415473 425591490 375589548 76114917 681847004 501499606 228275340 635778295 495954013 155553392 798495559 256119743 73877673 126269678 861760731 263583636 926964976 785575149 112115636 732212279 468830648 174992082 30341163 474489247 329830782 484603381 10820961 2732370 499954768 886618911 655336263 236963977 145804138 49848425 313078894 827651141 
551348031 541354233 297023172 66224658 511578746 114441345 137015522 585456419 55382145 813447374 849040054 797018242 432616259 775826811 362824257 901446906 765490015 393165419 209529889 114243411 877768799 220350849 912724288 211317303 125892375 401654287 448281280 271696512 451502712 761360173 914018774 817521864 136308142 44635682 698417643 647886887 159077026 835433164 66937042 29130292 482474274 915977096 640819655 915090533 525397643 22566526 
650131175 309810272 230403067 859661064 238724805 922842987 98934527 966120214 153082905 39498023 386697115 601364184 311194534 652870948 196318093 58807044 489315426 147297356 103442725 21326805 795184242 77190873 856759968 862121284 106321164 172827979 611692116 561811941 106841126 156012373 399049588 756972300 280493767 444123776 450227100 333889693 385889378 549161627 318932521 353643404 588659649 520300757 955007587 714525305 192094320 965996801 
773332348 496080867 132216771 876775073 517407672 742072134 953965945 207761376 437787154 874958230 380589354 68401884 270363907 487430479 39085379 669413495 77996516 134250267 132459885 528223615 468139959 333020384 892056363 601743601 686663787 314309749 140966972 475265110 47757668 147732413 274855647 821090015 643813280 407072417 531458824 180143566 168067166 504347383 387904941 420525441 212899350 768494295 303598447 483263256 89518510 157354947 
171599365 167515025 291605213 118730372 510409762 574416293 266421877 236059861 195082508 767756786 550369609 150720601 76615632 598127276 298453014 351471279 252811028 942266293 758543695 784269851 141332473 741281982 122210971 343908535 180730038 335110320 927073951 298999606 818373575 35515076 456354552 804644062 17701222 747959764 738045555 342782105 155969793 819138553 578841966 351052300 605817953 148134189 501772900 682433585 560932587 800225913 
52827478 628414736 576085942 626042294 246278323 532089536 200918013 368489293 875998071 196319172 518270734 636665758 495318777 170238046 486851955 951673328 974882107 319224299 533226828 546521398 662006403 689196620 199253687 74442105 854920041 805071640 37247416 190286677 321098961 412851124 9435205 188597560 60188474 400192268 629310975 306466796 932281804 830228987 489627211 641873611 841219280 26820559 297461983 170131793 197058604 784313938 
140727735 5534447 122460851 488625684 366726966 599138375 11416040 565980653 488251602 866336080 204646029 525499017 75545372 525744989 938350140 880729083 529013670 813209735 114515087 177247259 138599145 65719505 822147368 442897477 707593115 682289262 469718036 819726220 852421055 481447761 437633894 807819911 486982208 374765866 130039332 853709173 973904240 141455371 253283562 295749578 822462573 457929590 821248594 712679066 2597193 593192470 
427001885 346281984 239995941 541516971 523529243 193266208 421907598 179270347 636163684 148423327 861559608 124804334 782820668 547574399 420923217 239377176 188988047 907905424 614143041 133698500 595208333 421641018 89824992 848491895 717390595 912287564 140015221 372232926 458560366 142612414 780096517 700233372 303565519 39015073 75344080 827094761 232281280 497251677 25287722 868444963 460346125 701518452 807920419 262089408 82686587 62437372 
316137705 86345755 970342795 930280746 220044254 399144864 185515500 309869246 81230495 717577216 55750546 221245716 108732756 514310912 178529251 703500395 48138020 482094769 742515467 123482099 142783267 789467868 620733775 963819495 491506567 100002515 498931683 133020722 176763044 581618270 195458093 492900748 667964024 184723502 256775230 888008278 398539488 442290729 31471260 294441104 178790560 87221805 515686819 102194437 601532716 508887191 
620365953 649670736 9904575 196475156 773152834 948436348 4865638 227480346 931178457 496372205 327482860 263703877 629392926 504245903 845322146 824851019 16069265 346879906 824245642 87515617 68481920 56378866 529806345 99953179 350819970 523268026 187174984 681177910 440133585 603378821 208987716 79422152 86643293 33563412 90568430 859796127 922374 95434067 106199087 746771952 406477393 248353068 29398443 54792934 567270092 689391710 
694315074 398010478 850942738 352154452 485526094 919424657 223204440 34255054 834048958 574024409 372194201 40146556 88796055 626998907 458196498 297783770 521092181 544839791 146018303 611660610 238229654 146940676 707094676 159099862 708383750 132494684 407452929 552453314 1958739 974723020 75438761 510944934 206327234 926381498 677770507 691853328 679399891 900974946 540779503 347042585 308593091 912973703 201860262 397389146 373566347 660056760 
695172915 894658527 223819165 841191218 525241751 462048818 802803015 65930163 621148679 344780501 13095968 843272729 711904937 810803213 651589485 787343697 155341883 857916718 547318931 833112390 568692660 60312558 753009950 128394777 407355143 80525656 856039602 609215404 292585923 63199685 102865900 6681452 957858211 326685064 662543791 316693698 603405003 298940543 382623860 58147418 458392165 210390950 901420146 189219716 40116777 571932245 
791234534 195458660 263442700 172147201 47493664 832135359 232459759 615174735 775201258 454486023 510371512 464834596 82624041 802957434 528034280 161063 624310008 319486227 326846126 120447535 636179924 930251129 234059199 37726398 7321161 692451364 62788469 723412429 881671079 102905246 128938410 506499350 113035027 392381109 678646550 160528690 58110205 911106308 590374546 833311462 199186067 915417180 131739794 96481230 551968350 474445195 
96642292 9872094 793931421 423488417 130319629 449033959 187333282 364378827 301431478 9325565 75752805 364219947 732737993 772095006 281796314 861676402 112188092 394831340 87651248 790834641 370031151 145761452 535534686 960405696 979072913 734720752 709416612 925483828 831201981 280307577 418851637 927844272 290179670 46376794 184926426 235170420 495410752 372259707 599549247 611513351 196256393 489973173 975733297 928994385 95661915 91123347 
624264524 207850006 485954686 711915771 17607262 855985836 857677222 367813069 649985269 670343871 121456435 378324495 429421435 952658416 473303193 848273071 714096424 763482863 894649864 899022849 17575897 223654352 104876293 431796265 835167702 301132685 736440560 644494736 63720807 832102474 735618082 687985330 854623602 55166505 233494837 686901985 911152340 905843180 73637668 580060223 409780787 9765224 773055840 839202221 962423639 265281647 
521069028 510113800 843435631 249312628 428059263 675682650 472966979 532935555 126401529 141728417 834068240 677513210 600894274 897789046 343209421 170106093 419368112 216755637 225272597 467534070 903657621 155347551 392299864 791966410 550078896 802080650 801731633 342057350 474876607 597749009 422010118 14868249 126785423 284368364 264180876 369515807 960051013 551818976 902451362 901123663 693547392 570113338 412230610 128035403 301496120 755440030 298141495 
535535353 972195666 523414091 21992037 709447023 678761641 228963022 335007169 62434273 49966286 155661416 404491622 339514014 753410424 826501740 354382262 694866968 925541225 433234259 83305390 719185974 3975849 800427873 453903373 512194362 204134947 866133982 640229764 505631066 640496626 938371258 60089033 446286028 480707963 877829576 970404172 974140726 125715212 324333955 55497613 971430004 294666493 274660357 329866632 66999531 120084711 498920015 
576537621 860297057 932154273 659843010 598405645 936130121 293864619 71231632 281918219 497999565 752036736 922147983 22553245 226127098 879441855 878390784 672413126 193743555 589814096 476411034 1478017 715529307 800744989 56975629 520553047 114334096 331635985 850419678 977082133 266391817 182933429 387213490 145611488 134010316 65979114 558688254 884811558 174514854 444591008 185652391 672514418 30221480 126722988 509738784 256348577 820835965 221723304 
928761702 829250641 811537399 238766473 830728657 360660442 58434076 887704285 881213488 968516678 52934007 565226902 779192547 133996945 748160330 185328652 94279555 882170645 65978887 652967808 600575939 55164863 912229937 786228330 727679280 942451416 727622439 256340679 217722608 382052140 478063982 961155431 44896517 123195118 218844518 875625173 483855559 91949715 596923195 383991662 875137514 649857201 949218563 487923798 783854145 530972630 487923571 
878133699 246737011 368573579 364695244 847312950 423738441 110518917 467135016 170340336 71892948 28351191 241352136 104286677 410403331 719416117 84364722 455299847 842611234 117880362 164518757 160060530 209830076 761441951 544052191 103890205 244892888 326864490 406485124 47669647 857837119 894408694 740474468 123496745 281904887 919840833 785480816 705643328 49282364 271538446 690654785 121175311 299889636 932006920 40133109 524964088 485016773 124497831 
980263935 161221744 242378192 163705306 321282273 266879389 739818378 865334463 185440715 3633880 25792689 591925838 847052033 698300930 505257146 421120237 636468796 601833155 359883684 440872226 141070219 223837170 527081793 831725003 159683602 826971428 782654537 199816711 185529253 101265046 324314541 184715802 262486789 381363854 163092229 583769061 648243242 717581728 282697260 833683957 721215607 308489949 444532409 401861376 25713493 764460677 822981613 
476853410 385216446 16459033 917725635 526286664 240296202 278401164 191605403 399979804 124295206 974259939 599796514 124495580 94447599 924111054 123882503 171605510 139068644 101645853 755374570 787311885 819227580 56994445 639918456 374036923 180155515 899121987 775898299 20540129 682505278 617802526 497393538 882392845 634261558 248712909 242273245 874557760 527114072 433878647 108131300 466080399 241732322 707927813 590575979 150851042 465632603 714458481 
322456551 604701246 816104334 96753736 410935745 654254528 153748180 865525323 47214066 148574816 783569924 637783486 169114944 299668938 89179748 666508481 15655519 723441305 915221389 257928763 431592801 461258075 691807409 539724100 927338473 933539730 81245649 351508188 103313386 546878251 84889284 425769937 170502111 900993617 337194794 396108978 388841881 305614095 280556915 250727068 454188910 878797960 888510553 623303853 12060634 977690300 308734948 
27716152 534725342 57550073 285644914 780989264 518808147 977452322 154307101 279740356 929914666 235552749 631248544 847899173 782431000 530808949 107262846 952933110 265396302 444457639 182635824 654238182 750071733 463192738 719636372 223183257 175584434 441740661 846487109 187645067 253024698 969893178 215361218 787750039 46365865 501006131 402333039 379845133 497381067 556640139 659585489 260889469 792192888 124427769 127711257 593546502 655236717 49645224 
380073348 920633018 494102863 562709172 408464936 263097210 840573031 147023922 300951589 35080080 403435705 166361312 222725146 656460402 950925612 438086364 277804177 16214091 939092494 680137215 210730346 270067298 255699969 870315834 345627888 66815471 809414724 288010266 475033094 298245177 337655490 669777563 52471931 831758352 66080471 460936866 113778176 906653502 422631910 229400886 941733581 826067614 210433320 979129848 316121752 180281546 250809948 
593925928 11166758 23496179 292985757 221897103 293563476 363356847 906884058 639191363 244843439 735221396 927201629 719876532 52389187 98450855 223247832 104861117 930209206 289328302 380469105 858658503 214904418 617772136 106982004 971309120 277433486 317415323 969361583 593555237 312367990 53765267 206403779 323534747 77261445 314060657 360102972 370824920 677417504 285909644 824687405 922260942 835802162 585482770 475731211 702862470 683933624 698979042 
622394709 633065444 7229958 21786428 325317683 36805498 454229685 432299686 27037232 731663170 564386130 811069936 344141021 876754119 864835203 365215921 33882603 942096647 679276577 393985574 146515304 375616695 679895217 971202708 131471374 349291115 575608092 607202584 71076200 93135452 325104240 693470908 726200895 147005319 529928457 70441192 183810816 3080756 317412000 210848048 549415047 881798129 40840598 893556067 592145985 720346922 92365724 
626028587 681366184 771642300 38936775 827881487 166181610 533503113 632677931 112324105 882794228 41879759 719526688 953870427 135015210 63553542 480935071 861216104 25229982 825534649 746328417 209040798 643286526 878411538 419888845 211624187 593803404 275400564 919851375 204872003 14670101 31139713 830900589 510707406 802782012 684508485 172182629 783634743 236934212 804860559 895958847 138651054 846740317 449079271 907192602 678141 327303934 221721409 
676565366 352533916 66178672 256487519 561574713 524136319 153821672 386172 735760505 562296197 90457857 489205616 767168199 900876464 520345328 431662524 245177606 156721077 135093623 417360234 755026941 186698956 55814529 484579525 140021132 717225967 933658795 861884855 532575229 279885344 102528879 42734331 632419259 964456057 299221850 27587708 322186113 267714643 27973879 76869232 830010839 914180242 380745970 430772774 833979321 901091297 677106419 
98079541 872483495 626871163 330110897 646433051 813570118 200596547 149935190 768262371 917822514 898265106 649069841 469320357 11744186 566269841 512054688 644163444 364319634 625947659 671751151 686505746 893662301 514396151 578046100 557266876 262170130 958792069 802710771 115072065 693477102 498739804 27822727 399554334 144533581 172604745 64909999 772774820 373201292 29516310 374630928 124617542 742452537 42623383 593937898 754196723 423564345 920663707 
231953903 602555100 565533980 903705054 122654583 292790017 251694941 700700682 664728014 513865070 493086487 486361399 443608256 20157325 799772324 286102105 419711658 758977026 273377971 299292778 365345583 646579262 143480209 739976510 771196803 885932746 597271014 198728438 473723205 39757973 138314759 705677107 456984194 518519861 442975897 579638776 625980999 694670838 113933194 309631628 42129644 607019680 610664148 300409022 441848127 429359087 586511126 
861559784 21929849 859889096 975523684 387275431 340062095 137926507 146174555 925930019 838530374 743445568 143581071 145847315 597874662 96566952 851524422 73781471 429757934 313422933 468091368 74661547 822764892 582024562 198964296 864894536 22637978 809628444 184226172 464486104 72581267 585408419 159639625 94511115 278891251 154085923 481786546 433624467 106683551 442632222 378477101 759885047 19671527 336729293 905732361 617546188 247967366 776179397 
505998780 492396421 904273452 974090148 381729090 745960958 389708446 580693385 444449230 412346423 223915565 443346523 876832527 111167953 843426063 55394766 205679068 141239929 24151810 502136735 389535517 130835360 944768956 768012617 890720406 964440482 919413032 630046504 415580407 974134 239819637 921579186 493370555 163015703 729263070 875099644 723647783 137894130 289386765 1690749 364911675 513302330 445037272 260666816 624470282 122057071 130732703 
644820471 77968121 154884512 165879820 467503638 285719871 129571391 69109991 10034014 908682994 7445637 640080517 343186015 8419771 879900153 98358938 501790325 857586978 642293129 210483705 600157375 594858381 499870469 601848123 959770055 32095413 861556516 54030607 471236817 2536202 184763309 134979902 80504322 339647820 115530844 548007959 625367690 59773356 617117950 450072825 968456349 439234708 109075956 145236101 447654478 803647231 58266160 
764115924 494827945 700559288 974599628 113907934 314340283 493392712 530427178 107704074 340159246 225577431 161734680 626067184 228113632 346497988 575718208 123289075 686145807 691249051 671297034 145107234 565693528 122008720 595180058 367743613 561243427 518927136 512979713 823569027 156168103 571245872 606607565 650996047 105398897 414800930 579575102 419739179 908193641 128924894 527443253 81946623 169173446 689177932 708013807 397287077 54598535 117325751 
520576152 555415463 808574801 25466922 700522696 207862065 147475641 314625369 575605677 523390189 833552504 107508005 180552952 8643221 493424998 787160517 474310389 598823894 35555183 72808105 833234195 943748823 16404120 194271184 840366567 185577566 883449115 381974110 397535764 752718771 499299860 918111915 141727971 141468397 758249958 842250666 349330461 720396720 175798649 924936138 77380646 824022274 847115264 257933597 647336616 174133998 64016728 
