687 2 292946841
156391829 
181131499 
243847216 
79416121 
10921491 
178847411 
43661023 
13319506 
10788486 
224064233 
164308505 
155661363 
18358926 
59146531 
154430121 
215657635 
168859363 
193932934 
214946180 
29618588 
93451023 
201530329 
12080495 
48267879 
209034975 
147606063 
164326475 
156425947 
206694949 
41861479 
199537107 
70139936 
126137216 
53581720 
52700295 
40202945 
135573369 
292452398 
53522450 
146361854 
223569789 
120975194 
9076375 
241928714 
83265963 
66650734 
67783747 
252125326 
163727907 
185874165 
281743913 
257178929 
94457653 
196968646 
12499966 
206636866 
51627868 
79970679 
266207051 
258322816 
121832157 
172797316 
231606990 
247969372 
129523274 
187451524 
288172316 
265096642 
186957080 
244839005 
118511654 
117580027 
268958437 
30732267 
262652979 
59277558 
527239 
37489884 
214547122 
164255145 
223364049 
106488433 
31631471 
220965940 
10510237 
44131436 
134655964 
62138104 
124102114 
11060412 
223605158 
149078509 
183857727 
65409546 
7245278 
216525239 
252861069 
198561833 
188675039 
146871307 
53598235 
210330931 
167595572 
29609830 
241063197 
137301709 
284978467 
241590435 
77935832 
109722987 
16042978 
8353039 
216211419 
47674448 
132463217 
226721655 
91805884 
170263419 
192003998 
119052236 
181323830 
25806553 
268130745 
268325795 
91216098 
178520261 
191904192 
247221405 
84135252 
87632389 
4290109 
137733486 
201107558 
171885680 
70487554 
149223913 
212331628 
258610260 
1011745 
290267459 
75386405 
17054722 
201764736 
194742062 
64729170 
41281111 
31661114 
59679292 
114688768 
223665111 
81875766 
3065756 
152615903 
57059669 
271391550 
146976239 
138724169 
170348900 
4395042 
222859420 
161125527 
8685150 
263737145 
69286243 
180570830 
41277857 
121654394 
3099855 
203032355 
122666138 
420472 
181562998 
42865099 
105329446 
83358218 
107594268 
49754795 
115019332 
70417798 
164443562 
241828681 
152293563 
70653556 
101497742 
112497471 
49098264 
151618220 
251221639 
122591402 
156013261 
84278456 
186861167 
164698410 
55068759 
159291648 
248413478 
292437696 
280946041 
251513332 
202523209 
13809576 
155078042 
91139366 
252765754 
260407487 
174497583 
67413180 
213306520 
192661153 
40975216 
84803240 
141542993 
193268779 
155456795 
243040734 
12819408 
107699297 
4856351 
167185285 
230290698 
160869611 
251463740 
27349262 
228712260 
209676738 
186640909 
184178896 
209167592 
77784347 
142745387 
21888198 
287685003 
4876587 
113027563 
247503915 
168428313 
190669385 
218061334 
88787991 
90383696 
259036549 
76735470 
231926688 
62502725 
135336503 
85164820 
271413212 
243035800 
286112250 
145651655 
83523895 
154035020 
7312793 
110873157 
89800438 
216989530 
4567224 
177123572 
133210280 
278442651 
26922117 
155098477 
273180812 
227889784 
171270279 
130882124 
6515494 
265083902 
55996616 
291394564 
62520756 
218177404 
75183192 
197591683 
280680128 
210519695 
185900741 
259146499 
63752892 
179066149 
14995551 
147276786 
236245407 
22308343 
161294181 
229190083 
142442111 
69005644 
113366814 
178796629 
54501453 
43433169 
237039345 
230826503 
174467191 
115362782 
68761785 
84126923 
87499842 
124758401 
82574646 
53164836 
49988963 
60902076 
153900757 
233813329 
174566009 
242945736 
200012986 
238318900 
32209283 
118152776 
288739925 
171598928 
43605357 
157087264 
107842170 
186047468 
226092907 
124353222 
71897255 
183738598 
70930629 
15989758 
121618259 
245397820 
34496778 
190380044 
36577901 
25140858 
218282683 
22296785 
274396774 
171415884 
83198861 
38494928 
112282371 
257764869 
184584903 
215439596 
106281167 
216794185 
40645530 
102074250 
95446271 
84250886 
259161513 
106432679 
173442592 
95451818 
133930139 
148484086 
279190415 
204860768 
67618082 
11006072 
60455985 
102114860 
104530354 
178124 
30399956 
29866195 
22474909 
11849888 
201282078 
8818008 
246435896 
216708687 
266582876 
138073957 
42345680 
79917201 
61921300 
82991209 
85135689 
60511809 
70386334 
247441441 
70088727 
146973164 
49946417 
204018865 
2510408 
232281070 
115932791 
70128490 
243287141 
176388775 
75387588 
54870653 
176566899 
105787543 
280827927 
102186046 
20781670 
92307402 
111004053 
267217565 
16069248 
84640087 
112344680 
58414927 
67701527 
77410218 
44550375 
152837215 
137922026 
18080947 
10476053 
111154991 
68198349 
60422469 
22227015 
70708757 
195847778 
41304044 
43981485 
49332316 
217692819 
119369072 
7347208 
4457115 
225156614 
191319373 
106643160 
245938283 
283626775 
217647212 
220209006 
202840261 
205431537 
235697924 
164399426 
273133063 
20161300 
112094039 
36167676 
61227565 
33319224 
46643728 
172382555 
101517573 
10210436 
194609569 
172226329 
109202452 
139057852 
216207813 
61679006 
63803829 
238721123 
69026213 
264352023 
170930895 
260345586 
78048341 
27066576 
154169758 
198839791 
150419820 
64063177 
111324486 
93170903 
131606841 
287601788 
113332202 
243700880 
30822622 
174559766 
277020103 
273557429 
250086560 
85590834 
186912103 
54893526 
160961401 
199258793 
193951377 
84222372 
260937799 
257755205 
226087733 
37017170 
132304625 
104071787 
200506994 
210352965 
34282601 
61729910 
19390153 
184702420 
28937325 
130714639 
277873322 
160544166 
125369585 
1402922 
14442443 
59336445 
79106926 
291462545 
236038112 
36246644 
280197618 
33147613 
91140170 
148212177 
232406405 
285091546 
135578788 
200397362 
153044149 
68719679 
140558771 
285348773 
75935704 
48118923 
105899136 
110218304 
12993072 
125289288 
198064963 
41930396 
159148165 
182991443 
202474561 
187661988 
87538603 
216917003 
246998432 
166645529 
118576946 
93233942 
202892172 
105827722 
126381554 
197176580 
254039898 
261932197 
189321285 
292762924 
169382718 
49418592 
68535762 
16994647 
237911603 
47615704 
261204649 
50863897 
157834008 
274197720 
79297424 
62952129 
219272355 
238445588 
149087810 
31944313 
133160735 
236626413 
248861316 
283303405 
13469339 
270582500 
279681585 
119505749 
83463380 
16260536 
23735488 
240647516 
278192733 
213056772 
143607838 
57772848 
165619602 
212143599 
270858574 
13728602 
259759302 
239116381 
64592499 
27790707 
123511499 
47034161 
286833915 
49837012 
285479748 
142974884 
81781324 
28837880 
282745535 
233786878 
215285524 
199359112 
211422536 
202020267 
25918019 
198030154 
218280803 
49653506 
48875068 
106670933 
165854516 
192482905 
164443780 
234618356 
14823901 
142355512 
248346958 
177727441 
284616131 
19992615 
108662387 
115180788 
263117855 
102549460 
165017799 
158795000 
148668582 
149943362 
187632880 
41611514 
90783398 
13115801 
240970625 
205350173 
215136067 
266888644 
13577724 
43614267 
219686388 
62452791 
150285199 
288685143 
158079934 
217873217 
230356657 
76048073 
67281887 
185756773 
156919753 
58951177 
108893626 
265582139 
77276203 
79064639 
271275837 
145438241 
237859639 
126997578 
2434761 
35689916 
71753330 
289309238 
48805716 
19777114 
201712569 
167086021 
189809996 
118434532 
113844527 
19693781 
84031561 
167273964 
15432082 
242111495 
92200340 
245788739 
221303806 
62626465 
41742909 
281367797 
24721880 
150636535 
254003094 
101998083 
229701173 
135476329 
247436323 
77758209 
165618145 
153015322 
16592363 
237371474 
149377718 
261489158 
160292826 
254234526 
38772577 57155980 
79722216 152617103 
76849761 163753776 
223035305 288372922 
16062668 218379883 
144359058 140510713 
281006348 186101967 
128931668 12781386 
43791660 286079001 
17923707 176637071 
128608488 168504268 
157539519 1279791 
28572748 174131881 
141795503 81094705 
142674198 9141488 
42382389 84591013 
66297467 25248843 
140352354 46291466 
189002618 70440817 
237808627 205065286 
288820700 89220843 
52629157 180024445 
275322809 84705063 
192805830 26167627 
77837222 113873776 
105948937 206445709 
282378043 263488455 
110869738 214095030 
144673494 252665241 
2242893 190491930 
261806728 44625281 
275082942 231248433 
69874123 122488454 
180684138 162020979 
96073510 125545923 
270230503 91947368 
214766765 226003898 
271971812 100286972 
17762120 74975039 
29598837 95599341 
91993053 135547773 
205189289 81424255 
106089386 23112185 
2572443 153907119 
178921664 200906415 
51452207 50925789 
245531695 229679388 
282174222 218550056 
255312080 73055757 
283715273 58438748 
198601679 260998935 
53530354 23565841 
194055991 228646404 
123852812 114962349 
206765682 56595888 
210561690 5811893 
192143660 25948376 
283327227 5286205 
245151640 189043908 
62337562 131126463 
97003481 16934007 
182052251 245679414 
149757633 74423870 
74426867 112122872 
147479626 65195299 
73705858 249225543 
33247392 30380451 
272791384 130447621 
162171093 6841593 
245409970 75989933 
63437480 66169057 
277892906 158725379 
92117432 171417530 
67155822 44322230 
67514597 129493383 
78592931 67662316 
146427389 163789421 
20394889 3238181 
238213290 94821755 
18505291 288837155 
63161292 288302228 
245115856 96408683 
25735837 128104637 
130000543 91051169 
38090469 82463671 
70185340 4672187 
148632727 55131404 
163397565 143894397 
129693173 230553386 
188216626 197207769 
67099927 169953796 
168014323 116671555 
40796375 188409211 
119909735 182153903 
186375205 41559264 
81188455 249536496 
36914650 33357470 
249089418 62650487 
64606345 86143119 
56845894 102696813 
168606789 127031233 
107369000 220383754 
182162637 270766564 
71331309 215000048 
208373109 162692173 
22405214 178617274 
39699127 190419536 
2341987 80495501 
85881906 25395960 
165793643 175401349 
66955223 246982097 
131991003 103869873 
183483805 88133579 
69664598 248090150 
174276697 126510491 
253931201 246027724 
253541723 264444439 
173464636 45901757 
242264162 244795944 
260901804 60834668 
17685515 283307017 
142596180 57384641 
180779712 144938167 
41024381 169805856 
170334126 206818023 
52260363 140433588 
160853278 87395604 
244303460 247481322 
175529183 217112296 
202624630 252950118 
50675945 66753228 
206031001 207361906 
38250826 282639875 
156407902 183659226 
137633217 124362864 
147638132 155318731 
17867279 290234311 
212703371 101791229 
142225636 253727751 
271597084 215704001 
70743171 227001685 
63190747 134740688 
21450447 210638445 
89275168 196979629 
134803899 195044036 
60127145 88624082 
261797263 169302384 
3039146 7101247 
158995417 62591286 
190760472 3681792 
186954150 45451762 
62144761 107965667 
238830312 274848132 
209756895 88109106 
138773280 91551376 
206957345 209516451 
25606219 173292330 
247401377 47056665 
90983933 43729703 
147180533 128932070 
238773738 207307677 
217556151 207624159 
83663219 123739536 
117869645 145802874 
186330821 211774355 
52628905 276429209 
257226117 114773665 
91448034 106253826 
292766035 204349167 
97507170 138592474 
2953701 11517674 
251253163 28559919 
87954242 205707698 
75616584 178938175 
152581639 125941355 
211014483 98408535 
236393270 135623793 
209176932 223200727 
162507567 34099735 
76056759 251982626 
245874090 128685663 
235464994 113297604 
243459328 230057266 
219551429 146422760 
141459592 24111757 
285015233 144413292 
231720510 146465793 
76117450 26727911 
255317729 54878272 
108810324 114952526 
180819626 26877965 
116505299 27410293 
65645996 32735390 
250611019 131297801 
262926204 33720936 
90333586 118997691 
65550838 228942818 
135439533 212154404 
69197481 258135200 
65630322 210657072 
185391196 57698714 
258214603 124164864 
107308745 41385211 
54037013 69679633 
292354562 65991575 
87776397 83371585 
92869540 204281696 
110781877 61659774 
140161324 68446054 
192957575 110140686 
102166989 283291160 
132282616 167717826 
219287136 267722148 
86925388 288484616 
232910507 55699949 
109339086 125354861 
16542901 270697927 
152663963 123851645 
215227376 109845215 
96675516 214635096 
175836789 184451913 
5059839 268706328 
95786767 115841715 
37419261 235948090 
184287768 133521074 
249233014 189598995 
123865392 88568788 
260461060 246296766 
63344095 250530686 
144978779 199398840 
13283793 157462103 
227897939 29826693 
135213188 283706140 
56822577 57493722 
100604513 153498092 
175273056 276441302 
241094243 83477133 
155345027 240025248 
102463086 95908526 
86170735 286750853 
229429599 42456908 
86547246 256439229 
34169934 250152544 
112933392 658267 
207736388 257912171 
200057106 124164420 
122427432 38152442 
57135351 160784859 
28911741 113957927 
121422819 32660492 
170600258 3749034 
212246032 118747659 
283317246 74644218 
65826066 92833491 
73696982 151996800 
282728582 206270820 
97597946 76328986 
72907446 131767880 
33534688 185840838 
132426146 144415315 
150806167 235627491 
268579734 176377837 
273779932 228859323 
44215854 205835911 
49870409 68782912 
238496403 123614905 
268623025 157795593 
242362563 258993429 
135584049 211332867 
58880078 112425270 
266473906 244752899 
221840328 71125010 
28135043 1800932 
202892889 257760811 
187641769 238463274 
12373523 241592174 
181143923 184097495 
28167409 65121252 
120009976 268474342 
270957163 73024623 
44310412 119650963 
196639527 19986595 
277446555 49199488 
182124263 23228002 
260532354 144148579 
135653271 234059418 
95954636 64546757 
12237587 27233918 
66347688 118274714 
188138967 157133696 
259882226 200512489 
8923267 51223546 
287754222 37090675 
116344798 114817356 
12618176 290446199 
90986218 253019667 
117150320 287625744 
176150501 4794272 
43878390 65327922 
28022273 11463903 
209476500 66819782 
148667559 208575375 
131366538 64049384 
235809292 100858465 
85468337 131001417 
161136399 52403721 
234658144 170059665 
6771506 229465524 
110294579 123116303 
247427118 26056993 
23759899 45466494 
182220898 44054457 
236236477 65424557 
48848728 280114866 
33896717 272962081 
194723007 146517456 
46835021 246534805 
62145989 81345798 
17637347 5008439 
85348501 6249922 
39154094 246484899 
58653643 176956476 
26741961 65425148 
113475158 40180778 
91685689 264046514 
66237770 18589826 
212657247 248458668 
62644282 155946882 
217027463 14637248 
46259145 250924180 
190743567 144126391 
104494794 140722827 
858593 166640782 
222068624 18495939 
74793459 210561363 
24745861 17091791 
164099420 279490583 
194048266 93985619 
248059969 210667662 
134166397 242889896 
181767334 103548405 
261479721 4621978 
255151311 227268241 
160568859 82376172 
145049727 109972243 
40353510 42846453 
157242872 47992542 
183569279 158101464 
117777562 15835300 
79741641 192571020 
226396662 7631740 
112807049 693479 
287122322 13908473 
94679097 145379688 
224576134 131989732 
95322742 16540865 
138682376 259946701 
21162843 4031084 
194268100 84875940 
86407255 46370986 
97992421 126760764 
285308518 255235292 
77897544 79075194 
120389914 195675105 
94910493 200131555 
95299283 28360313 
207763294 208106331 
225144871 105083014 
125159042 222968206 
250462701 56788334 
258102177 248929682 
269420279 103837711 
119073780 290583121 
11013033 216486119 
278603299 97420288 
166001343 83648879 
127325290 158363019 
45937329 205222834 
237438212 69471482 
107951097 39401863 
269603036 106394619 
263853255 87563727 
217645188 99195523 
192646740 49857389 
29216887 53306839 
9789961 287319063 
9289679 279210239 
1354171 31507697 
179990757 12367204 
247993815 68791454 
12931730 121048316 
152440332 140257019 
279411334 101521899 
248624091 127046943 
170993380 63628347 
69593044 50793813 
170022965 236590537 
138357540 290812391 
42839218 38057438 
47722938 268147185 
287455356 253603979 
165663645 199889273 
143011615 70162055 
231396970 226146611 
82529258 186443943 
1991223 291552067 
14545418 57575793 
42006483 197100990 
159097691 290630574 
227292172 233235310 
61312079 3938374 
284029122 134479282 
240528911 32584059 
132344831 186512367 
70641497 83212008 
161712710 261241091 
43869145 34429514 
168183523 90024998 
104591568 106633651 
23224767 90265064 
196221832 25215989 
284961369 113911488 
82791781 34021010 
214156717 145033711 
31704742 148502047 
85322179 289107900 
152440420 272495539 
33784579 3166728 
12132757 69273649 
189679095 278865333 
152485656 254536043 
247159582 99499039 
288965556 122396263 
189524036 3754521 
132174152 212748803 
290110664 231540223 
141109030 282125191 
52504869 223900811 
23199360 266661585 
272078760 250995181 
25361029 64454097 
247156240 80945688 
44002794 280940818 
84112415 252226630 
57267625 176935748 
238145121 112897519 
138524950 192357862 
212396557 37687903 
217898363 12117991 
41442424 253216754 
128011032 38606246 
191810135 269120061 
223875676 147459242 
103218269 247075035 
24318225 82350187 
108267613 49679253 
49948522 62477011 
130624940 290042396 
246562068 214737355 
249322184 206973931 
1870500 194520464 
26924609 140395449 
290022564 142465404 
178083352 214974085 
57727633 219525775 
78388236 185738664 
161276259 270198370 
161911884 92205093 
124710771 265130152 
242424366 149028995 
250624578 57745138 
101852486 7626258 
23366387 232477426 
4721812 173072693 
57412178 157188235 
87099783 59282677 
58761857 17168630 
199678126 251928659 
62778272 280905716 
173955902 23650144 
207484649 252344138 
209388807 271905146 
132739905 274444929 
267254478 160594914 
246628240 119876241 
212768147 107450215 
80765617 21673792 
115076472 7276243 
157295456 22942523 
180348935 214707633 
180130757 170592956 
177134548 142036852 
90905824 279956912 
101018669 56828335 
267915786 178118809 
80478478 85597832 
40660344 289867284 
260647217 76544488 
174509611 234954853 
237139401 31335248 
61884252 156960707 
138785462 142649869 
178634498 253861933 
149926111 42983112 
179948694 233419284 
160834983 263223689 
111065399 241113769 
112313699 105115461 
131268079 116476606 
161943795 106237023 
197739654 145566511 
94979094 238399997 
45631193 62679469 
21997643 220140803 
4687480 162281283 
251476050 262662811 
26295148 97314670 
15510077 108073884 
254320841 68580426 
54201234 141322694 
9052869 118180455 
14743780 23262506 
66347382 127057479 
31522205 197615460 
146678323 193466000 
206996722 51471135 
46085669 9028974 
193015371 91716861 
267799522 118157252 
18910822 175631240 
280438534 270386871 
145347209 13786840 
270845779 64001525 
25004962 232219779 
132581950 79206195 
276686711 44779057 
197386649 291430490 
264132642 263734031 
28685366 2708006 
71546888 175363689 
196174005 278543609 
129979062 145403912 
190716821 30047591 
140265012 165569501 
51349082 62320072 
48253899 38840774 
235851182 96745347 
248718694 213750119 
160746871 273723655 
153023056 196473059 
59983009 39907164 
144396355 257369657 
38390813 115582155 
131301085 67076178 
118290160 105992212 
145584105 217608403 
91588979 275563167 
266156554 185450039 
208754996 113474724 
58072698 260104077 
175794795 9470836 
202089090 118699135 
9360421 157860942 
235593493 170107291 
138637755 95669707 
269724588 101765002 
38721110 121174101 
262278898 77111922 
236756256 100633141 
47332338 258190654 
206625352 192916443 
182852216 201358570 
175532768 59206167 
289952847 287432002 
172680890 251169783 
254589238 251619923 
260640618 163731486 
77372217 270001038 
224736666 20018868 
50305726 266518659 
18832813 223174553 
75336820 253645002 
51401812 44668876 
37810082 191302306 
48446255 85142420 
156546119 158215846 
181203101 242542573 
262718654 259880107 
8801898 259724659 
254365267 84627026 
217947600 119151902 
43300107 88785616 
186027626 23816562 
261930892 117817450 
239926509 215380857 
91389268 161903561 
145608568 69870326 
122601721 100154618 
17683440 63556042 
291456924 262220774 
148698461 58200440 
30634017 233045800 
203887251 405829 
199979065 115833387 
163274726 161397490 
200460412 88275485 
280549392 146904757 
80205339 173630176 
170721319 245280469 
194591865 117700986 
167714484 189125371 
279604546 216467290 
258995696 12403665 
23675067 276679135 
75959706 218276229 
149097306 127802405 
276476668 179731323 
67901363 90561316 
180137151 267880427 
206394702 50465036 
39475314 17052511 
41884759 27077864 
163957267 25234336 
103852279 41731744 
270514804 201588382 
62576969 48426686 
97766911 245325753 
264893975 63815765 
257729417 288569041 
243639138 40742281 
213898428 99789602 
168544685 100572493 
182665163 236446047 
94278047 69855473 
114523871 203816987 
23464747 153999185 
220869497 261440585 
84221287 91879923 
189819159 188073565 
36755905 70531360 
96715105 2477112 
118958045 97626254 
247802865 90905179 
161442018 212585440 
282618458 15278553 
156471960 106714284 
18212394 228160883 
207286776 200877556 
171660089 204709062 
173877267 189328198 
115579207 100486252 
50380541 43501863 
68979995 134601828 
38526024 161943392 
225819631 271373008 
232474752 29587895 
273850120 58485955 
30358387 131850382 
149391133 191800405 
247580060 42206989 
110223196 111105178 
148921272 128435589 
46319220 63261206 
36366304 121123547 
171114506 113387809 
17504903 286693713 
213874061 263976524 
233339814 282854055 
105631510 175010076 
54994845 38504299 
153436242 287469596 
264183273 37483759 
53008709 1594819 
72478379 105544081 
96539462 27111598 
147751069 206762657 
41361014 3725499 
238342485 283771313 
263077784 274708788 
15092257 44389688 
95149755 228688240 
38136559 212168054 
199717922 271476372 
105219507 208493670 
56683845 160214351 
246997968 113264325 
