6 24 323069017
145175833 305901007 22013304 77777804 183259725 77583036 196286438 31623374 316220501 319879768 199816427 216912551 215826133 59104632 257538771 38819875 302414775 71252236 150474138 310923907 76671727 257006406 12488437 
38383772 103784547 183478021 303921542 207328720 17092350 289514496 84906676 276267653 63276939 106919979 30976439 37467117 298502486 18193330 69090491 82584423 129003551 268906917 299496974 21760667 118942002 233966727 
60580541 98287759 96149416 1985132 200142119 172821142 258991537 212630555 2135367 39707066 73039558 306056908 37966240 204131379 63432840 122872915 157330014 126709778 20723347 188306453 164176895 110156286 320499253 
233267385 192740709 126433787 293104755 169168665 148194453 88977739 194065845 322774464 301264968 81145714 1690578 178338069 44897309 51612568 67899607 47032676 91319634 254938635 144020037 129285873 136000996 207452877 
43089241 293331010 125093108 177812058 272567916 80200456 287968344 269998151 104398294 271639506 73362920 74434031 231738624 12487826 163411769 102735451 12193272 141607719 297880635 127883320 110876242 19708926 179495888 
292775319 66741601 61745975 224644936 210761638 191031847 151576386 209144968 25051541 121838378 11169058 202863598 185336747 205368985 281762395 246265351 309767278 230332883 110558725 61132292 139002489 123046550 15474514 
32668393 249239293 157082233 121479481 54053595 58888928 141188407 24479936 28595229 207930007 86225910 253240164 209622098 68188210 81747532 209697519 93239750 317585380 11797031 87033802 293852580 217166015 159726650 217048914 
203864275 180989987 4538621 55927020 319992475 127585170 71401534 143591322 167754916 19414220 265070802 221808511 78303147 197189662 246288446 220897846 196050123 9445339 265068463 82603203 191633019 137746449 292300722 284872769 
132262811 304097752 162837024 103046374 312194220 113494127 111025741 192989477 294484113 115564361 39846951 82338025 34079984 225247955 225929346 201834900 244662174 281930601 214573864 113895774 156051246 137793292 125724073 29032351 
261238101 67723518 225635024 129802103 205469966 308866199 205605325 128663231 80825387 159372802 22640058 69950589 272866928 133665798 53870520 244282024 249230158 93717470 3551031 74240595 318965424 20410830 276075494 31489034 
302341430 167580340 259384278 249323129 96304086 62039333 278355479 148472640 129762850 294920957 278274742 12163799 280718138 274810520 140827029 38474508 111114304 163467086 222424567 174911686 88063337 276295086 96124692 14224477 
