232 106
11 199
269 278
68 189
70 87
91 278
44 281
143 247
127 285
19 76
44 162
53 276
121 190
165 216
202 276
163 267
104 242
166 253
27 202
59 276
112 273
8 203
49 257
130 199
105 257
95 210
111 267
147 212
95 283
90 178
116 284
27 272
132 139
227 295
102 207
97 228
202 264
264 280
93 276
117 178
87 212
140 292
109 216
38 69
92 291
211 215
13 266
55 153
97 223
37 144
83 197
60 172
157 206
135 183
93 209
78 235
35 218
98 271
35 232
203 239
173 197
113 222
178 225
114 241
67 176
70 164
147 156
34 287
6 120
82 230
68 287
85 263
74 264
13 274
31 168
39 210
20 194
156 270
130 201
51 160
120 231
4 201
84 197
56 297
57 206
63 211
117 298
43 208
149 246
104 252
144 231
92 193
167 243
21 198
214 295
57 252
243 252
11 253
24 265
164 179
175 192
236 282
88 150
153 218
4 291
94 300
3 204
95 209
36 239
33 282
67 117
122 215
144 281
22 225
4 250
119 126
45 164
154 231
119 267
224 282
49 236
164 229
11 215
97 235
48 108
8 282
227 296
285 289
81 216
161 275
78 139
22 62
127 283
19 267
35 221
44 247
85 268
235 263
71 115
118 235
140 263
9 210
130 274
31 74
10 254
232 251
80 217
108 225
88 120
13 221
87 205
20 158
98 263
27 177
75 290
66 69
47 241
11 231
63 279
46 192
135 276
74 197
81 255
215 271
176 219
199 258
46 284
130 184
152 203
117 212
115 289
50 93
132 284
18 266
177 225
52 243
22 273
72 255
86 216
110 116
92 215
50 68
26 259
54 199
224 291
63 234
170 256
78 82
162 270
32 149
66 284
286 287
68 287
34 138
161 195
107 289
9 23
44 277
125 195
25 258
16 209
97 292
29 82
6 282
151 203
45 179
158 235
79 238
27 234
170 218
16 272
169 249
98 168
16 243
65 95
64 267
103 278
27 191
32 223
39 268
131 255
59 209
151 243
172 296
201 267
176 219
84 252
71 255
156 204
35 90
133 207
75 99
161 283
