276 114
150 254
9 203
96 162
4 193
109 254
32 122
62 255
189 284
98 221
47 114
86 181
8 193
7 240
50 151
148 236
62 279
8 259
69 217
92 94
173 244
66 248
90 182
8 285
33 79
2 300
8 284
101 140
3 164
2 169
2 174
52 254
4 123
4 195
263 276
2 244
18 127
26 36
3 235
92 220
6 251
6 160
7 268
46 112
7 239
163 269
64 79
232 245
151 283
184 248
1 108
66 72
6 224
84 160
129 189
27 116
7 195
4 250
78 231
189 254
134 255
127 266
58 138
7 279
84 211
7 108
85 162
80 85
3 297
6 114
63 295
203 211
11 258
3 109
119 163
1 135
131 218
132 207
1 116
6 202
1 115
22 90
8 261
28 199
201 278
1 214
3 169
5 280
110 256
66 212
4 211
6 244
3 145
281 296
6 299
4 124
8 224
7 131
40 244
201 212
88 134
91 109
198 277
95 284
70 112
5 166
81 277
14 234
49 292
2 224
151 255
3 235
212 241
2 281
84 173
40 226
8 115
28 229
92 211
7 140
4 293
257 281
8 173
8 109
182 259
2 199
141 184
39 204
172 258
87 142
90 273
283 300
155 215
38 135
88 208
12 178
111 235
226 282
15 292
82 249
53 300
8 231
8 264
4 259
129 287
4 236
168 254
8 120
64 201
14 138
1 136
10 232
5 203
3 268
75 266
3 278
17 113
69 203
1 227
6 125
4 250
3 208
6 256
47 210
132 141
14 168
27 112
129 292
6 246
3 135
87 289
5 114
7 279
205 275
198 244
236 289
7 278
31 191
5 265
29 38
73 294
65 86
8 260
89 206
117 141
4 198
2 202
5 145
196 279
231 272
8 139
3 115
35 172
5 228
28 288
95 156
164 249
88 223
2 293
96 255
1 143
6 199
1 252
1 112
283 284
102 187
6 235
128 226
69 134
179 280
3 198
65 66
6 160
102 132
55 77
2 158
4 288
6 211
81 291
251 296
34 141
3 136
49 287
106 161
6 278
68 99
3 105
82 87
158 166
1 287
6 194
57 190
7 102
14 81
57 250
8 281
75 199
6 107
7 176
1 266
229 252
3 178
4 148
4 114
4 149
101 229
226 249
3 95
199 296
1 117
50 117
4 119
7 53
212 232
161 184
111 166
3 160
2 201
4 198
5 160
2 222
58 159
156 256
142 269
5 129
147 199
142 158
7 273
275 298
8 164
190 201
6 274
214 296
5 229
194 289
5 162
6 266
