156 2
172 208
136 283
87 124
186 236
190 273
52 69
26 255
206 255
106 298
6 64
44 288
80 106
108 131
49 264
170 206
13 60
252 293
173 257
109 216
97 108
199 299
234 278
278 297
185 297
219 250
108 222
193 232
86 178
210 242
22 70
66 290
3 157
241 274
79 177
103 154
20 170
221 267
136 193
160 191
216 259
39 62
159 193
29 155
104 148
43 286
54 91
4 204
86 94
265 296
138 284
269 275
74 280
66 211
13 139
35 149
65 82
98 296
167 223
275 284
13 144
13 16
151 277
70 273
85 187
39 147
82 224
67 157
6 278
45 55
47 167
80 131
53 237
62 135
83 233
159 164
263 280
9 187
39 106
9 273
94 122
107 177
55 91
50 185
104 198
61 245
96 285
68 186
22 61
136 246
12 230
67 170
58 115
128 269
263 275
96 187
104 191
171 223
73 168
188 261
165 251
104 131
109 161
79 253
13 211
48 138
130 287
98 295
64 172
6 100
64 155
108 251
150 207
96 126
184 193
120 121
219 223
94 104
133 157
50 118
65 243
204 214
163 296
25 99
219 222
92 274
196 214
148 289
69 280
94 246
196 210
124 193
136 180
102 263
56 245
59 184
135 206
173 204
119 178
28 115
3 78
205 243
84 253
24 72
39 180
58 118
216 283
60 254
158 234
87 165
44 205
149 262
62 192
276 277
148 151
1 85
166 231
