134 89
5 282
42 300
46 273
60 287
57 292
53 299
92 283
75 290
59 182
32 284
50 262
221 277
75 262
137 295
75 259
146 244
153 233
71 117
38 276
79 115
80 283
13 260
56 290
49 77
28 287
46 299
62 236
80 281
49 280
66 180
21 102
44 267
85 288
149 212
52 140
92 277
64 83
61 286
32 292
1 263
91 277
37 299
44 298
14 228
64 297
38 272
43 262
43 276
82 268
37 297
45 288
12 260
83 299
91 263
52 160
87 288
175 242
120 289
1 290
40 291
12 277
76 286
23 292
33 141
103 149
70 298
71 172
198 286
52 288
70 264
24 107
145 242
70 284
29 112
43 291
80 190
74 271
86 269
35 259
97 286
13 18
276 299
21 263
182 228
95 252
58 293
87 271
234 265
47 267
91 300
18 104
39 297
15 267
91 285
23 284
92 262
200 213
73 84
84 281
31 280
96 268
61 298
97 290
35 252
14 291
44 294
70 280
57 259
66 258
83 299
64 286
1 277
16 286
180 264
13 258
86 261
72 288
90 263
49 235
53 259
69 279
6 114
41 297
7 255
37 267
13 299
99 298
30 163
198 245
76 270
60 299
97 287
175 299
10 254
