295 22
24 114
43 222
193 267
109 220
37 205
216 271
76 263
189 268
100 269
35 174
87 111
32 180
151 288
11 12
37 61
27 104
119 154
70 218
86 111
161 172
116 259
114 153
6 66
238 300
210 273
8 249
53 231
120 275
111 235
82 261
242 283
72 129
97 278
50 150
225 284
22 32
126 262
53 153
110 217
107 258
80 115
88 180
7 71
37 245
203 283
45 263
58 188
29 215
47 155
13 280
72 114
77 181
174 186
260 294
20 155
205 281
34 142
144 248
154 225
33 182
88 210
111 159
23 110
26 99
42 251
6 296
57 184
3 252
183 199
257 291
14 299
75 139
81 183
74 135
186 257
34 255
44 209
32 42
19 259
23 220
196 208
228 281
37 253
32 208
106 230
71 207
1 105
24 215
75 264
236 249
88 212
39 183
56 216
22 146
16 207
27 108
158 197
28 107
108 249
130 268
153 227
230 261
221 256
121 224
17 30
136 228
195 244
176 177
231 285
67 239
202 296
4 72
101 217
168 237
42 174
124 227
120 290
110 186
185 289
2 282
60 155
198 279
143 146
124 295
51 299
13 93
30 176
185 263
54 69
3 108
93 156
196 289
174 279
25 196
48 50
3 203
45 208
194 199
19 87
173 196
7 162
136 196
36 207
34 63
85 194
101 152
28 172
175 248
5 100
13 30
15 249
61 157
8 116
89 219
1 8
268 288
73 92
226 261
91 211
113 223
29 201
142 273
5 118
177 198
44 250
42 104
116 123
110 227
19 299
222 251
83 115
154 239
109 195
18 157
9 127
106 154
32 276
37 253
67 200
158 221
115 265
29 175
143 164
207 248
70 238
242 252
33 70
119 226
8 226
3 116
139 184
176 243
147 171
127 179
75 91
56 278
162 167
14 134
18 107
24 245
49 222
100 281
217 226
60 277
92 163
73 164
42 270
1 76
83 243
119 120
74 93
236 296
50 220
34 122
91 289
123 272
149 205
77 171
93 202
15 297
4 250
90 109
123 241
171 263
2 252
31 137
138 204
2 245
63 225
91 131
207 251
111 150
164 193
13 287
85 186
102 227
158 199
270 277
109 262
27 204
58 227
52 268
84 216
225 273
83 277
240 260
52 129
73 216
4 53
102 156
193 198
165 206
138 283
74 127
1 249
23 216
105 248
46 116
127 148
23 71
99 261
27 289
30 193
135 186
125 219
102 207
59 206
177 281
125 258
225 259
87 90
74 275
64 129
35 262
12 145
167 189
52 209
125 240
84 153
77 209
144 274
67 227
229 231
235 245
127 138
86 178
98 291
203 223
94 187
212 282
132 278
62 201
262 271
90 155
14 71
