97 46
36 164
52 141
65 295
115 129
20 229
16 156
253 290
58 294
128 239
27 189
5 152
47 230
38 300
65 281
149 298
69 132
113 154
181 245
187 218
89 172
20 92
16 147
3 142
47 275
7 294
268 288
180 228
59 295
15 298
169 198
32 120
283 293
38 87
2 124
81 130
40 126
52 176
74 236
159 163
11 263
37 256
44 156
61 266
114 164
3 219
196 291
38 207
27 136
8 161
212 253
18 283
68 72
206 212
61 200
21 263
60 154
14 203
174 251
85 131
26 144
30 151
88 211
36 266
233 273
3 234
23 252
71 238
3 193
25 228
183 295
38 186
136 207
34 179
94 287
179 197
36 204
176 270
47 208
52 215
52 196
16 123
6 196
27 226
16 243
138 173
57 220
277 281
35 214
45 170
95 266
66 274
36 195
191 225
35 287
58 240
213 223
70 152
