265 230
3 266
9 260
8 225
8 293
2 256
78 111
9 212
7 272
77 145
8 257
6 227
1 258
5 229
9 296
1 216
8 235
2 263
1 214
1 298
3 297
8 207
4 238
8 209
5 206
6 225
86 137
3 237
3 239
7 269
4 243
6 280
6 227
4 244
4 227
3 219
132 216
24 235
6 284
4 289
8 281
3 264
8 284
3 260
33 102
6 243
2 290
6 236
5 207
5 292
7 232
6 263
5 223
6 289
1 290
5 212
8 245
7 225
4 270
4 271
6 275
49 52
5 232
7 223
9 298
6 226
6 233
9 230
204 270
9 207
23 222
3 295
5 287
3 210
3 205
4 288
9 261
8 266
3 207
2 283
7 281
5 249
4 251
9 252
4 222
4 275
3 223
3 213
5 297
5 254
8 210
8 234
8 235
176 216
55 196
2 215
2 213
2 256
7 243
5 283
2 219
7 299
2 267
7 231
8 271
4 221
4 212
9 296
4 289
2 296
1 226
4 244
3 227
8 257
6 214
7 247
20 224
8 255
8 212
9 287
1 207
9 212
104 105
5 216
1 248
5 205
2 288
2 260
106 222
8 205
4 225
6 225
2 267
9 299
6 299
5 264
7 260
81 86
203 224
7 258
5 296
2 277
1 239
7 235
7 244
2 229
6 221
12 229
7 272
9 272
5 265
4 289
39 55
4 240
4 271
4 244
7 265
6 220
5 241
6 224
4 245
47 90
2 252
4 296
3 235
7 206
8 271
7 238
9 224
1 256
1 270
9 300
195 269
176 276
1 261
9 259
6 228
7 298
9 238
7 238
6 276
8 247
2 208
1 260
8 214
4 249
4 233
159 188
1 239
4 293
8 215
1 242
3 243
2 261
2 285
95 203
5 238
8 277
8 293
293 297
4 273
1 212
2 225
75 170
9 298
1 260
177 300
7 121
3 212
5 296
9 247
4 209
21 286
5 273
7 278
7 262
1 285
3 296
5 289
9 254
3 291
7 266
6 213
5 287
1 222
7 252
9 207
7 262
6 283
7 282
162 214
2 257
4 258
6 233
7 209
54 231
8 276
9 295
1 235
5 290
4 216
8 209
8 293
79 150
8 209
9 293
4 257
2 228
4 209
9 209
4 298
163 296
5 274
2 258
2 209
6 221
103 260
6 270
41 45
4 294
8 270
5 206
6 136
1 243
7 239
6 270
