278 22
5 299
9 300
85 293
122 213
144 232
89 154
130 140
9 90
62 299
75 176
9 263
89 216
43 299
244 279
37 240
16 279
43 259
37 181
2 280
152 218
55 201
127 260
22 300
17 59
62 253
64 244
109 268
57 148
170 261
236 243
2 188
199 244
34 168
86 265
71 132
63 255
63 280
69 171
127 237
188 292
5 73
256 260
81 195
14 201
56 201
192 204
39 179
3 35
170 258
41 153
187 234
165 171
34 92
229 245
239 242
2 233
27 269
202 290
34 140
11 169
48 96
261 276
40 199
221 297
8 300
80 272
1 278
92 262
54 246
97 135
20 139
67 153
155 215
141 243
129 279
67 300
239 260
96 169
80 299
189 203
39 144
274 298
46 275
90 104
140 209
53 101
62 207
221 297
73 186
50 202
5 137
92 119
56 172
117 274
83 165
285 290
173 247
5 264
117 258
59 214
127 171
196 268
32 166
37 58
36 300
212 222
8 75
55 136
250 262
230 233
39 138
164 176
118 225
45 153
121 277
14 78
28 121
82 239
111 115
23 161
99 140
86 195
44 114
53 215
45 69
99 162
20 263
33 170
5 299
58 142
193 232
13 70
3 94
281 287
215 261
100 272
100 172
97 207
48 215
35 299
55 225
19 213
90 281
172 230
88 264
66 240
154 238
227 241
64 225
17 55
170 240
204 267
97 239
162 244
133 283
63 177
17 136
32 281
92 290
71 253
78 117
71 258
173 284
47 147
13 270
14 63
86 165
134 160
59 189
28 299
164 220
117 155
88 185
18 241
130 152
120 183
210 234
189 295
156 248
158 183
228 233
27 247
70 96
198 210
50 79
61 169
96 226
19 300
25 259
98 216
101 108
116 227
101 210
41 123
18 60
122 197
72 273
44 148
2 300
168 202
62 165
18 116
170 217
77 218
52 235
286 287
23 54
83 138
83 295
147 148
54 172
103 267
152 179
59 214
101 235
46 300
6 115
119 256
57 183
166 221
30 249
23 300
158 166
8 37
68 212
120 206
121 180
80 167
8 77
111 299
66 186
51 225
55 184
106 176
70 299
96 128
11 299
19 300
50 66
46 177
109 140
67 298
37 175
199 256
47 277
293 300
7 74
76 77
125 178
142 223
47 68
180 207
208 298
80 222
91 256
232 283
189 290
15 300
132 255
79 231
237 258
7 300
256 281
11 300
30 300
24 160
13 92
21 25
81 238
168 242
160 167
61 232
104 188
117 234
100 260
121 175
171 186
55 155
