264 85
79 221
79 89
18 250
20 220
53 273
158 184
46 254
78 227
46 97
198 205
35 68
40 114
23 233
261 275
70 285
37 248
215 235
74 210
84 236
43 84
152 243
70 251
17 110
184 190
18 183
87 248
64 239
191 242
46 260
69 281
63 146
7 282
70 146
136 172
126 233
46 251
102 240
134 159
27 111
200 289
93 147
44 273
118 169
39 290
7 129
70 289
143 233
111 253
6 293
34 181
48 290
57 179
61 114
171 248
80 210
135 145
34 58
94 194
45 291
54 109
254 298
16 242
71 290
67 237
95 228
7 231
168 273
65 210
62 221
89 228
47 178
10 176
115 298
134 235
98 108
105 178
72 229
21 243
133 279
9 153
22 298
43 234
28 210
103 136
70 279
192 272
50 112
57 287
28 283
4 287
142 244
47 300
115 118
60 180
214 275
5 274
223 249
15 34
180 255
85 184
1 23
48 290
24 238
17 196
80 193
69 165
141 243
77 215
83 159
74 257
138 266
86 275
84 194
9 128
15 50
232 242
53 174
13 68
32 262
34 238
42 157
182 252
58 213
51 252
54 243
61 211
5 159
59 71
8 159
11 220
22 94
167 227
13 295
47 64
72 229
82 290
56 167
23 92
138 280
184 237
43 126
54 131
67 228
9 13
50 170
244 255
182 279
105 117
15 211
59 256
48 250
82 165
91 222
53 287
155 266
67 180
117 191
72 187
36 235
236 272
6 255
42 152
84 153
256 274
32 273
61 214
66 215
102 139
58 231
220 227
79 159
69 90
70 222
27 228
268 276
11 53
10 156
240 280
139 274
107 184
87 92
101 289
51 84
18 271
81 298
146 196
75 165
38 164
11 299
32 217
41 45
79 186
240 281
18 286
103 129
63 170
103 156
93 224
226 290
42 88
26 153
53 262
8 163
143 211
232 276
14 168
12 293
41 232
59 280
132 254
116 212
55 196
180 269
130 222
187 267
50 298
55 182
100 207
32 235
13 267
181 202
71 182
90 221
26 270
48 297
63 165
83 287
61 218
66 237
155 217
13 135
75 203
130 285
115 265
37 146
19 239
154 299
142 194
13 184
80 186
228 288
39 121
39 151
166 284
23 248
96 212
103 134
18 283
73 112
132 244
19 174
79 269
20 274
124 281
12 160
30 215
73 244
57 232
219 228
141 241
8 38
56 125
50 161
39 207
