133 79
26 154
5 257
5 270
1 133
89 122
14 143
16 239
26 194
20 211
7 181
72 289
146 147
286 287
21 263
132 280
171 263
29 38
4 227
7 261
24 177
57 168
132 169
21 288
115 140
76 171
3 182
17 159
23 225
2 45
16 175
16 247
2 138
26 165
109 294
14 162
8 195
108 130
58 103
143 273
47 209
9 300
126 279
8 67
21 250
20 164
6 237
11 159
9 213
23 215
9 145
11 251
131 280
7 210
25 81
2 136
10 210
85 193
22 230
22 279
23 153
189 197
9 278
156 250
140 288
10 174
8 135
11 172
121 255
23 207
59 162
158 294
6 194
7 194
13 150
20 294
18 288
23 299
110 128
25 276
51 115
179 288
100 188
3 192
25 275
1 282
17 190
5 214
4 77
6 148
9 288
22 227
188 238
106 214
19 250
25 156
24 252
17 180
2 179
241 267
3 273
26 273
12 292
3 295
2 289
16 144
41 84
21 199
11 244
4 198
59 158
114 225
180 242
26 261
225 277
135 186
28 289
187 299
6 273
7 205
23 178
24 182
73 278
20 147
19 260
6 204
8 143
8 216
17 240
18 268
26 257
42 256
117 200
22 276
