128 26
7 298
93 299
136 256
46 276
179 217
68 299
36 206
2 87
95 103
44 299
73 82
30 40
167 242
185 200
32 298
94 221
92 298
20 58
126 239
135 274
16 38
14 213
31 130
140 224
61 193
41 278
143 231
149 268
26 300
69 182
76 299
96 298
22 201
32 48
172 248
66 300
27 182
87 118
263 292
66 300
76 233
33 278
135 140
6 112
203 238
82 273
175 237
48 238
99 269
9 234
109 204
15 262
270 274
19 224
4 297
76 285
101 255
15 122
45 190
237 293
90 278
34 47
95 139
5 71
87 296
37 279
74 296
103 106
163 292
29 296
182 252
158 236
133 268
65 212
112 279
95 141
51 111
46 298
60 177
18 298
13 299
142 249
57 233
153 235
11 251
47 101
18 296
39 297
16 233
52 61
123 229
45 299
82 298
228 246
81 299
15 84
177 281
194 195
57 107
50 238
153 242
93 297
71 254
234 235
53 136
69 299
35 81
126 163
62 138
113 263
63 284
121 265
248 274
70 258
8 263
30 299
134 265
72 298
150 225
106 289
133 264
200 224
31 220
163 164
5 62
106 129
129 241
51 56
