216 134
38 257
33 269
200 281
18 247
51 55
21 46
29 213
28 210
32 171
245 283
31 159
9 257
36 184
15 289
33 202
15 267
207 229
3 224
12 170
166 277
11 216
152 196
184 189
12 295
72 162
58 235
26 218
11 168
12 279
18 166
199 227
209 280
11 268
38 179
28 282
18 248
12 161
36 176
23 244
37 278
64 156
40 252
35 271
36 295
15 190
33 52
15 212
32 163
40 164
32 262
5 228
33 265
18 264
47 126
40 292
27 198
101 142
90 232
42 275
155 194
116 229
262 291
25 291
41 219
49 51
145 224
11 300
34 268
216 300
31 272
23 223
22 185
40 289
101 117
147 156
98 174
111 173
12 216
88 219
224 279
13 159
38 218
13 227
11 77
7 190
31 196
7 272
36 198
31 266
25 298
13 252
11 220
37 175
11 256
34 213
82 256
37 299
25 284
8 188
232 235
30 163
6 257
24 246
4 213
126 286
269 276
35 279
15 256
106 222
198 199
82 178
40 262
10 190
41 197
32 277
79 266
40 161
28 299
41 294
75 291
33 176
2 252
9 187
5 154
28 160
36 292
3 191
42 256
2 242
195 291
27 199
9 236
75 142
13 248
11 171
118 230
32 207
75 115
73 142
135 214
30 219
66 213
119 139
79 162
27 181
33 200
13 208
3 196
29 233
9 269
38 255
52 86
39 233
21 180
138 271
20 184
43 229
13 26
16 251
31 175
156 176
111 269
104 226
4 224
40 191
4 162
90 240
23 208
1 249
40 216
29 267
25 289
42 163
1 224
9 280
29 182
22 169
116 211
42 170
174 203
208 224
2 167
36 257
11 277
127 150
9 203
19 279
2 220
47 139
51 226
14 274
26 205
36 299
25 257
10 215
18 174
72 139
2 220
6 169
63 112
158 222
8 214
24 175
18 199
31 242
29 36
13 169
26 243
21 182
1 164
49 119
117 180
11 271
174 233
34 224
194 279
