230 129
26 295
90 279
132 278
10 290
126 262
12 190
79 291
56 284
88 291
40 51
45 285
87 272
92 273
26 275
129 185
31 287
127 175
94 299
10 18
144 246
164 180
11 271
18 134
76 77
128 247
134 300
158 190
241 292
34 287
116 274
80 150
83 286
56 273
66 170
122 290
111 283
127 279
11 276
91 299
113 290
32 156
110 273
51 288
56 288
231 281
126 289
120 149
113 284
105 278
55 281
35 278
42 77
50 298
106 273
54 275
52 284
75 297
56 279
18 284
87 145
3 274
67 297
73 176
89 189
32 237
90 279
126 299
16 280
232 278
137 296
50 276
105 283
262 277
106 278
125 272
240 241
137 246
123 283
124 298
30 144
24 69
109 289
129 280
100 300
163 213
83 272
141 257
55 277
4 294
44 291
68 273
109 292
72 178
117 278
78 204
35 153
8 286
45 295
68 279
122 298
229 278
112 288
54 284
71 272
4 296
117 275
46 182
43 255
69 292
164 177
124 261
132 297
58 293
21 284
96 279
1 291
48 80
159 169
57 297
95 295
85 285
5 273
40 192
70 298
50 286
40 203
52 276
240 270
24 275
50 168
137 288
105 194
203 206
53 286
87 276
164 262
97 291
37 277
111 300
49 279
89 235
86 258
67 292
204 220
136 246
87 273
25 144
127 273
116 283
75 225
45 300
67 149
82 295
56 289
56 280
133 285
26 291
73 295
184 242
95 295
53 280
64 285
61 130
101 280
16 297
1 278
122 234
13 295
153 216
12 289
59 285
34 204
6 283
8 285
71 85
54 85
52 254
4 206
150 258
92 214
44 212
128 280
95 223
58 275
111 288
40 275
196 244
256 278
30 121
209 288
73 213
59 299
62 286
112 292
120 270
20 150
10 281
72 290
110 158
141 216
119 289
50 207
125 274
118 273
116 283
34 140
67 290
27 289
111 239
89 164
138 239
104 290
50 119
61 273
48 296
164 179
56 289
106 283
13 298
37 296
213 275
198 224
11 272
20 245
52 278
255 268
19 240
60 285
59 277
35 82
