124 36
41 297
27 53
104 165
165 214
90 129
44 275
131 199
22 92
44 148
51 216
37 279
21 179
161 256
212 258
26 285
119 252
46 286
53 163
205 223
170 294
122 208
52 166
123 279
107 210
54 181
18 151
47 270
173 246
26 293
6 239
5 11
90 237
214 246
34 129
192 203
263 264
29 214
170 296
9 195
247 251
17 280
40 254
135 206
56 211
92 215
74 199
107 247
2 230
28 92
180 188
15 300
121 233
165 210
125 257
60 260
85 244
76 77
51 274
224 256
115 210
220 283
80 163
21 34
25 239
154 214
114 180
13 74
64 179
162 298
71 271
133 278
78 280
54 277
78 132
7 288
141 274
266 278
52 265
55 59
20 266
51 169
133 218
78 191
56 251
198 238
120 249
164 213
55 188
188 204
248 299
19 205
147 230
182 202
80 203
64 243
130 246
25 183
21 198
122 202
33 290
192 271
140 235
5 136
18 260
105 251
151 233
13 235
48 162
115 266
98 198
76 90
190 244
55 266
11 289
28 297
43 198
124 158
179 291
206 220
137 285
32 232
170 207
89 272
15 203
