207 149
17 282
28 225
57 240
45 199
57 87
14 296
194 235
57 145
12 283
6 299
56 222
28 221
32 258
51 203
58 259
66 161
15 231
47 187
36 282
13 237
11 245
56 276
32 196
15 222
44 288
15 84
184 201
10 200
14 270
51 209
58 201
2 47
31 188
44 261
36 257
67 151
13 258
18 26
29 254
77 168
7 277
54 286
16 229
57 198
15 216
236 281
25 208
92 189
55 190
56 200
144 254
14 272
5 49
41 215
60 246
211 241
35 287
43 235
1 192
1 215
54 236
40 199
54 275
36 195
33 243
96 205
2 200
22 284
189 234
58 120
12 227
4 217
47 77
201 288
48 288
11 255
39 200
43 300
6 233
121 267
54 221
49 219
39 248
53 280
35 222
12 195
12 277
109 281
199 279
47 285
35 196
49 235
49 206
52 250
23 207
9 213
70 213
126 214
58 271
47 245
56 232
130 209
2 284
32 223
2 25
58 263
58 112
39 279
59 194
36 291
3 192
60 299
216 295
46 237
98 210
20 228
157 160
9 195
32 275
31 261
58 187
52 270
13 212
17 234
49 228
35 233
20 209
25 193
44 224
17 205
109 116
269 284
20 240
3 194
8 299
44 298
15 241
93 204
80 188
34 200
183 279
48 295
6 293
22 196
49 262
157 251
121 289
48 221
60 201
41 240
28 234
25 285
21 286
47 246
47 192
34 297
41 197
26 269
40 240
48 235
57 251
4 270
19 198
20 242
58 250
142 269
13 218
22 242
3 4
208 247
19 293
34 258
1 193
19 194
149 272
46 274
18 253
17 280
17 187
8 194
74 111
127 229
27 196
9 212
11 242
63 172
35 236
39 239
22 294
165 275
58 215
13 252
89 91
79 186
14 196
6 223
28 287
43 267
55 236
11 164
31 201
34 233
226 248
3 233
4 206
16 279
25 234
