292 124
81 273
160 283
232 241
203 217
14 278
135 248
49 293
108 299
69 188
75 297
131 233
155 248
25 231
261 277
38 293
46 300
178 238
108 280
81 117
76 87
25 281
23 261
2 122
219 271
45 231
40 296
87 136
227 296
87 94
87 189
21 110
103 263
3 153
191 275
138 269
91 177
12 242
122 297
21 127
132 213
27 58
223 263
150 299
6 37
186 292
195 276
134 295
138 259
5 96
3 154
196 275
19 278
19 294
121 285
17 136
139 156
149 287
215 300
86 164
67 291
111 168
2 287
31 287
66 283
58 158
59 192
138 300
98 225
233 299
59 233
145 227
95 294
151 214
197 204
276 299
53 270
151 220
180 275
78 276
159 293
90 284
193 290
251 298
258 291
253 291
40 111
137 279
164 276
206 292
90 285
144 185
3 228
17 276
243 268
26 210
103 278
60 282
135 184
115 207
17 73
93 271
38 173
88 176
163 203
82 231
201 274
276 291
188 282
134 298
10 188
42 291
107 293
144 272
42 276
203 242
89 272
255 298
92 227
71 210
5 289
74 298
73 159
29 130
202 294
255 271
83 92
26 279
220 298
108 271
164 247
122 211
64 295
176 202
172 297
138 288
31 161
19 151
4 275
72 141
53 89
141 232
1 283
255 271
33 274
24 204
214 296
65 272
11 219
260 294
88 244
18 32
52 281
93 116
116 276
38 137
74 89
197 296
73 227
32 289
210 295
33 292
146 154
5 296
172 258
188 296
38 179
87 281
15 83
204 254
259 291
108 273
55 212
143 274
126 253
15 204
82 179
112 293
194 237
245 260
190 275
133 135
106 195
28 52
151 300
13 297
120 221
207 274
43 285
184 194
210 280
243 287
17 280
87 149
240 258
70 150
150 276
134 294
79 287
20 96
134 288
83 292
218 283
73 287
197 272
210 286
154 265
151 271
217 297
260 278
174 300
84 156
36 226
6 154
149 278
44 152
52 145
206 278
33 131
38 79
108 296
125 191
224 272
150 272
44 97
3 30
220 285
164 295
252 292
186 257
72 108
68 271
145 238
61 119
120 291
154 296
169 278
1 299
277 289
235 294
64 278
72 96
128 280
170 275
51 282
178 188
113 296
102 288
82 200
154 232
143 288
29 141
30 178
58 176
31 287
172 286
20 279
245 291
59 272
160 291
258 286
73 191
114 283
158 253
12 294
144 287
95 294
23 280
234 285
206 251
216 243
158 175
168 276
48 67
168 292
91 152
65 184
182 267
17 275
148 188
93 277
111 282
53 194
164 227
60 137
48 172
144 296
232 282
56 285
189 293
135 233
36 282
151 227
