102 28
11 253
10 221
210 233
44 168
22 279
214 264
22 189
98 212
220 226
9 45
69 252
19 180
4 271
23 170
110 211
67 160
17 285
246 299
262 272
137 278
55 61
12 165
109 195
14 168
5 267
87 261
230 290
21 225
84 203
230 290
121 182
115 220
183 201
190 253
50 224
159 232
87 107
217 236
39 184
117 153
21 298
101 114
115 142
237 282
130 164
155 189
21 175
128 264
31 134
111 254
94 232
16 166
163 275
53 87
48 170
1 263
110 198
23 218
10 274
25 264
13 281
3 53
24 265
7 210
12 167
59 103
223 275
42 80
8 250
13 261
76 92
20 201
10 199
101 111
51 162
56 80
22 174
33 154
161 219
40 165
229 241
62 104
264 297
104 285
75 255
69 282
173 282
198 233
89 126
174 203
164 294
199 267
31 120
1 280
102 219
98 294
15 227
197 262
88 217
22 167
112 132
66 239
