240 35
37 69
43 137
108 112
141 190
77 264
232 268
168 201
5 273
110 166
158 288
92 179
258 281
16 73
147 157
255 291
6 175
5 267
4 162
25 54
97 253
3 266
11 246
134 179
80 274
61 106
64 174
6 107
225 284
186 216
25 31
75 77
44 135
293 298
6 256
109 235
261 276
100 114
175 187
131 249
75 220
20 163
5 272
3 272
83 147
235 253
67 205
139 206
39 226
135 158
4 276
136 193
5 248
33 107
212 274
60 249
41 153
1 259
145 210
93 207
279 283
216 262
43 270
10 142
1 252
33 216
78 96
34 257
48 300
14 76
151 226
59 288
56 139
94 151
256 300
77 220
62 120
58 63
6 266
37 135
49 238
254 272
36 225
46 127
158 254
66 174
3 250
59 233
52 255
272 286
86 215
128 252
265 285
108 237
65 288
58 172
31 186
1 283
88 179
84 179
12 89
23 210
214 272
1 284
104 246
283 292
107 183
3 258
53 169
199 245
1 293
210 233
1 257
161 225
98 281
89 212
53 94
93 169
143 269
62 165
118 182
62 117
6 257
160 228
77 156
17 146
96 266
122 185
19 108
178 231
3 287
207 295
169 180
4 266
39 232
114 298
59 262
83 181
2 286
14 100
68 270
3 263
53 105
29 100
137 154
199 263
122 212
1 295
132 183
20 122
5 253
85 253
179 259
293 299
78 237
33 39
100 277
19 205
209 249
108 206
148 196
14 63
79 146
144 202
8 228
11 54
84 110
82 103
66 199
199 285
180 216
37 224
121 251
204 245
114 133
210 232
32 35
71 189
7 281
195 244
7 296
123 126
5 159
111 185
35 173
7 40
196 271
188 276
2 251
147 203
73 175
37 228
92 268
111 118
80 195
6 289
7 278
29 272
162 192
43 106
62 136
188 224
70 160
25 99
162 166
5 271
2 277
230 290
228 297
45 204
7 175
104 107
2 31
48 103
83 85
61 98
2 251
7 298
8 251
5 289
242 259
194 283
262 265
27 279
19 159
118 195
37 102
138 213
6 264
113 150
129 246
27 115
166 212
17 197
23 175
160 207
30 87
3 290
66 201
4 277
234 244
