121 30
147 212
252 299
92 203
39 221
35 267
50 225
6 205
47 266
156 191
152 281
84 85
117 180
86 207
73 141
69 174
131 164
13 297
52 202
178 203
40 166
97 120
115 248
289 297
212 277
11 86
30 206
15 91
21 26
132 234
68 114
128 149
97 234
53 280
219 262
90 161
59 171
27 228
26 227
93 212
45 216
274 300
35 266
101 183
163 221
81 235
100 191
157 230
209 279
273 281
42 154
9 241
229 278
17 282
34 110
187 272
153 296
90 249
40 195
59 215
137 244
212 260
76 250
8 253
266 298
83 109
6 180
123 195
176 241
19 218
76 146
99 184
185 218
89 270
181 270
163 226
265 297
32 257
126 179
85 195
165 265
164 200
19 80
11 78
55 137
251 270
164 283
161 251
64 189
89 280
205 253
180 276
32 289
62 211
92 202
81 275
86 231
126 260
101 268
182 290
51 120
78 132
146 185
49 228
109 256
54 132
91 269
31 67
28 131
86 262
120 137
133 250
20 278
44 85
84 92
65 193
100 213
15 231
61 207
56 233
95 188
122 260
