176 35
26 135
71 298
25 171
267 279
122 208
50 300
272 280
132 174
139 154
56 168
206 244
96 218
215 276
122 264
28 71
72 299
103 255
172 241
160 167
125 296
16 139
116 299
144 292
107 296
225 272
242 267
67 200
12 182
274 288
153 171
66 121
101 220
220 248
7 108
74 293
170 277
19 30
123 193
41 151
215 292
131 149
89 296
206 207
23 181
69 129
105 176
134 193
88 156
125 130
27 293
73 127
8 298
85 129
59 269
93 193
71 141
206 245
65 265
43 167
109 127
148 276
59 210
5 273
40 245
1 142
72 102
41 188
122 294
7 230
104 297
79 247
46 112
20 292
105 295
15 280
70 246
57 84
228 246
58 292
30 197
99 134
2 112
39 97
27 137
78 186
6 133
133 289
127 242
42 192
217 281
198 296
245 275
35 292
47 300
26 279
55 97
38 295
75 106
86 233
1 12
61 295
106 297
5 187
168 233
24 241
131 297
85 193
130 296
67 173
113 291
124 150
272 298
168 290
40 297
92 176
77 292
114 249
19 240
73 171
68 295
95 284
19 208
94 204
39 284
76 79
115 262
15 176
160 272
71 298
48 295
62 263
195 222
100 297
225 259
109 204
45 260
84 300
114 263
175 294
69 204
30 144
76 288
79 81
56 298
168 222
50 203
59 293
61 297
82 101
133 188
79 257
18 220
11 294
70 95
148 239
81 185
285 289
165 256
191 251
92 201
47 205
131 172
36 300
134 222
157 250
31 167
4 210
2 294
123 296
253 282
12 129
68 293
36 57
118 163
101 233
74 107
