298 100
294 295
132 285
204 221
31 188
1 278
24 174
33 233
35 234
26 289
16 236
1 162
4 273
102 236
11 261
6 230
93 186
35 210
49 276
194 272
75 300
151 155
20 269
44 157
7 235
52 76
157 208
20 244
45 94
1 14
34 298
154 250
18 293
43 288
85 88
143 245
126 224
69 86
53 261
92 226
77 246
96 272
19 298
223 255
200 271
42 225
104 148
48 284
51 141
260 264
112 225
180 267
73 179
22 242
23 156
101 223
7 273
34 94
13 249
2 256
48 253
260 281
36 262
91 208
20 235
15 285
48 254
49 132
114 117
112 162
49 256
23 255
1 288
100 158
68 144
1 240
22 262
81 198
139 151
100 169
133 204
99 113
96 254
245 246
259 299
48 237
9 250
27 201
43 149
126 225
10 239
3 214
2 189
253 284
76 110
38 48
109 286
19 118
51 209
40 245
48 217
101 262
20 217
27 298
89 236
6 299
65 217
7 250
109 112
2 240
76 300
6 118
11 214
90 133
41 223
214 229
235 256
37 240
207 254
112 282
221 295
61 289
1 179
17 281
1 218
127 176
115 134
221 227
115 157
204 220
76 256
99 107
50 166
115 259
59 122
259 286
29 239
62 111
48 267
103 192
23 72
45 134
16 165
134 255
7 268
13 149
66 155
109 184
68 103
167 208
200 237
37 96
16 211
21 274
236 257
10 259
23 170
45 194
16 224
137 279
20 257
24 268
66 294
125 250
56 217
197 231
38 219
155 198
226 279
40 253
101 150
9 228
30 143
37 122
29 234
173 298
35 291
40 237
142 279
20 279
66 128
27 161
59 62
31 277
50 261
15 22
100 245
6 194
43 199
4 49
15 295
212 247
133 210
56 270
11 279
35 230
133 233
205 223
147 267
11 280
226 292
49 275
231 248
228 239
42 238
148 299
29 237
46 197
159 246
25 224
4 300
30 263
26 154
49 243
7 286
17 33
34 269
73 79
196 202
26 217
55 172
128 246
138 213
163 183
10 297
5 272
31 271
75 92
20 78
106 237
14 271
16 261
42 273
110 203
11 298
47 68
109 240
155 257
163 234
132 163
36 278
26 232
249 277
98 273
14 235
76 272
78 151
110 134
52 221
128 214
122 262
53 214
119 147
29 85
23 274
6 299
29 211
44 236
117 189
180 183
95 120
37 265
3 123
85 99
32 161
96 147
58 262
15 158
97 109
7 257
107 159
259 268
115 266
161 260
18 215
15 204
191 213
48 225
141 271
21 178
42 112
214 260
5 297
110 287
161 259
18 229
50 231
189 297
44 157
59 67
6 262
19 286
42 206
42 127
57 193
136 168
40 269
1 248
36 44
