195 192
125 295
26 287
56 299
62 288
5 280
118 282
111 287
74 289
97 282
26 270
48 294
96 293
121 290
130 297
132 275
93 270
119 283
98 287
115 291
20 282
29 280
42 282
45 277
35 282
121 290
31 282
76 277
54 294
127 296
81 285
85 277
75 278
54 284
35 291
51 283
55 296
91 287
28 297
128 271
18 292
57 274
75 274
104 288
122 294
67 297
82 283
24 297
66 283
3 278
90 286
14 279
5 275
15 288
15 288
88 290
39 295
32 293
34 273
75 281
139 298
44 280
119 295
115 275
52 293
34 275
126 289
77 286
69 297
105 300
120 296
13 300
42 276
22 274
62 279
57 285
27 287
41 292
149 190
4 299
99 271
116 291
120 288
17 295
114 276
47 280
139 276
23 286
119 288
140 294
90 270
17 291
112 295
16 292
3 274
98 277
131 270
113 296
100 281
128 285
133 271
126 295
14 283
20 282
136 291
29 294
38 151
34 293
88 284
110 282
138 288
34 270
107 282
58 270
53 275
45 270
45 271
39 284
61 295
21 290
17 278
107 300
17 285
64 286
34 286
8 278
99 286
119 276
83 290
136 293
79 291
75 275
7 285
59 270
15 273
71 288
12 280
125 271
50 277
130 281
87 293
103 294
23 294
117 277
3 271
130 287
62 283
76 275
42 272
11 299
78 281
33 278
11 282
82 300
122 291
44 275
52 287
14 283
33 296
106 293
61 270
112 277
48 278
106 270
10 293
55 299
15 296
60 296
55 290
84 294
12 287
3 274
181 194
50 295
23 293
40 280
122 290
126 284
77 271
52 279
62 299
36 290
50 279
108 291
90 271
112 283
11 289
76 289
63 283
90 299
109 283
84 293
87 275
68 275
66 289
35 291
