241 164
42 282
77 247
101 158
58 243
16 243
22 296
62 283
126 140
75 166
48 291
6 215
62 202
182 285
71 222
52 261
12 184
44 218
41 244
4 280
67 96
9 267
13 126
40 163
63 257
28 271
45 280
48 163
12 263
58 291
76 250
62 234
56 273
73 280
45 256
73 222
3 275
104 203
4 297
45 260
49 276
61 272
32 249
156 279
47 298
77 264
199 232
9 185
18 295
152 159
7 288
47 234
41 231
76 223
62 217
119 211
71 267
54 212
23 225
75 294
147 156
11 239
78 246
50 272
36 260
43 269
40 287
5 295
14 256
27 288
63 236
4 84
12 237
63 247
39 126
27 300
109 114
79 200
68 298
77 238
203 275
4 278
71 290
45 272
75 244
23 225
13 273
27 252
72 249
40 283
9 241
36 220
218 221
75 260
63 280
29 285
43 278
75 223
174 276
113 183
6 221
18 146
5 234
43 282
64 262
59 285
5 64
4 288
81 223
36 246
68 222
30 269
60 255
47 256
74 217
1 296
17 88
42 248
41 225
75 299
15 255
4 240
74 279
22 134
14 286
14 267
48 255
30 280
76 272
3 22
52 294
116 170
102 145
20 290
187 210
37 221
29 76
33 261
40 232
48 234
61 279
37 295
7 264
11 235
45 297
32 198
240 261
76 237
53 228
42 75
77 287
191 238
28 91
26 228
202 295
38 98
62 270
17 273
3 267
67 250
63 291
49 296
51 271
21 250
78 260
37 224
36 73
9 229
8 271
13 237
44 296
73 241
10 243
42 186
8 236
65 186
61 288
45 262
48 270
12 288
72 274
5 290
59 285
253 291
67 219
33 155
140 260
9 249
45 280
19 215
61 219
24 284
33 226
26 224
68 213
16 284
79 226
74 291
1 216
49 246
33 267
30 257
21 286
48 268
6 200
70 296
51 252
41 230
60 105
56 255
91 125
76 290
114 199
42 274
51 275
78 265
84 85
53 225
80 166
143 228
47 216
107 126
16 252
25 43
9 271
77 280
32 235
12 278
61 238
7 294
46 215
21 234
217 244
24 228
4 234
16 92
136 156
109 223
165 269
5 283
30 215
49 278
