193 157
47 298
81 165
67 232
79 140
10 216
66 223
46 289
48 250
59 268
69 282
23 251
9 292
43 241
10 277
53 291
5 271
54 232
35 221
6 216
33 229
61 260
20 276
10 240
158 243
65 216
51 224
3 236
65 244
116 129
33 243
36 259
96 197
6 247
29 230
69 287
43 255
35 256
58 257
98 152
32 230
30 256
54 275
41 234
6 284
7 237
5 279
34 237
106 225
25 85
55 216
56 290
53 291
46 234
45 245
40 292
55 236
50 268
56 298
39 257
31 279
65 239
74 262
2 112
33 218
28 97
157 258
190 241
142 170
46 244
52 266
50 261
63 266
68 278
65 226
4 290
43 233
23 216
62 259
57 224
20 225
41 223
1 232
17 222
24 276
54 246
16 272
143 151
72 238
40 254
56 269
71 258
38 287
48 285
61 272
9 286
5 250
17 261
40 291
8 283
66 131
39 277
34 264
69 239
31 220
9 255
39 266
41 248
19 243
12 262
74 290
6 275
48 263
23 217
21 252
238 245
69 292
29 94
27 241
53 236
53 289
164 273
21 224
10 277
54 230
62 216
60 291
66 276
31 265
27 285
37 253
98 119
217 293
80 135
40 242
72 140
26 222
29 234
81 271
25 236
35 243
37 247
1 252
61 247
278 294
65 216
2 224
22 266
52 244
7 223
50 248
71 249
21 298
68 249
70 278
71 285
69 227
21 266
45 280
69 281
62 234
44 219
43 296
74 239
39 237
6 284
4 263
12 286
26 297
27 238
71 229
69 234
236 270
38 216
199 221
63 255
28 292
22 279
63 299
35 40
43 257
56 262
54 84
67 242
49 272
74 291
70 215
25 234
37 299
39 225
33 232
66 216
6 236
15 221
