77 56
104 174
10 292
40 244
57 269
98 211
12 291
69 256
10 274
44 164
26 270
2 266
36 271
38 297
14 257
53 279
48 265
10 277
54 268
60 251
55 251
12 295
48 202
19 266
13 25
40 255
21 261
23 242
50 284
26 282
75 231
99 152
15 271
61 279
170 176
184 213
76 94
17 48
198 299
27 243
44 243
92 273
40 256
34 254
60 273
47 257
57 257
33 281
54 264
203 298
61 286
63 289
2 277
137 151
21 68
198 285
33 297
4 279
61 250
2 268
50 254
38 224
29 257
76 178
25 298
46 285
11 264
69 297
9 261
29 247
34 251
55 279
68 243
51 263
48 300
52 292
91 105
59 294
