157 114
13 298
11 298
110 119
11 296
134 299
16 297
26 300
15 297
2 299
2 298
164 273
3 299
13 300
11 300
26 298
27 300
25 297
9 298
19 299
19 296
16 296
27 297
21 298
12 296
5 297
13 299
88 134
4 300
20 299
10 298
23 296
13 297
27 298
10 300
35 178
21 299
21 297
30 149
16 297
27 297
16 266
8 299
7 296
119 152
3 296
209 300
239 278
22 296
23 300
27 297
17 299
12 299
176 258
24 298
27 299
18 297
26 298
15 160
20 300
13 298
13 297
26 300
16 300
193 234
24 297
1 298
5 299
53 276
15 296
9 298
7 300
23 300
59 145
48 289
24 300
201 296
10 298
35 282
178 230
12 300
70 256
12 297
7 297
27 300
25 299
5 297
244 270
23 300
52 238
6 298
12 296
23 296
34 193
259 262
3 296
93 121
17 200
17 296
1 296
14 297
12 298
54 271
2 298
146 293
118 228
4 296
18 298
27 298
15 220
18 300
35 48
10 298
12 298
30 158
60 142
16 300
23 299
14 299
118 194
10 298
93 190
12 298
12 298
27 298
24 296
3 299
8 300
89 96
18 296
221 294
16 296
5 299
100 150
16 298
163 172
16 67
6 300
2 298
42 47
16 296
6 297
9 298
27 297
22 297
183 202
3 299
3 297
14 300
14 299
58 291
13 298
9 299
8 299
17 296
18 298
20 300
25 296
