225 165
127 271
31 113
49 193
121 255
159 177
104 266
10 168
67 213
37 243
83 227
136 217
122 280
258 260
81 221
91 251
26 226
84 236
93 240
136 163
119 163
22 241
43 105
26 270
93 140
29 76
23 235
110 255
122 204
241 266
43 166
59 166
114 295
38 285
34 267
59 176
41 161
2 182
89 278
42 218
90 182
50 76
95 203
101 152
14 190
24 236
74 286
83 220
72 253
112 283
84 280
77 256
6 200
68 227
155 297
108 273
119 220
91 196
84 266
10 34
190 291
128 225
140 209
149 269
184 211
140 297
105 269
110 250
130 166
95 194
14 83
193 250
49 237
35 230
102 270
10 180
173 241
99 290
79 176
26 300
101 196
91 183
210 273
78 144
37 294
128 293
108 287
11 205
82 227
9 142
28 212
176 214
73 267
128 273
65 185
108 288
62 275
36 281
14 286
83 232
67 165
133 287
80 221
19 275
29 298
8 294
67 295
48 249
22 291
6 129
80 240
29 296
83 295
111 250
78 208
51 187
51 231
19 252
72 210
7 204
116 274
122 246
124 193
25 291
70 264
118 229
113 269
93 176
96 240
63 196
15 211
75 252
104 212
2 220
52 284
91 185
19 166
1 226
70 249
93 211
5 261
198 228
66 263
13 253
119 221
29 273
139 258
11 272
7 172
63 199
131 165
136 251
216 279
27 203
84 254
80 198
18 274
22 259
86 219
24 216
84 276
56 271
20 210
62 90
58 238
108 261
74 274
115 161
117 291
1 231
68 244
118 205
136 298
147 209
23 176
95 190
156 204
71 111
31 296
163 217
70 206
68 260
107 205
145 174
1 191
135 244
88 202
183 220
127 279
47 172
38 199
53 236
105 228
24 275
71 251
150 160
69 292
135 297
51 180
85 155
107 145
1 267
8 140
124 233
50 256
32 217
83 155
36 203
54 292
24 177
102 232
164 299
19 123
102 285
244 276
111 292
133 186
70 196
65 180
41 87
45 194
38 286
41 182
141 273
55 235
74 272
