154 97
49 228
18 103
1 202
58 231
19 296
27 299
48 141
45 196
98 254
53 164
39 206
8 35
23 161
35 206
8 72
49 165
33 183
107 199
156 246
213 294
17 246
58 193
36 267
21 174
33 285
49 137
20 275
128 225
45 225
55 245
206 216
82 176
17 246
31 266
19 211
24 131
48 173
39 137
88 232
46 212
105 107
127 234
96 198
11 118
57 147
57 299
6 238
7 172
21 260
22 105
58 182
17 125
96 128
9 181
32 222
51 162
94 169
25 232
38 268
7 134
4 286
39 191
112 250
18 239
72 211
58 175
40 234
56 285
34 206
31 284
29 181
5 226
21 161
55 204
42 281
6 235
53 228
244 257
78 276
49 275
2 182
50 279
44 127
46 177
30 178
38 144
3 172
10 253
21 91
18 240
172 254
55 212
25 282
24 248
31 233
88 107
159 256
11 215
52 152
27 250
7 251
34 237
23 123
14 257
35 138
2 166
31 130
40 94
4 190
37 217
165 232
120 230
169 276
226 231
43 248
220 241
26 162
12 158
31 157
30 229
6 272
68 245
7 237
158 164
44 281
57 166
270 286
139 146
23 268
96 210
48 162
24 156
76 175
13 121
18 178
1 155
17 56
175 183
30 249
146 282
16 127
29 190
35 272
38 278
51 162
74 246
187 267
25 212
2 186
4 52
2 273
49 215
54 267
21 162
