194 156
143 171
26 32
13 178
2 281
9 234
4 260
1 274
162 174
10 187
12 181
10 185
12 144
6 227
11 128
75 238
30 36
7 198
11 261
157 265
5 218
10 218
3 227
2 217
4 252
6 170
5 258
4 249
7 184
44 145
8 232
9 247
6 291
110 184
14 170
1 296
10 297
11 225
12 217
13 209
9 213
103 221
130 155
1 170
11 176
6 176
4 181
10 241
6 238
18 64
7 173
8 261
3 204
8 248
10 192
13 225
5 177
1 277
3 219
143 240
2 237
11 191
5 182
10 173
3 189
21 233
11 165
8 211
1 288
82 188
6 211
19 23
6 258
12 270
13 263
11 185
3 298
3 267
10 266
8 197
4 295
5 208
6 185
9 243
4 58
13 236
5 230
12 228
6 185
169 288
8 225
8 230
12 216
4 280
3 244
10 284
85 300
147 184
10 276
13 173
2 300
6 268
9 165
9 296
7 191
9 171
2 194
5 206
208 292
7 256
7 213
2 225
13 252
167 209
2 226
120 139
7 229
12 253
13 262
129 300
14 273
11 196
126 184
5 185
4 204
6 267
5 296
3 212
101 134
7 177
7 229
18 160
5 249
74 104
12 244
1 276
14 184
10 284
6 293
3 282
6 272
13 213
5 200
6 186
162 284
2 288
9 238
1 239
14 167
11 198
4 172
9 268
7 229
11 284
112 243
114 289
4 165
14 235
4 298
9 176
5 288
9 223
5 220
80 148
12 296
11 292
2 254
6 268
4 168
1 240
7 292
6 183
10 297
5 186
10 205
10 298
10 242
5 245
52 254
34 43
3 217
1 275
3 172
2 253
5 176
9 202
13 289
1 269
4 274
1 229
6 202
1 208
7 196
6 217
4 242
