478 31
61548527 982760133
194047645 996871860
421067800 827382664
111083073 918419269
512432049 580049499
787039658 799459608
16791470 327019188
43075668 882905916
652258802 868037628
99056726 388514874
371275006 718265733
37881425 114730898
525788871 677212828
186078189 324166822
917659318 973117847
24513489 922039620
658735075 893701941
146288499 261462681
679170205 809485933
91429429 370078181
1171990 644275319
731160417 870451827
266022484 343018656
58411283 871398519
2245407 295570081
638346243 755945288
215849861 928878147
77456041 546206261
563925280 658847454
689061469 814091139
286474791 605508674
771542308 979881086
23312253 682469942
74256350 303339055
201916665 712602592
911800694 992003119
526373166 635650418
822575335 883648871
53108105 299520644
171980333 780857922
811017057 875776289
267966111 984039537
12450061 454472976
24896909 906763805
201765266 487631613
930213969 993103128
115334593 315166324
47475740 112892629
8176089 931024416
306431902 607661471
427372115 923447736
155937457 888182240
472249343 726668362
81770026 652480010
75001703 145858150
486006114 568770820
70204595 956394688
27961249 226142051
5206953 702064923
700439425 726623396
147910567 479362070
591659056 809577733
276363111 522114356
58853710 903870275
472262551 650512766
713448007 959273311
585523935 989811118
333904018 814775612
114231884 390183442
118176578 663938120
589691083 804084138
80531961 362082405
47476121 855927842
591888653 968166382
348160182 726150612
111931923 525888494
810568448 949876651
256204632 601098828
145198755 848093284
426760247 957256250
869474170 911952168
73734324 672383012
323789497 981953755
283392289 714408384
240296877 293168621
9799354 742891184
559718701 889289199
623889229 878209954
613772185 739941734
302664944 570277895
167215129 348347721
363444444 683510823
589979550 696570155
446323982 728802262
324209797 761730092
808387253 815392452
27875332 609732694
257080598 544396911
793366249 813844817
855605720 970092397
23566 210755993
522084915 919243932
110842101 142495913
604022452 921438866
322015180 960086953
24650941 612854835
279216003 382778040
53086072 974017806
141394307 355206225
482857358 580680915
72308388 470049417
50099550 360649602
456294097 801335412
690774046 862630779
115293013 330699950
20990253 109203671
119996150 876512928
626228550 836787831
91568986 673600824
142609734 172450935
83783197 664560391
228444274 395196721
904796905 989295062
172511364 760993820
129293587 710933889
117357781 671694523
321664802 796287511
774050608 844317613
100017757 477803043
797317475 950621934
874304830 971498629
599425796 664094652
118192284 124742585
80113023 101673769
77708721 634337253
29240592 851759328
182078722 479425363
418064422 452878407
47369540 144885603
276893387 499311687
496759439 701762991
80979585 378516382
406038670 412150801
318845352 455555221
62329529 121634123
124953742 493856049
111229681 201916724
471229864 735283951
796042703 967989302
289563293 877022287
199022035 548118314
141689440 706796763
122666645 307597408
429231530 693138219
94495800 120042999
489294048 743602495
357320897 960523911
735418590 980051598
21600755 877108029
615406335 662031357
170466570 809259861
354914431 794039680
13489221 186156496
536308317 628473276
49124306 96202773
717168862 735013237
662721818 738769617
716634238 772105348
62734150 944060895
130217390 148896407
557212997 582040090
32962747 762504477
618993526 933825263
77497883 978305285
549310627 788949533
80909185 966199677
356916704 830322573
640536214 747007177
13955665 759641732
89051150 810388746
510432371 637999987
16559572 236068240
87000507 539232229
178585921 636311134
137138344 808806047
738024040 880749052
148513005 618651654
196657293 596390400
487254670 687728694
90911098 343529877
414200056 557347025
73973148 916767046
807846611 916681803
49177064 320700142
41471562 585623361
73934165 567991384
80105423 965977047
184431828 872166086
10496070 952992791
35513638 168607911
253209252 750608265
190657113 426845360
878776254 923847226
698312927 741763738
579687863 788869827
391267639 396679257
202188399 610586497
422887970 521863580
15004887 907137987
72813043 281762907
64865055 175325085
35798728 296433723
304440149 484877143
318928961 807655830
36052293 142136079
271236164 804553860
369807476 767718894
38567353 783116711
314017085 782124121
675501951 735524928
730177358 757273753
642871850 853929873
414343965 481327443
50495431 353177082
244420030 391268184
87230817 983525747
184472102 401247902
189109348 529041632
710255116 771803057
625732930 700659348
539487111 676228360
325841506 554859191
48060922 447362558
536539639 901570874
47755394 783163480
407482888 765729857
521508046 887802034
345999160 648825826
75096346 945191788
616137128 727095309
27781032 565753737
91842033 665160568
72678410 818641805
511882909 854189235
65136420 490470901
521647670 848736191
176355675 985347225
144569067 937318117
97554266 172350098
355588205 821778419
486938986 751933000
149253127 917269551
151750057 510671729
127852282 795268131
98760317 142965002
123865617 127632344
128312226 268434683
64950460 78382844
71974268 808186364
239575986 453520125
817085570 999665555
81001205 723394733
515412784 615666949
71543362 947122484
36864558 648019871
9769130 751626106
93994859 924646751
230683227 413415574
220093540 692071608
46654442 548969070
17152370 113988519
278270007 431027142
55053968 167650916
79047013 917339449
401628957 544415088
53145627 484828536
29416495 233045344
467711701 644868008
472829245 514366142
4722602 745597772
847837262 863740181
121779439 280701069
410401580 579844701
35853144 332869532
930983656 940608847
3946403 657451986
48372797 181654036
250967569 684585149
167669117 372747007
39933141 531369038
242749566 709445168
40988168 645391525
672495428 929357664
558392211 579282037
278973445 414854966
89250375 179862593
596509001 825242178
519573545 636134258
716854758 887897354
635817630 812120675
449858873 529322149
565901192 802178334
148673086 700143520
109121271 967004775
455655385 641016208
140498029 546297101
48157975 895581401
415780620 996073979
130687414 895717483
98881626 388912997
401217499 554537010
29929205 986877257
60870997 416710670
95164254 516703237
283731640 556900768
83227068 243928752
29224236 829242261
202213215 608787738
39360664 926777586
24191965 891254992
30901058 160738526
403080194 591350184
80147902 792308695
460383115 906313147
37666909 759433252
472342170 718414951
27652660 806216818
12214887 162630079
406690344 647609960
48751658 815789251
352343515 791709397
149221927 311834111
9658773 877843055
181980893 354819540
7051917 778489003
789855791 849969241
146126956 445448327
88957425 203670343
146318552 615756096
372434928 544688064
418889917 834549182
176156809 292866198
926661139 967901940
34556034 753003685
187475671 385777865
19730314 173952767
265056320 883813210
33454050 637491247
281017625 641621015
125849374 794241084
160192415 952208885
6758861 100852159
453441666 785936351
357655926 808342835
46637051 980344444
716674005 752538411
801700969 997691629
246675777 369458527
574557494 675964894
222119760 734749908
628173778 976803872
137379340 559280221
358753990 590821005
100520444 840037028
296939079 672121157
4246750 13613083
277175919 658464070
11304711 523851696
27922596 561420232
99214020 454996441
89901477 321333779
9262236 915363431
129526812 194330239
598825283 631836682
957807955 982187586
174636533 344991866
138083610 993332081
103486424 164324948
517974778 864102837
400899712 845546272
431573807 694299493
56203601 81640512
311693981 923263395
87588342 252742625
373276332 591966039
217262781 891251110
308585228 852473159
54009005 795665341
295695730 814186601
484014526 486629650
26780850 921250135
126878972 140159015
194558683 715172177
380585463 459337677
353438439 960346967
322086032 599623640
268533883 896620733
87515939 147831084
670387220 758507541
728813324 797266191
9436748 15077947
320482042 344055040
93199639 163865540
47621355 616103210
413369400 673555986
292910623 768909790
620023318 955291665
149257125 559120698
566617052 695500590
370308436 863164745
103421439 299174389
463039928 810576370
540246038 871561391
29104987 781720122
528175564 605855271
502965019 506277296
60700008 472955433
265519054 988005844
94525948 466769120
905582271 947752307
609633 139892181
82420579 675506109
521990885 682333965
261249992 883927011
432527808 828310383
832442415 895451489
768923424 833052047
130571539 822796951
23006077 630514705
145242399 224804034
373522467 744609194
96239993 538992388
158279139 836616365
511929667 686990248
582595254 979453935
99628746 770490610
274728513 544769901
17480641 34318706
104092747 186162685
338994235 851577280
199213261 438622980
474584242 842778542
116476560 417960722
18847516 653194652
784075442 956926229
550508481 654072435
359015674 464235598
693121996 698009909
168329230 744851608
440146501 525159715
244450920 414576937
224019517 230322411
69653459 217463712
340026215 825561690
216939085 700169066
332521001 575954759
16921016 878159348
126481019 185250245
324813219 436426760
356166854 868026288
67838008 903270772
566274124 689329758
325934466 653029818
161308571 299364695
104208245 480940097
605315924 983857782
670008990 789426500
301580734 964265502
153472002 507799069
147453799 415881865
390897699 713727922
105211623 716832164
16196858 175998688
12372822 122501982
166830108 417552717
34087204 923978823
174180054 437250405
309643458 327652055
