203 52
41 196
78 241
179 238
146 270
18 121
153 285
62 86
93 102
281 300
76 102
52 53
59 299
30 203
82 191
81 259
124 162
162 275
21 278
68 236
33 191
63 228
90 182
164 206
17 266
81 245
79 270
33 150
59 166
250 279
122 180
231 254
78 287
166 218
75 245
19 182
110 145
19 165
57 180
6 261
6 168
88 257
11 148
27 221
67 180
112 130
52 293
36 286
50 134
218 243
55 119
27 189
74 148
77 112
112 188
140 249
136 166
64 142
6 243
7 228
8 224
26 148
224 299
68 82
237 300
5 269
57 280
84 136
37 289
70 291
44 127
10 238
92 277
99 289
54 213
32 185
71 276
8 246
41 44
190 279
134 156
65 193
107 281
176 217
45 163
34 283
73 164
14 299
12 247
188 191
106 271
21 222
8 270
259 277
22 140
191 297
82 128
47 151
145 220
7 295
18 147
124 288
9 204
26 189
52 68
162 248
22 63
49 210
11 269
33 240
199 243
54 291
43 180
119 126
161 296
211 266
39 221
84 121
105 107
72 222
21 166
153 255
81 223
92 201
132 260
78 276
19 151
141 171
105 184
137 185
11 271
17 296
35 74
120 197
52 146
52 189
18 170
48 202
60 228
6 274
281 287
148 294
30 182
70 125
40 241
243 250
110 174
22 294
78 279
61 152
35 190
203 210
104 140
140 182
184 246
77 251
11 225
8 177
13 280
86 215
9 153
84 219
93 221
38 221
91 281
33 261
27 225
40 255
30 37
128 172
101 188
77 89
23 259
90 268
246 266
74 151
58 226
39 186
14 294
95 189
156 169
58 124
56 147
21 237
74 300
10 189
5 288
16 198
144 228
153 300
45 115
127 225
80 299
120 223
138 153
160 188
166 171
64 221
117 249
86 142
271 275
20 84
139 238
31 145
