300 149
133 290
26 288
275 295
160 274
142 258
142 176
76 127
20 268
134 135
163 212
4 296
145 236
183 263
46 260
16 133
29 113
165 256
179 197
110 194
185 251
32 265
115 248
221 281
144 270
126 247
30 286
132 156
12 297
56 137
181 231
203 259
95 133
73 277
103 170
19 214
3 182
76 139
5 299
43 270
40 294
149 259
127 279
105 272
134 274
25 235
108 159
203 257
28 295
61 118
41 254
168 285
79 297
189 260
10 255
179 251
66 291
30 222
44 263
200 242
97 258
59 288
142 281
92 136
182 263
116 278
64 223
83 155
111 114
64 288
71 191
179 211
38 154
8 239
113 288
111 216
53 249
117 287
34 240
2 274
194 278
38 71
204 295
217 299
62 287
12 279
67 242
48 264
112 292
52 284
43 168
124 276
48 248
164 246
55 245
136 281
18 300
174 265
33 178
115 289
162 268
57 263
20 36
170 265
31 148
148 279
60 214
192 264
107 147
65 250
162 171
64 251
68 191
129 273
21 246
3 149
15 98
153 248
20 196
150 274
59 208
66 218
16 282
79 255
75 275
144 236
179 274
63 294
182 225
180 184
35 96
30 257
149 208
69 281
72 82
192 271
17 246
197 207
143 278
36 270
26 275
61 232
96 261
88 269
145 200
200 241
212 266
72 194
78 275
176 182
71 119
105 254
156 259
174 236
174 298
151 231
224 255
11 129
4 272
41 224
71 121
117 244
10 230
77 212
13 275
168 279
205 276
86 300
77 290
193 256
192 280
169 247
196 243
159 274
8 79
12 149
7 33
105 210
171 234
4 300
104 183
199 273
71 281
19 251
191 253
10 120
59 275
172 281
58 124
125 270
137 300
97 268
133 243
160 188
131 134
7 154
69 298
23 292
6 192
115 271
84 173
177 253
50 251
155 298
142 180
25 290
58 265
190 237
140 247
71 296
136 262
242 263
161 239
146 268
101 248
106 188
30 248
41 123
172 219
21 92
31 167
119 293
178 237
145 267
196 293
68 83
171 273
7 297
123 283
29 233
120 251
71 177
31 213
31 299
113 250
108 256
44 269
164 273
17 272
228 254
130 287
75 293
101 235
95 278
16 138
82 239
133 282
191 279
169 205
176 243
82 292
8 57
47 101
77 266
33 274
34 249
16 294
6 293
194 253
54 251
42 237
33 282
42 292
108 237
85 264
15 288
125 253
183 267
79 251
43 252
29 273
141 177
111 235
20 57
151 278
55 262
110 114
43 195
141 297
178 255
197 246
58 279
143 277
49 81
52 257
247 249
41 150
8 289
147 261
123 219
184 222
64 250
99 275
92 297
28 264
76 292
5 298
53 278
124 283
94 246
53 82
