187 141
21 291
13 242
11 213
12 170
19 265
20 278
17 158
24 232
21 178
1 180
78 244
122 157
15 178
1 259
44 242
115 274
23 241
24 191
11 189
2 225
7 294
23 273
11 188
9 287
7 220
157 254
71 128
274 286
9 267
25 255
15 218
7 208
11 282
7 290
61 87
236 239
169 223
67 114
178 291
7 174
5 234
16 216
3 196
8 238
11 162
5 266
15 159
96 239
14 244
1 275
8 256
68 73
3 203
7 191
5 98
16 248
13 265
25 212
96 211
9 299
113 129
8 285
249 285
232 291
16 281
5 242
80 141
7 242
172 285
63 296
18 210
16 289
38 265
5 197
8 253
10 237
3 190
12 280
6 251
1 244
12 270
19 242
62 274
11 215
231 293
8 252
23 292
10 292
11 164
205 212
13 177
21 169
1 271
3 183
92 139
90 184
25 267
25 251
17 238
16 201
8 273
1 169
184 260
222 248
14 161
16 263
4 189
14 162
4 260
11 213
23 206
59 159
17 199
13 216
15 190
11 258
19 169
7 149
17 212
22 218
9 210
5 179
21 247
12 166
25 284
17 295
18 154
22 211
24 73
27 164
6 245
17 63
17 256
16 196
23 209
11 265
13 165
64 191
11 186
23 183
9 295
9 275
2 159
8 257
10 254
170 222
19 216
7 210
21 218
21 206
198 284
20 182
8 292
20 184
5 299
19 228
88 249
18 249
95 100
20 275
9 167
7 263
5 214
23 282
6 195
138 270
25 45
16 287
26 168
9 300
2 273
2 268
4 247
18 285
8 248
3 243
10 255
154 158
1 184
7 299
1 155
106 136
10 190
23 224
36 61
4 278
9 174
