1838 173
10810075 649582753
64394625 864340256
374545080 886979047
401739093 644364516
489285776 869505165
405374835 776832719
80946428 502214380
198404678 879694247
366741577 754543221
484428452 962510746
440668670 664072180
166171284 636297176
168335351 540716363
523276222 987493177
162346565 925015315
484374045 998644157
179154195 287631421
64464140 91392516
593606895 613368722
220428294 362049617
627891920 661096963
120920586 600388710
136899533 605294630
451549218 935245178
510746939 630703412
75392951 285704412
67748793 139857090
67429291 992743997
109237264 592441924
62837622 757928872
152986855 982783264
132700047 712426484
3322681 725603345
17976224 774108049
293975565 639746091
24952830 665814291
103618687 744945504
594619662 818989385
523342569 761350092
322670694 446915234
193308830 617402750
37145567 717908449
812269990 951502354
531360470 536089275
283812999 854031163
91467732 481750642
178791901 818825199
289734161 744160697
90242916 700044515
88650142 106790791
328150899 924171002
26008317 612076322
245702776 315742477
208753371 335945691
810065428 956953484
104373048 640652384
18896065 119793231
377300488 400763342
286740227 453036474
29196534 552773527
83212336 843187305
93841301 649829427
193935426 804947171
316922794 652072030
624381613 915914932
79973435 562609995
43672002 126425213
220073517 402561977
111584190 767772499
419844529 476726797
498444657 814308365
16932365 38803062
411588982 772329890
287926801 722219221
9116020 756695495
68031019 391895357
159667856 960388497
328771228 682273372
244109723 735576922
602253650 910952900
709230606 866358983
535799141 997157406
339037319 925674740
170086449 984218626
244995653 916803323
683565755 847249303
466019579 848839369
126871212 767640492
122989830 286205648
225204320 365459947
293424840 691223898
66815667 857800382
348797146 693846127
490963035 814615794
212247505 470350598
129942630 763553479
938525095 974041405
176992208 282004481
300134429 668908981
217630783 329446470
269704102 835255829
281561864 430039580
66718738 483889411
296292766 777738139
436062936 474156067
718835035 884855721
614372747 657360129
33121018 544236039
65661372 498680346
186452526 796780131
617921404 833444762
21527223 536262955
499855952 960891831
46411495 868468656
6366114 724164020
13005210 958521368
682685388 758520190
267952522 875672010
79474289 855196017
1459226 496856677
50964034 933070673
410065108 766883660
16798151 670695826
126379082 651506945
738139148 968569888
527583390 670129788
31271124 887637047
67212376 412017198
61073190 348554493
309158194 558601317
356081796 401388245
32055840 496514158
32430002 821185073
34750399 84039900
683004251 805826413
681864196 862023455
400350843 645111279
168007915 587706808
118939964 200063754
84220965 151369966
21248827 971487715
235409865 598211045
511691548 537670834
196013599 243475210
423432622 456697533
171237339 288059405
423044139 658845738
632385048 638814899
136442529 994343050
46923155 557180014
92578513 972163785
629778537 664012204
504577790 872809353
335955223 748009515
70553325 910626423
37582097 885277850
250676460 849987595
257273104 732971349
471619806 775140667
150533382 574846207
299189708 778821758
689205439 697809884
72458071 939881899
525369599 766829981
359718705 430986478
525074931 814576429
389422636 605363467
749565901 949774755
221175758 291530433
64154772 829465797
521344948 803831314
631484819 731302957
245367835 777797064
259161868 532070177
736989723 969022728
101332173 653660846
486756191 622609865
278957530 713654264
762398442 962664545
254084281 874076662
347251073 763346009
99978624 148670896
434526589 795754869
660383437 940738915
909638211 939340967
316182682 850877209
666058105 720554128
14496425 770943077
144049455 572981013
488947505 558830337
140772242 222521971
62995340 500198123
310275497 722166140
587991669 952553792
20602392 455004445
449777004 886804358
5173146 70539955
110390448 879076374
581104147 996327008
106033028 724637554
386342525 594917068
364420394 399101555
394076605 726369374
27997889 308685773
96413685 638804169
318774463 557945420
679764663 738065467
340121333 790155111
69938073 191855553
583877196 979496894
293977612 325793090
114882610 602207400
721305328 778828848
53526493 840075388
118298070 530235928
587703661 894036961
565589586 887875121
416739628 937490744
322299181 584668361
211533375 598859388
764802391 781181139
437423988 502399153
102926624 442017070
78830839 915129700
216970867 873729051
75333287 570457331
430929967 831384607
274435608 753229147
268569319 485968982
119666472 494545225
445905740 471999476
190894974 199454313
114584012 625067739
564743723 683676520
368803977 848190041
515061126 643239584
453935539 783630445
129208565 658540424
29017187 942164294
526893591 822260641
27643090 493993954
443847988 820381250
130423507 364695229
65401622 867929702
504076498 976708336
83917073 107116910
851307599 961449778
39843322 555032848
227043368 985129698
356983209 850907605
51251473 387377144
423373079 960936031
88984458 401533308
37902864 681834962
683921448 797261918
453835157 750062262
450930997 944320931
327166379 352041528
776533836 783788255
132828526 630231189
241214145 516808821
409743234 834064649
368415962 483118408
31638289 683410994
611080881 654392410
541794774 861482330
98749954 578534728
710997014 983733347
15772024 718835942
16248111 231361052
19433114 568043626
10463445 303763633
306906660 840104757
19090744 609291646
358595692 380191025
192729089 689622358
88179290 538587452
382620395 464278852
31536208 979613592
154574615 481438454
194945724 944625097
42958434 453833237
10959524 907630375
13743652 379445651
46713460 208689375
86670971 555495343
27524815 412803332
29841495 357612383
472005062 486266799
156157407 188593380
98483173 733955410
146758741 430776045
75768677 886721359
704912377 781764385
246425846 471994361
692240584 700481711
297822533 751954153
57880142 396305706
338425914 606298340
27427757 816571312
288565672 602850502
184502620 895809945
367395128 864454331
196606834 359141795
21822869 224034590
175713106 784949139
562546866 760640130
6963105 412769106
338844410 380459358
231269260 975840774
9369651 135178103
692753203 770218010
271806476 361527913
146477051 802368707
147433172 691620721
392810777 685724379
568532104 571617167
799546743 870195536
575808 560716344
29713303 800122550
14408262 776151268
659402486 888849880
168751901 690370726
317337621 422646430
47493661 994373156
416292908 860461847
619184963 635905626
336689020 956431672
982657531 996091505
355814268 719066155
44326285 525668240
141712584 906861867
66369765 700483196
694856351 863010468
34007204 683308119
287899191 525274687
79473850 624588211
334222710 914647733
268603291 829010334
207194925 745315702
72307794 273564689
298315249 371541705
239944466 993171600
87068524 919302440
82212121 589477085
83646352 407924540
570210838 973764469
58849847 774576041
279428215 478182206
385612217 578570384
33367818 747010240
270132554 944734016
374102633 702243376
73166801 653530847
180425582 417910937
880164693 889996188
75064379 620350126
4132455 197908030
3065947 907917441
178344729 626920166
9824632 458849212
82553224 812390345
625560500 745034229
235842183 269060236
169427865 239974637
129991261 411886533
500940453 964741901
540014278 903520421
114767141 765074425
353979156 600728797
21760027 32780662
523318809 529568949
664933503 911446366
610817730 625290305
236491909 389292957
546282888 826264224
14089710 341067899
153887587 251094869
630908872 954401961
507093 594144935
232914994 832217260
37949443 843732723
52318342 135237302
117790357 680623938
760473824 796157048
70548808 631110670
734721891 770366113
31354706 34422107
645990539 909688720
2114482 788151922
111960944 741639994
91785855 925978821
459119110 921519742
405146763 997706850
26807112 368088288
348502255 943981631
354670225 789484848
347102809 466631169
383641194 438888663
86429719 576386319
59942655 540457686
129348243 735576314
558719809 641630010
592222013 942361002
80518672 837348353
339564465 581499897
24900370 941749251
92272116 957935393
40416191 794952344
538308952 578193360
119699159 642365399
19134869 560406998
407439841 564259325
789424714 829923328
80701203 777139261
73455829 564831510
61492192 317923822
443071970 856649143
503122544 654368653
772187134 845899666
262675342 895517347
36363395 840970769
526008311 868714189
645853449 882463386
24057374 559861993
52903559 319645695
416511135 556026102
285329302 778845984
477262002 531848056
89659761 592453695
279881754 687291406
74347764 982740805
267706870 641188368
729152881 787364761
186738190 533750419
165112755 465637360
96337040 720434360
102855223 902947453
530365037 871104382
227531296 695477791
189258093 462147926
21659730 355541168
163952263 886808409
213636484 369134154
331474069 929845747
218265124 286845643
10466376 912840847
227505125 339509552
238984326 866445793
74503312 781175513
21368268 419989482
40531989 682695474
363854909 882669501
22031495 629955459
395312657 479890846
232222337 622817781
342308682 589455358
9444839 510578756
751405127 810608516
677925029 869154420
185270059 475087288
105042746 634540994
239799422 352871754
586269047 703353154
669480424 928577729
292808511 992043543
355138650 748692507
817894569 860438160
51293065 495819597
126253857 508979679
108164538 644179938
90794040 752392968
628388218 667229387
776773007 778349862
413364372 421509823
165309473 585630960
66940071 256103512
338023927 858690080
76736760 991484393
23717860 703870377
115762176 656181900
338902424 887075424
92474894 661839901
139204303 185803620
545423786 613953933
20080299 742361854
6153688 535183391
438174536 501468173
163279596 248774770
843652975 996765607
41406293 47152970
90045752 776651815
15062112 747218325
38582683 276185828
4182309 173444673
321433995 862852348
329237240 949355165
69035377 172890214
120119644 840043415
58204399 596806153
104147343 907547811
876581436 943297384
54931557 560983760
182641316 410119486
854371228 884761343
297249563 871144723
122298366 684298433
398560702 874590046
28731021 46289900
656174831 985394716
301449139 737923252
96435608 899727749
16354618 190135417
39228767 932473226
26548859 903612472
518238073 946494592
746266955 861102278
51237694 845912197
400127501 541185154
213121097 723138148
764060 974928591
114338642 884303294
159982447 759384096
25873439 678220519
558395039 905366836
145410551 257133731
118236008 627953065
326381613 759459281
721229305 983096246
687935346 917955379
570928332 859738963
471639410 976571631
139684530 555724453
3768408 110436889
36193869 215616540
495723886 745050970
580663567 905883746
299615855 732825240
287728523 870544186
453971316 769236315
651787115 654485867
62726671 831478274
47094813 739368177
461496019 874686985
26689445 52917872
844060619 897052861
814580637 847715724
230388094 569005521
70384887 181973252
68909909 949590683
87407475 890294135
11294216 120710056
628671690 707871186
870279268 986627477
117130664 577103073
412193787 902119717
188916596 809186344
80608793 736538382
92194012 168016268
479348869 760931761
51030621 604437436
850007106 909450091
283179088 415432692
314068234 315150606
793577575 944884881
132173178 510787968
539710705 978211759
182958441 731296571
88960478 757248629
167232957 389448980
571910865 975497467
19709593 556600394
338801786 559420297
50256249 917932167
20056326 462559305
522384493 559985440
72904470 927983927
324025064 470985666
297815650 986760402
293062424 395918973
6140787 951088841
725137788 748149077
160650868 252568706
180552632 321423980
11806146 941512015
425892576 593201058
108330055 591549948
691588579 944162865
640105619 688987494
30234553 820658251
10411473 439808259
4059236 23628557
364542752 799992474
283464106 893584368
319590811 391794161
92611294 581154563
604783120 734367585
216238597 700092624
215629961 860356464
454253137 828944493
576538845 791903803
673659400 831829323
825557052 984187084
153211015 386820205
86912828 682663347
82322426 915376685
907789139 983603005
20864042 782814942
98603666 597402886
18578677 381216562
158743262 589649697
681403887 915899081
70628947 222403959
175814806 528962420
15062922 521111789
710837661 726658349
396998528 729416337
107874910 555741790
171582386 612924665
17858967 452776188
465130110 634484718
37977744 511034089
32145877 471565392
53498081 592606627
58047643 705098610
78165456 643055448
106714913 847149526
299925714 685099659
594794865 765055823
172100728 833209208
724124519 877360600
201442344 423035325
15641951 580366400
137981362 263219048
110368573 452071132
74302856 262810638
137170790 669097720
27866461 161787869
354823279 758253960
234855071 547985260
9288358 947123939
448710355 752252213
54580714 316868658
332618612 387117954
390558250 470599973
650337001 959819642
567812598 613221925
411890773 642115453
8823543 673248808
771435020 884048157
51618417 326727902
817018859 892746609
676024111 850173166
708331035 846419566
545050863 569670930
266336311 922607718
10121538 297626474
323583194 616188160
46145000 651631982
147204588 235103185
601642198 626490896
1692506 852980066
91164891 829318081
142565141 463188953
126349503 669337291
131251262 649082783
164262731 581642612
90442277 765904929
171010212 946128989
260623745 799305101
67183698 857031576
358630711 662523512
280944792 693243780
154611971 789771799
608102496 713131021
102402489 987365000
54823151 758482690
557128030 801474149
250050118 917016773
155993738 889236867
598784794 758324033
274128745 957415504
273363896 906722666
111521194 554308688
47950292 886603687
344753409 373675270
549867816 594803526
290692042 705861553
336556744 550755293
781555339 935341538
475474836 659740991
337380775 375941480
262026312 911775299
382707083 811894127
359095176 525915476
370272031 695651920
60027803 228783201
820709663 874950902
142356797 766054593
40987392 557690230
147070849 155530055
321981880 382294283
229245327 837396877
194556283 712755135
75663320 107100437
594756119 776515353
3032175 441045582
554449679 574208560
365391561 636211357
264121788 559947843
201482843 339785107
88674440 501615969
626024103 930922476
461566415 945943122
229647642 568589371
126527541 867469040
72559790 168828825
407443376 982149358
37332044 637091018
98512476 959010947
19483977 255721718
110986562 711467517
19376549 550165504
347744367 569711800
7103480 781645782
22866680 799016365
39278397 996460925
96513643 127797566
243143029 643133007
61645271 746589176
52813456 902385687
425981622 676112875
186984636 721947792
279694738 581112534
6538187 182022959
452188261 572336274
421313550 539898395
471780574 664456578
183031401 707633017
306738544 691376092
342995662 533952126
14630500 304176433
900448081 919732948
133250564 993040231
35550161 657749805
234364410 422043100
280316612 818245995
148059542 339096018
274666824 506107057
31422892 108533507
48635878 497817401
3924457 498469541
354187260 491428193
729240268 819154924
49172029 724281691
190790212 434638163
116939721 850139941
21867956 583986371
82455911 310311551
306396151 436643171
132182461 646335953
644028138 852303730
42918091 114835215
737386527 836858508
80348120 543489348
246145640 945617738
823926501 863730121
152889643 236672276
101618117 490879470
549699813 698782041
410625917 534398625
197634345 907170406
89030914 799821648
101663966 620651185
580686601 752074290
416876978 534821070
95470111 819093142
86119462 358612379
102293765 680813354
175492399 230333316
463540231 566273881
670217201 876207599
103008746 178912823
104485423 185215889
601867326 849151163
46063667 829866483
57863285 394638783
40804338 728080485
123362733 143813083
906993308 960405765
736342780 847817776
610309200 953206120
285512258 688507492
168977573 184092276
408024097 566947353
515015907 709056511
509576293 791033362
326959804 695300005
532999030 612472062
383807497 701976603
18908837 588771505
34533862 600781772
39959414 58516822
328534406 475742086
557457702 669110954
273617402 552464647
459771800 588774136
328833790 632594250
383803656 917525882
636369307 846836388
92291007 412177024
534730344 635183420
521250931 626082423
120921941 825817508
84792323 302272082
310928109 321112330
219797964 947297416
20465069 597441126
9618149 415976332
131473800 356642261
22396412 652724730
588934383 956162976
411362073 526243058
258435058 722290181
522103948 720336808
833092883 937808646
87676177 367541411
52808148 298950034
509733171 705431362
36180734 295718045
551584332 615550951
49099679 694888756
296001064 924288143
197306987 601508046
413655845 524295151
107087106 973927735
575435780 938704334
246604197 273066643
68526892 557923681
132660765 928459676
231492687 697686249
3925169 196304185
529669794 913997870
96796833 135134942
201837733 203883939
109062676 874369870
360794382 537014808
449401649 849877479
260317511 931786786
151420919 344326549
481989386 565943827
311509502 338430906
762248011 944324438
276978683 679270697
509074126 588488184
17701603 271322137
194485150 620355254
798751188 911654666
294414738 964531905
35313548 813493674
120636075 312292230
345280722 629710201
184679353 456653508
273701764 835949984
387360981 512014510
791127749 856089694
689520285 826441297
522099719 662672712
144899264 744546643
82879116 898447952
30656027 634078322
378025541 456512859
324683832 931132382
89684114 111222748
167625804 933450343
63489370 561169364
548076977 983758653
234782114 254400979
131814273 968677150
79899897 919841498
7465081 911019437
84882917 537978417
132130938 630799240
221615741 222740596
882760838 977069778
51084515 827312344
554818030 911065947
590848132 639700946
346510346 772720521
636502842 961551022
230810318 364214152
366964370 657770538
163223482 261860465
89172808 700081450
800919865 980371978
237708561 999946562
605608850 826765351
227295443 611241159
205156853 715677291
51986583 127650200
7554218 675580706
94252833 660990434
11243095 887515445
312138366 698594518
616756259 977892178
82991029 821913111
546085820 987493963
26316845 612013218
870950691 881045102
3978428 19398611
6777611 632136994
465955465 738735728
688697839 743061268
29857107 136026416
600555986 980910197
169603422 324023028
559886420 894580684
261704765 924819719
322349696 624776285
109429631 757696087
772895738 974626068
320251919 461593576
450136344 868501153
227231708 416399352
159533653 570653345
723801821 751786175
327143013 632934312
460076731 505108427
707733804 716801372
751297921 819049483
374512122 648312042
850963078 911547469
193836576 829422403
606325649 945134497
250876470 453473171
73577459 973017795
54677699 804593596
682631549 980771509
177276774 754121385
234968878 737358101
30248274 855905549
688952546 987800675
324740103 850881661
9437192 944388483
265400451 684752444
102243378 194612156
235942264 981863459
778768294 881314725
782648251 947257222
293002604 610207059
238779499 531348611
429556910 549997414
9171990 116291812
79627015 708042391
213518540 806054536
45235820 801731630
895503622 961318818
68241104 774200425
119706632 348791771
715585101 867726605
162626940 902876819
22311904 795185624
88915791 800317876
85066801 203884799
801498091 976585600
304663120 598966515
55655495 789327145
2723383 776465857
53351960 314303498
14208458 794794598
34980909 456369830
264773042 478813833
922815905 933354518
353185827 976167864
100174368 811051898
26648882 229895793
35933211 551693878
415272712 902658021
199004828 302769972
359027850 832907650
426926036 476317243
311721483 872807703
131945034 931852995
717723865 748473582
412041831 762610387
166820617 168099439
203149414 365825444
198733093 897795446
357685884 535992034
67245808 870213222
106468130 224822784
20615652 989913283
37344740 947035463
71037143 497669854
10650444 21062505
421681888 605281857
675205705 756412216
210861437 897360998
235861670 295346754
284330005 957406789
29964724 597171471
734976514 953518218
94841324 459581701
333160557 703176402
459588618 682965403
221257946 701527612
253604284 413943265
168868337 341982305
299389094 591771094
397805663 850243838
346463660 826783825
540506829 842065195
122167023 128281630
265433715 311433194
369263698 910586152
105084808 956711750
400999195 599249242
291355860 798804857
302009431 490335871
22476438 860581611
90698871 618840848
346468964 664699110
148687379 421126651
93197761 169321060
663958473 765868406
76090590 534989559
43278310 598831292
574753225 970352106
588736864 895554095
739216492 999846340
317417120 646013028
129389203 281719888
40739411 765515477
38592954 643474129
142003509 595583931
559608270 930022426
72682304 263121948
409269183 779648967
92116150 889466951
37211687 633479174
4606425 975918180
39237029 520489286
327355023 789899227
311690183 420433210
199843011 450680408
295714329 397592708
392043219 947718240
126215896 547903237
33898763 633747246
141393086 693819767
480025406 707450909
95557949 484631831
535885440 907170890
72819995 575122468
280176528 433189116
46701293 607531550
75604694 210907827
27964759 275447704
123913679 651772658
769160994 956593325
649860866 878665236
465901477 918529004
357468618 365119121
378576905 433073311
215193054 972566098
111184535 145783989
486877424 761045400
24449224 485820579
286363408 767568698
482845005 664940312
53158360 911388303
1519835 64284485
700789855 850315523
153162250 728097906
896872484 912949423
58733411 403402300
621618770 935698986
243685414 589896796
107353460 825082719
490435072 883868138
291794797 344471259
948152623 992584651
19913862 984781991
267682376 823702837
282859224 515649599
26895498 937406910
143497476 201180151
76835006 353943705
85078125 889048808
135458972 636462881
53670468 900523715
625632033 989694471
44212383 761091004
626157352 628088506
524705854 655141344
334494127 760955914
119268363 826675067
629059817 886066422
267784383 682730285
100353469 713982044
517068367 869064290
118934902 550719248
639321171 640209158
725281830 962481397
809680018 844550192
583132966 909457198
192010677 383192121
21787663 70356553
636854948 955763218
131551803 925414682
526985426 765930225
31944510 622977160
359591937 467593827
588133810 734360308
419620253 462437824
657233212 865717124
72019193 516648461
69783629 719014515
468108354 596116824
62655622 119436477
346285050 503305783
706313136 765905302
674783930 746302353
6217269 250309280
48104111 196194711
287947119 516212465
60452975 689231234
109790045 663581319
217781913 235282431
361516258 814056030
274984651 314787986
121580118 564996151
463647473 625298917
21998297 526640043
799819202 805808539
170308511 712788528
347556125 914990274
834036579 969188474
131436179 368332992
811759366 917797897
152841591 506844692
459101396 809949011
455907785 952690914
125220967 150713402
279709916 848698559
208059602 914079221
188951030 284953792
90161057 457765193
653407659 933106963
626296495 631144977
55886037 242805084
395196082 701476441
94556230 382052962
32798175 842997332
340372498 859135059
318866541 993780156
644758373 945163035
87320313 467853955
22346902 863931912
271249470 676393204
200468475 304047645
371906887 969442478
312632641 712279384
457273467 509181560
817485008 835917615
87425954 320949574
8861839 211191775
31289142 827872059
86187719 207764397
869746877 957444203
374266757 413321331
101755297 567237022
39453140 663810855
633460437 994064245
841929772 926231520
111900943 741605340
405110104 486751616
283944992 700584643
114491664 564330366
255965728 362876859
362076533 397509795
59779259 758712538
33413661 142901864
576149960 816680483
136620637 636591525
198273485 929105623
91770617 310174427
49981715 911417706
126810916 586095555
703676629 706765870
680691880 737090290
406287124 721843249
141368861 971997811
753619785 781827370
131224442 299259165
44702653 190004138
451683033 600676240
376594312 501523828
129629933 626202243
1740160 819686686
472469579 526291850
324010060 388179152
578183289 696078713
197602541 668671353
168882371 243010811
43672584 801199401
279917995 421976968
845505554 950795285
29853263 299535961
124005699 767093008
86375602 251935233
75164372 283978142
542386731 674284924
448214484 641879123
242953 740669272
143452475 289863741
106664286 993255287
285397963 588328435
151743728 868196331
127380388 983029440
889479524 920298830
101684793 789786892
7299773 90817699
536126499 652415212
373127894 605709148
45685232 412515204
391865084 959825994
138898548 181409023
183917391 225767970
237024865 417115181
220503300 901039744
452024855 817358690
319839275 630604857
43120060 369423105
181765450 590899572
347010913 720433006
518390752 584035777
274304830 890604177
219835240 462438309
832844733 987644254
455644768 970392918
168006657 310818760
63854891 306039516
149597207 293432872
438519705 857317410
126827544 355717982
248467020 812188628
195878587 704111787
682373783 960468597
213811101 403756307
544939799 919371266
139487017 317983797
624023313 650863323
349291130 915059369
21606906 859036188
93370297 889242123
204283434 638310095
655503622 982400813
421117824 938945434
596252598 876513721
380304556 559391235
78567359 977936127
217736762 878766301
480202490 615848351
450765515 626070024
355100096 398022162
69311121 735404651
110297015 498016475
324231516 797231526
947269202 950852757
13940800 87156924
475750419 935768272
425911900 903840429
72821777 692082567
887358686 976350741
229821194 920371797
196518593 326366824
320147617 871596518
61684128 629661592
84721630 973929649
1704046 534828379
73125101 627488632
701345617 838142044
225486774 400328049
272982732 879335317
53578187 112721069
9184280 973490287
326581263 742976302
457941371 599563995
233949307 884392703
38915184 190517904
77127051 471022705
22492035 415321183
621704213 734777097
66142184 880616446
133049533 829114738
257539883 918125104
328806259 416267048
12774936 556401538
107723147 889462113
267112780 445169333
292065746 732032858
332218510 484340028
451653889 942944933
712240584 934147502
98858582 598662552
131849204 747304981
33587908 632332388
4899943 121390680
705939889 721472574
68316 354317186
625879 872733151
249569537 688364018
463205626 701223425
483825302 795656564
880451952 961637252
520948979 979310534
412816155 505314535
137646922 436548160
420311094 526900986
100889911 219852265
426685803 495125705
183489722 289413354
377478763 667315023
85069918 192338964
428176097 746876444
45796857 508577409
296372473 466107950
35478394 882402671
89842883 381457089
57712427 617990534
205463965 287707541
137821909 143050234
480046505 853719168
132780377 583277179
12288273 739473964
474392986 700673741
36651323 429164273
42544815 868333788
8557680 977845751
96091716 488604184
97292552 570593727
162584043 397964811
9863842 636977028
66141300 738687399
25525720 876762661
813237060 920586887
336139357 969720085
1674012 839411567
410005293 979476760
208547387 572589335
62082715 181112824
117442744 128224014
91330888 642216422
611936506 861093670
152723575 193221576
269185994 864642906
369826568 966576117
52392359 578373954
315979456 914227925
526366016 678300792
173033565 365959092
750199851 784970070
79569113 902923426
434196085 694474383
125364688 239944129
473971427 922149869
546224998 789950883
688894145 980729880
124662686 970353802
592129363 770304459
281467300 382660579
245989170 358193887
793274478 935470719
76630543 606643586
533375146 595454775
178584868 882618164
421083999 641227372
292172438 398928094
47239542 884301800
21748904 328706842
686900728 912753208
55725143 446469016
194353327 378516630
362869188 563997266
35197778 591304219
263660513 595084748
326089254 803077592
360354308 381814396
102062960 211198454
201720593 403949047
288179621 396073920
634982028 971804374
41320624 560186369
66928566 743096487
139170406 533592857
179428912 745831339
158534059 323986981
36108377 515259999
48852856 98678899
24461137 637193235
122564256 583675472
328569248 601223431
90933017 507153417
707463568 715876648
892041047 895061720
601699185 886228142
729130043 858413782
604912343 963121632
57890754 128879670
565071493 621495949
293520807 626461438
282084322 602955951
341700445 569219525
37020191 98312549
413064259 766150233
45677371 561638673
326163149 770118079
244130379 415769088
479383444 592796339
34935700 53571230
132266619 991662029
110760125 845490645
267921767 570323749
597775962 694702702
73155798 280397011
79661298 934017997
648417746 876106045
144163563 733656882
106201750 985080978
180551408 537933623
486323156 503862386
101892910 842337882
97052784 584466732
509246065 713768137
653684426 860255538
781235529 850150865
79372045 133719994
383518050 550236286
51601511 381752279
95137753 520515216
821555128 882112949
222887921 759612346
68848628 978829250
239132189 972445274
98682141 999247279
454271447 832566052
72903190 549409199
130815183 576263700
914325114 952370310
458376648 594565414
100504364 219638308
480710601 840405772
502776159 733880822
5074514 787084656
805786405 956273006
641355409 711751475
661983401 994436676
19484252 636686048
371036915 825270656
85328507 86830814
362462671 990312087
1958847 211517290
18471423 170361972
31899766 801944882
235031960 574441065
63643465 215548689
79786866 361635221
300982386 799586914
810732205 862603176
39089395 707390461
451943432 910077169
766733639 909652197
22728063 43521381
136520586 867239836
100488884 715298008
354318164 991016359
192322576 245923910
550923171 644266007
156001078 281191954
798294195 922734717
43360502 754267264
785844751 948342586
379047927 721149627
31199745 645879901
213694260 252279474
580886410 840254942
33644835 87227174
368419127 455570407
62354022 154743921
477868191 712659017
661001602 860159373
441041080 962498599
274738916 636380710
547378991 932015128
678542974 915798117
240101886 495956306
650700227 657962286
15114923 131811673
73350573 203043022
740903213 749756898
85013999 757197586
330579046 687749874
69865756 605317961
324130584 617244746
533042863 777434973
351146215 713136958
371099244 800038505
133658113 145290822
181187732 830661861
33704882 202797234
325312635 690161325
129913350 372544977
85681935 470985827
271024332 321596820
307104703 452212063
4775033 768998724
48851102 215577138
480888580 567628934
485820628 846761256
20874427 952568892
64129373 398396277
400537572 700707016
457063710 665521851
269667453 765534155
347268887 608004432
217365742 633169836
47469992 354201207
688874337 711840922
76200412 386154451
623713351 688495821
378887527 693595444
174182008 324189495
113499024 466390344
93485761 929986449
306139545 950586192
421195264 510094196
125853178 167236731
182945650 896960864
403409544 659175352
121485040 646892073
274324593 463744221
28536913 491678673
274181473 653533634
16144181 903494745
489026277 917975720
573070416 958109597
460593958 795604485
343497573 732920633
141730270 206111039
422341617 914996460
91672193 661437325
885594698 903161348
13836299 246723834
27477260 769256047
11198413 375827673
123930436 952642438
51882623 214662296
60355339 670707789
141390676 940283570
80423367 990813464
171633454 241604750
671398522 823885769
129528895 779958322
48251650 573168256
537620701 995873674
62197844 812714772
296781610 675330332
492571569 887727096
23489388 271084164
651338329 806322488
408767011 946072536
29263785 902228899
15271540 785089468
155918200 633250924
690459273 927023519
334578601 558247164
191498088 563473210
378831303 980349096
442547663 634310445
368934642 484797208
196685724 315799260
498359893 569504095
1853797 615360844
175659497 336432397
26124360 592805186
8794747 58276851
50487894 780739906
120056804 493035556
267566702 744795292
661629373 926816285
175452263 714577091
54408140 351111759
51009487 80532499
150671297 952711690
585967947 761305041
546711097 853534648
23648759 790936346
96833002 898076530
816815119 893266297
481047916 820002767
383317766 854943497
344557051 908140721
126898297 707037005
63767853 830767409
190025330 408324903
86116714 856379612
65255370 149884566
277237029 378604078
54684163 302256765
573167093 788615032
552763957 919326144
546737953 696739029
244923120 484310215
176568915 653853089
214483752 262685629
97552568 928716412
164555904 644290520
712464322 800774255
399593126 958653197
7743728 644516245
92929885 744514733
137368037 923860337
198126949 467856180
165432776 910591270
93652921 835967283
357102386 387597572
3456261 621672350
737361426 857968581
98082504 123582530
16219359 966741237
44553582 750781873
697762035 973289150
233917101 686135423
834649272 850549860
17082912 159524838
80747270 728853934
112073021 536139377
678878644 784765293
127118561 623297351
656957263 715532146
89689986 405271287
328620453 693495250
193535069 569942057
420491917 697773841
40225530 353755538
312675874 421289910
44587260 194445318
7842932 986793597
599716604 687917734
462078453 928337057
154027443 678206456
322330941 490052399
59994456 353452892
249083053 333002724
51226732 289308582
294123483 429169527
83093621 606799357
46593790 747563048
48113357 976283788
3552822 202140799
546782474 604704004
533221448 795865526
323527036 737723439
258330328 387030965
215831105 406132375
508584482 870321347
50089904 983831313
654233942 683869669
83087030 354718728
67735805 727763541
3314129 326066132
114794505 405893682
812026056 993610649
53463308 249074895
46904679 956069563
232906207 557419065
244413617 865119397
5640177 969722203
287539398 783358980
19915232 941773339
467228648 920537270
96037334 917814707
81700562 581063501
100956668 893726617
142801511 474095180
884030596 912452209
525546103 754605995
27688906 845291102
310548776 377378661
676967048 769423128
209366607 508710040
56986797 944057369
13790032 988184247
5043769 460931989
20256853 573426335
104914063 655680503
92169751 776518013
735072897 886915874
392915789 586692690
244512218 324113239
312297485 505239210
571750589 588047333
144137534 254074560
50388066 810738896
318935750 375781296
59763528 614068137
224032447 584659852
295221052 477075510
927131491 945896141
31449047 614523624
117158258 282222039
224134624 401573465
262955349 623845792
375050067 634086667
579982807 940449591
538593095 692638850
726521151 822549428
180469395 251722527
885809193 953416482
407969769 519866108
50200362 753699704
359466243 796582786
786936862 983813045
105892709 111557298
645193027 766003419
81706902 517032298
48467776 219959813
271069635 446801564
138891428 426418335
467576227 741269454
788589818 827042469
256532535 421619009
129699890 901725561
40138779 955167037
324715686 933763162
289724418 612875127
39293461 100155243
316022311 359386039
841424697 957128480
174077925 911020810
261615091 374840414
330366285 801615240
13461210 655081970
617366557 730135522
11267718 859951640
71854030 820548998
136934859 258282536
93794184 767459973
78148253 665738210
54283068 872624001
458717797 776588559
157914751 545004348
98482208 251708934
71588596 938582394
24075569 470770824
654853494 802056739
597534932 693097905
94189751 902421573
302558367 717595887
903979944 957411860
87080462 969703909
115706674 491917370
421771386 466099927
41180357 600245059
409382510 526982863
98154981 358311547
75907434 737425407
358125206 448076411
270296671 282354506
12348814 255498937
125299193 777022089
338313658 351666621
638622 436468639
709978168 981567733
86478363 382334142
750747033 863413090
239768044 876046226
236526247 603579448
614314599 946504414
204352830 376417432
391507164 549898391
585708816 908712162
7119995 33519897
52705387 145272675
38466951 903769663
129541782 641730336
370292913 965166986
33057271 721064881
158515062 322996340
171158834 935678966
691964980 899733435
129347422 493407983
431474247 979374033
173229884 819145422
65926890 456631233
821131196 951500512
177696114 979646257
274496851 907934016
195030499 973910621
111549558 617685363
262026095 524200454
122888382 391373516
226024401 289190789
93207652 530198369
122801352 785756302
146772221 377958547
902159000 957367681
66508765 660707156
27187022 631904660
108994986 175956563
78474175 668496360
647805573 897914547
432162707 907280267
121047284 589398878
676133123 857356525
268478646 652750051
91226180 561370782
3286011 998212235
133769304 362292144
200472311 942471917
274459590 923436221
38490426 636653771
25231023 646586841
657476716 831354162
120910834 784167306
304131862 551880756
259294111 661261559
112668950 543926560
694884488 795281591
77881139 306580188
347146362 756717055
227868380 330920894
3775350 574437359
207280858 986038237
307510661 742508136
308753273 687708955
420469075 896114282
