4419 2309
12729712 980199526
122885128 375557069
234072713 474758700
772834157 940705032
11038375 693709856
10675540 849684776
1176625 637199765
64837511 561828964
11446021 914806526
14629611 886336510
292042302 782818594
238077785 614900357
841171701 946979176
9475421 906898585
688477004 937200300
13933355 596751197
2955048 88726005
262378722 725560224
5825423 866598591
14873789 959628689
125555480 280540580
6684624 825861424
134794628 442394262
13202647 610848759
170768105 903811112
67932105 391058355
395675894 913920211
9449287 987742889
131966584 981838875
5832223 660634881
507372430 871551221
5213616 724400314
15095033 47238316
270601 812998642
390995922 840121158
11312802 727015239
10861118 890336790
7708356 996469948
789216976 817931028
8155295 608513150
7537587 745715244
250109317 600118938
768950347 894923286
490856885 890837268
3902644 635887111
614904712 983094907
658768652 965290008
9910462 928851741
538938 856735633
223964861 365924561
3876456 862281712
6280579 931639974
358704350 533572617
52585646 367375466
12149650 705479873
654525725 798234147
7290232 918223591
6175088 703867397
633938086 743775904
9121201 879026921
131181023 552445557
14526551 721983161
203807290 272070406
701165786 912965409
474348874 836334455
9237623 656958403
1556733 599596162
12610320 923266667
903440630 936920701
35558998 978475058
677568134 684551725
5513032 622896617
67359204 761470013
5504713 872398608
166483833 661792031
630267916 721036293
12295227 815879246
9477157 830854997
124660642 661050315
444082 528878944
11224157 730151080
9554225 717776981
90062775 124364094
179684962 423935985
12675324 893200899
764597621 943953190
315377005 513286419
724970982 900795379
482400321 887740250
9540834 588758650
415956448 447194184
515752967 670304654
34396398 102291406
3532328 644703383
3261606 850774935
12656801 872982077
4587012 693459641
565330438 770288215
7763375 911064688
1182558 584932383
410680485 547558178
14271414 656581190
5573946 760947702
5766580 753737301
408958448 816499530
4102493 853135579
167238392 269725353
668773452 975902591
13021701 107921665
12441014 605235770
6238841 825470313
7683996 426491419
471181016 646854687
11694077 691106131
837615 850110420
3737299 615718039
154011961 211366360
2731268 946700247
37094195 49668023
3018206 878236756
8269878 804532059
17275070 104952286
13725422 864125115
3646298 750602157
203910721 572584614
90796300 901673034
13988062 683433753
1116724 585188467
10168039 728191844
237293054 950348696
10567957 797319390
3864595 706324618
643971267 824176610
8364453 706061729
11350694 954389349
1465679 955100517
68679943 237282990
10594617 678695007
9148978 913485579
10370504 991681827
568755410 614142166
3005662 632220856
17118531 900897323
62543700 790114284
126425377 283755255
288480642 717320961
418796252 892198695
4463672 763678936
743531778 820735731
14708932 650717389
5641076 665295985
30405807 920729023
14227459 681089755
694888354 787168119
2654792 588859239
14672786 877425801
7084721 809903457
13128190 949197245
7507686 793654248
497567759 713370579
141650646 458557356
6633203 708560442
46258604 698445894
11360077 945009738
212085387 911897480
3661349 696988322
638778477 818406783
7388959 811120456
9110573 609587699
7422058 775697479
13881243 764694109
265747839 476850912
4547837 927402779
686735407 957108673
11304656 633355963
57715454 315071314
3523380 717031327
14513660 800637779
14094095 944228185
14386163 583002931
71820627 268359711
321203211 823668238
324455735 475950336
145588093 811830411
6485532 739272070
10012042 790492351
11696691 658739635
3166731 983064072
5828735 800902121
669822448 975402967
440212608 742602715
6597018 733669936
69398437 303599377
10004271 704134126
2284032 995889511
1052684 663334167
472272732 552739517
38410282 109401095
12445387 838920168
13052551 701741973
69207 912187294
14158678 977325182
9878390 631876242
41245500 442845678
4941642 924744776
1438362 704647086
12999967 758905696
8913854 759233507
215393199 443896121
137433177 915041699
30749721 65499464
391817599 452890302
11393630 763399884
823152394 939116412
76187553 578432138
332210963 355035737
12310801 991107679
6099413 987593293
13437147 621629663
161637966 486076498
460771448 752699381
3120903 927448705
670631860 748239526
11354577 938333474
13228598 945968329
10805703 673593138
111732686 902953152
10324753 776401366
111863317 558496331
12605035 884661556
2329683 902105929
653533912 683897787
42422516 151975271
4878798 884663222
10659998 615570710
1709683 669702879
372799447 681758513
20959612 291128985
172771432 278867324
105385967 690054483
6609197 579902776
263188 918440933
8389729 675061190
7207547 756836711
4333652 874451548
97990911 226566140
12721785 679033266
8628862 946252786
355661587 726020352
8938423 623556261
10225347 956176682
1029686 789231004
580720919 774074612
14555756 927784664
237095054 842436987
513080242 779015105
546031105 976054238
2864492 82767297
8810491 571988723
404850262 730435271
360875 893557201
3743025 763445168
611222517 840129027
232564024 454473374
80627163 135103510
80196020 138827175
105804395 570158644
46949489 387261856
8862652 810507354
122815021 272483184
62273163 613441011
5318594 811094209
11353460 923592000
679352472 856076042
11097471 791264884
600676 693881878
2551060 773869432
446725749 949131599
8264459 820740697
542912134 706613783
9029892 743915812
158309891 719589443
321669070 862027509
4259757 729405928
12735683 763712121
594194532 820685676
10698857 672803038
9555601 822230382
4558461 647461668
7003204 626940367
63386842 101180906
10991638 949936861
256175414 780614079
2076695 624968648
5605299 609870751
14201259 656888124
2398695 763612337
503556330 533100999
499950537 765578756
853960802 883422354
54436085 619519334
4606591 848608263
370811 681382403
527980922 825933782
13032836 875756534
918120335 962547500
11141813 902280633
10896909 933764758
43698433 984254019
157433 950765973
58855168 753797001
670968634 796120970
206845654 574888782
14015975 957413973
550964351 674869056
517995794 607837254
91326524 446966714
273992396 319905077
3799544 659912028
12366754 894301310
117593834 487162833
1874994 795059773
13423687 704610008
35079109 306704080
4387448 776719229
611482969 896669217
3264669 811949172
148124349 595405098
170129040 928847790
4745205 873064059
170817721 952683930
147343391 228264389
87223575 566931320
9240411 739495804
14606452 922601592
7235731 758326272
11565498 878425151
11918957 653440407
709794777 780360648
3843149 785639694
2992384 974027757
14067337 693414262
1070663 802947041
12803855 696623542
165012450 282788819
5944448 661641442
70234488 864109029
5502738 588957948
8690256 867991421
5292913 610856038
148451498 411434691
9265096 934661812
11218668 726808485
222180332 258811610
301480981 951581322
7118819 950293493
8503711 843149408
14665607 994045599
7346445 659246211
303957420 495097255
383696 780123760
581386393 901442056
59228589 780493132
387351022 829677806
2563251 574496645
752152816 790719998
5117508 963122752
84967712 490015588
13792794 623619769
443246543 933987026
12578556 674575340
413449608 769356027
3914869 514680386
12289102 767816140
667875982 688494107
44312720 624807566
22023347 542823389
3172088 630682052
6751419 727723872
357088539 431926976
9124808 601238421
67970568 87149745
14896646 908943440
557486728 946218618
102777932 399371791
3036553 863108455
2164978 632317027
72187400 975562458
80061960 854485798
95518782 725130489
434990344 617215866
510564 796433781
3191118 586173631
80312850 609264413
315608302 727980011
269248618 563961933
382017225 859673899
300037249 523921148
9664129 670928071
1322393 620702753
7462491 614023646
7940954 599181256
571943 986890289
655995256 966447751
30641655 205622651
17098789 177356072
13833657 673620926
376410232 983533448
12322244 793428627
10303163 829304689
162204736 503811313
204623 787469726
83729995 309627842
687877 733100296
139799515 406891294
36151807 889527265
12223953 708888514
12567132 667766660
8664084 684104026
6631352 943200904
568662427 933308646
215743877 507040297
422918928 711888439
6801529 876938135
490684682 908765811
162153251 318387814
1245028 720248959
697113471 975057424
283272597 938525268
214939764 505536771
9055679 836538666
13351834 911316485
317396493 419640296
222254971 717447277
4665636 954604172
11395960 750581096
36119137 142538403
559166920 692580449
11301084 834050071
12029206 756187091
640384095 957869128
302609246 737693593
9666986 821262918
13447609 933546094
313171939 313420563
186389624 422244130
9815535 883806294
368454765 380426911
699013442 822063423
13176418 962312636
2263394 854748745
11318455 789992944
3711620 762278987
337578985 387563654
15212986 326984373
14951574 288319919
334941 643283762
1545209 486988352
10741505 994716855
147289246 165592118
3744643 601430011
1046924 761040511
791309400 860241296
3596808 756353365
6512095 964531100
87605254 202303681
12626025 882860916
579923279 891027612
687584661 927945616
3185438 695514364
13777038 681244382
297481106 423351214
74812283 661097914
2791447 576854387
158405719 314379194
520955299 572754226
17187286 652098285
10923442 142592564
11430983 837705424
11730265 963577962
7232079 675434823
13836346 884057872
8918540 754542120
7469984 980290411
1857553 642312155
10640697 655425623
739513650 828200627
70729600 506123168
3039228 579940314
14330230 961813775
1487680 737548346
123167613 594217305
127723998 677639897
13227884 385621340
11270027 603825308
1832983 760151844
110294695 663407583
1295365 711434484
511700827 538657183
671344974 782980764
5005588 715430137
6235220 580985726
11296023 581655484
7779139 762576689
12546353 962953526
161765766 355882227
9710027 849883591
14584017 947021303
36533489 296112536
377466429 931233405
559859261 662615658
10976403 630887835
58462205 651863751
840256343 858498142
7285621 767854726
1399945 618803913
12675840 900725394
333714591 577230199
477537603 872858700
1064912 761752391
675606490 697523078
196476277 330671731
10348493 799770105
8750297 593846517
98069169 464057687
4114970 603566952
408250886 441920905
630699665 988659116
519128622 666608108
24741428 823027360
1845474 693574342
394328009 783797768
85483732 627283324
13833776 825753188
649950247 779353587
11264883 649912063
4087710 854892721
427200907 799388401
278906525 383850214
1381034 868499346
341484655 629212569
303636489 810571210
548298581 595916252
3139708 585339898
794995988 985019249
109077355 400562160
6248530 879675329
9465089 816681474
12872204 798265977
12084498 657724894
6511603 871020833
21912606 875507805
90816177 173576315
1961489 582531353
9465314 974917607
8822906 912098976
11441099 703890306
10426833 586927927
13542118 780768024
9924872 786725517
12046268 586543877
277044899 298685619
363074 682771675
1319610 583634188
208012753 268601791
14310978 667647301
481880880 730794887
9259590 796430110
558163400 934153055
586242343 805106792
303610964 649116328
204907585 712003176
3321205 862789636
393695847 803896461
5034863 880871832
3255223 994020004
8804030 405236148
530124179 836231350
11843577 742907836
585861733 983487753
1866117 659752125
33386385 816091679
6190373 827623644
74174561 202696504
502186845 768211289
1007998 756583163
4774728 881041770
10038259 621488881
9935631 770244542
496293463 506283958
808866216 863403776
37184954 574438933
342994461 407651218
123256179 431503302
208168464 648781645
12399076 978968777
1639161 581086624
184149684 280126940
496500545 900954070
14011920 639781928
7136869 656686308
285224117 411086439
15541985 272748047
4067953 842325049
14454411 655684329
273818441 542474121
195503205 274038464
787320007 949353367
74618353 81242190
376270490 830984340
153981587 192884897
7571638 698857113
4909405 679306066
21544936 433529205
5071852 674442835
1360703 968594137
5628172 874560996
105231836 854799863
715117825 763552767
586501946 876626461
1812472 607889951
109355191 413557364
2503372 762748772
884591931 951151794
14612980 767509507
109850714 833218363
12575160 953301443
230228511 903051717
178051564 643505240
308165993 406377792
5302846 709077905
10365665 660708228
72120985 947903826
67357093 835885582
3558540 683342911
9761513 695493092
58348113 760147631
450492765 865622416
6409094 740136690
146522279 805864321
371656347 663463603
338362 913389181
37247696 704768242
64916659 228653200
12947041 792013433
11502091 940821062
390109222 565010595
43195269 94230049
700978757 984766660
236093652 531864320
326788101 983148981
65851922 284322615
184499270 368743927
14420437 727364697
12013845 581614179
4876409 874435754
9755457 822937094
11981211 817655539
577794675 822115684
418214618 889732758
12337894 877310480
47766451 590841561
4080492 884920051
596666885 948971107
4596861 617157175
823205088 974613054
10870885 952914036
812706174 907697739
5836109 954453519
6671870 814335757
4650626 682163795
3438474 754900540
9932764 981619293
86130366 971296406
817830931 839916980
1520884 587095232
8406578 949747372
482367548 553178392
9538167 614363952
411017233 926839989
44473523 720068806
10239147 981195593
125506120 882718940
90949783 978983045
12578368 945390747
10596859 576275263
8917205 780748413
7123461 813720827
15148379 708650528
245318455 853559186
4713593 980147222
12002818 659918840
11219125 951166232
7649055 900332473
5494411 767527703
7014845 203609446
2277190 863254886
1311881 834516139
4531037 687752003
60401811 679330933
49346095 819324710
3112028 850685891
1446095 948532972
9054735 576569980
429076761 969938249
4309091 746401110
2516182 593711160
6233224 988275611
14308499 701955379
7489425 732161878
305145794 734095971
1305820 941721993
374736524 457579086
463884942 781669797
639780664 911188841
7339052 967653447
13223981 638161966
723370 820619578
11964655 917669426
610913960 668024148
243273495 289742706
756547389 926460564
293066318 849774158
1506312 787480798
1411812 954198086
9274728 11974049
11149667 899291743
6691583 889026006
239005 597957155
8120320 902295954
573155784 822221720
10132625 902003009
6015257 813517300
16957613 111506709
350725840 429188947
5018948 892290798
431442988 997547539
13975697 853222167
154993946 728678656
3792512 970706478
8445243 945812684
1056054 673447448
2442990 727504133
6656559 956910668
126958425 887081719
11794799 688135854
13163703 631056161
218001391 847288553
3031445 576160887
6939733 751537617
319324313 995376140
65931546 510963672
425574653 632372889
354407983 479348124
8656971 731445675
11876058 601087776
11020369 750361804
38474569 488411120
382979382 943986829
172122092 292591263
301449072 626861356
227254803 711000588
5560099 637394543
10039285 912449235
797384 931970513
8406181 888485175
359317816 758049225
14889693 780137208
4249863 958937375
152694667 871655908
317218981 971332863
6494513 777495831
5757870 835575346
3037530 194043604
18583512 721571055
391536737 871712229
50629791 755644788
173138271 676908870
10404217 855356972
13200218 914301450
242326696 821752201
6400994 667404734
105629878 873227255
12259087 921407053
5226386 891228414
3371361 984232979
343627174 517997806
11047125 683785157
9582477 695145614
8669854 49524265
7341603 620311252
12678034 676104023
116452462 944928684
9448245 655784156
6269917 680926153
6933562 725916962
13731962 984613946
14876620 926307703
5286534 857300606
14034562 652643458
1982367 733695037
432360792 642423186
15041001 302113939
3076205 814411961
417463499 781590143
2384512 858914493
225097116 925497162
109345337 643916115
272121 585358836
12045846 865568703
6695613 965305828
775206 957421245
220420 798756247
307833181 868199385
4345764 704582309
203885645 716266907
3084900 667813108
765145726 949031335
10393352 941780228
309567818 577504146
570443325 651977151
7778253 815610302
7616176 781698078
4873169 758032273
68767747 502573730
368228022 476262782
66127137 978449250
11095659 601148134
14770884 620344203
9180453 591048919
255594359 582313558
11258064 613975225
99634573 233221490
14108295 803422857
5273476 879217411
4606255 679548455
10308162 812673005
80327463 290322235
12378547 823560923
11083496 968035881
311324082 914684320
11298350 600705146
41567465 473050457
256305943 913528960
12454880 862673204
3150602 999324669
76384863 962644023
250734457 883810034
3551561 932604067
342848146 688873281
227579731 944619462
509708083 671247184
9784265 990988203
521227450 588092908
216404036 500226377
632169173 640397040
329452838 983513578
49503981 73875757
13726120 816052811
7761617 686428083
14188432 840593830
816364445 939654040
10021610 760150007
14835216 930370921
9215230 625916430
817947347 877962159
11657978 933231379
1606782 796091512
295191483 992866707
12418235 827755413
102766659 616941686
164524494 954702326
4220251 702614387
147039443 580894197
34828460 152805002
667263797 903100716
7496332 589251873
3584767 944359443
243937654 714838863
634310 607981231
12246310 681593175
6165324 667465940
10165596 677919553
182991783 872444108
23276687 762907438
123775229 785294228
12229197 937958485
9414158 727849755
5659266 912942064
37727138 322634448
2094678 726550113
5321536 697242204
14545522 604067157
10269400 575411164
11340443 638889433
7884085 944942505
29721162 610259000
11090286 697415621
210781123 497697637
45170634 126227013
407877006 985420645
3376089 970220611
12550210 760307950
8312310 916712597
15249366 77262469
1734082 671940122
12745746 666005627
91091341 561499862
51461971 995555935
237314070 657035402
3628301 897845675
590797540 969442470
1182417 637645463
205482643 314443517
13508689 974262185
353620523 796717137
582645858 660113295
5863005 608516868
12914048 834404267
291950334 821776724
8254459 719300921
113902602 414783795
11034489 610890557
819677434 952227186
428355897 875968132
8957108 851260544
9443465 820802133
9871611 627002573
7498629 642841885
1889920 772250673
220130688 354410456
27184970 502461959
2216228 820949468
215981639 474625840
1369345 932451930
10364659 847544635
14656840 962845326
191907549 628621786
11045849 619456383
14683214 701275225
333138890 367167553
4097936 685929825
14348200 598638020
390813 982912366
10654509 763183881
359336590 613322652
341440357 642199070
16552641 709188106
6833096 902617947
3843057 582768937
510371 970589361
14489819 868972881
8152120 584415278
332442125 538285783
502885964 566584582
465970491 929142053
319944187 733912085
397639990 546833008
3802766 874040627
2658695 611715349
896354 741214148
34264435 849953115
6230784 975631410
127309822 703322656
12013666 822157728
860967845 914796847
877863 716845283
2276831 688983669
542670684 676952285
1227404 779574465
8363246 866223972
417670 884387809
461145482 573823616
4248057 778741816
3351586 971006997
9052148 683150538
188764630 990884622
14011486 977683142
118335590 929893486
500209734 973478617
4672857 643518351
7449923 918275935
691506103 929034284
10204453 662067338
249655135 850924745
251710278 730213509
128002163 930028919
4492726 764390073
14611975 875921379
11526922 652984702
76878620 879481718
367574161 489206753
12750961 732687439
128279065 210519791
436686767 621404523
5987009 609070126
151582692 556054844
1031324 684144951
8731879 664574193
464697496 638792497
64622631 854771912
2490966 872483142
22560944 785723785
356108243 984437436
705343 745508014
14433001 872212167
687816659 697585743
8777479 909503023
1646123 754943231
61440966 781409834
14890994 588331352
537035942 749807194
116108365 875752400
858542 779412901
2194275 771897563
93608926 172648700
8888460 733811903
14001558 908454748
32792224 713895531
8123801 611600478
7261840 744512022
41785144 274203280
167065089 773600392
755621247 917567890
336617427 670205616
468871643 528719807
11876735 786330265
1725498 949813405
239535976 353928924
4393334 887387268
5662247 619244326
486533146 719562586
13280734 571255720
3175729 958322006
12769562 993032335
4044480 650696934
8895076 864777010
5261265 736665169
95077650 629763279
1106851 580589730
95052303 685630709
13103450 898883283
2097250 965886687
4245615 893914006
5363692 933458092
6681576 643859992
73373 927876746
500391798 700022751
545563762 767715873
655402910 959382513
667526321 995590666
6766371 908911170
500439405 840422446
29890199 849190136
4961388 948486881
11038962 874862986
4630086 573288110
12685090 881381859
148106 862065593
110358415 531363390
9889499 772506669
103090379 871051242
2910781 670190875
56725443 226126966
450085981 599270915
843960847 877731207
144716049 526119456
10702271 865941845
6891800 598838128
12402450 958994520
7822200 914993692
290045998 648828847
8186716 921528316
134692605 183595984
13379584 681863292
13472565 665874159
637347414 718120052
6546837 644360692
305858651 437955251
13313255 772992768
13576501 892501791
9196807 682736337
9018921 859245885
439633865 710091327
433588 804990758
11118842 945293810
5988029 941213274
8264240 894929162
27132669 472686165
628352154 677781753
13704076 747766475
377813057 614131924
155088873 867070646
741403128 950466524
11797004 609256677
2905800 849804497
191660119 725828713
13583155 830343389
7254745 846475836
1467014 891635486
7534493 922268663
517152551 785354531
13809141 853193696
9054782 634772041
50060780 568487801
5215110 887240361
7560234 699715012
817594796 978207499
224953931 683466278
1681715 940255138
802855666 957634990
11966109 989109868
304733564 751382690
162501936 513062889
5445966 669151130
403777116 944831922
12431952 892686955
3724370 751422333
14667586 689566294
88618106 850786546
657160273 846014647
27427801 208384129
740409 918928684
5341299 895381173
5074801 992979493
9078252 858543136
767263 822423074
1260216 946557060
19801139 123497416
258975046 594379803
33126928 144635079
921559 799568272
725665245 879444394
20684767 201387628
92590077 992415424
6200780 746197876
162155693 208289577
244787211 649741362
135921625 991689535
334834377 760106203
630770278 862786559
10462867 917222587
11975150 754126143
80811245 658026971
392177575 981188979
248653876 924766496
6651030 611207050
110010542 771346906
534053191 646763419
52711811 765575444
243280155 816543560
28405542 63154535
622690129 942342712
8878979 635734160
7326133 909887651
499017039 634068314
4849615 954076055
167138488 751347286
450020192 946549425
12431672 705635776
12087567 619150293
762656578 812319010
2488824 669974633
375114370 730686202
630968811 709364694
6949230 612920623
92605754 546528026
13372034 780859312
489842 749147176
203881986 731255446
186439725 885327032
429731256 557557539
12005450 801372926
5228724 721566763
309399742 458156123
3593581 930397272
468485761 634209528
6186766 692417142
179143022 784130158
227246147 263488727
9943222 973619720
12069683 656463009
243458 991707704
8340708 661805393
12907853 769697003
14229756 661484952
623825 877747307
29805110 759223316
543051997 568282739
10601919 956739639
2465884 937237256
785672446 854929318
225361162 672407427
75729514 966901591
5694199 944992475
12574563 778005679
633287135 886227210
5622474 688313926
361694784 813212242
3179644 886703402
11575738 738407635
7956192 987843922
2502101 974888268
5050736 573245878
148059222 725248251
89507760 557804601
60754406 61038036
88938166 112096081
270793711 516985800
8105223 682414519
13568126 744360768
4390683 592363266
11534410 839523242
26647387 580030990
14902707 760428091
157301002 288788707
43857034 815397735
12717994 851558300
2347148 956146240
11863074 636568252
12793654 626226964
759782009 971843748
4152457 871850757
475148197 835137629
5914814 644815562
211824023 816747855
827109291 858443000
9804097 924329279
10458734 698856278
9267513 664790904
300338071 891182655
80934528 90853143
6514861 802126770
128329958 413601540
13911184 792754412
13925206 967819257
3809839 875586651
3280863 674473323
295412103 679950360
603891553 905094231
42763834 273913169
101483286 631286375
204751857 251981020
317460477 494611379
328158651 629756375
3285234 667534813
400374868 875205893
296261445 788833362
13255815 913873312
14844088 874211480
46087667 185368715
11862701 724385083
1144974 989354341
33904262 794431429
4939807 657939354
668326281 693444062
14078520 611301797
606999283 791887502
4682753 675612680
778938177 784321111
1860190 865060523
652082259 734982957
3702790 675539937
369581501 624341914
138802115 966031935
4227284 814886517
11979434 638597788
3348933 588766469
724033054 982227077
346095049 704383518
14256579 730222380
701403320 799705990
11758031 585345543
6548898 800548924
387950936 801353419
13170584 634228946
12675794 614351634
13842121 941920590
6155696 693057775
33060719 793630433
9473141 790488857
3619812 682679842
2941712 606901474
89943457 265636957
7624233 700902371
282161360 941689071
34595969 462906737
353837326 896474287
7929432 696180501
2415889 988737083
3307036 935252433
229667576 751936952
42277836 673737079
51545209 252078248
947431 764119754
8898681 983002429
132520658 136360899
11395207 980941117
335510830 999305748
207187933 236253137
11741147 984926285
123091853 188889725
619169486 988429244
456701759 499239195
884760384 941937461
502950 633974409
422397116 608973199
90466948 788339049
578488986 715871397
169279477 899221076
11467022 696549283
209042185 461242568
6016846 750021390
2594694 759218823
180601451 688385537
7773112 652299681
352491193 842247788
5634336 621608090
2145703 37855251
229256426 932947334
149665249 326294284
2177056 905873187
82376603 152699384
914698538 915045468
12510315 712881898
71575380 302861533
70396588 638693271
3512977 874204943
515935480 734548316
325839371 624548822
3572139 688989192
666326020 703457834
4813542 875622268
312066940 817925228
11070926 972769153
57715218 80948394
14226450 832898658
11919858 586319781
14360439 49761039
10429504 847220691
13264007 876277441
403551434 825921187
14317850 742073164
720570625 959106976
1642382 661227445
977053 724585999
8348075 652411123
3819309 996723266
333082783 747443674
401957328 743337753
216863229 336980646
12627192 638720105
3430117 642337899
680120446 693668109
11139654 943419088
13312061 959826204
3659708 686776939
14920775 790262721
9143054 933117758
7145963 687516802
237261491 827366552
540571490 607932317
361998560 509873630
7064677 884959393
140778 827970207
47949594 139631423
10599781 768804889
6895594 649997793
863392902 950364033
2737721 818023429
13036155 817922766
10902142 601918659
8469959 625883620
618676830 746007846
5324712 709770148
130497296 830143382
11892163 832974821
146410 756546942
210661055 533174612
54342111 501413795
271005138 466486475
8984365 899969457
132456683 989044028
2239533 840762584
9293655 643072896
2153462 998558089
96107788 883763743
7425203 984613761
5177101 905327295
805584910 977811228
962924551 982749660
93018127 260467700
327905916 490051352
271621973 905202219
9452302 690891219
13429504 959658564
7976233 587636176
11733328 813477254
196390561 275266957
85571238 115594748
577155582 788970234
8290934 740183048
3551437 936656851
447003216 739503973
788057233 942515887
9914803 873877160
48011420 237661731
1346099 909439575
396885567 947245911
7211302 747862580
10813801 760800772
4316610 857545619
145511201 153353550
10641880 664638593
734357793 932052619
7815865 640317697
134067019 166313171
22375046 670963328
11794782 930506345
10640597 988543604
237221999 367635196
10319439 579521678
2751285 732383321
744113313 816526413
237003261 257260613
11022918 577940402
4357863 914230192
70564597 994326124
6821172 732244357
1385600 731028853
177432074 660589828
2685631 663992296
154622738 313103559
5194587 868826130
176884356 647811780
14589977 606075614
11789839 992506972
171361836 306942437
37531310 49306595
3587941 954073073
129705841 317424047
73960894 279479079
149845546 721094794
631986905 964853985
613120900 863157430
11024482 989976218
31453682 71187701
134938861 542175330
221788667 614243422
10539935 875137722
11817787 849890918
5024770 646636119
274845013 645086656
10545167 942631975
39789171 141724899
9823259 972806552
5707866 944444131
10453231 966037489
11496943 574239804
397141 322451779
237115785 289250839
131183657 922292630
14453813 979056473
125610862 910831805
6393966 882461939
226634432 651270274
163116746 876817250
58069437 100598141
3763639 872668075
426432221 996031475
9815768 899018712
3608602 895671943
17670920 473063284
6789465 614603973
2334790 805337806
8206189 636291566
609379169 629072307
586633657 785567856
10629170 799399276
255526985 838433413
1561549 663262302
14406439 601670803
150753363 636140693
14485019 690172997
8653717 962352186
358259311 554139002
4798060 767732757
10076721 813727773
144247574 876671936
5469677 760246438
2308122 878165069
10818028 965323239
460358417 592611930
3220957 889202956
770934 770851075
1431598 576750692
8148757 905798315
46741900 211623123
12207425 924543018
73632522 454945873
93245752 627579722
1526854 840844573
12828913 831014036
561729204 773348722
14608827 718605859
7399743 811118297
12957055 626271338
1946675 604999321
9575543 735252220
736969014 833215957
4166544 818244778
447259033 625166602
10963887 597921077
737314664 861463012
14912729 785660006
599320252 969273372
528171844 956574973
4336813 723574554
528589043 751327595
944475 592808608
12328764 598311773
821394030 912909993
490132967 766896362
13853317 670355498
3283194 683854596
551689912 652183411
4381135 793328761
374419339 541802931
4582825 794780508
643064206 721528229
535680954 588853959
74052552 527624263
560398 706883913
14748871 602450048
8962048 904796377
1757908 892586309
576602 608849705
13293674 786106349
13905553 819829510
4470731 791373167
781435509 816741604
9447756 791731536
255670139 940937951
5326271 661022097
415613229 499889405
10300184 748612560
1154028 837866151
6357132 381884880
201285543 536052845
4284731 589838795
12744535 800331435
14016962 583705355
5527163 691837505
54577852 633125361
14237431 952529569
5052730 604286823
6571565 918794030
218467178 420484819
82183855 194045978
262140795 505664371
479246 932654487
490154680 948775204
1386411 863066258
8780313 607331135
13776396 728289067
6391675 736532098
8506857 622421384
76814685 574452904
130273761 562160708
120134957 365855949
13157453 791937046
105833714 240293294
157483410 201351618
9036245 643939391
128237625 776496725
784190943 948601477
110576579 847962827
107223222 136131059
8133125 951456697
14575952 755892793
6463174 900038929
351453867 946047361
6041202 599948792
552757415 865020727
11160088 811662330
729299259 898920481
1592838 621835791
14230119 584865063
713249 644026974
679678 835982790
4577116 590893918
7979936 743228616
6518578 893038350
6867247 890844201
659959897 825307441
10331401 802254463
307597701 530100414
2624648 872693979
49697536 640423007
13395363 791797489
102773304 371822960
120739079 788155343
472989104 703999348
305771214 639120188
4370468 644535570
377210559 865935160
12187288 989879600
3310060 647636349
8085337 902552111
184951930 298538770
47882763 317411315
4054360 775910068
10272907 898063718
9476539 728622327
8292810 789102517
8265972 673859035
97989422 733004467
36042300 163106727
9818800 844256262
36848871 413926833
177489090 978495830
390375 999538601
8030283 588322119
3865270 710644555
268176576 902635009
10336644 924817700
4439976 737262980
507551726 639915712
4899742 711099779
212325823 909254915
298943267 626690900
200184946 415441265
10040148 975422966
11629329 836803841
7719847 925654974
10258226 720198687
311098039 995394707
481200 630999183
613727 889244990
10666734 914678591
99017086 291363419
5220356 970868619
13317835 122558052
4579908 703934838
10292985 576211507
10806876 684369848
430111436 695658590
251199524 476521859
3619930 845666975
707951227 885937125
9934019 978072836
2164557 923287052
136806009 822310955
525542003 864673957
79244244 552847438
4010117 972748215
386829360 547184616
6352765 779308201
271840928 752826122
13056970 673902940
184151361 213634641
249151716 799114757
645458274 878461899
11500448 752000695
223388172 253607865
703927539 738720239
1526014 610346036
1697379 936898269
161015622 690520282
95694147 775673974
14209989 895459570
2147515 943146455
1293873 948123376
3017985 689949504
681527194 828017986
12844651 958434879
159564206 758087240
24047612 63168667
153330362 685075540
8777157 691528289
4243634 640509870
814005624 986621729
566339659 989935717
1070338 850116260
11875268 988957104
1384117 775871578
665072298 717853253
673674211 811348137
4213261 798701853
12814623 732121865
604264636 694190253
816683 942155909
213338005 380272653
14265484 979951227
10217347 784919209
207297751 350355531
708504 572659536
19227479 893163084
974999658 996617906
5129941 577733312
13844473 585626671
120316868 834246864
5324183 865246236
2691767 932985636
167424987 611230343
910618 848778121
826665643 832117940
132253690 256055527
781654427 868630225
699408225 748752384
3066516 847196833
7001263 658557351
10862622 826145655
3090198 816434314
71904163 478237066
51474724 629608126
10037429 853998494
145574612 161408908
4708915 765788776
96014193 961243240
19215153 351794413
10650813 668959099
5518138 964294038
12722310 904222144
1333038 968587866
55455417 808783041
137449513 352748656
13257960 761431504
11020577 581949578
8374830 628551503
704837 844251967
181937793 246225538
5127394 881980098
14094732 729403417
306278850 592270849
10257305 791812958
222657151 911380364
6953782 762780116
210548612 920214338
2851743 898167445
395744688 538099328
14473988 606571000
978400840 983495847
111692228 354088223
8650419 331252421
14244009 586948173
619835869 716033936
126958095 995396519
11931981 571755070
14769485 666567781
4945792 571474941
8985114 600022793
14595450 600735698
8007839 991346584
569862476 828286759
264048006 426552901
222866369 340599127
12129055 796640685
14771411 890190448
226646441 574608812
83778154 171438831
7855728 716265850
745590950 928148695
4480182 938915948
941509968 981761468
11996841 960200792
58001346 865895697
8968865 609137721
355007729 578701591
540029 937657045
10615804 813694044
4963416 715506521
593866980 953714060
11306374 621467169
10985518 902982263
9162262 764571004
11594637 790772791
2440525 658152236
49080128 330279941
438486237 889497169
11732830 172260244
387283248 876131388
5600262 864731249
8459366 827500457
170229927 254816646
12969859 622412509
14067822 847551483
93982345 122599746
1056752 928182765
5441315 762079548
13702363 889817609
9461927 865772535
343712262 486729381
413621526 443054034
154110768 614853468
9684052 574519775
10369068 657454491
63244506 459941851
485371288 815491682
6949001 872957912
11632313 870072487
5458603 897570437
8457762 922893242
149302460 414981437
14321467 906114869
12167059 795740519
13179473 746168333
435601744 809318966
345462262 763596697
14226804 645181658
375587451 677286301
40653124 702290081
268190586 623873493
471052 781411894
8786152 807822062
11481310 579913323
361094257 817400528
425246 964881281
13106029 706919509
512357841 743170931
10580540 714180050
521049984 920763273
5059235 827980921
112994743 424521517
742367986 931891430
49409216 83524492
9362851 395148362
244782637 547685288
3693974 671877297
12420226 964060115
252372104 409157713
114250707 250998538
585499599 692438323
376086828 642042234
14215873 710193651
34584584 786613291
525223109 528240171
6231727 800831123
5849988 747016262
12466093 672055634
374451289 659069833
2072928 788749612
11610440 576913881
12131849 832309992
184865985 767380384
53258604 55780982
120023395 648624978
127082835 775074018
8497132 838966256
163825385 858252233
211171774 318351533
654995979 879201878
10062495 714492643
218711156 690613468
8503955 752093372
432328670 850971583
1267039 605896035
13817714 815081503
222032396 762741709
10873827 913694069
14014260 672302720
13005941 290058006
1694270 931855844
10718006 962258862
3006458 729904322
539731003 958523014
20361657 795945624
534329774 839458300
2851566 872195585
110951281 172006660
258505691 687753523
13846430 993554460
2946001 982643934
817885157 924120062
2280418 586025343
10625585 670781984
68796017 277367150
12639003 915949226
14901700 911031154
75529236 205545742
715822 585437265
6970727 886122959
724398977 821321236
8846930 879623269
6822968 869119087
12504527 870934534
317355222 798811415
337993156 453760546
300866651 344481447
1307578 929610619
44214087 624565622
9858779 709824595
14950030 671177993
136138666 142883502
12765948 655346380
2309969 757156991
4792073 654527044
495442063 522273876
239018647 531060381
544066932 820416446
10342156 676674713
253036529 428189858
13376426 722112411
13594952 636671813
4764544 583080713
764752218 900673297
261824356 674982017
593477500 628295641
10018704 619321413
1661899 990049478
9712480 926364090
471912519 630220701
358390494 721768428
321168337 978416685
5991277 699224706
3688558 966711530
148003924 781033934
4510669 768545261
2951509 824662816
336607610 717579282
5309934 871913309
64368822 992700112
158679282 754008029
20386909 59841667
258699102 951115892
10743407 651424034
6929561 592213930
21000 679172570
1448583 680962121
691859382 812121933
304321454 959451955
186706372 471400736
496988766 644424721
309310732 729770757
2642614 786771179
510487649 648415687
7950729 769490666
605157200 754699347
164233280 341055835
12601960 621125614
10265670 603513554
56232565 591410841
1933792 939275741
10571854 839780498
553518 911224930
504054223 582053605
667465593 918788003
1766918 831376172
778955186 881277363
5594336 784213461
14469574 957707219
14118495 472448279
226512787 890437077
16556756 682808138
7878842 838118954
467843935 988274134
490635725 836207352
4523236 840252589
164598274 278763035
114460831 186676732
655954001 763168452
323143762 503909599
2625545 832794714
9349648 751182578
441841665 499864696
1561229 858627849
615965462 625958881
8822626 776656665
162990586 542296079
6279790 715890983
7296121 992887738
12891778 769779408
2816730 807684637
562185 861103703
321031355 603327783
3685960 886181301
4763976 888217377
212616779 912712594
6220827 913078615
84930259 877828443
1711815 585984332
197573 826472924
573611250 816994126
49227197 461184055
189731341 309002259
8898223 765287083
12303558 676026982
7155312 649685013
935136071 978791938
7082774 733705419
79226264 361487174
475629752 562322833
12462737 565780714
240533179 659346301
314124529 470582785
8605781 684977944
408509615 736074523
2129164 647147939
261124928 558908714
344228923 948135146
14710959 716847954
9587040 871207824
17099550 77465643
443180515 749069033
8372024 761111060
12565273 970166479
756005194 969205015
14095511 643621405
127561147 395882626
369309527 889138263
7826970 869553314
10681918 584341497
8796068 886194452
10777862 570814072
5842532 922166306
7489810 783484829
329499960 389356278
1987386 622577873
3595956 624947263
6847784 705446146
10274452 792026504
123393312 455768994
266236282 924544527
6465686 868334976
32227382 641162051
1923734 766982634
296712719 738824090
656095924 841465454
162481392 979889364
11655903 783798655
103810794 277742519
44505613 814399079
42461252 885273735
3527631 802900383
2399463 796957141
4435617 967311864
2327943 743549735
117252904 447482743
5900393 586606063
28891356 245726510
14660878 598165284
4217915 700297094
254219287 787171082
676344987 717531817
13094479 692315999
14902101 855398278
12765833 952033146
67876999 505863898
12781982 807068323
436880102 657512604
677668807 834036622
35626463 901985189
1352885 993742752
7745925 952156948
5613243 651626680
78574723 84920400
14245303 609102133
109311442 871435782
62110118 670045347
8126878 718173911
870052561 941664895
5740779 901152244
141211947 986921549
13345332 651940541
569197147 880720657
353109257 548713051
5434853 600443682
44905575 202203910
74805352 395450794
197779321 491896438
2055944 692009787
304872030 592116789
192127976 766052495
5849759 705766429
14204545 832038265
227493240 993573045
380286051 496317099
27365515 367927659
182292483 791395637
871151025 880940514
80663151 346285058
116040124 145853104
414324365 848810900
11091583 998627798
5528375 636344733
315593911 932731165
1610651 579864706
122514311 599292060
463831865 920036899
13738863 757146702
2299798 592282401
5438690 823441906
221284502 867309096
476973680 798974717
10413462 599466622
9629565 979033960
507022414 800750143
6112512 592882097
7336061 791764132
11379237 764687581
4003312 941012683
12728208 855518588
4550103 939212194
250790510 592067573
2342899 703102100
3355455 750467834
5765359 714955192
14464704 814046506
8521486 644923055
228036519 905701570
108777257 485964218
517307224 798374141
235961199 576074798
92207024 605746405
6812308 808824915
232146322 592386385
3212753 913394153
726355 972818657
6581666 790998413
478001 842523896
84152447 914283964
6752644 826273733
10143089 657495797
5791657 574416658
11110130 775746555
58471239 135672127
1055124 913206127
8580933 797422044
9741387 728157445
313275890 582478735
215121260 707275984
14282069 582861108
6909499 722448924
517072228 841763243
126875365 986708038
1007048 707049848
201219135 238304015
11426714 895158662
30597883 175501916
136751841 751295440
9378627 879413401
579508449 661097012
14091625 792512770
11572298 703045813
11748214 693473962
5789077 606067540
477469096 632510525
421077769 464928395
2869322 648393330
661229378 976459020
3681504 781061221
609734 585032659
240520691 512674525
7408444 788260802
139389647 770620798
1788350 808378101
4931621 960213957
49774525 795157055
2779148 951874609
3379806 786862448
585529203 968492778
3883995 891398634
49940845 103973410
28366300 479606746
171029840 313096446
99958893 120487830
7330117 933135863
107792668 635432257
14341700 653758099
9184912 694614587
5785251 746092641
8238137 752224047
3159709 932474734
663089791 983270784
9547262 920743146
664180580 708191009
62112318 478246325
12775625 612868369
10472688 891560091
17132262 850147606
3271197 807233669
4254966 654043246
13933895 788404248
14726801 747750390
10047507 866913212
461969 792905068
100308929 869641726
13024781 662630261
12075834 919148208
144733197 397984195
164890958 863975030
7318993 830872259
8184746 866022530
65808647 760451236
277932007 306006820
12984437 988106410
134048140 518093952
21888069 257773857
716291019 740031482
12676510 845205392
11627694 829709650
2440475 588850062
637064030 715201274
328622343 970045281
8003453 827062326
3765248 979351721
370171070 728843506
43465 588496941
9576788 789314076
505587122 636396827
144644747 828938758
5605706 581439804
145995513 158648918
3261944 788380607
57959530 588502866
8680581 668165571
5957150 666642538
4451027 803774002
1124931 861507873
11397455 708343461
9532829 776951773
377114559 573138535
328955685 610538796
266102030 730897405
4118961 837468963
11125827 599848265
10178486 666315132
2273678 642512577
63633410 693814263
918732152 975455013
5036088 751859381
6047023 942617514
8606715 729061227
13807756 950816905
5900332 666936943
10339515 896322068
221852489 778399659
6201687 588359942
1666509 853115870
97159609 99758928
4099775 626276231
106761286 671198497
3260283 867867169
5629223 713645997
211124818 332894468
10096282 850942192
361340215 381116543
496502050 651135467
12688065 855963741
493800115 507409163
9510985 866231517
12549741 994308867
2958377 923145607
1511131 871402596
725815896 932863567
9525032 461806065
5219120 867735849
12488314 903358876
8983739 921558108
12035003 646791253
5323148 589243763
2584127 921671243
697324366 913147921
96683994 433740985
5097095 838348653
13758996 971741993
828414363 885059744
345718315 743265669
10336659 622376619
14378059 715347363
641480530 986302988
105374834 408639126
260430 974403122
11269065 875710168
3371158 836868027
10479782 607292537
14268398 680441405
25331764 847626360
9064955 983196362
9386320 902967130
12915291 922231255
777463727 933099621
140875119 575931266
173435106 584106273
110010617 844947500
575610246 627402581
15771399 398722199
10680413 728508755
19517001 605296579
1595712 768684799
5228215 584414085
8654849 946383442
13575849 693843995
1154369 865731487
8690203 631346878
10362341 721800838
5207033 672894802
14351413 748564976
635116 617461983
8695006 964203919
10625161 756678017
2592541 680927913
9688519 678616727
105132012 478719192
405627980 521214389
565912324 589938809
10081309 944818271
9796738 771793062
642063 935339721
12627009 803644522
379839156 439599701
969306071 987389048
8358720 797332724
14189021 682856031
1015606 749911349
4161726 731018606
122669448 830955798
9743388 841127583
505777 726487604
156636946 826705756
2836271 663947483
5947827 792080445
606525148 868248446
4169180 824365741
606029705 903228801
3475313 696986066
423236675 932746400
355537686 455087750
14339824 781881462
12635460 772485134
441235108 693834128
147813619 382730361
14032223 880973959
4013167 573989776
1766389 924406309
6682789 787541661
181004782 507358720
6250653 621237699
8481700 229628147
13022867 976708356
329832652 517120867
130985 707306609
5790846 939483439
13666466 911521789
39646024 890558497
119644705 827791189
6174280 825148453
97640 723669694
11871440 870994586
5250553 722885112
8590915 909310051
6879623 719902790
162636698 800413242
11991057 638169864
67774021 954783880
8968337 240237990
100729090 167437604
201957264 857562212
56721561 744142814
13715918 830378352
10210311 958740545
159812365 800366294
11454708 666827431
470087014 944628237
567984676 857160372
403690886 734747318
7154827 576947232
586191781 602376902
9641542 908965748
64572680 472941443
178950 930020541
14838014 731834983
164724010 332881288
3682326 718639753
9378931 992379569
11645531 886131412
10070914 681960538
3909233 670129738
4834954 951376539
2444183 800436678
1441704 684845115
5720893 897769211
5985205 899406475
5726157 753753000
2459062 857696334
13360950 861390161
239708738 920613243
295977921 356860069
23801039 416776759
549885705 726104778
7221684 624672469
71463544 746073383
1487786 851978303
255829162 309927114
753633811 829417893
27725803 574853246
4581541 872053082
13180042 724514832
5039492 86882629
534615565 855033809
3739538 866965175
530906682 960452574
566319270 832364462
216028272 996083111
2334095 895973321
8219456 592854698
104932924 358731812
2492014 984015163
61427456 107424937
195263326 225739134
11050788 808725150
11261824 687039091
14693467 726583586
1655999 889817704
3185845 966725442
11125588 596896272
358108662 490516221
4224017 887615664
7504838 810754780
1988285 578386404
26403765 441766562
12296351 701841563
10186212 625467991
9057206 901638204
824820005 912003116
12320090 844943698
317225051 424670419
588354214 883767629
14966460 681579104
9106844 654967030
14824015 599790461
531025 917556266
149689296 292941446
10674700 844195081
9375103 708389389
14218047 917677391
11155918 744030540
2825514 571817062
492298446 955337579
677187 662294373
1109928 916512905
4165793 672702418
12883229 634510389
700482866 808525182
304580578 820388138
225914821 308746371
551076657 919046307
12641118 905049913
10634401 961466285
6323336 990610215
751990480 957106011
8055957 726353211
2317440 975923257
517727836 837285567
8687522 751820898
228559862 798623055
10445557 692993880
9696893 595249279
6408682 843476874
12532397 585019144
306509576 699308373
517666622 910275719
466615425 657585709
11401289 713409800
11849415 570811181
2231597 949941348
66726641 383351826
6357168 573724502
3996999 651119788
738514736 972785276
155719682 343886860
204991763 753514100
14365990 393071781
189213860 275986931
12491501 820896426
4366901 855794039
303772945 700148780
670176127 809261736
14709660 710654248
11813302 627061275
491079782 776842836
868303368 879060005
4457615 981945616
12588508 794305968
19217197 872993079
636626277 954248868
5074120 957321519
5628280 902558963
70829826 716331315
1218401 713199518
13647694 861569745
1243788 619393569
4419224 761059483
8406111 671864418
1408440 821875693
448639136 467182679
371270885 821213291
362776128 928816997
134964062 143835292
198828038 413167314
8142456 606340545
2211419 698786688
21820924 536649533
2828297 935560999
7737015 914681528
164496329 764526837
13822513 680402830
10230128 903157112
28588042 758130307
10941704 967514922
517736314 640658997
610218856 656076065
6016832 635292003
1621157 962715872
12420495 822880914
14266209 694631536
14848846 969758914
542380669 736560550
128284225 578342330
396900164 747277872
558833435 836192468
3676298 697141540
225788 951352469
112467064 518022526
688319 736335735
300379297 540119175
8573957 678664093
117555923 747249343
6155488 768030361
187959873 618237066
685557667 782085954
25552299 822513282
7398901 738891734
307422647 422163907
87894055 792659468
51956846 611159285
359174226 550290874
13153802 899640767
70092584 634135833
4097496 575097571
11625563 847051989
122918141 351117145
1043630 816091286
216302689 467533543
110379488 961680610
507390744 945887175
317955841 691699387
175014250 587345333
6214860 625126348
11755509 955079025
5862401 718490278
4402292 811969578
1325463 673206230
188175257 724374646
10706479 846972716
8382220 637837765
48801049 95811726
3194436 911550534
119078160 627334490
106162566 749965794
5667115 904282013
352643070 373938756
9873647 989515166
7094997 786216702
5610015 838067048
7427889 942704856
4809609 602534149
3525071 744448648
13565809 808872014
12089306 588391349
10071879 884360943
144224385 427874095
666658699 789509764
233807319 529633704
3386388 875397214
155787660 581697863
12644899 737628237
119319176 700509058
465886280 883635990
367777201 804317780
607556681 840105450
74505383 228593973
3076215 926358963
579339184 754084346
8424916 844019772
646486226 690455071
586296170 956403242
97231440 393425043
228982162 686336444
7128 776451368
13325262 975910411
855371204 896515557
827924187 900156613
116152317 655187058
12146776 616366502
3084456 702372612
360999834 427183197
90864423 548061599
12126135 877428798
532295079 728852487
186598303 818791421
5510156 774472496
64324133 415444397
4758052 600603174
939991047 984948514
7018415 736521085
11360861 937920244
21195135 782802839
11342615 679545466
4633252 656239406
89227117 847048884
473147909 898451382
13044362 710478046
113279479 360163109
5356528 687386916
131060638 413007087
9956932 654709944
4423822 452989851
287040513 885375874
3462756 977019248
577698491 886276528
200960914 955356756
3296309 753343668
5170245 867174717
13924582 658881825
146369850 954098385
801104797 873759525
52818536 852173287
14363787 964353604
8759580 588412152
490109539 818926163
5115253 629251551
13343263 594516424
13156952 789927671
4710601 692287119
411457564 884857685
224778698 228974925
12290880 895682421
288838132 567833950
5295067 800451164
685626127 686206420
14764013 740106175
332873669 618391684
9580221 911538692
311597942 341437516
566338297 707103476
3321494 688971411
259924699 929313803
9055430 580306883
8150025 822127472
131972431 988282136
421728106 768488790
11428543 761900895
4911274 648132131
39563525 876002980
320973775 449481798
14778842 879372571
703357788 952861109
274124485 494019877
8242556 306821609
225107113 629099219
7867765 331524491
8438876 686129370
2068307 708249438
282827832 514700508
121759600 479218521
14429522 865801842
11678008 981514250
11710434 838505278
2254147 713481882
7251960 634248167
5392533 909549850
131550425 789833499
51541319 423159251
46846469 156990488
324317177 407049633
4107494 866009133
4234867 617095942
12151910 606112455
138416204 759348665
185623071 283697547
691293342 702944941
12541142 304479200
10641917 796462513
221345820 758472568
337557177 858470847
118532755 961587851
5427641 762069863
2773928 640789082
9985104 844294925
353850445 705154695
173549 654321846
8472861 602774278
8799617 730632479
185400029 477469886
97991672 652904599
351665169 957167959
8412165 708589755
13230606 626872664
122883900 486185454
10458340 809478825
598158740 794351821
12129333 818856943
1076446 925256905
10890866 765890046
193198080 769871609
11959770 848949889
580443877 761498199
4824046 645488503
598464151 710999230
5815171 705562132
134769249 354476359
561355588 586691489
726832514 950395624
608114904 988510733
3110755 570755251
336332414 671637901
517360208 629194797
684553 610430831
2770232 789966901
252434956 854671580
8788432 795752913
439225746 465869832
4725178 634741257
50892531 361913551
5140333 941688289
133970702 782818241
448179149 892131975
517083343 901338093
295505973 705229425
299304955 314147935
4908073 828223093
4133477 594115734
206330556 593381970
641727 635187734
367348316 511878891
221470304 607942381
7119009 953647818
7321636 607653380
390305435 632885178
317295628 347901447
14783019 781752399
7424510 631590851
610962124 937462045
2577836 794236242
7527750 725923429
13972123 912641981
14624817 957003575
12405436 709971814
308615199 501044532
87660099 890693936
7966783 885172789
11182176 682488867
8677490 589250946
6558922 576331587
567118527 764397624
8644754 839676061
2820259 780548468
1292318 869658368
84567952 344229253
451695415 884501551
6462324 910700766
8335456 837414641
3399279 747349829
1781427 738517612
9763915 776208619
227817892 315562656
11472870 714829056
116733406 471726814
128112173 298496168
9760721 669780089
388995236 897831091
13040785 945008203
3192639 725105745
526136 772678891
610447200 883898764
1619036 769836296
115444361 242602968
554121 905778827
3221869 866981624
192921900 748767136
58309845 649248064
87693629 113996418
2257281 870178537
24717413 475876659
12481925 866775112
13554833 621289707
5932705 765804696
59379213 987085225
23723995 437509030
226305 580074759
345492330 742990246
64457987 775727802
11116151 998058892
101719364 535307976
4239525 813113271
12340143 913482833
3727626 992405085
10208911 779408609
79932770 145027240
32988225 823606079
108586483 732304957
347276177 503003941
5447085 921603449
225549565 604041050
19997404 622443336
382901938 598371374
171029187 814878703
10572628 854018892
124300751 648967955
510005898 983514973
81491455 279394834
257457060 375325934
12838793 714450200
3081576 899934980
1073541 574137014
8749731 705106381
5247983 743479619
6375239 753256528
227916350 366737021
118033265 602097333
12754125 718405113
52712594 100823074
13988748 577838500
1846386 654791910
12257015 685685970
4419497 997434385
4648379 892804971
258762987 932441472
520311576 622155388
5098470 999417090
372276666 728114621
5800682 946543359
66460 362602851
3802559 749761651
194207793 926932645
211415119 508707723
99396482 403057640
6591483 599060159
466945616 515857278
1339071 648416355
54531520 776984053
3091805 932341000
174936855 413527766
2667350 660136389
10770085 857991477
53054741 767918330
6813424 807078189
13328538 958729293
122266017 207460161
375106227 698505871
12621418 716606332
165784773 180030778
478061 755799517
3528899 763188608
3996478 739106083
153408278 974482753
1234732 869465984
3135021 829604651
496753906 896502512
189482474 680278644
711603559 826381944
94897163 430860073
288564179 624298255
11120960 989221428
168443 617015050
116627990 273154215
2414531 725550368
114043470 907886966
785423985 805071692
6019391 811899059
503055214 795242427
10877038 929882090
8798782 826024785
589153769 619972016
761645370 771622843
98264361 511642245
4910051 978335915
160900258 589089070
5482159 828644567
10011825 659575672
8498623 888816349
1226856 778914502
112267673 742222499
67728494 969384531
222684180 511684055
354515117 671923225
720792291 826421554
9273524 675534312
342121351 430732613
933871 656373491
4793283 981896230
421877916 593130825
3661796 967586822
12238340 925562447
761089 882673377
9554660 950752756
3274625 707570156
163118846 874434180
471113634 984279388
14171061 617988822
5647335 956147551
68098722 959015626
33967611 630548911
8663161 906966544
515805206 958270705
8564447 681932342
291650429 695258308
2645831 916135672
5404312 675004398
62878839 212908191
433489562 729742910
477302753 817283824
7732718 613624789
516035474 845235492
96167552 712718436
14102737 582249231
5434487 940731112
114853305 368674279
4244649 779039703
2036058 864453814
25161700 287038229
606489563 937635169
3990114 805849906
10076262 909109652
85592776 928976651
831942347 957101611
776271329 849692230
4509064 864415899
568853237 671662280
8895777 908976342
8258008 601230055
410228713 532025870
10706994 576024523
11454824 964805651
13627573 932752093
704986191 862944896
7637797 874482515
554658417 566454491
41615670 321727912
12546491 734829969
13421658 830747311
506392347 809135164
5177093 905596078
2399751 594784412
33821612 629946730
7391181 915173921
5809764 970529086
2884850 745840135
1920670 793915168
5545676 576158037
104066549 851240609
578987929 590995646
67381166 417594122
146892199 249296820
308403188 841529105
3572427 843960599
393554117 651200829
6319505 41677982
12567011 953885273
52854589 231949278
3207770 725821485
315911233 852599934
3143840 989717445
131864885 842608812
270291426 967413517
11375052 978212659
12390959 762689967
10765935 655699236
2466073 650321749
75299757 921339192
13878435 844306579
667053 635359343
128843099 712903680
884402081 922073827
459794968 752132836
9102643 786778192
2240124 688211744
483928 954540269
68745 345205767
514107751 538449720
8996482 717403413
2402883 839949756
441056663 773515375
11027775 660715131
488688710 571411545
71202773 555907748
3020862 772249823
6393748 975246461
999891 889716742
6535629 755456694
334122081 562213164
10417967 612500422
230458098 715184384
7025541 641961832
531868327 847248441
5648553 697176927
481462086 693430745
752782156 995699731
57014047 989355937
6641985 963345122
625163936 653033969
13614923 950427469
673562547 999693103
205309604 270816256
226088883 838247901
2935960 844294875
6839365 574951711
7479722 768492334
30035925 467880642
42832353 968410851
10391160 970061833
189619590 299250835
480265786 980223033
827207276 941736871
20173871 131944797
8357329 769825032
10307245 868366767
1136487 631645410
295095887 779779745
594101029 834069994
145984230 881715110
243270038 749656611
457633960 746311809
7622004 691219763
793532701 904169183
591592592 808726890
99123216 354266366
4535428 624915765
35879484 930573615
3988418 752744913
270553751 538173927
13732145 686059560
9161436 943270351
5499112 866668042
6257314 644338011
4798151 783504963
490689775 756266859
902247354 940604484
4200651 986639545
2834649 772638667
372890863 727538910
3661716 851660971
125821754 889679016
5852380 632392432
13251146 658171652
5529949 851978502
9432223 985157701
470832510 665855995
452464618 973463537
11370557 594452328
137404483 816763967
935595681 963641824
269277 600131130
573601436 778447736
5182541 952899720
6490877 856499997
12659911 947032725
74041033 307423143
4353782 809783275
217233301 636209811
2578292 679355198
288752537 937848338
373962422 441715116
7246321 588732941
247089832 324885375
6965893 599372812
4495839 671901401
89805820 322738479
557205274 987816587
497663949 818757749
544047571 837837382
3516193 732275296
33056622 216797082
4370600 605457444
386594523 736656799
90561365 420917338
355845021 784875231
415379233 651308888
71215490 487031700
122167 575365022
12785769 989880339
114804065 662723935
12676662 645934309
4387511 878041052
11541239 856057415
1962422 935117252
134831847 943950641
12821831 920204278
225767361 888574425
6619044 656116948
270519080 459748092
13831224 653291728
3515235 992170136
9431895 840714752
610012445 873670704
653409875 814521801
7301365 767372645
68059261 717499602
290722144 351865752
4067973 964555666
5132780 881913133
64999432 730080061
8577446 651713903
77553222 217559916
454017891 791940328
11140355 709586639
6523273 740131085
191183950 273108311
71160878 931236352
356929 640036294
36602877 806786042
53996636 974781773
154842043 344406080
82025759 184190328
7422640 853771135
3012838 745212419
51782557 647252301
5669868 889832465
136595529 600289186
140359587 158000730
602388 817485987
2437998 575390943
13637986 902069146
11400736 644483812
14308472 661858145
11337279 914950635
136300 723451448
234809 877002363
13736395 584702636
340478261 508824070
193398699 317523281
6679213 612651240
8095481 851174129
532967 808957891
282626269 478694689
5510642 686667499
2226827 887568593
491226485 630455535
388404777 592204247
6883281 832928816
1950559 689833973
5836021 926081932
539584531 567253132
321305 728857366
368577051 765695825
198705875 540845622
12022410 940451937
202468438 589458061
288596988 320468746
229939 601434378
14974314 635446523
13739555 589794315
12349866 925795955
14093567 864334947
178975524 469018421
10682134 650248739
384824669 390197965
1505586 681227967
508971421 570529359
96186550 667431791
219985 967651920
7787548 677309300
6335850 858266029
4721980 639698454
14912389 659473646
371630365 507868738
13619718 926083787
9139502 763954942
40660665 285946719
88057012 204649860
14757203 632216336
13586708 929050851
203297295 311956977
13200713 712639860
11605053 643917446
2921451 975739253
305619585 566525955
5635060 733309439
124817440 537099393
4657043 979704400
1484902 990917138
10293848 719171547
9499427 614087145
46661760 729107228
561963228 943626728
433873703 890270148
14847645 586413747
66832701 273610323
149575620 990185996
90733778 741872906
6275595 806708547
11485825 789526865
190956050 827436968
579095589 762119812
5886501 997437037
259127271 893362684
9399195 763296879
6439685 929874175
10279208 966247159
465520552 988349386
4618848 663867783
8000041 878950628
17326853 91661486
1989160 622922071
1284534 655101867
11485804 888657640
644612407 942347868
136688786 776054106
5473512 163816055
11931014 755116055
219834919 315640640
142159262 701304231
205776382 851463166
100090435 222605758
9772672 746063427
697275665 932653568
498920107 780575977
78688755 700222636
8017590 753378281
638541987 939102786
3896686 938678400
711816994 724548757
360033548 398943673
3062787 924512485
13570378 629109907
11926193 745293773
2298898 686221511
771884202 910926370
36483452 331907451
162960063 669163528
229362158 547881931
3373518 857918653
21643106 842836581
7975734 910906087
99152535 944588245
2113269 761770754
410167339 942476708
7631886 929494329
464479256 735891860
7093330 892057937
151362333 562112201
394469497 808281887
396690098 419690815
3362806 670675880
40027532 843532163
12447592 708050076
72490383 579611374
188113596 814619400
14253432 628720051
484680939 786498202
721260 964958678
410003002 524507815
10434506 904620486
1248029 629748862
7504749 901691852
9530753 825461483
218839756 719014435
3666897 717741283
31209588 884575070
122776163 775846297
716224888 832981650
10438082 586333553
770379583 933207338
437785065 620534871
5751674 817489163
90477548 969607665
13627724 779100522
5715648 892194961
321739132 722078921
3726855 930339142
729188326 932505023
343299825 359215076
479032871 690711945
296384740 833943737
68805999 928588387
11659765 598423637
2934886 935316908
176762378 185765828
20276959 532353445
5261250 941255123
512356532 658868909
4249330 752691769
7918658 804256355
8696695 898825774
168732950 760042641
1150785 806168630
289098716 299306984
191993 887828649
208220203 368899205
5882034 714595536
167143395 696338524
430265832 728480105
454982 587639446
759241351 895755057
86971672 707207733
23613940 847583804
479365604 766720774
3380433 897012461
3202553 571110344
450683283 996691019
118778369 227268681
6460022 627510018
592432938 716944472
616012850 813244316
10587682 909827896
92833182 540494310
14627717 840821007
889058667 925066401
13535126 912803976
6900068 691591709
573115691 834262028
5895423 632988069
14855301 846167908
10646764 773963340
13163502 977171257
392545745 886163617
5129560 613257829
13480569 959787317
387062394 412177289
397274621 841484112
14601550 987988459
2868061 665099119
7759850 978698340
31249567 991544112
407328126 765628287
34156612 336584776
8553923 614945048
3562200 982543679
580290514 809640036
232313313 801677035
10485325 896314916
679954147 683396175
2676057 819019262
2738767 707791876
14027905 658251077
12752421 802824124
14526034 915299789
2587716 953325000
164051490 261023113
184610718 657534775
541974176 736872864
174985292 594626881
13771090 606045828
628230673 816983272
5802128 892297335
14465681 845890019
14517630 589667138
12544965 692302084
14706791 622635201
7646348 757339294
210269104 684463210
9483276 678910585
414111903 445243575
169825583 549845443
7397065 622464727
270538064 960921726
12016938 901605929
252697209 402430604
35758064 733391227
700372306 970291711
7939607 842150789
730108054 986852195
75597962 611522695
388812603 665622511
1103780 703334801
35439059 49420661
10386796 804226031
71031371 80651321
12580826 760358576
110198937 320576917
1545119 811433442
563591536 966943434
195574412 978463989
8646181 913942052
33689771 138185604
23117435 335085322
246739956 742702110
357039432 815584611
510508605 771222538
367428155 414336550
611123960 991020885
5004754 804289154
3442710 881199606
12298142 965018046
6600573 7728807
86485755 243376179
637080134 932201892
5535934 823193365
14152775 817724452
6228783 967757401
177188532 534820290
1442924 815428241
6687732 634600067
4962188 772911751
6183983 626803581
4812037 880857271
7140808 615625190
3214669 707940188
291013292 890555337
6226884 687863999
375814497 538506446
5796665 652352822
143594061 376691612
8360176 649322274
2665217 941789722
14491163 814627347
53901458 277403513
3290727 584695053
594061320 695802514
7656022 688180631
550941147 703555047
399642759 665806981
63851358 590534221
6682636 715705408
10312202 701215602
37664478 165180574
576183879 599393136
14606820 834041406
12526386 596891404
3446292 988734481
8913069 611862779
740709092 914283775
381045916 657024966
100600428 740396875
8568744 622477961
3541009 702143334
175657390 929426855
8346709 843172054
4974886 627645334
364345652 885401327
12796930 879735777
90681560 131906857
243907339 857855863
403267337 726334455
2011461 123281079
116697649 702187443
5219175 707145328
1098160 579831251
364671184 415067990
117711140 156725067
10410979 699762284
7498253 732973048
1973906 974625489
13751744 688332389
434763287 503309673
453353650 525683208
2997423 688849513
11531941 798395070
10841173 867085537
14507895 838272091
537395333 993521002
4891897 790056907
5529322 713748824
11360220 666491608
6618301 996030183
189143995 980250160
4945545 931709754
13506451 782788818
93145048 938875813
9132344 849453105
10293754 677750143
1599605 833904161
9672146 786276342
75688041 614514393
4383037 710389321
3465663 790182039
8238261 745512076
385605355 703181239
121784936 534224727
12347889 925783599
514890718 947742394
26947324 129458434
352384 718125022
4752221 897117897
7541508 889844014
520663100 812305914
239526341 956465570
90496314 458579478
1160109 840095851
377912 726196681
401922019 825549679
72075703 791179081
11681911 782922261
4694106 660692465
2659825 635693465
12384245 826709896
33182172 837150438
60130744 776553690
44792899 828475051
14344241 28821868
243260701 634371319
7692776 852624411
629178100 731558153
748814921 880334726
7028034 875942092
7178412 849149116
14154214 630294402
140289569 262471709
251249576 253784618
689117966 797240287
8721507 683312197
37730485 584426054
796704104 871502487
770615 593345415
2502739 709994559
3705984 596993950
9226066 628107824
260903030 618346573
6100894 734326404
13076303 742985927
5315820 679527928
464749686 925521041
4734375 749524148
13793874 659087622
6306231 834446638
20412342 70065324
5600372 771450501
10272378 634048458
245653669 939897533
79538027 149569708
3993160 602892205
132129549 733707710
66086906 728537307
140225492 249996604
43022335 494464690
4591517 601022034
437305695 613552507
12301817 616772319
11866200 778048007
29092803 913888718
5175128 741010220
6946328 867527130
7315982 816142303
515161597 811145626
13995035 950936289
249376220 965841693
5758569 700384200
130661908 570686075
389426229 722863930
125879652 239738187
13744928 860789153
165077715 872019848
147669138 684648502
3565179 913010586
1509396 642885224
3207214 918412675
10160515 800769518
43319584 492470732
207240974 945508650
1963121 767935561
212614016 599463222
1061625 941554591
10378922 772005632
19293181 844456547
324440226 652003880
4874315 715277242
402549445 719775237
74526749 553435783
59249292 622721488
457572292 564078682
168201811 308172063
457796873 627268442
247146771 462671187
195062036 502212568
12235838 702787591
8079597 839040676
289970422 338507087
698834272 835696127
458329728 798606386
627314856 849158817
107804208 385325244
9914601 800847249
645614776 836947359
438163674 876341836
4449242 909152155
427915578 572113488
6014650 614486222
3547863 987782419
5439578 702254573
66481766 571689847
9722716 908456226
282285078 436616202
294711037 525440649
4877919 946079198
7087142 760432961
5017209 647899476
34236251 977038836
810753630 930619765
250067402 291974507
140197991 198727135
6131830 856418479
10092865 760869610
11262501 742356779
459576359 849726870
2278805 757334907
1196499 710274579
49809073 844744436
4454953 833515812
195801405 207255351
12429995 676211810
14162794 786069937
5346443 736373457
339989112 975942151
120337 980874379
7821728 779428036
14978313 193665638
1044955 910014362
360167139 562845315
557098 935792421
7643149 797654449
211116936 378228354
254841436 456071266
530408691 786173203
299532 970462080
213641394 250515395
3944333 815385443
285589930 291111592
468090857 848148500
14272683 727870521
725503824 755353958
8272406 629344163
14653178 659376859
61145415 882145638
191399588 741405727
8307425 629248872
1603850 573411539
241510348 998340516
2624307 623446647
365118470 586153664
1547699 987380413
183375819 322728105
11383510 785476746
2767304 696817755
11232940 965549303
7301526 597330515
5369251 850976815
546002738 601744631
5708265 689032948
267775424 443591322
12494703 970175318
10142248 683593704
12246747 759099067
26108051 861646851
59053042 404635864
11067502 909197601
387214803 709797123
11201470 983210462
13036601 677066331
150743866 212902807
4969913 613428771
10256180 666214410
5275362 926115467
4062875 654370344
4914192 700152777
517341673 945373979
4657575 578844903
6777229 848902291
26011657 478050111
189566179 533668380
4797772 900770248
78596736 342537047
130293181 467163569
9049878 679082708
186464864 331264729
6779311 869741142
2700702 728705876
329880497 729123478
14539820 815521015
144458674 568552133
150191963 510637370
7431052 723885163
11904091 981486292
5798091 795098890
10787652 950333141
6107268 643358698
6342907 954415428
4698274 935133017
34112052 970406857
1576423 638221569
216553018 928299723
13893558 986996572
361358041 769540044
11304434 674841576
3891990 664314843
125067893 140478677
4623870 914962254
8983640 875674217
5550149 848239849
7309266 727850883
698456063 878906020
47525595 104421002
11218385 775150292
2852903 681680243
193475223 671195673
15832551 775968011
3707151 573194478
521926096 871293621
3417084 830447411
216707898 259064258
37274559 765703580
230836397 920765173
12007528 687553251
9026735 734443589
9655464 983703633
2895278 706571884
14651062 698187420
3737362 919259407
125790886 308735701
410657186 987451620
345223384 816414294
6040981 964709339
3596593 585698264
11081901 774190005
1459487 757348708
7400891 788584049
6302246 723440103
7279598 803658690
16014569 287473394
5269233 913106863
296744993 763656156
11519829 829322913
3187635 700254752
396055065 821567568
180590227 698976200
3172296 808867432
11395958 570710480
79955712 380859403
236039533 894802432
479229105 895075252
732242782 902461688
8832524 887059853
61876631 200257688
12655745 949055682
120891667 593945545
167925119 464594587
1057047 871416345
656459866 843265815
209285326 993232846
7665889 680992357
306214662 808515046
310046 572195064
177790705 469549579
514695711 940371077
7478219 671065105
173627203 299310348
112555547 745466853
307719930 805545899
124922067 438031034
12984594 963645913
1871655 755847068
66319796 627027261
4502364 351016563
6150718 693943416
86481753 909104473
180552934 491786338
142145583 364908075
45902303 602051970
2999834 998206384
386004122 789801589
52837436 558624945
122905584 810041544
383192201 772952005
9628116 685336122
9739708 885876979
688329989 752347880
108564280 189762440
8191305 758714562
354801948 990424041
2446699 795218913
797085737 896855769
58748057 247114650
10371129 580465913
329838033 858836852
7643945 729098059
129313222 922595115
57099301 842271016
13300288 853465696
641157844 670011593
1633758 790977125
61085542 253185477
280212764 458455622
223085513 841205282
8094128 883909007
16551342 252405988
259882534 855890641
6437970 822866940
84479188 705203064
4337612 814784543
67250963 619618186
12180894 712730847
206535774 940132768
11845930 790260665
115035555 905784079
5698121 895002206
576742687 964477514
10289713 682975067
581585535 944427761
7464197 987176633
146695334 811528645
60609207 262440584
12509641 667921902
8662444 951092401
9296521 694553573
55820429 934453647
5806806 761436785
134218424 702183502
11153797 680599575
748302454 835148385
4329344 846415302
160384173 242008621
5220050 598797478
176418237 238619728
399156617 708465814
407397468 945751783
385404210 814464289
8044324 816810371
3142026 887790735
11541639 870587537
33248010 164593774
516999116 662093876
267728601 362985380
8012694 685162961
7389566 865705254
8001917 622346434
3571401 815726755
124325566 852591891
11443309 748924260
6523870 798720629
129176620 781591832
103095207 314172813
522270249 603325333
9566819 788686017
111084011 294987513
298963667 938799279
5846450 927243284
206109498 307555948
198980216 992422411
12215885 798386233
13993640 625673767
4217089 877325146
9566184 641836333
2445298 872883604
6452937 620501470
11913930 844813670
108374500 520229046
9503955 575416731
92276914 880607643
39597301 123489428
14685332 666947315
192715263 837913905
9791789 758105490
247916970 417188654
5138708 978289163
5684939 709618721
10217576 959416076
3295861 709652447
12689190 822189352
33683810 76146885
562676066 994754385
12691595 829784931
14600435 956939781
630682598 774152577
8309725 799397202
10829116 648630774
488854630 821596197
657831571 898328646
257265930 580735210
562916756 962237335
14398772 582596447
141933098 732921371
7640989 710466484
7368503 748732907
1385936 762021607
603010999 866628853
6616452 620307031
9162670 695621026
125098200 330986211
8647514 861563445
735674509 929568816
26103856 128180193
4621052 987899508
3453208 854543930
13064499 914037468
143204875 448982926
41995100 106928021
453138368 851615525
7168685 874562126
488278922 514434566
557757326 572179559
14050412 921687396
6121463 825987541
10552410 778555507
14193758 912366760
216853475 582786204
782770677 926902001
12878917 820785997
505068840 823287554
14876015 532836675
7027537 698984236
275637833 628937196
9071400 771626230
29262428 663110683
12068979 680567240
3675330 765199560
13855629 633630443
7020834 976672090
690375868 983508575
99373179 240749242
8080231 696746166
276367218 815679185
135554332 218352182
6748298 707192756
11311251 823546169
4981691 892620621
743134092 768811632
409522231 419715023
10012686 617156124
6409959 709921649
363094981 697710186
8015049 604711062
14521495 589971087
176900340 202283830
106278787 455730443
209153223 823817664
303571378 683220865
7742530 612208268
57279916 145916433
7537549 922211187
416325372 981062356
448152149 824100941
8599356 865883568
602719317 906715180
8841497 728847581
1593840 962969249
10250268 608543923
11344244 719233648
142574089 944573341
1809549 958865354
6879823 733412361
2114778 765666981
327505431 660821612
37597902 84601584
260559442 764466872
6949343 985586033
358221202 424539414
9762962 814633157
2124255 862944250
6580255 736879877
89257670 449726050
2296873 696713737
1291114 707912984
5740550 780076400
9743687 571411497
13811704 837506173
5754261 576874019
6473645 830215446
283855388 724773271
14355876 629322430
3606301 988050605
56468464 94823252
294380 744796488
25233852 326494240
14130685 625874575
425709081 578195206
11942243 737337969
821635288 974024884
840175459 841953349
346427850 986105292
9475782 612431430
13864356 902014063
54977492 262908757
347465519 372274589
10270237 810072819
64011964 642846522
24479289 917775445
5679082 791919032
4929159 808318031
9300931 684774008
7382009 808578460
3134444 922240512
13746774 591072687
14828829 749743958
2870447 126009007
526620356 816598728
357596423 376891121
308677836 528646607
12869304 738059792
33672514 839782445
14677160 610498056
68992461 820145010
45848934 884697039
40300441 360439931
9248506 960775349
326477201 632998295
3835749 854364313
401637446 606128668
410370890 828620589
12038726 714875349
547890041 621327251
433203154 449004120
6249552 911990990
314593880 726603253
318091605 684852999
121375972 989272182
5239303 949621081
11410672 661600335
199325943 413475805
4512449 873378787
7906957 982362683
719237280 963657868
55411309 916999377
10343056 930714198
8834698 841741165
5834297 908879763
52703 708532415
169038 727511272
534858944 952883278
368186843 951694018
11131694 804408186
94259289 390921183
7302130 613856651
5560994 907156273
11722284 630741651
6262957 750680233
145635953 908053018
681326131 784214970
7355667 787641886
230169014 670306145
6587180 818843760
7675428 573708254
115331324 442591539
2360722 997483216
185100774 405081570
6578409 929992052
1210793 696916001
206695844 253979549
1919107 917495422
107377 917083699
3710060 763988159
375119657 433512565
62427271 931617001
643228174 752918746
445263314 875494474
200904993 930727493
2940490 888308876
72152763 85879295
5067591 587784033
5251601 878333200
11581774 636683525
586787158 864307760
185080518 804076247
310264040 405691039
464900835 537207579
11537528 704650684
402209432 901027897
345977448 371195409
808040631 881258571
6179902 967577475
191289236 688725150
10115134 777741137
1055507 592225311
553149022 760966113
705076581 785097157
648846918 843434741
11522137 954339859
13359962 878789894
13355766 713609779
372832016 593615841
391335402 605982520
14044445 777385457
11656126 719229414
141261467 514499224
140563168 292931823
12422509 799948969
4496820 577499064
10214571 939297022
5003215 829548889
918107696 948653865
941426 696261138
12128253 937171614
544137165 568345579
190341635 460401018
419016459 458274728
3181060 606711245
13797163 856091234
3575469 960992942
7599660 741739618
209161069 424447368
12357093 721051241
672563329 966915233
10051331 954321528
9716070 864694177
5687690 941681310
651638026 672621609
371819548 372563660
753704155 761040674
265108446 965106349
6654401 593356763
126552690 239837749
116979328 311030278
46394527 582474465
2304341 477008345
1126492 796460977
125985673 815905071
90506454 985085932
667471 844184489
747299387 817688489
144367885 393100994
9273994 588010036
137695761 433362411
1489699 754814561
9177788 996373305
83152791 343777564
18184305 952825710
47344175 544607998
12983027 672414559
4347625 801904589
813426982 860727561
674918 982549810
99876329 518347122
3576991 866474907
415611412 587585292
307401 610865829
330360914 685809221
14702708 657626975
424655 898879402
438873710 575479282
563948602 919217312
1995336 828458803
13377643 834523934
98085174 229803790
8240773 882792869
8255820 970622071
521678361 675803081
7414339 997148732
14353392 589862405
689171159 901212562
7242188 646972102
6205422 717422492
40738359 745035822
4678214 590828662
742452710 850319238
166208939 472671693
56997953 365470461
436194479 860990907
567468138 988551810
668386032 746447524
2300390 852351341
520706 950125569
5206113 972358963
13520976 671459686
487102809 648957824
7699355 893626015
11624614 952651644
7751669 812540365
281355813 636998223
146156578 895531736
50910381 414161941
408622227 850340047
876287097 998615507
3627262 930273064
882424 780465675
1984529 971309849
69334364 982025917
14637031 706267434
11030372 788791447
124337147 364366715
14723325 710903429
1362986 876794159
5225964 948712744
124986003 788121224
9377305 689120924
5144540 584972942
4621329 965027472
13926601 705534124
349611396 638883540
115742886 377546141
11566055 774548817
3438786 882194255
3827686 713016868
5858793 874171266
352573035 788212145
534490486 596944945
130098225 231781463
1832150 592434048
6602864 695638240
484199274 641396458
13336918 793365734
9424369 802964398
810733717 905676558
1638218 641027279
9532832 914593676
1683239 619027652
525722234 543212535
4646077 739479757
8377086 933292124
3280648 961475594
625052843 778919895
108718746 817455423
192449048 805434706
276192996 833707375
117044229 256207009
12437358 617584687
738622818 927423112
12796601 741791762
3614676 798034545
129035367 549742821
966525 842164981
129482067 728201515
4824344 952424293
5267436 953262456
442563621 905026539
705171034 713684025
242118782 305395067
11271581 974288008
631632717 966106221
54993071 76872293
117648402 488737095
262536334 525807580
7436222 600322221
160282847 223076592
3076724 823715464
13743497 574607043
179420200 648436985
14388030 606653285
419041108 560613562
6623500 956931464
52579718 425664607
370061377 424540066
621993179 841325633
3520111 616393491
4480383 843893784
8480166 835887493
14002920 608281331
10080973 884282409
7784455 834569954
14472038 925022122
14696280 793333558
8463442 837237000
13717069 572908041
5328751 782562129
6638881 636133757
833486406 932383483
16849427 248782135
14848741 988481645
299608902 773870689
579135614 985276143
155942706 457396656
339545061 788698832
2793213 964974505
724139058 740967722
10492941 946768217
245502680 428250113
494035504 575808399
189582964 334553239
102296236 261688775
1644777 672228819
2588866 802859915
9348840 607486279
4084638 650873232
573040454 890751369
88040172 238044535
1128570 992830455
5087567 714688781
333178248 425093479
12389393 657050982
427610284 857971427
159091926 701986265
45341897 436662408
47138606 414399625
136080714 365764684
16137469 713730432
5520105 914493787
9285604 949790477
766967416 907577382
4537874 922527999
1273393 963092702
164130494 640077229
8324823 948454978
293299 827815186
95594847 122283383
232019 808651501
8949286 759150149
184380171 356060489
5174459 728795140
2672025 690997677
6618812 623093216
64507878 899631269
779285565 895137182
269442188 726244051
111528167 232765490
10188750 779397647
422524975 872769550
178481457 924603812
4893178 810227132
8386226 660947644
692513468 783741968
590982438 668437120
8570646 958873967
8582015 885432227
2044113 986260242
104514765 510209711
354090777 719337267
470681 829057486
9057811 724856330
243043476 589734449
10502262 661411877
572258901 901319825
8638108 827798912
7233552 939914747
12078772 571025968
286772678 791078276
8475539 576291140
7250087 951348911
607429165 628162702
535868560 646652848
321714404 367117650
318022486 784035698
852831949 865145947
159506196 911453385
1948464 621861524
13749816 672223531
5188062 806737268
10894370 801385291
13475470 850485107
615130204 836294253
11464849 923155921
602745319 945124100
1074703 724379484
16259982 124818915
1898194 831628911
11498715 707521524
4829561 812983994
4447370 956433502
422540779 737139817
42762280 415891141
235979904 282810754
701052626 905358280
12152462 930660963
83579983 276142481
14761695 688337157
294334386 817529674
305960828 993550999
7849731 770892512
5762389 906346624
1817614 726611281
114797 672935668
247384625 401623959
6251335 670861172
617696927 794232991
25392215 970514194
315812847 351403126
74449351 302741016
491112702 726149060
5049371 878176703
3636398 959433595
7103136 922789454
14107615 969324820
91361708 176454808
3648725 868244201
12869388 672783821
14362013 838301187
12614159 837315326
14788336 572706874
10953729 870845979
80741653 308969211
104297593 952843880
354183082 618441953
10284522 588170527
139245290 727643424
7920342 597237066
1270785 791677272
14025925 962984778
8138907 837210131
41667015 432866021
8440179 712137193
6614260 949106255
6778684 802135094
173993 771737762
267803163 760631000
107480196 452977183
8471688 946623526
12112799 965199684
57621233 401633551
155140601 819664144
14576348 740363699
4356803 279510803
96633852 352035394
10221816 602586027
112965520 471009145
85972512 645203636
10324551 590546824
33014814 570944109
24181171 849106461
307336052 786690225
4455618 792893456
11067609 616790802
517255025 766118197
33602110 711728990
2011573 975914474
5278528 960024725
538339320 575130535
2609225 886035637
411497727 587822815
9785876 827677971
331820257 580405943
24555 754100791
115978206 897036677
50896405 984431525
259837283 962554463
191080493 587674724
49677934 627197856
2239870 954088895
179904 52286371
5903785 663746211
135407263 893904102
26057764 817445486
6433530 873942859
