1059 392
15338846 408426564
33192352 445446635
378306554 919846687
23462442 809502037
43281389 266002291
60699743 820969290
211765370 539738354
194983140 927234302
39317612 731674778
144345210 325148581
227251388 605387134
49037211 467198237
313539515 515103319
347653703 483575792
69322496 622437166
290340293 677724259
503942950 698636128
67281107 790871154
539100756 958516044
65362176 452896375
60549146 604462932
68296883 919560942
65023031 328433532
130368749 268598871
56809969 344163471
47450686 645714442
62668654 695545705
5568345 202128850
75447970 323565439
65009996 898892923
720720456 883561228
159662514 486096322
10423571 989317490
21924839 925007851
661645541 702874344
1185095 525401786
52614377 515346987
34574796 566082286
236951989 755150507
55381489 974785576
71980164 411579288
85453871 549491060
260709213 604699616
769307457 898809418
491279934 838550569
145968515 583235794
72042086 346080710
124012747 308994074
136296001 923658112
49512992 320136439
352919974 765426513
71492577 190226082
657718037 952024662
19865210 207004905
23020296 678596042
335294159 885370864
121013376 300662600
109025639 688256487
14820705 778983612
7918103 350114863
17067896 382325098
37733092 387899766
166883377 340276547
255185011 683754203
336109727 355623508
8764759 853950254
438522838 606997151
45891027 947074443
560941155 877437457
305626557 580340883
53235534 983325655
61987907 141365011
37492101 442060789
69110441 756363390
545465034 784336638
60851153 603105022
28224811 386134462
384293499 632763804
395224177 446665367
323979005 642124075
765088239 887163841
45957792 333267467
97996809 368187026
117167359 297000501
11033622 606914629
71088517 553593125
592187644 848436883
40298229 644271466
302041134 880014176
615725078 716642518
29555936 803924604
262841274 448709778
58487630 738254301
394695256 908780351
51354398 464540308
11238933 948682508
921882145 966556552
66618719 614815842
368189610 960538113
19945658 547671553
19426182 399250891
67078473 399554167
153149525 175307728
70500582 901467798
190550878 438690192
17750992 312955496
321408300 736069045
224712658 576710471
370277761 658960999
500510589 593751408
329410996 616722792
146579175 551843510
29080640 736787731
248265082 323893563
36946903 929276994
690869380 735089414
403606504 964830571
25450786 124400908
421803597 971259348
47972219 969700255
5593927 943452209
397535945 963065664
402646157 533095564
8872851 195249303
12536639 953489886
32569405 727163022
103814270 277166142
55759320 963609402
53302562 917148523
11375056 52262732
147164342 634128531
65233835 855905209
195999257 713959500
214398270 299813526
115939279 896944555
33973117 789774885
46595575 553707286
533537972 894891749
142677507 753938878
368390954 426484585
196715792 723342276
8736241 624459766
30683404 697545110
444953211 714231965
320687194 411325992
464738864 541594499
264936774 496616183
11841681 746923237
73969827 991533538
167897060 901522732
18748254 465161669
33037485 591599675
962154037 984648160
421912670 645973549
754803489 759240478
18516160 520032819
268290431 697753735
201784777 954947636
114932019 809104617
566704465 657436594
44252118 268728904
457699335 465961559
666981931 904419703
1838735 550643602
424077202 803655004
54220659 447022235
76762859 691546902
443137261 671286348
56280122 514522455
393253399 750554320
46127135 629811206
46133091 195284665
103370178 279408590
681795419 778367203
34255041 348550927
82211675 681887612
587411118 729027042
67801547 538950375
607906444 631658579
312375962 620951626
46629694 934615256
239333980 637814782
154084171 949407622
15342960 887172353
31984920 988511255
731810660 775257823
43843796 195157107
28349977 231300937
54961928 196455754
178936686 828030540
477387669 497219005
173263344 373747817
62320905 564498487
219188260 489301750
54937733 988931947
9858604 189459097
606662285 842830543
144112745 277047052
903597151 967966944
241694583 695995719
26599006 764738257
195385981 485777642
42356795 327836060
20133758 268754126
71407629 669042494
556855967 802951562
617003486 724618752
130116860 542990158
48872355 195763988
83099182 96626804
42284776 374574070
62862150 113692404
43616563 619718116
36046377 274755066
14299988 225433650
617841592 811020388
338474417 966949687
388946637 739853097
18781919 668076201
130275701 885598258
64730208 355982709
30118928 564791803
384628975 724976460
32519201 273245907
404337403 629617216
743330900 919040618
873385139 967444350
589235789 877852806
387691387 973864763
46573461 454367454
374647879 488325601
52775889 136678554
168560058 361054614
63817459 512850012
76163705 514310107
56528419 366237482
25177189 658260075
74409934 553138808
604870858 870232062
422835216 762142114
19165515 805383817
112012173 290471031
135144528 599144838
26480749 302345084
341438987 384574914
448641576 972331526
722791125 919336764
207076829 316671313
47440490 542562269
125907186 858294459
354874615 731030100
1496678 233871715
33375184 342935665
618446628 632831337
82537368 236698445
112889870 657844844
8551560 112155773
16653933 215628388
32203887 389594673
61444191 303949138
45494804 251365674
13796207 179354593
63658467 771826005
23386567 146709772
584135086 843835729
24435516 675185915
209654082 890748074
16033064 399631889
55262656 948227441
12872464 194602827
371582789 953567499
583404424 786338989
16853161 514450313
76214750 765429531
462635467 485675228
637261072 815084321
61834593 443315726
957766038 997439724
258045119 917927383
26314983 908479402
170264188 516092406
66774324 577049238
563664440 754625960
31481155 931462058
18623944 283395496
40869446 609142980
59352999 687371022
236692883 411800334
710154838 930030782
48403916 268344730
77624194 394511899
210834074 750575002
12531547 467693809
69533701 905917345
10854030 251976459
73208693 774536695
76567272 504880314
291545972 413612778
40665824 316708962
231148025 974544494
96327260 613280897
650518786 741373799
751064336 807383097
128250118 817456827
605796320 753589173
51685388 555041432
878708592 973049506
15952103 484504912
74256486 893927816
31274182 945670505
74670234 842853721
697682066 887687408
1575953 655503963
66096891 146626387
49218802 136575434
443623817 582135301
515154208 711166706
700201469 718164194
213484244 700912563
57734725 448768728
31678059 241080802
376925047 399348618
804763859 997521258
568201803 966658543
25414202 426719633
463109369 716769987
6085167 913846958
51292338 384866583
77940584 577302168
410933921 807830466
436378323 942421433
35635531 374047253
140410562 498994860
232440119 382113625
63688095 714685671
293190351 685209513
165551760 372824063
402422642 696353679
41299283 463348040
128985542 192989944
276951606 959809770
61570641 340639701
25849213 241525530
880391460 945688701
95422553 309033253
254038441 525081185
22214759 242750826
457048631 752806209
360314469 733173743
35025433 273782571
46778924 391768752
582276085 682080910
18548936 821410237
171813490 970055853
259247184 838069137
746185541 774502276
19182161 877269106
37086857 182839698
386284279 389654078
128116561 224100063
651120493 675269762
27208561 848983412
13856339 240843307
36577544 554973957
122812135 389823929
578379007 711994047
73677123 558350584
70676451 515612688
243864416 915304508
74671062 732843369
39331649 103514677
57360602 352629106
86806069 463707011
534137209 547683760
14210904 197178380
572989 953793408
71684954 692172234
42136045 838349746
169619712 527990872
45285972 517630885
259155689 591628617
56440642 721806675
14281108 362859597
55031830 731057806
629348511 721374156
133076385 798968222
25112107 548881397
208306528 247102586
83630275 253592499
299751075 533424610
36209248 783630116
696634168 922327381
36671387 828529353
7840347 542687849
132542464 423306190
391153274 837807781
56190990 921465809
32952379 258783519
49913971 715922068
69849779 169007522
373428236 534700271
876847451 921626030
18444822 138504716
812947142 843388113
52359058 958671390
3463233 287126836
47786641 160111119
528164272 770173268
392295499 695605560
67063363 69268373
36038156 230541121
24423748 482935309
184979665 574974128
53400341 436383743
457922212 733818978
47960997 949671429
887731637 902261962
240520504 646850227
556829232 924793074
213693168 269383635
3202612 768509587
19549959 164512069
58502202 709026680
79182152 627476409
57978994 908540227
11520790 969627113
59803909 584759602
27872134 403018900
799720586 942351928
629615188 687085973
536751647 708608669
17770007 267150875
391363809 817490592
62019154 586596379
48713057 495413215
53400902 952899991
579185935 804415545
54842023 140408480
40684628 781272553
445482696 577436274
17061617 576713497
72126711 170546752
53374139 639015729
75290886 998243956
252707408 892582311
52380560 332309178
344849596 989838633
33030587 199017171
250430032 886832487
547435230 699851122
53691698 679478990
239732209 337328368
536345539 611371539
12111634 83780768
163739012 880887296
29862001 970015525
298523325 304763220
48296927 599993406
7130658 498145740
14836874 842469899
193790829 784422026
78456145 747215212
125869189 937671359
11822804 554001938
178811306 887016798
495313284 901334825
49162575 258113976
541928537 692077065
318636533 666298386
244138563 637388008
26034679 55709014
372209 971115793
234137392 803841776
156508358 500088857
62044525 441772771
449771257 989683395
17309225 198841416
851748757 997626807
443553147 690725603
259060148 919190963
64086291 213251173
11997866 826205386
6529695 541726927
53409940 459092230
573728117 957444942
797754255 800823250
66476162 938588547
160365045 311095612
282043027 475247198
31003089 857980918
62539598 425959528
62248681 626998156
40114597 298758326
173764857 981910772
529066067 858732682
610176667 666513818
206273548 672716264
92473346 438963516
366541535 792977728
40600382 631632277
274355753 578549037
71627235 678449221
543185 880751400
49983411 295322108
69356298 689712990
327957534 559304268
119605179 593095745
684858212 807030290
21206055 586252396
145556663 734478287
3444905 484150784
75151638 976246965
204947625 307822808
30393087 854694119
883904288 902507800
274818356 984684279
460615650 789800711
67022486 138372763
442216202 949931924
72177402 729542652
36192397 675137216
114824053 914634715
347157498 811099547
530949668 868994861
435745627 450488505
7367624 877961828
56598668 105376503
304368269 668700812
93381967 340560666
41411949 214455451
76553518 881678468
42652259 896418312
511489296 551563392
40902531 564627347
212120515 787672833
878783816 949474469
5836070 988650146
81415987 101590456
128515418 929305868
38580852 266076357
167081036 607430894
709021349 848542365
19480999 451582955
319461061 844476194
346533400 415449711
69484122 378346117
152320551 462209047
340038003 990540417
24041305 263457129
103955810 516428337
18063547 584843724
72084238 897488942
43950186 894313307
49787581 548947713
897704781 902230828
28426587 548745459
446234400 617990923
101271957 912438280
467922466 616111616
233707150 611379239
528537550 767146734
71723944 82626185
70413570 431818752
39746377 827096233
233436636 283130843
59625785 211851609
22192293 509129810
74130942 139064417
124425214 377402898
338744516 508697332
53514072 139967655
689100879 955728606
488098883 815338619
370189804 572613509
786452717 968379995
45806522 678326616
24075684 448454415
49803775 553796194
71246890 345753608
216519535 295861487
41488644 761279661
31136725 707407638
42490153 864648249
533491005 942039954
46358757 265321068
28946818 976589674
318305616 880841485
225919144 701837022
234330286 717661347
327704008 640978941
381084971 532362513
32400330 323693798
472706 119246967
51217580 684925586
19951476 335776951
2904112 576837453
514963945 568476040
471946323 505625926
53073707 623678538
603657394 738834382
3351783 970315134
61726418 820514794
841629551 938769152
249143633 439581760
584789927 607734261
19923384 197726620
45371371 236026625
228258238 751179582
41628645 476846449
253941595 265706827
46478947 834782521
404027778 436626237
43281507 308221229
138297667 647381491
641277 394841796
84007727 509717719
17431669 604927156
4111998 436058595
13722218 700549919
46979603 114165489
56026269 947523592
54715518 827165137
159270562 309830439
66811333 361956544
470774253 533443155
4407521 726615890
63778201 825761640
13296269 301008959
595176429 835008336
38705609 599583949
25022956 418523153
10748358 938973797
535115423 781056325
51817688 775615591
144375278 483718065
197240347 303314601
487276880 939207979
434422568 759848059
510718351 671362478
830013840 898350125
304935154 679791560
8760256 944401537
58549852 462290196
399564506 511754826
13994391 876346205
72472996 835333938
64321196 215680870
24584784 241822537
74750026 645908465
38182854 406529128
6871402 388466702
23266977 439103466
211998316 234281455
24638835 357275890
40652600 860894022
172870364 348543385
70902676 272062483
94748050 486854740
113046578 508240482
833745001 926242151
39387892 457198420
173665039 212258256
336837090 753006205
371123549 549501734
71030297 927085712
66257510 78638912
73865992 196597292
63907295 364056215
21420247 393916457
186013459 940194108
497936441 857793701
54390992 474031650
25758266 879426407
353042785 942181912
5938130 549537587
9578268 964555147
15635533 711346941
53713950 730461915
224006799 868338079
57062418 461939074
30166618 207913830
60448711 392653140
35258616 859195493
44925796 871048384
673530906 740510295
294171770 784817574
291187353 789717226
9863533 964772557
58192593 521103550
51332955 548448000
1091383 261230875
321133981 730026686
668734828 837490790
571880513 733883370
16275651 703644053
618885233 661149663
38657168 165444547
322612540 846375354
156914907 176220275
35650783 138383958
76351768 456722248
144999755 522749959
15840558 138329592
42889031 891986535
27266153 329946564
96671670 502601384
171011769 754080946
66592813 926932268
5920994 960667242
48239532 746282979
56342806 602276457
38372140 748923693
170402637 888200505
44192663 995849145
1622394 885984583
42573953 212916131
187302082 659407227
300341248 905565320
76961125 403306116
305196357 557097020
168075071 502679153
70895704 603776718
285434228 723422010
99062940 346715854
6123080 818346348
29101314 306464328
576428019 629098442
909442252 916191994
68243091 455244725
44840303 549758435
656201559 668127662
72410737 288732828
36362240 598955104
242696752 483707104
213303052 992156911
29371927 732471547
571080575 764966904
29647993 869132265
19892358 460449364
30433455 416521120
448325724 450527907
71073677 447537004
53347033 223538984
147647699 200381931
688307080 889095800
23428736 913117876
120704381 279785963
38647970 738882260
252885183 926983776
250930330 581800008
253435150 912963769
427124693 963550620
44954200 938644554
69862362 483462855
28030556 290689879
369962712 807973059
50485881 657942076
703016154 910076469
144495996 693658581
48923321 179497200
276699361 737355381
49857487 466788120
25963941 245594736
440182118 753439389
13520680 662424143
70531057 126956338
42057154 305266763
421963149 973235853
44250575 760966867
398217387 812159249
660206950 778411173
114737391 993456032
14192770 246807064
289614812 455338361
12121334 655468166
75435385 223341902
592858317 676787158
602115919 685607830
436042984 563013924
24441797 892030925
59540977 517750989
693065282 846351408
100482541 282556804
623478563 687898777
185250656 868318092
33999926 792383814
788979281 822686602
84497429 535956693
12946651 929154761
78621626 649603690
725141038 825152120
993017048 994944612
56249603 200677182
361069800 883089824
41709010 722044827
457651002 577460032
412012520 812643009
69118767 460091249
76835750 506416725
333478835 347049541
44084948 922993394
58929283 305286516
50184094 711766012
162755408 392891519
75578814 537700499
6057139 974539697
114185985 897573695
618193553 919785253
53176395 331044056
228617750 918205462
59506062 462493347
582297071 597697335
356369174 391935100
624943756 778336131
596610844 888049763
428920838 719492050
288778831 631349550
3632812 178818507
9435786 395946039
453852246 589872962
63035558 333216938
292699349 534044583
48023834 742415726
73763421 937939310
8655432 136798978
10447130 295228599
369240355 535926391
130858469 946159386
316574444 639069126
300399906 390217392
525490611 592051011
108561956 376278204
661564878 820178137
46772550 651708051
529469505 997730888
384010002 606125451
139916041 890955492
99483065 821084143
25416901 831035692
43908872 172591630
26055190 998300609
65841048 849925559
548052084 673307448
75946466 370301458
48216791 926234259
215382034 555816944
144502249 421762646
284318287 390138227
569944594 776716276
40462866 890058290
821325081 853060732
602542207 985071340
74382121 540948697
441515883 657709791
557063503 708847556
817230657 838680541
61629897 905344126
298809174 589502740
248201242 525922696
604686087 783624368
107718194 284996952
24953340 489609738
593123074 965557830
2470960 556658509
23208418 250672201
82581204 480410856
34296568 926062273
172540126 994531113
63575577 669862834
262889490 266468388
36482767 496596957
31460045 877686202
989887086 992373961
328910117 472553599
127760238 829842393
150423009 877969271
72061538 903246755
615461667 929606475
66623999 813478889
38794352 472959500
70739452 617975595
743005205 958619989
32092739 871212513
50191332 425237756
91002358 921561565
149756253 791525996
62645002 345446333
375277741 665874961
837354980 900070096
60391606 225414742
46807367 145535815
13254553 713918727
57358151 656238662
397496441 643356655
51854218 127516741
75838675 435593603
217315903 713398796
71076593 850748031
135070012 247089955
317938691 861306669
71824705 401309818
5992948 583467324
73976391 304739814
2543215 582130020
99009262 276328396
6012288 640168690
9918763 772684242
518541524 862663899
969046193 989200206
11134257 511512806
36080606 597327211
65282503 472988291
179807286 912932800
276961957 604562092
273657995 760540507
6726630 888177025
35764905 153027743
46489447 821281573
105468830 751316711
633479956 929236357
5600474 272259234
66343874 488405802
14354661 154598156
21861955 615255488
76435053 715040888
173773828 502478526
709217422 773747147
461130116 537933377
694851683 916888962
318280629 338049591
6751632 771955267
62028611 679714645
50770138 566478430
17561451 841551891
136164862 644351818
20524033 364804886
586926132 650358593
463911644 648954742
182589589 638629581
490473904 787518538
52021309 910988006
49024930 146955061
14419787 468201397
129750752 208216704
14066026 803879553
51576219 590198579
770868 590600508
548358941 588503553
743612658 882073107
377494609 448843479
742649520 911451682
74774739 924336045
23876943 547183558
195404619 494216438
712454801 879577090
19623197 348228179
46853575 215027816
842444616 962640122
364069431 755694823
116743276 741320844
629043719 681714428
34196956 238456289
34750759 773129623
23816131 335985258
459461597 840132969
54114708 200234312
65552697 158330511
815828438 820759787
41756696 753727230
49956746 407276388
12767162 46300345
195594409 904362110
192978353 435861113
4452527 713873207
499030702 722899295
16348423 323708361
79259663 288078177
57497984 939018216
20103057 727290216
30730719 977584087
16471444 322222049
941954431 950662923
13587236 462811566
549673365 788667620
621923151 960503360
822703619 976558776
75667078 706144106
145304070 683232478
361444385 608864522
96157071 298839486
23848543 616866704
571983195 982937507
182633238 717598201
102681217 180453659
67283878 487013008
17362587 486915425
366297359 490287097
6490323 776114815
222626113 320874296
807887303 924537718
47935673 976260051
236759846 433040886
73899515 452408389
120439553 475003292
103634458 133001880
49903808 416520041
6667020 250162207
562106969 806232443
57191951 867072701
42943732 63858970
117234907 880972885
110566144 501957241
199874673 580842118
58745073 890734855
27886913 924874872
893709929 984497393
5545728 615576083
573580310 633671418
54847779 285582541
58212034 801074059
122596286 162831744
142532687 453968543
41191054 808677516
552785924 649534892
39471369 855491624
187127624 276585175
110302328 760707933
14417979 171596866
73121820 919352310
71690639 674681284
45624046 553993737
76663657 411387874
165143856 352673300
659383763 673606686
454637824 646720685
456043726 994546107
632299294 824473757
929631534 967759827
44481280 767595882
70415694 841763488
77713123 574814134
16411007 440995915
683043972 944856174
473703868 716806080
19786315 574167864
53432663 553417374
89561734 529903253
284884504 352060879
474912659 669292948
677198983 913610738
27394769 428142551
321533733 527808871
622218431 995859715
90784039 155341925
9679633 737235844
331167918 770315260
188528308 404535695
36294472 235955298
395419912 758061441
