875 587
79508603 694529748
163766476 824180319
81984919 743050820
553547587 633176470
198061809 905157007
217985179 647378382
296657978 831148869
15722187 844569349
198890300 564129199
712222963 797750828
250070169 782724494
120781950 603352738
103309094 963548373
462448570 814842511
744863748 977287942
83119120 796847184
5585249 779041332
41982485 695236052
12630980 903588584
323312876 430023862
60991922 902940986
40632279 855573230
115293735 984519404
62835987 106711914
197300550 568999694
72751003 787828437
29900428 815955970
7137153 810631542
98356696 643411036
105560101 889198260
473320256 675631250
749574 265162604
136541698 607334155
80706191 737056025
21009709 846534005
67496737 782942775
501860206 644287182
111458680 634458457
146500563 913188121
548647247 783706003
147257387 965118795
135146617 731989476
122936653 545393313
15279620 761738415
116902283 984280087
141103545 768736182
23822186 751541285
28311461 751890928
135655772 537637567
2851103 847889836
73911655 561907398
79693729 131554569
76745533 852904394
221923559 836566646
44501235 946457603
73797024 549258298
170049389 647136524
190505657 875364851
55052397 731735319
25844784 647844061
365668017 936114451
50598952 163791224
54142250 696658086
111909148 769518534
127054165 926398031
176443178 898858852
399219265 587462886
248809569 764887281
60404035 980705888
101746330 991480624
118369226 955037197
673812049 899564082
119311838 839908751
112220337 997353857
52757687 529655046
373652022 645401362
155764825 633125653
15297051 812126145
215542878 388949072
102123342 877626751
174289255 882206567
123460658 224927013
68345767 507834730
114850893 870187780
35233130 749328111
144439096 940182036
51525316 596202980
191914071 948853354
57903310 585348345
153764995 422252610
83884908 573889438
720345964 913639416
133013615 556656964
218496766 264262229
100296608 561510265
70077159 956943996
139296300 834058142
180965638 893157757
129107055 990267270
10067591 867011873
43859124 582598576
621156377 649773448
41563281 818095657
157598747 870248844
154970034 768530195
104735454 698341854
852005028 948603816
185349330 816890178
55414100 934878115
51515486 870521569
77862957 682441353
681097315 767568735
24889400 611793385
152018991 876096194
23456479 39284400
19368115 738071612
82155477 736019671
386017606 958128307
754753620 794672184
326096500 439236226
338626335 697992356
184505134 793720967
497017233 873098356
343591192 465760141
27204418 748452019
221257650 910862300
90375157 405762783
70422109 546943323
28797447 600053073
21403579 903324956
121120093 839847559
30777973 360777938
52215132 968779482
137221815 861311820
318330103 744405516
325225661 606750266
40684637 119340096
210772752 829342660
7936708 599644195
195365865 594362228
766296219 813058914
194474159 892588034
127735911 985799265
437959811 452340213
220421786 926149766
101996041 607332800
12644727 788472765
142470495 811318363
51159996 711536288
644865887 694898744
318607907 714364332
39148580 884056255
2144122 941828386
39378587 852569986
78290542 894116609
41385149 877109041
710141958 851856256
225007048 614732215
61610296 934078210
257496093 883678423
63358819 667590090
130199858 722318624
217402754 904896779
144056627 934625638
78139891 635038440
40638625 830114930
17229752 904616905
93737952 897653383
63399583 825770385
11939877 779894215
106132326 849781723
118696256 855029682
80403190 785592950
265172107 399509394
69758700 839114360
541412435 787341726
50455637 69480893
108118227 964110913
657943352 884083647
10609404 621771952
7567908 895764390
556813159 986081851
219680827 763970769
79361968 753892679
547737265 633273164
179282717 822634093
308423609 517482085
2714565 659134581
28309342 848513698
271505523 499024950
139411297 786604621
94902901 883101578
738923466 975728594
97889627 697984475
12757096 698041824
109203209 591428099
218000715 938744210
222573225 940233038
73046065 429786338
22964588 736152749
28606753 768329516
140863383 315060955
114398485 580115840
94760777 680427856
222878090 990071161
443657432 861774000
69922000 982286415
406257656 531960607
68127570 992885936
195865046 751795508
59119078 891214405
378184944 659587604
32694935 769294120
73526488 797898212
131144155 139005020
202922128 908475179
884754334 949083436
43728237 793765996
120775196 593955418
59647158 563945059
277128347 464524262
83277183 783025735
116713264 692424467
64805700 976870321
222527146 626315281
32225661 728212754
117673658 844844456
47645949 926924195
139221646 919113543
2231074 549337424
16044240 726573508
117504822 290876081
227368650 950152235
47820122 135385405
137455653 862860753
62815081 156070630
46134652 934408444
2054166 968146389
9646999 94235722
107485315 879319604
27007077 859858528
50995982 963316327
622894096 988519581
27977377 818829320
161430116 762727695
97858087 566108935
76794465 969586646
25685205 357005535
532940466 556221991
206752906 770779958
60820710 962438008
114033254 892409228
835091199 993334514
107034993 789448793
272129410 909014789
129878709 796456627
177856582 563216213
60386974 826219442
7835863 555399492
196894700 894553218
80259773 764451247
44141429 819362534
626130530 979903390
183583412 738079870
143911446 860047018
130200253 916757827
507354048 508875825
92990929 926627285
19173781 996906311
174975753 790016977
652685338 877783689
49342102 724489038
100964060 903500956
297186821 400627108
246540758 680331077
72852936 626403672
86340240 711933280
145801585 650930952
83512564 870067533
191787308 675318518
185068136 935278988
171610352 295966522
132930903 900920440
98128199 700731489
51439911 888910150
305965725 367838329
1827558 947583634
171055105 973137555
3717631 771127985
296381301 552968716
59245570 947723775
68790727 358838020
40755711 908537845
11140283 679393684
222401792 256170142
269754734 303263880
162218977 329000304
188491476 761386163
77190219 549248623
123180976 657750189
307489735 897221905
511124420 612804167
54959991 756017913
41319383 894759202
39819379 548883072
126778459 292970287
184585686 788791313
158144964 169970421
127488228 794394163
71834146 629313241
91898426 614119272
35248460 478981988
103953387 792765819
184627220 719886399
1766500 543121282
53760048 964574741
92119974 575285669
133625560 776970955
487051774 580453230
789850685 969462260
254786145 583746535
29585613 971157949
191132349 658913675
167779655 566193128
101194026 898131014
48277421 863153051
8222057 738326162
142985777 601671586
151466382 620543796
171781839 610708830
107542964 666420954
129261869 940623027
184986857 906434879
198827538 828807420
96717531 444769419
138493932 717384871
544004823 944689353
225228941 895179510
179863218 821085981
108903234 695107888
104523819 683622761
9331378 100438912
129155871 827499975
142300719 912020411
40488861 991436880
410585750 796900995
128654772 705190140
41045039 946260940
668231406 712826833
85014906 626904550
15081488 985844282
221202882 835845283
23712757 762505786
164574453 932958206
101287262 995659488
51788495 642469418
31878270 707748111
75186215 956790402
54655055 92277019
79937524 602938666
142793840 833791868
58225462 877103951
478099921 491320895
126517675 582861064
69142854 210313479
79433478 626703574
9335500 759895840
137023111 981121298
108956747 750144146
174627905 836482699
126286966 637639757
196493455 833735373
236358013 989711505
183871450 881555976
363979987 964240178
145802436 573337710
225107779 685941643
108749985 949500455
200021385 528763955
256473267 362343925
183694452 798216025
116710677 887391799
43606468 686054394
57082897 265451126
112238861 665195683
135700441 785600993
418326150 968454736
381299013 739726121
36779825 890954438
613500353 730048518
355838357 802225091
44491584 824039743
558610673 891498779
749617773 976936822
55730408 568923450
639905770 811453068
860577559 986611388
33192431 734796538
11848769 200735565
133346501 581282862
67296254 661052376
175619059 870414697
372226991 580841934
149782193 971986655
89445630 703478497
41072329 305931146
29966153 793456396
96809977 818419285
80299900 750995075
361244715 859489547
92858010 649198830
88297460 914921681
213837559 677594440
77994076 450793028
156449647 646213093
173308900 437805322
47410143 837393663
162711711 570521609
647551626 843534394
94322946 933750791
191021193 891789409
131069203 733797077
17223456 900459788
293350492 340552747
96654864 850034669
82689675 716978021
202683351 228556519
214262376 911887823
116175279 925423046
86819611 956728238
194557141 784916383
110900673 752413545
389846279 600807323
756361482 798939203
220845680 733616678
99143770 572288826
134490495 799513516
94881986 587365094
144175814 749419681
655755385 669145734
188218408 644216883
110277050 986999122
120605594 608924079
71612797 912194723
1193176 545076598
36826727 658198143
197539091 829993573
107779042 802836742
636154859 997122120
461034885 540681840
52403147 807572758
522771543 758977204
115289367 890309904
18952023 363057073
124460880 783884630
105948928 700297106
44613018 862823152
66281404 632490955
85794981 582587800
415115872 968697242
42033818 954638145
86260062 960846050
142713121 618455197
126513191 579800646
81176578 205399512
168493423 694055863
200811603 805899632
84957482 832013509
137446561 676398948
485098 877664911
16258171 935056380
26590104 841237520
378406867 558492897
12273805 579218470
216908880 910594383
137372872 580019221
215513186 364005162
73008875 677468407
109203228 990803796
91735159 564867153
47590557 542670743
1657847 681099942
211769820 592014973
163108377 855008544
397679286 862215233
73472029 717438792
103140065 931014947
79880670 967409172
103458523 710127372
31568173 675405183
126279013 963965194
32058615 743973765
4602018 585701970
58231807 990037498
217566287 790872047
47353495 721444631
52268831 869004836
615681970 850968288
144507913 780167063
15025289 792176978
877302979 885182477
588667116 814393341
23090319 608353989
150873594 618550544
130995083 627457273
120484725 750802570
61877698 800064390
20448856 913354116
197368138 798682370
140950791 604334357
35246521 948759477
195088099 725508248
217539346 976407937
48705564 922129689
4025078 630784469
131727726 826434317
138440867 955359788
57243954 627799128
37856332 752422399
332978687 578677252
805377589 900755692
86355233 802076624
131781208 824961480
60753101 942099402
124827649 668316121
147608186 406547053
106220209 623937530
722987560 849525416
778170602 798936485
69584045 569048760
18257920 797171111
121051280 603994977
43206332 466845232
727688867 824582188
197590456 574639847
39103640 797761788
93440973 778631645
97993229 471621094
32494525 971385513
50989790 699762923
191285005 748366265
174989700 724438390
186528876 945989443
142911214 685160468
124718219 680656836
261982899 854595148
29795338 578524827
118729424 698304777
131617689 521949362
165119210 750180830
44302304 558642471
355379176 776686271
109632848 704346385
26433278 766436195
193087381 937761353
62427972 887733854
161681377 810816561
225869774 832301510
197476727 726518063
43975964 588596319
124399362 929663606
373545652 673532705
495270490 768594713
9428882 55963729
220204894 427267490
93214552 540246080
75352998 715147091
134519868 569968987
65751630 671519736
99311461 780485574
152685224 412979581
34494026 563081117
142797179 569899592
26890395 948388146
146169794 661069843
46731497 630992865
49158991 861850739
42807999 798362423
131778787 826097664
78277624 559880168
19831314 543033904
198511077 770427766
537822648 679917265
150838458 874662290
58073009 790724208
113833913 779531438
132425340 785652273
95158126 597145485
144076387 752542057
52300869 144122348
60669404 793899064
35253826 679284452
553293365 637717976
21134031 554686775
823788907 899067716
60361663 634863581
189105045 863889889
121375373 545122859
136485078 885005157
33221851 594446034
24540084 686325613
89186412 988938694
495221503 636014565
85434171 887300398
219619079 572929316
23754636 62034462
216205340 694994007
63557561 666622099
67683944 306434344
62267206 174253774
29702733 896129723
35577973 659544597
332203498 665032447
185489542 730043200
92248205 653780098
87774328 804060286
169267662 832024563
158895675 593247388
154282771 687470392
112942073 761438382
171131547 913432114
118539443 705688088
166728749 593249026
13451507 837169011
74574290 542987553
169036993 671540920
189507642 638297198
115435734 883272817
19445028 933662623
104650109 892636711
26745243 743382476
118355692 932681461
137982691 901070503
676854525 711743429
102248573 973229161
26005469 738824924
53321283 586154897
34733967 606319010
19942133 910592235
167764468 892884114
105994063 942073182
64784902 599244226
196173461 987355473
127487150 934065737
21456424 629717321
81477898 891827614
120408996 921402081
142456236 842183681
37289639 820422032
111923598 685174992
15992375 916416381
143568645 564187006
744602141 928021648
84331679 903129938
114948888 986337423
9511436 961742333
20505422 969246381
200966033 660119118
97960154 905439120
50615752 696443446
131770403 713197595
75238521 649367386
82563512 907327292
171713167 951661189
223651698 314481699
16001698 960840629
150877782 690439934
136746189 600433560
99578836 555265873
464132315 658966744
115014982 640017067
73345858 842832374
295782286 955320298
510586170 772475035
205168270 604923179
1855393 546051372
608659769 837920498
142936621 759153086
6090610 741172934
58786476 823092338
123087270 647057981
51752500 968802350
196642348 777037842
60690929 255428823
529157763 967840575
120575832 557813033
128333338 573222362
789497724 792790948
613147874 959829110
89068789 607066283
39819929 860932835
47032989 890706774
112226000 552217291
213018308 892120593
45292689 707982186
125670489 559673517
420606351 969481201
146803300 636508666
387662752 538226706
173335083 635064075
12486266 623845138
44662908 546002726
73164286 904854547
553471595 572087788
26648984 613140054
142762118 646730284
682934558 791945330
147877704 676726492
220751625 802940482
204303060 618028497
86023486 999768462
221276581 848146567
147956709 570932147
221527971 905053866
116474488 825071489
110329580 873215421
343760269 783868800
314401101 421358178
251766121 257376818
205650401 665910305
412478867 723930566
193221632 733897966
31319664 619866731
92615896 958065178
166531438 930976277
151070395 770344356
123293055 535220313
531455579 972890482
363046380 846412371
245871490 812011765
100213759 690884104
217167714 625447127
47532122 756257017
13126318 641774620
136939135 984828029
190111311 971004422
406614833 534538437
134269534 658975528
85661754 959119593
276340567 423879003
116123331 943551507
752895752 884570270
242149383 549889472
136932335 605515652
208481233 856626896
30844700 977629393
206135764 977807403
24462215 738010716
104378970 616039946
270810473 826244077
79051486 940635431
101316977 864446819
283999757 503470340
777867470 781522116
501267937 901194294
460282544 506260871
191880414 688193115
60009801 757194192
135977686 719761618
136053190 839737479
68590026 678008395
149019781 806374274
67094693 780944159
163012547 738084387
105720228 760581577
73626275 609334226
634665497 705289259
353210271 781336592
87324139 767972718
87180079 603857005
19400417 353106157
9636185 870387632
108280763 641240434
3689904 621317106
30121726 806695318
131505789 903823568
47350836 663394984
75526138 803963953
175026743 790439425
59075905 574251334
215520479 659067821
24194697 902918619
104718255 854004476
124965008 553315038
57725866 803801644
118765088 774936409
115101055 659082109
531146362 930857305
6249248 579484572
65789784 719595427
72874562 440346976
220538044 987674580
80912467 875704975
111953021 731154347
52363641 869605939
37578909 896272643
165929631 683804383
120484237 492075126
693641853 715199623
76963896 837139737
376677612 742170811
3500774 924577453
211931302 900976455
106794017 912683030
84059252 845186201
19907834 630217456
560385824 867532722
1914316 544294600
60022120 722478566
106959077 623938181
202684557 878335280
44139473 746680516
129315556 956677944
469159082 472517901
120910282 648129791
69079593 80385711
124584323 975499720
399404289 407288342
155083279 733658188
89665193 623993831
38719013 991171088
173451799 835171398
148399366 551325839
22679807 847514635
121234953 850392735
88806795 850847969
100283379 695210134
452956483 658213481
43986502 913051154
310816914 681959249
550391195 815442748
110073469 817784384
194960226 721889018
140024695 754643524
154917882 575605834
150011203 631159781
203331812 787539734
42021076 737097102
448176246 456487171
92318025 922706778
133456224 542707233
176857465 805222942
59411537 625033711
24988765 843036175
266778885 538997842
35215630 216876025
269762053 588645934
11593935 970782251
114769880 788038431
222353299 983552789
837113468 874954542
220057996 966355343
117785821 871617504
731771400 810380436
25238630 632241618
166088050 681532847
567221960 991972009
636873929 945090871
143575180 738737177
75322434 638245738
128654999 954669390
89863772 826357609
212077732 825520145
187812223 886399372
190032476 851428391
447405255 994078944
116331215 195568923
80167555 562890122
264278973 873548333
175083741 865378884
374766155 576024407
91126574 575000015
685060794 882857909
153507899 765228348
35428377 565099246
