2828 2099
53260031 619428404
636953861 637652079
1458003 811185815
37944235 978259885
166953632 547991402
59468118 812936135
642781172 673590534
42235297 773097539
117776263 766826350
98891497 934235383
64767100 611498802
32676824 685739327
101240364 985038342
114125621 875102743
26938882 691567639
93782299 831582650
50173594 951484401
718099977 789972885
76596740 876728703
37767519 999969450
748797427 966880610
43951166 767909895
38480100 938221613
16846936 973304915
281992239 385704630
82507743 704862199
79762279 678246695
107802200 931497170
83784478 642062280
426075801 611101117
38028364 626946125
100958750 811516427
56527416 887449483
18757830 915202559
51554648 888511839
5457692 692680539
600067541 816444440
58678190 903631614
721458349 872559293
71503296 932221544
58396619 667073214
115767237 899358137
7733129 669495557
35390902 826038277
69506997 825162286
53256842 768544240
79665963 710253047
109236894 842264918
12846127 747010611
65268976 612403740
26258009 729603335
95722289 137667560
97857513 974352983
99070556 841712582
117676631 937488402
56952575 675253059
91411026 988295189
120661784 620472903
122482707 718868181
34457397 798699317
38435953 998062222
86966541 749004593
46711816 748248745
55543360 881428897
82183085 666864163
37772117 829919805
56194090 673495743
16144775 858736460
34247780 803716666
68219298 840366917
23688359 967070682
65965098 630170170
112473485 878225954
6093469 899912336
39399322 653266038
119550891 617721697
13617711 616748271
105337466 844418165
16090145 798975144
112586902 641680489
84460808 773473435
69454930 936397286
88492136 700490129
85864740 851995941
41396490 453810164
83554231 951260806
350700 963124667
41888184 896959291
231221238 588992530
56325403 874239764
908513 905360128
15525114 813008763
112799468 692449783
104172661 707738324
118739384 996146741
48131005 601324217
13593133 746300222
55592344 891106155
74139854 704276072
113511901 647455568
88667949 728075149
104359941 745820387
857145548 914390493
67837124 801585047
63424005 706073607
73179887 617335985
279851192 485923728
70676741 750801790
518236486 613248265
44484373 731249374
1199171 763334682
368279382 925131665
108069716 708669639
18708749 606270553
59509083 707174126
135533248 554718405
30156831 645099610
523836956 937233954
35734079 895853420
14719575 678454451
70669321 739876303
115000916 837620346
63421142 693164727
9406835 704112097
35639297 686608555
117263622 989708270
108413941 867720588
106034181 910589379
114143375 916653608
35511375 637217615
57353094 483271004
109029785 872470708
70997602 648890862
40607291 687977241
126706884 738500088
53291443 923557499
14484125 858198946
122240889 609652764
91157692 751485294
637077069 782889071
76801636 970432743
40228029 626372712
98570080 822214410
22104576 847088820
388367343 865723910
68188968 744992409
84848011 676643874
116561581 942833744
75140273 696474605
53796732 701935357
794432200 988102260
39349752 887879420
92849428 161975325
119148995 623736009
56385498 864436428
67613862 966202732
29041828 717273894
579137262 781808190
68949285 722545254
120239263 615343936
113941524 811582103
56212320 794104910
90205091 666176165
12921427 834619966
634591106 793243065
340438358 471905699
53718484 689851988
117936235 618207161
101153936 664577565
642324576 888162240
31728422 845242511
33231618 900533548
547249954 591994959
108340356 935497121
330544525 940763450
23499565 651779544
41323981 839072628
60639069 688114211
11269334 767306620
34406518 920510949
759463 808811679
27673178 50309518
32277316 665543670
919458139 987395289
64329273 803624215
245948661 976861114
23093336 891452108
59301729 813188838
37690787 616144671
205394777 497511067
80892798 974714285
16348334 752883166
44656145 605964885
98832984 727340616
123460825 932199517
98353323 901951991
6632590 979456932
42032141 983838279
444621020 656780013
107998171 906174178
215111771 762396651
53581835 819815903
23843674 982532044
54151290 746445523
57377127 429506390
63062810 761965999
347308179 636407549
54988823 398920900
11057018 851646954
94878161 691872889
71755319 993579269
91036515 833717908
733069574 825359988
18026333 814979181
47131290 989092935
55732496 801707233
58538811 759291539
221801161 675436144
103452450 699238968
11603890 834154059
85715932 754264733
89680543 714629298
302137674 862603713
62403876 765394533
54442223 912687467
55730096 620821173
71605821 793620545
114754756 934829310
488721222 949765822
13307970 880269711
103120824 764269246
170747103 312269847
5464094 885987783
103013643 726671042
119225829 880647803
106161523 652156664
298132459 401006001
101167837 695656506
96520246 731624757
36914323 983115387
6536142 668817580
80536577 970186425
41119384 631573515
88318300 641041423
38722406 655963250
748463 823189568
307279434 309563877
16432356 882855208
106791822 933336759
52872374 885758567
71345218 723177776
117189165 754628455
111196176 734975326
27047754 636978540
36192810 762348088
5016607 996587130
54504821 692572789
53774052 775325332
828596858 929207893
103645717 373944833
43031512 47570386
361667354 561445472
590117449 996852551
80127433 919235779
4276812 798281297
37209554 898868679
27322169 837010486
69495639 764912819
42696273 659093745
53285380 636241356
748382940 904323618
107508349 767770272
69295163 761052911
122031693 828286979
451800012 982532281
269900090 620213252
387983524 736337291
85111173 983718633
46537093 993137363
48557720 674637609
58923837 874858528
208204236 242951811
588342348 697809349
99553879 737270802
117643991 644923822
534165097 539290193
24809654 839729889
53772081 728829499
10097357 745876759
37494928 964014721
48660989 977872119
66229322 825213638
22049112 638148766
109056915 868159659
648500211 823111302
59239269 633813559
17498836 880519666
10018502 703448046
688258 737590117
67132284 729693460
104600946 829436196
53498100 855337036
94434451 672351007
48224161 752488621
80515317 654369055
65127573 399566322
4571294 67084679
107030413 949551842
5764161 906052436
105689936 207398675
88802499 787130446
30660090 852621551
800132257 862549839
98294110 705375366
59415432 720996059
39123036 511617213
69508930 761105699
4396452 797954847
503469722 741059363
9274717 665218232
113127916 791898769
2267280 766157760
63589598 646765709
67770898 847801255
65356911 919922284
54425843 867940688
117057803 869025318
98274304 896669533
462629996 783272116
186933453 408902850
18326855 671590511
127310013 783691317
2041272 832592261
119990403 618863500
3682870 689940700
23244212 680931802
32537063 721343924
77939980 615375838
6657701 632212439
55365770 900421341
166453777 478911914
92308181 770952986
87513584 111278310
121260046 739516589
109250927 791805868
41717745 979235113
28989263 869212951
4966685 666759934
263619512 794692568
118519771 782602831
90637196 655625813
12943516 609955612
501754867 596621113
363705522 581854665
244919755 315785333
73162920 658734002
88195018 965084802
25437829 764686875
44637365 46942660
82815651 780192399
28084246 700093941
31616239 845235511
61050180 763456767
349741295 409069938
109897405 758936147
32138088 562633701
41019809 867179693
99795893 789829583
40233506 800232141
110244655 318913867
7191328 888196785
68910428 854460020
541955282 903919553
5407664 856159559
41654366 826814779
24204166 771231938
117109237 697243836
113719078 917987377
25260802 820732082
65922732 987394256
83664728 873095468
114132937 703266864
97769576 848590991
90029401 751318766
25725003 714720312
32151494 648495166
63728950 732894456
5645566 875819718
8518431 902558351
28466166 705526441
56344658 796250769
76211130 266135486
83018945 965155996
88249352 870459517
5857265 878660544
777076525 946622969
83323467 773705771
4565406 81038813
109841104 947422685
29509456 806950738
30216559 917492776
62825474 838089120
30787557 926357352
120949142 889501034
122768403 961185005
30168579 889278606
77771176 817483820
16782735 976480762
90727728 890585595
64225380 765388016
21778193 804385378
39858591 960400178
59629514 967363380
41743640 807992403
61096509 806574974
34796379 656491088
353839287 635488286
102059719 734121002
26005591 675364154
19648882 980245218
64031137 897863939
260883243 726433811
69289471 742328102
107795502 879448676
37656919 263453934
326010038 351222150
70998100 691872484
464607883 791527505
113391018 627055968
6827506 681485979
16939594 904040601
50190997 784109139
77663624 694594537
76142369 689440787
68141726 640452089
79238692 751799795
1536484 937095461
80019804 701276015
31501760 772259142
94944563 931315923
88081953 113023447
55953585 834295387
120939042 961601923
5607305 957029275
102734278 944650366
29017111 803566033
102866087 833882550
117406012 616200144
119944999 909216309
220321812 728017838
101656100 978366880
64725525 858449575
102940558 809089372
81600934 574631522
48656549 834145398
70535399 363746401
11004478 838615100
31259544 714398321
69297998 160590826
72586208 999772492
61682026 788873160
401997071 850081945
534714933 995699293
113508599 916768665
11732364 687900191
30858897 605809626
103540576 813808999
708526087 822271649
82483181 695306037
85516060 687520832
501329830 977023489
174070407 852112971
60893805 966772592
119369309 957560014
9027286 729062491
30568166 790803288
16128913 854095609
121351947 931547720
592024237 595647855
41200045 781638433
591596986 667101718
77931380 875987512
84832280 663999315
45464805 770644856
282754412 739002701
94433610 759257040
488654570 512942758
43345060 630720365
115971882 814779006
122363605 664576916
53624957 887683740
65468993 163586982
37936613 911609053
104861473 880159670
43278780 970054992
6513786 702720596
37751845 843836400
79975289 997888976
9010685 724289282
60626743 889078808
98578337 973870183
8994947 656686689
40092668 817336010
101674199 699676290
67797208 950055874
31041478 872832173
698272171 775209152
106867874 712354532
489065170 957310264
12324316 386685877
32760930 855983847
23670616 812005674
59739108 992358209
46014184 636912857
763232086 958269643
895677544 973071025
121251225 749855064
101396895 813525543
64614313 122042870
29950012 731338836
219167001 463302499
5862519 744375561
44451898 694266580
100746048 712422667
76347765 687024853
95314224 776668233
13580600 720695729
99553849 772926086
56804496 321610244
78379539 965262640
96090976 769937648
110806288 608773913
46884836 776270529
103226641 748811298
94833753 624876296
311301852 775142119
58310958 242586077
42939811 986074662
36688780 810944895
46932245 831201395
67351858 882672423
92278235 816943862
699962179 952175081
333746460 689880487
63505609 914210330
170006059 588421576
393790456 652438245
70873747 126440825
63722797 629819806
474428423 925152222
14584344 812780612
39297355 936529694
114796398 941457875
64234459 853776019
37919414 969981272
77818381 933502137
246450458 655076170
109412887 652603185
49881707 778423128
342352 809832794
418863219 454391154
150762821 547654914
122557747 779425104
40650806 926686810
416945453 651524795
99547354 980584210
26466423 800953743
88077378 970265448
109743076 697106156
101295823 668869819
77492075 850154025
68787737 773136362
34470589 983738598
499902060 866328692
435299562 578124899
2713239 925061266
94631390 729350791
512766 742370579
73197418 850154404
48728137 665716238
62128636 765149603
95895378 617088917
121397334 373635106
515744681 694205709
91981284 369481064
161241760 203148340
24892795 977354497
93645650 976095573
89339152 879496939
19913807 916303639
44247703 652440910
25317724 897468704
112028978 945117007
30135557 782029415
45034584 676198379
61749773 996369609
15106601 176402974
50235647 856428031
21794933 694928506
120222098 987502984
24447925 632801212
4122845 990261228
6813374 931121925
445561000 516863515
35927629 696986435
65600743 936191361
39734790 618249088
93098399 916694197
94243213 983830790
106181401 873331458
35361198 607938969
123296225 738396098
864024 696873758
86933164 803827974
105742917 826539262
82269071 671685358
15388713 801574993
103287450 674691742
312072094 334713236
34574320 813670283
33295388 907274289
75496561 906356800
99595017 809634513
74729584 817934267
119578836 644409415
22381285 822920418
393177832 581446854
106203573 855260124
71236721 876745122
50557274 629111700
68374335 979817027
373340383 791678825
36339844 861573719
77441922 771500911
115678930 858949317
430608156 978474243
69790057 920462291
45502826 683756429
100836876 468867205
75626748 698590202
279515544 902653497
341391992 779013309
60605070 948734726
438054882 686278579
55763206 861319474
106745566 893081706
54784591 905072188
122265741 701442448
96528255 838553535
81292245 900181899
107196390 638328226
19522333 814301952
119614192 778733591
71428982 745534993
41928518 917835863
63277034 996144158
115372577 659944098
121218883 616412818
77080227 826856261
70505357 831669960
23307953 852933271
93116138 805398816
576503731 927153191
33857992 45170172
69522229 733640969
391670372 399457214
57372381 879945743
659615285 740956879
679046283 954578655
73224692 263388252
19830980 672356985
607573282 700229861
29268923 849773379
117797271 722418824
104778493 807807650
88100998 824113537
318210444 786987637
716080693 740962889
76990325 870843754
162323635 822505325
116546773 643563228
31012481 813241179
108713399 811318716
209131793 722170098
52370932 723030660
83169839 668581534
63916090 794661133
109290253 886723480
12031370 983694573
41147926 976423462
92849050 973255157
64172568 670359820
38232852 674647454
44120979 783975024
44148919 934870182
98511258 942222519
107008716 914126717
46250913 462680957
112379662 748459115
68785767 718209854
9216738 459541523
55011014 638841933
40581022 59009610
56406391 942220300
28123835 864778554
686985085 889703691
108396963 823442695
50205740 781781651
89383639 992587865
13916723 813021399
69701926 845006037
68233198 717507975
89060423 800769100
4890012 711288749
861180586 938085070
63540807 697758637
119314031 766993358
56352286 616533370
198826667 644703379
29968902 994917992
33448851 718008342
222901589 587492861
55313626 585663078
53091538 982056869
85032896 755671558
90858107 624874802
238882447 407495522
474819 710298857
11698978 833051502
118019155 279297338
30483037 874393566
26929182 750600922
108901790 638048964
28103372 980320015
222083011 958449721
53247864 991259715
77063676 249017526
105777463 742839069
71275632 620031594
13996310 725494706
308407229 653550515
78394265 891833159
40281216 943798576
97011530 773862489
135517194 866764564
49282719 947269703
95328912 683433277
79506511 835400164
86084587 800793720
23776239 969344507
2755881 878478589
184692360 865129068
28671542 974625776
115864394 938546072
25134826 312842972
70709405 808029600
119002645 965084231
97369987 926234146
33232987 797593394
126969276 471660729
2980711 737956961
16632394 747917082
77598334 699232478
2879062 656884245
804809 986377359
12109525 429964852
18201390 960490005
56103061 676560036
6661941 780244342
118271518 876392612
692406336 991150138
445946805 551164757
19443511 942003463
111315036 564366199
80542943 642447760
86028249 684170465
21603126 781832609
78975253 879090255
291267847 335363516
45915494 905672175
72080706 682824061
79141368 882451409
214021638 548127890
121295652 731539632
101401546 735429318
43881410 797572092
128903065 185546946
87618765 952940493
10996510 935582868
552683529 638183703
45455158 740243184
94795322 727598790
80630403 236707013
122431782 712152304
58106405 913894865
75063617 616895347
18765768 983436035
202754595 288981673
101381028 704884643
112424481 930796126
48107570 766097948
108266983 665572049
98843305 726369973
64774944 807405638
24118250 937169004
14161367 771840887
62035445 630924640
110131362 858235472
62514893 721443277
120424918 617713713
73341202 788099598
73074407 860748594
29398067 705818080
20005755 193474474
115567293 833820102
1233434 921230859
18064209 987120055
54569478 693246558
119163490 896243057
60881102 686253680
112337629 942492001
58071052 700515833
89363882 606550839
87266109 793093710
53977730 947798726
123071291 867177078
43425048 707407439
69035126 762638115
190548337 586198502
110479237 718009322
69626677 924156648
137883953 455499622
54991481 652223637
79665222 951319495
113917958 981984121
67365413 892324190
34281675 994673059
69240960 900858406
96028097 799977430
458448631 619513056
39429467 820754115
31547497 858054507
85593704 880402533
30128248 623470573
76800195 858381695
53488330 927972075
88645060 710879458
23032851 780614111
89766677 613328987
77147988 682561019
99093444 656216653
122152779 694069575
45438910 910289385
37549317 849711697
108444230 660364873
15508073 856872071
860052499 861346487
123469243 793422595
121499620 806697974
110153199 453860615
39556811 874194340
10284913 870142513
48248965 655356938
94239048 720858772
43783319 832897562
67284021 742373749
732742750 925861644
1312335 851284877
30363858 765949034
55721313 824629378
111020846 801352509
92256636 963729645
97334096 787740020
108965159 773226864
82268714 994130045
25857129 774284194
130852181 182035361
97966966 989576945
387568787 698118642
21354126 957687089
91873575 615191767
93298773 644940074
79772146 806204143
118659027 998934893
62865005 685697702
45688110 649201841
71736757 654017023
15693245 694981869
45066198 952285839
13272630 895788927
85732344 715293370
44178578 767430824
21420808 690601735
20629181 967586945
102049964 749582244
91405565 852701740
74846550 868938831
16837174 671710931
103899912 921324279
83522081 847380189
113211709 704097612
4985482 691828198
77233379 83756901
29315530 630178472
9639587 727212565
70216969 833127686
82961888 654670784
184505862 227347618
772206833 986032657
91287693 786887073
17673319 629801931
583269462 584834609
31062978 736942346
509243598 640973092
977728 933001174
95396067 961842382
761717695 837974076
377985501 892042477
9401345 767792119
25831659 858336958
142210601 854955051
115495057 890259539
58417408 980290013
22260133 634571741
24946023 193120485
72445601 781270529
67903504 639317108
18603795 687642276
336572242 856051857
96270620 711117703
18635237 391727485
108256238 730999364
33949350 842198884
89590399 937820450
67954992 844684873
73904513 855127651
114746043 809584514
536995 891855813
652518852 851672122
770102754 936730519
14566259 919898086
608335161 714801045
20783332 759181910
60775892 660946588
62651711 873672680
23665344 882451962
35550580 580998537
123548173 905519083
92086345 840752481
104222508 887552330
101679560 723729020
288141359 465080471
60231373 654126666
407191315 988754533
93950255 951715447
46350294 755559825
92382251 872960622
11463032 669088212
133240118 634169540
106284295 965350961
957727309 994083638
25340650 887347208
67299914 948992257
58078768 843011571
133788900 164363062
40639533 880978998
158269183 469871138
582111881 582997465
9509366 694923142
61245736 698190281
680276164 690988493
938000426 999153559
113264259 769383588
12205418 653499207
19915533 878465815
368645895 768914141
48609727 653115279
97603607 686762102
23522547 857736542
649073619 779971570
68950998 646306376
117031875 948065406
25560667 992503678
71424391 840390095
788455500 948777251
75594460 665856186
95140474 575085100
92751766 848638027
72596377 902252977
88179604 760329202
50799514 629635880
8886362 804757196
110431521 956181915
18491316 615156741
81101684 991828444
77486646 895708514
326916010 455087109
446915553 855355152
70274470 818396292
102959415 810780812
52921302 902094209
103523714 788113141
475278694 545733021
18184565 648213857
494748878 847664965
111474021 285787474
30482130 919371851
45544808 714867240
35615815 983255905
358319760 572866898
82447578 870428233
21959080 821967784
101039519 866969884
67468837 959454361
83803685 776716769
550937477 873559516
9046479 979253687
165084935 839496677
93441271 949345796
433649753 556269238
751525840 795566421
57894506 683457147
870559489 959048555
15744105 950475469
13360556 942926512
70920841 629270789
29381783 752558827
51169324 882581979
31465356 811452580
86256824 166246193
20920266 909318306
304941201 323707471
147387050 886758449
52108824 745446945
748135025 990881999
41695954 783638594
84070242 953747434
80845405 870238953
296820272 376528590
378922649 480089618
54818798 517476167
30433078 918037093
119298492 885126702
159904994 870741019
18925160 865218435
68482292 850865175
92818714 601139319
15570527 559539290
4234931 745459570
106513054 451383772
330114702 673313711
60336288 613375119
103603972 883091061
43874582 690449439
115386905 824605515
14681825 361920866
80458221 775577467
40155749 649920516
630400833 955630762
76255729 524009140
70912555 634524410
41082680 935174367
89125877 661535558
38204033 756239484
72203750 715755283
88090788 941555899
107149707 916348348
15058277 952787418
53825775 745718164
48219832 720498701
104344059 833411473
73129164 755121274
441049098 519290499
123172227 701734099
69431023 881673085
41970445 912942795
99733038 932543214
215076953 468897135
93489234 809999571
92344139 859500352
112479318 770805840
655937501 859471434
58130567 640686198
42454928 842538273
103764481 287624043
115408437 912049117
89358821 721384505
122888530 851087788
87893042 926716639
80336013 891283154
21412776 820062693
4470672 863700446
88780393 673156184
84540546 637649962
86591874 706042037
64977515 907862036
43636346 711291091
11271843 955466172
91101615 877855034
397377557 981013086
121559948 865642854
277542364 659737642
23713270 928719514
92488013 790222092
25664107 772160117
88958818 928121668
93691485 628543688
564104398 655008321
346466002 602228940
120535359 816111165
104699359 993213733
63723410 808396315
59679501 726097517
379816520 851472453
70997036 624965864
65651896 933733929
79339376 816148857
122264536 181309215
104497983 853604474
98680589 687929825
54647505 644766653
88302190 739537383
121487014 842887709
62656380 742031219
85736287 966267825
86488411 681709619
17739629 712749964
18060283 655872953
100830498 121634031
551767102 936009968
33799058 766565917
116222863 888356806
98817996 947902503
79442081 746122389
825462430 947518688
81210658 887912029
184157565 338430718
13900629 910168241
32630604 928991613
57550593 702533410
16884811 914349516
16017795 843499866
44887120 974524333
55912670 941981938
477306398 630196889
104675282 714563259
75209058 625088277
592036881 819349585
106171910 952654848
115603576 984909490
14738466 858569407
32594284 886897102
37944689 640430611
112564253 989054340
11743868 637879486
120822237 851915125
30157333 869481436
48262047 66794499
39060821 957030885
40768292 748972604
100089826 821111483
876684437 983384509
108860137 622613690
113396470 957584592
38677223 645931770
121061811 868537845
22902298 659682745
7858015 972154405
29756735 838042438
65371690 786952085
51233065 966567962
2750285 793940551
208988601 941345768
1379408 908826169
436515894 713175624
10680776 627467213
39694933 804055161
104681195 690978249
13665487 637951689
29448643 632634583
89726091 676364669
45433541 641715747
71472598 947642292
354228397 831617466
93643846 733373169
190186423 866994725
115410323 997749944
52573228 698209701
21438446 901900981
70866430 651937518
105786339 794858624
222039554 758705626
112457694 768081166
115811877 972289495
192633124 660429667
109838278 736086841
24638328 258826866
66602262 859215668
36864731 671722826
382709880 815580836
29509289 614802997
80165027 645892811
190754200 728652702
168798766 884974169
120332506 789498977
8338134 863955045
57510539 845331152
103635490 965176708
106817796 948762401
55457296 789166359
177198639 195738289
32361767 789658187
62294266 734683335
524555732 933099259
233910426 809991739
165336688 347310951
116760642 620986584
19542283 654883244
75330437 954582829
140229847 737174451
122368676 659678670
57225774 638110261
74337486 869250353
108840431 850076738
43580294 802741058
79117580 959809818
163163471 841236402
93219423 812574762
24966116 711247797
14407088 716036484
342481974 454110059
37158886 612030495
90234909 797541252
34676642 702827417
31430358 790876437
12144196 730393197
20113186 733183393
130918821 169111659
108972441 778739110
620790271 809802621
136185595 689749504
8902157 722959479
96196950 856738779
17763686 807798363
77036591 972331138
286054283 624432075
50015849 980673664
78407956 941110963
649761833 656841982
55187124 318178034
256066204 480214645
20037271 858326928
33507559 750950819
114008479 844605412
64442429 617604036
98065215 840472769
67249215 867613275
261924848 416952656
613153738 853157719
28282347 861212606
7329429 771855900
95921649 781049324
56581915 722746589
61412289 918114089
1175428 998085497
65652433 724032128
64892432 742890384
46407591 937274740
1625219 784042655
105121598 940137294
5340438 717296116
31347599 658584671
55893290 819378901
58808534 631752591
64730035 652189397
112823195 497918124
431579956 735038967
133243586 345879120
242221149 534980125
71266619 699101791
44980910 429526683
549700421 645898073
62589116 958772529
19347417 542831538
69574542 845892401
94720450 702695966
24258618 617108995
105075058 792151499
71994859 784993433
74717517 869184208
420184070 432112318
121540143 771864172
37472335 982497634
19913864 695886062
104311871 684261955
38235129 725974379
55427499 844868959
60685979 668856950
467720636 590747854
56234508 655540129
144009063 342096827
10931587 881473709
73448600 674902314
73841515 665192781
97200407 987966578
17807817 812756762
35937797 943623796
192930474 932199529
48009727 939602583
7529712 324436314
117846561 929196313
29882627 742552163
107361370 874052543
93173993 957745936
15564362 974413284
24806819 683434103
53651560 865504125
15528260 877548174
109377526 907304020
123260815 299541938
32134846 847974257
52139310 870209672
86323900 348749485
21630413 694884745
36966865 197764384
37091727 668352885
76195298 958794588
90880309 871319851
87654066 759698407
113140180 787246545
14827145 975874539
78633026 859974424
67947532 964813827
15025534 758892956
576223134 652604986
135451460 970638357
543716925 652788901
50420616 693826241
516681435 725840392
31543519 868052848
98854471 800324924
255591755 996041904
109672965 983906623
86472403 943643985
56816111 994425587
60955077 767642214
123157598 658446967
31274982 680158172
479531707 968544902
103995567 810319099
79377311 641460447
98732098 820225689
310439453 549018617
49862354 855632295
111134609 883951133
42681483 732344796
63612780 751660292
38826135 686664565
122473741 926982287
95533781 670387749
125303119 280174987
9378208 646355573
128175818 741268064
35879370 874373421
83928165 774149864
6233912 736098166
9799649 673999265
62356390 804151779
43053917 935304211
98621641 619836374
84910900 913723871
161058009 814466341
433861242 774719323
54127808 875475494
13100190 995262735
82884257 639127839
54001429 927135326
138970716 385172281
82509718 641681884
108278675 688941956
180586146 706926637
88997462 880002065
79803870 744348652
13302351 989516865
71194217 708883484
92869224 974265986
73586311 703826544
17676669 822906384
13921628 886425314
127790251 909234030
39379454 760688049
515495717 734410353
118365083 240868733
16198625 608270255
371260683 615251682
69315940 806439397
765782589 835123300
104199866 617234292
94844379 872223420
91770826 811386507
12264853 670979838
29596667 665183967
9603015 892081355
175445729 327413241
73438481 674073158
87372320 793217639
79553214 634022891
6402253 152991694
105257045 875821216
312465945 601108419
24779464 946122379
138751742 341322244
18625628 878476841
297365995 952530182
61664413 821540283
97818243 672036808
59874522 882735806
61122759 763995418
806329130 825481795
12905459 867170704
55883297 958852068
101000471 985663905
150195339 850751332
26413610 872011889
105092281 694389356
467052892 500173930
29250291 31063136
392784549 661500691
511734870 777770449
31551808 861313490
87005416 989160440
85251726 940155968
478304447 947583783
69874524 898021975
223609843 411640749
847439090 889458475
10574451 937126928
355551501 684421325
108843095 613378736
113647021 789017585
45325808 812675962
18863126 658919293
32361221 942865344
88792025 984257955
6390691 831589545
160656104 393514572
84949275 695066909
60539896 839466325
30335477 931456830
15397327 677187430
92510524 775447838
96569186 934139885
305535583 652666988
42019620 650748199
108626909 721901008
101297493 876938601
66641995 634414177
19866863 720545277
78308358 801270551
90451901 749347905
121438406 702838794
78033294 684245872
73879285 964430849
86934320 685443752
7713930 747962119
49163538 801174970
45945914 843568283
497259605 959116218
35426378 978319926
459902515 532685982
462176783 735883985
33614379 854586761
107579083 728278352
44818301 775889020
85749481 714523423
108733342 646269059
92358683 981324897
47257457 669610230
235787236 325874478
34835726 815500905
393791368 651945267
36233332 965562526
75830027 810501551
72744717 643787995
34759777 878131946
49232175 704353828
95648466 781078575
180392709 836366453
102325223 683637201
86640023 825462428
376092799 443518029
16018362 757699002
435677781 598712936
398692765 419784952
73422251 906631478
68934464 565217176
40127561 611110310
30895262 254486582
17898754 789066513
312800396 688931102
121826006 649993839
84591724 889425138
101716498 764507484
303194236 340141779
53726662 621978525
40263416 56560765
63649972 754004472
2499707 889858606
14750443 923656676
23090715 970809320
71473826 741568513
75062126 910622727
100570173 621383575
117094411 714878863
38424869 714818262
88044075 695353418
142462766 283813916
29340534 900520333
105725226 877297240
20018598 836142867
111604781 719787702
78572009 993461666
83572903 982880641
26207631 703389293
236303268 329901406
19451216 766154626
110147086 801873955
110387555 684399716
69833400 919040138
412086459 664588306
70312061 860376225
121815368 662013116
435504369 709512833
197255534 773461984
110329541 834829293
41048534 766070926
20236898 946919855
600319210 643180236
2661946 780577212
28505956 994100517
92836797 957558469
6090635 712920704
98681735 673924380
5300363 731263516
777501898 931002754
13199641 734279165
100399965 806619777
33902323 895628757
110653394 956285106
322572226 887645774
94737893 876086677
2964069 559225483
7790288 915830002
16976086 814623525
109906032 755321291
80531202 749696840
80209796 748113917
68051871 938465953
93636454 700230982
60122531 666090586
36769460 983304176
117739149 931800702
774271 825969026
85000180 645718748
15274587 497601405
52258735 748262683
50271487 725337046
70616645 928763553
81663142 703311107
38455399 74757166
92986002 738249679
93511983 617091403
171257638 347723680
38606458 872472665
115360936 696165921
5092836 714512163
121555227 996018771
116040422 665927134
61257118 259541482
47980803 989080445
67048942 974219007
110536427 716790468
593348 797894146
61954520 629577543
45890368 785198162
668635751 914562384
104906608 737607876
107735215 914699001
46304607 854484026
50271177 865181331
85917955 777288973
121790241 817185274
32462395 809045244
63613325 644259869
17923455 488482178
4081883 859313007
560556332 996270902
38181539 682346573
21368802 902324787
17755201 682572092
47807567 656183225
114552221 735301374
267160496 602934332
79592196 698285339
16005013 833019154
85333038 935093314
111660331 990642974
101571995 891436462
109130254 667419335
110678713 748918034
588791935 714759235
56213269 863894523
18195755 740295804
283866867 612083640
95423868 613522446
139209057 318491252
340832802 770431266
513863737 571252969
92998552 777473384
43292064 649862456
10508858 819187323
88229409 698091408
60263981 468380852
612983768 743980222
110072892 697940846
40994310 686928022
120746898 687533222
16345269 966410966
56235687 937377246
41336853 932256086
17570540 825659531
29647263 845923679
10459989 903851480
60698881 614154142
62535746 991847212
64461682 836016706
930100654 977676915
52269723 998822998
37835408 758618020
94276081 974934033
99869374 942006094
66452529 642195801
316825951 422031911
5326426 682153031
137276 722026383
75681205 627125665
114689443 823156926
65749443 782526447
52986939 138120844
104872771 625560545
26289898 876059090
88778566 678639786
35624946 743850643
81917004 811381298
47965137 667677942
36939651 739076628
21234668 794961126
467081072 878725196
574190652 669405960
104455206 805289159
5709269 392816161
164534001 164972744
598291853 784722875
16404695 703418575
5017329 312566018
671873481 802316324
471722283 814149081
101983696 762161184
110347368 862573751
461708304 759954995
119945242 937359810
323723368 671965447
56554273 973978211
17679776 767168227
96193442 957316312
38698524 823895257
66796526 916514676
69637809 708516205
170873657 252417801
37374162 944692614
70578642 843602942
88757924 823976536
195002512 465193441
73745460 959005955
57351010 739361440
41789583 938408615
37432010 863158788
81275300 931858581
56980510 688031341
33784868 979822278
117253542 942186197
261246750 377947770
330648807 693015559
90227751 992436648
110538946 909790910
96807782 639126075
35770654 835609236
18125295 618413282
88469712 871258323
58052920 857649119
71571355 771829650
120587198 626363886
3828666 819549091
69581576 837429611
88819303 964775440
17696412 828159588
39005562 875413891
50812060 757435635
389205007 667810606
104281014 368631563
76960747 676705311
100800702 775845681
31246503 248268271
107215536 868846369
95918479 860288854
38240573 964040248
380253795 713840454
33293504 773857412
7572167 719567375
97666414 549812822
67384310 896568334
119158934 974921785
231804988 430908408
8120959 880708037
25184088 871638623
7333487 978766921
48030603 822021013
57879065 873409039
104153472 630170108
375038328 724811444
813580674 909870166
38189340 811119640
293806099 748452989
682151888 958505780
341124888 615069926
121905104 861667479
25408752 718330071
39600565 448374153
24294629 686468653
55087365 796242303
103394162 942790914
25801587 726148070
67524884 816497410
148348628 437017910
36628368 917880019
516307383 745969547
66036354 772183917
9387755 310331553
184409138 826841753
5629180 979468028
113650296 735956036
46638086 642962321
132254962 497832400
745748931 961337606
66924334 774102953
235547354 914611644
108332776 908057662
20260430 929688651
116973138 456673221
59425498 621996574
73384170 956280207
118348110 658681151
93249900 915629776
188233213 211598009
426827278 888192540
109750958 657194344
40667238 639830292
2305320 632751360
17205978 840143724
363698816 544536331
17618626 625872405
104911187 663225712
118753451 610663181
170016130 195185377
513777095 753065872
213683092 992319765
61220688 614528404
110637938 777260693
47408627 290546877
59879845 872630196
424810968 698943787
39565740 625050384
730991 981695754
55424367 810346531
16530700 802042755
70501232 863343983
55224170 693454061
91187725 888110580
122704913 715306086
109621855 643897522
66944913 629134196
118781272 660804211
27773880 584038044
124442491 218354434
76289697 994398500
107357271 963934069
104613895 679335974
96046839 900096420
103472578 810165110
50563736 710379229
1535759 834296784
92290805 942182394
2123038 764719026
266546173 787717181
54030001 826712454
191828918 739966049
48784019 941673695
116680917 700628698
53899223 801218121
52238647 879856931
23480788 997255993
31711273 771276093
64165685 795022862
138492641 378977789
25487629 685005879
30769671 639410102
95681378 676159467
17157980 795531965
357345668 731040792
239785994 903812814
845587946 969992804
30220368 750288125
34082284 815989401
7893521 719838088
35647917 739086763
33769868 754983864
332496904 863777520
14171459 729745737
54389976 785434862
63796967 773959826
33045554 791545214
100802060 641227791
565373186 751741519
90011522 637636511
37318193 868083838
70966222 301705852
164032279 209895407
30552844 784567475
106159153 954035417
76496831 974559548
93181731 950765897
60852030 907631313
16357637 956779526
777082565 797233354
38871156 913638687
98138833 970786786
119572676 829720804
97054515 609761603
117954680 745073477
64346354 767957613
91535709 668075487
3642914 948643806
92109328 642186037
80490975 728594476
154597 638292235
11259185 702494293
72676295 917645926
43510713 808930115
94101325 694069190
102326349 933489574
71991222 796672010
7416950 863335136
85615362 836831671
111063228 700710801
89800260 127189658
70802973 123140376
24137068 979151531
687090 951001483
66415409 872080379
76140410 639059794
20826540 881679053
34295309 765318116
80785866 788390616
101671063 920677235
482871311 714218730
95979580 833291018
93884651 927466518
58003061 692336879
91867288 937160714
82514566 650621426
79800707 618979910
671190986 734706073
2774153 704211274
54842383 795885086
58584708 899617249
81829169 829919560
207286454 640559237
87922087 918043918
53138002 875003585
121165974 711847364
92748549 994454497
104892102 690851106
54459978 688253286
94843583 972352024
51624959 545686897
93626186 302798308
361961893 986622628
47873917 799507839
188250362 842553543
589136641 709580156
19383774 753640263
98887868 634978998
340753485 616383273
566785636 737885316
85304359 628313118
121466242 852117038
9045278 721643294
110234954 842178707
266544997 344005344
2267 697921573
106291010 636257028
15752302 903693096
43410945 657267958
114385226 876328641
43492257 815624431
120262202 810801355
105278024 924249395
13623869 779200755
70012239 195889513
15640113 671839442
43303276 62912510
7255312 781468991
83386831 770351774
102667721 989715601
3236258 626201839
67841962 705785536
112187845 930864614
8627430 813862994
143556616 739084994
64806582 711751202
488823934 846672130
42429874 914170664
62617122 821810232
43963387 787197425
442900260 840899511
79701238 848832708
95177073 757383649
118354214 828139576
38753448 289689514
35496840 629713608
121270266 717259057
580780528 843803797
68697063 809411518
119393863 632388010
108633776 858101947
112695705 876316337
58941867 644640930
99645924 844647623
101219961 993185937
3737608 670980225
44186729 602458935
65834069 706711028
65593754 995092810
90643332 885164232
498623310 983670886
97325065 834601170
42806996 692667574
96718213 922910673
34911440 744646238
59193347 623309516
10618515 729378295
357260898 643948965
325707819 876518315
75429101 903795631
29725254 770953409
121044303 786942169
57859024 709920000
26009028 963804709
100473427 911710518
94778828 660752902
25886176 688869506
198595281 534510458
61451390 928553604
35614305 792880019
111959705 937717799
46735091 757559387
110503681 770745459
11842516 684843285
46657765 811907953
112145424 982641909
118684270 794339390
38969922 759765899
49831732 837857110
239594212 479752133
22521826 811924574
43676834 633347505
471586137 818185896
109707781 756234040
92423491 952531764
121596289 758730210
33859369 715805829
98833908 929776713
77831118 624916513
26067483 929633201
237400968 514518253
58263766 608172960
118653781 997901311
116062610 239373832
86107755 801506554
113432214 693375714
828838579 933930638
72683673 953388566
72155403 769610746
27293191 735294780
6694116 992178375
6867530 849029841
119138840 823256006
115863601 647701660
710421 917495008
122770352 805810170
188467599 821119539
11874910 853418234
89384671 915195980
21561900 904513594
5474772 701708013
93674531 791550637
91590146 784820276
6119828 912891985
15995798 954149031
67381463 766859896
95815968 948639969
241539302 700325450
94823993 796503087
60722737 951065602
50616933 846277575
63140985 982017313
45312385 715126063
81191267 757631214
97619579 959358072
97535706 830943201
57954859 666314043
37751326 675257556
111919627 948222536
94195178 955715499
97703895 868111667
1119498 612639700
48432202 993319627
37463429 978836592
14748654 909863971
25112460 981116233
50392992 708265378
240437270 847199527
27018751 943195595
67962195 894498843
14270017 927822556
32799695 921234539
25479584 654563191
90040950 166754165
17146008 813533043
500088805 609062530
87434988 613537041
81385283 926002396
51494185 911084115
60308041 747526166
1172373 23743393
731938384 959972969
74633035 690948773
106891873 825399509
42366361 830001882
100375312 677702141
85426415 846455028
64120129 801106784
22746759 886633905
93990355 651941046
626206637 939017139
799830782 837814387
81618092 648113544
669614126 694560872
11443248 657797215
8687081 972417907
5618173 102677435
24992523 986311618
97614060 900496426
110009838 872412970
828795 609084614
114550468 778407392
2462135 732425974
20230474 936014984
65702835 639080188
78011912 789785631
31633836 828169146
104478885 969094671
861271244 873936338
485968204 627415937
394519708 517744286
58283294 966297246
29701459 875373513
590348495 750444566
116047623 643518948
67211575 926267600
120523870 886604065
52351389 983621342
111599244 953019710
39258595 967195972
200369115 624340028
362968335 493726983
40462914 944690504
368084524 562208663
119059065 829628178
89359988 870791999
417414367 618076437
31056738 814587693
379451181 844162998
55695565 901419446
83614084 612799305
110605775 813179489
16924361 855379729
96879641 183125051
426963076 437636596
25535429 793040945
168473326 434670852
25764305 897300268
74480270 673709834
113173809 688354983
36173510 771359480
198121948 880304929
24064435 867411191
94133591 842640953
20380619 680019618
35846388 638623650
117724365 815323656
14675133 900016754
12439041 727515262
33518757 663150624
51478757 818031458
5298100 860228774
107156855 808990492
200942394 816942541
94706243 495711058
13180922 799371165
58596489 808008914
64701291 625362252
591826927 624648263
133660899 317496253
91626006 627310491
60202310 907196806
24627439 646113367
49802419 691802580
63241375 74429857
112624419 762485252
120811350 767064562
66706235 804422063
88670151 976875216
53869909 736080401
51444305 633244631
534568960 591145471
55343432 853012082
60832698 686578755
14804651 797914491
48749120 888124860
38592205 618432433
41719249 843963246
510771564 742877043
73465222 800821962
71430676 270983370
28815187 723793110
82129824 853881871
4193876 970208796
16394752 662658575
14228458 630047556
82127841 674581627
108847048 947130235
101726117 625166959
119655537 941875392
64767923 712241593
325090717 971583930
116441814 990991544
38171142 672298431
40802308 862460203
34005020 801454514
360220237 457778845
79053621 924633862
21321544 804532774
79528019 670079582
227595525 444511907
101561032 295086056
19618317 656624611
186448843 950446794
76086486 825752968
110995721 949800582
101163286 751703977
60310255 791112488
92738794 713629237
58335643 753714106
78797259 653568948
6655564 849844618
93044202 696368986
91667273 969294197
32578181 749005243
261369885 654442810
71858846 992929121
80826995 888883032
43492588 687063717
7859883 819667247
119959156 989036154
68359294 904266209
85160493 798359003
76169903 871415184
103792069 736265306
31470376 41468913
107061521 828451248
51170762 852258612
22362311 725430528
30215856 875089552
80049614 788276635
95283176 759377450
57207732 745559179
104921425 998413889
70340578 627070917
31768370 863180498
61630616 613165604
33018349 752635903
64633547 569736967
88035257 734018898
54417584 640925658
43882662 765642024
103003029 981426032
41932040 614339482
7955552 703405602
91944142 808969593
93783516 786313654
2655744 629477884
111736853 769693297
104890240 623742903
54559800 902741961
492499963 642060205
172696449 635997961
4192047 154966376
81237268 709889625
29859748 802714044
63923477 596131742
107815598 606912938
45898942 981184114
304933406 796997058
83130811 530755568
65122386 786699603
320777971 362845657
302861743 428593568
34268530 811681233
859859337 892438251
54846637 905067644
44009592 892654461
30610287 735202013
55230314 995594352
458783370 919510891
9158612 698629867
71680133 842664141
113375582 739312555
64685827 886853619
291455718 465535668
85878917 849618199
223592391 413083170
195214508 913452441
88093790 885565920
110964150 658872396
46978610 950677867
58349000 836635138
111723658 651707227
2087545 459640727
34873195 886102503
335052742 464775124
98983887 927717035
14817272 362182664
306436167 566916945
309387098 702762681
4876202 487181673
19186474 695980942
109106608 831209726
99964886 870552032
99063012 629680715
113143600 381979868
202852522 983424894
83436690 976666843
54167963 891669841
50708542 667925292
12162170 663706936
109069865 615721216
44551666 691872748
32269736 972587527
194095637 896368151
8052280 609619748
108259316 803800897
49855862 803881701
458495610 726182407
730642735 759435572
181765592 288277214
61437669 913731181
101600224 782524353
56414447 988343544
117472601 686966415
25706433 895874359
37286640 955664229
89639980 978490406
100974670 738153836
32340434 660413203
107352145 775559284
28732587 789852253
13361118 655160246
28743090 666293131
6083578 850833045
265797908 753599523
49786652 990820251
37615995 710477423
8083619 775000506
8542574 860864797
83016352 918745308
311413090 978777652
26269424 608774660
89902025 640739881
152393172 573769835
56994268 998451328
14901635 972604564
394420266 800971264
265980284 431539971
36416670 670415755
108565213 882558608
76967118 819824177
47572145 612072872
317576884 463805452
8369397 761255484
106874146 811215900
17474385 863705260
110163584 671051128
51481912 568705199
97342179 935058822
201978714 322810715
478345562 762238744
72010036 865475321
434180519 923720975
693598768 889651894
21384250 662088783
87677850 962665115
92119805 642413174
190528662 955865808
52734415 804803456
109150712 775805402
79074740 819303997
91977962 886562037
118254646 984736009
210931980 690523436
44089885 609499029
104383790 820868516
730385793 822350824
225746451 414084656
75872415 827740799
28141025 562644130
30809198 752729734
116198770 916610212
177451368 826459400
83694449 944714550
5185296 745293813
423411560 839270153
54863771 755353683
27805909 882527993
72993793 569012552
68909294 850849800
6830179 708691251
471803314 928255824
89203081 891415470
121607591 643901853
107500097 745866013
24903831 678611803
1758885 994741184
113005223 660621310
661515 631780065
88269031 161467912
106191284 682795232
3469640 731493891
73219004 986588112
59333042 765615839
70772482 607723643
101767320 667984142
17579353 847803411
27494401 849192660
18881702 815451289
7955747 860865453
69084444 850410062
86062596 722527395
5624134 645785758
86932810 463649274
359425961 863703603
9460977 809748254
136126591 195583199
799809437 825794619
4522084 375723622
7630788 967256629
89791563 213877572
7010311 905498836
66571861 788342641
13202664 837421455
62451931 646224998
76495266 916368108
64823526 310645794
344131262 448058839
629165960 814419216
13345309 797344176
3848566 700523807
79275638 727862040
52134826 661982063
8674746 988810360
19857827 872137813
17325986 904647111
99368576 660579305
512647762 926073295
117879231 941715580
29969596 724899880
95279941 930128692
94225426 676416311
284109587 889732229
18775354 711060818
68724963 879070618
37792682 615262698
62709663 924904186
101932805 670444638
553938193 879648590
59881418 670849946
636650811 646606342
122977316 901870598
83054012 944846530
18019084 618948663
48832705 660022990
15480536 694579822
57619367 733759060
74029997 915657570
33256102 776765617
89369624 684464281
23144818 985198739
103454134 646455577
30973628 676283881
96745364 876906473
75263170 733949352
11900375 676563480
36503462 912548011
218281 705385549
37116036 628735191
114171989 555984726
72362385 921917495
94986185 743998876
21585949 858022217
102921684 741241041
789956044 864267755
118478767 905205053
89958236 787868536
188101401 732832322
106667509 744600662
113421630 825516929
77090788 977002853
37802867 763696186
26974099 745906493
416773849 447641294
12750098 719667005
64715767 818189136
78103048 831062072
101833087 733594815
417173238 588474813
92689341 506366884
118148283 943350036
80040550 814310100
376547704 937501896
14673509 819739070
101159121 614300871
19559577 750110761
121085440 775820538
118496465 699224659
818344889 962469594
18897199 646342399
123902451 767461744
9187534 744446493
90788629 631039123
334219023 730085831
36205035 797325335
360721045 577606517
29083035 730260724
118066013 617503481
78720859 224903304
98045256 952942051
64244726 967703092
46126271 912550436
348572121 676985383
26172848 720937240
121635370 656754880
35247195 684195193
52863992 686217339
780526994 914441033
463403793 815774188
115006188 864022888
254389977 271948629
740348119 908400333
121628009 682226866
39930877 766581788
111828066 875389077
70916369 907655096
14267414 652744063
84259459 846564445
7966680 990638506
24305217 816270693
114428678 636891708
96947271 759710752
21374412 623472925
96504479 713216008
641358376 685430132
107587093 772849630
22832389 822258026
444907656 916203904
12360653 752317618
61476880 834892012
33621951 735699108
113316248 814299717
33043372 923221863
752403914 911255463
119358014 728798394
12415938 860410837
16843472 644406859
47703554 862330581
91206892 610537031
7997732 751918327
16955494 929468291
35788701 660541206
77907074 788194158
110642228 715335777
101636497 869306669
117515970 928636223
112330173 862836745
453379465 532610569
101434410 495052437
114494651 959902898
39619192 752393219
60177017 901498485
26107089 786866045
133309954 147780478
105247268 958188213
40255574 968553228
62244426 972351797
115916931 855567343
70472903 626754936
86321476 745867309
187088733 921450407
26612237 814763644
32313221 630873010
36600773 664482963
30393167 830403890
118450292 891541047
491362002 775609994
39174818 726079806
56817955 840976545
250387019 309954920
99346342 792659330
690801120 997045725
14309537 319642472
10767986 783914625
9272553 926747315
295961679 870692535
675482956 899467056
103654493 691813540
79036060 913485785
32895359 669139154
835593557 881815392
111271415 936833907
549965352 895089796
66596192 808892899
89636810 650451303
32954451 708871367
240550924 795343862
65280986 830973422
19628676 611869497
500694527 708954315
71304603 950881308
40411360 610608845
91215332 664902630
66962433 812038783
49316677 644937299
21525005 775134560
94591384 895036014
10992224 820811730
81673246 800201342
475178454 550489259
28929809 589924548
63495863 705767899
655410383 661561482
29150870 592835388
122969117 699329428
58944827 788228280
57945850 903709075
455554854 538893711
102795851 607537603
34746939 887090337
485593234 856320580
139455648 452999818
29405491 719306462
28596475 933023678
104342724 872373614
88679302 117253546
57068377 890708572
111618728 834348886
89582887 950872203
116541367 328122733
38081567 609904050
70218344 935807516
35285544 511292285
109355462 728061225
67227502 833585338
99366758 931033479
36838659 711601716
869543376 876648064
105652194 824014135
361167889 444907317
4617669 801747305
37750726 843089728
11743191 75162464
76534365 894492421
3109363 770971089
83109521 714351042
51340047 612807298
36195066 824556743
88498472 742760534
34740111 696640742
123162378 814559704
48519504 962465691
44588130 910519881
81561479 615819522
25918088 692570849
30982381 760320599
40637745 661575876
52464894 762961826
878887121 893608003
58833745 373028404
28303298 631888921
5999230 222172739
53415875 694871243
13431138 792494635
64693907 675613270
71998512 956437012
73916704 776848452
86591434 885699368
13298712 730608297
69497924 672061853
21015146 917353600
26867323 732970439
92310897 820589407
56471739 859794261
236249497 678780771
103628536 952314313
96704566 781536240
96428654 973003391
77569283 650163881
1469601 923343641
782791083 986827912
74360990 739194302
6143075 800450421
58208665 951262877
205106250 493910393
56188941 675625241
22051985 857688790
66943344 665005124
123453419 784927919
48272467 629088922
290481132 473911802
91172645 878604988
11579373 882067272
1668965 915496901
97971504 875759979
362937093 619307427
36774355 698593681
108753368 346259488
53972254 785548120
810507729 962596490
55081155 819763039
119067343 906296066
61130001 808991718
668541810 882140241
29880922 659499014
291823770 532201136
142568158 710304917
95068523 904491439
119458547 784928152
65035957 669969556
108452449 922075050
82848964 661671781
42660380 672454806
34276512 643230787
97277748 902660196
15053271 635913293
51695622 922478661
22352473 966051395
28471885 798344273
120228784 761678046
642630174 824601281
109428438 883033286
36582460 640312605
119174318 917980190
229163698 520286913
13115869 704228859
866817207 922455259
21856636 703278316
19603307 612939185
54202029 822646582
2654585 729005019
507971023 536998789
101845392 963693109
55668488 709443675
42761854 329481059
73354587 903320614
84995757 757291514
117476118 826939625
529796065 697192335
110315404 974927062
7895937 586582551
259045461 293107917
909014825 986712180
653566560 983303115
70051597 824690999
35296751 860587980
115072577 927695769
4286170 798991104
63511557 895301885
22204094 964496679
119214843 725779120
100590333 103585999
96599334 763079965
9072870 707978883
111676705 931901471
108332014 901369595
48940716 704700144
74715048 730890886
125084541 712885463
585684381 980313638
108840501 710850169
826029608 955318787
69047333 890143886
39098151 680431730
39307293 608065921
32122928 749695977
48488303 958305352
81282514 858855487
48555737 723794910
60835994 821030050
198422291 800442780
100606262 765139363
59677083 433545544
84391019 803548610
112330258 743288159
60971835 246850261
28031038 739283826
54531539 931232626
26210993 711860244
61688168 784100153
77072244 116219706
87869113 978816327
21136953 828759326
118477938 951752240
100732781 686705381
75888205 944113666
59944360 622946374
40746274 622351847
122122839 765339268
80976936 620435293
67332924 685949573
50150500 970863232
17639774 683673652
109434575 686244809
120278573 965228897
38827656 678571216
115580616 696745312
89540177 859272781
535738570 947706723
13366070 854989224
262370594 317257864
11203783 326666112
108181151 814085164
41487591 924385455
85362843 817189369
122038304 729838865
95037380 608539151
286624481 443080885
99664434 692928311
76063328 702129341
123002296 822658305
485182829 552146248
232049180 651612858
84541667 758086463
281295590 872207569
14422101 948535979
523694423 642452306
447553771 774285402
125546150 903832920
346851420 627254703
96856953 905166737
42753381 913208691
93475228 858541669
261599114 985784496
60505319 606578282
96450886 655146942
2193410 907401168
19702077 825540559
730852222 939959614
49620663 899628679
135513519 262286176
73845253 98098685
33589984 967232230
93345036 672348219
611573888 987063213
52602796 743261140
107665333 937242890
47271640 682588196
111385838 801284522
176112205 255149529
21014156 665159308
54164726 874985348
11001434 634106067
65653613 926594022
55011137 982040540
792240802 864160061
532644762 649081085
106582783 988363021
375358397 542101032
41625762 695675254
68719534 861343108
88935803 643069747
176304957 502609664
111243817 867898721
2391994 877975307
60162446 749559327
210813657 559516303
77759045 978439672
79746621 587576665
910767744 948946274
85411640 977271532
108698298 993204842
