244 11
49 169
15 89
143 297
95 135
25 105
135 195
81 160
174 229
113 241
71 83
48 99
98 196
2 276
83 111
132 196
76 192
26 209
128 133
86 159
134 288
100 116
185 222
170 261
4 139
150 164
17 270
13 243
35 275
147 300
69 246
49 200
24 195
23 36
11 88
108 131
33 274
61 153
87 180
8 233
148 299
133 251
135 230
126 245
92 256
37 52
55 190
132 214
98 235
35 258
264 277
11 230
37 107
118 177
1 112
1 245
160 244
88 297
137 239
5 189
2 266
207 223
214 257
193 263
61 82
75 296
21 38
63 74
55 261
127 296
258 260
101 250
6 243
213 241
111 150
42 237
197 241
7 154
274 290
116 259
248 262
56 248
1 105
21 163
6 62
99 202
55 157
107 255
16 262
3 6
27 215
156 267
70 76
151 168
29 205
77 135
148 296
184 202
1 283
197 221
16 183
149 229
79 219
46 117
68 126
73 196
12 284
31 222
61 84
17 72
72 187
55 105
1 5
73 190
10 251
99 214
20 205
176 253
212 276
132 245
9 75
32 99
6 131
64 77
8 282
1 273
163 290
222 261
161 254
146 274
142 272
32 201
5 84
174 246
22 36
115 208
186 267
35 151
24 191
261 278
59 121
232 257
146 184
208 293
154 155
137 240
5 160
130 275
5 26
55 248
60 261
38 116
172 219
61 146
133 145
81 203
67 135
31 260
57 99
28 182
40 174
6 268
14 237
9 288
30 230
27 90
134 140
41 69
22 81
50 207
286 289
41 220
8 291
57 141
131 149
111 225
17 227
102 228
31 143
148 175
48 142
133 234
248 263
82 209
124 253
127 137
68 172
1 220
71 280
181 191
24 191
59 246
191 262
65 92
216 257
98 287
143 220
18 98
143 198
40 218
177 290
3 204
121 242
246 270
145 277
53 284
151 284
192 220
45 166
55 223
119 242
183 263
198 295
147 214
129 168
199 267
56 148
189 283
162 276
73 192
224 296
146 265
217 226
81 130
22 124
201 288
264 278
3 220
235 237
52 132
149 170
93 146
53 71
151 196
72 179
208 213
201 240
149 252
132 142
45 179
19 195
66 145
227 276
132 140
176 280
