1985 1112
96675545 982673934
295835661 984246949
179367973 927198002
637129869 990190794
233655073 989110752
135404040 957092270
364122107 999244484
93062427 802853678
425087818 822400081
313615457 919390291
48917760 966668391
454702867 937599172
1114119 973936225
42997909 880934432
163148264 435220795
9031767 484141004
43658454 694285187
193075613 872177355
50060848 837755264
333315047 994528650
29538559 844667184
298233481 844609898
478990728 935904988
25784618 878450218
108554280 949442519
627594451 655497418
386463987 712397817
365224445 929736330
228000352 860185017
258018429 963101434
94986047 820823797
12965802 207911418
456459428 967370323
464389596 760470349
212857382 332422774
225926783 825777276
230822378 933055066
117994191 996563851
613085925 906342936
665817270 786007917
127366113 842015312
209453398 875554204
640552389 656184478
421438179 862457581
265351357 975649373
467214222 918779943
142593973 874330960
559278051 875108833
438689236 810519110
61765156 872650985
1772005 913327718
46826332 859995225
128914058 662906554
305155998 804315584
45358470 629033902
314078210 997407128
142005697 858881580
68426450 791963076
189985789 382504659
377559916 987205455
32286356 825719551
385081065 918273905
84730050 912964512
76244797 997710558
260743143 942334112
144136386 992461066
363280289 946693745
44294711 433966310
278943727 429169560
307566039 994420950
492887644 772493105
145471515 813371641
288433236 916445782
213084435 851018658
93276387 822664527
474371169 821423384
117455104 907200129
635419826 903059864
335915123 882166495
365327097 731978761
179724570 963506572
469686389 955928702
192600406 687529838
131903149 518632956
35556035 381709066
161530106 838640118
56199604 891098084
104307549 846709822
261314952 991025642
261647825 880171767
802636939 881710719
116402546 928799350
22752995 813945951
261355519 838957745
2955884 458041166
279461579 855723987
8549077 803998694
393424177 855333235
935952315 985255869
369801941 900291336
643100318 824690947
450251106 867000594
449479207 712098592
523149210 869730041
413427325 468433879
698325199 910235737
112236577 193352031
485451457 792740789
502832525 530358570
736041150 966415189
279555711 787883257
73098170 705960151
177806080 998728457
474321820 533154956
57458004 850330820
217950486 559223871
98598664 291582717
187607054 485770277
65246505 848367702
489899946 952647751
221976517 909583617
249612992 822499260
24278341 471408038
481839337 971353211
43531320 918290484
233399036 793782065
380390637 806405947
116607773 992453654
452134190 855369703
419408892 933973527
412884987 876322009
302324176 374639966
268063612 866195046
595033407 891987968
465689698 952259259
249871141 563513007
20598284 865046677
286479432 507204736
456995809 812179282
703399197 714694931
142029880 878603996
93345970 843930980
291149957 575596647
180080668 963545290
279505402 977419507
98931388 225712708
86129192 739788230
555849872 694453265
492484811 894319918
110490114 998344364
636029531 673461037
222657783 918360445
376018317 871423146
35944989 941077837
420103301 979188297
304657854 979895724
29638137 821884650
159743513 926867123
209697604 543136813
206316548 912998440
75084729 964769902
482949915 890967169
264909812 913232687
186325236 716665213
216126462 833537802
108423601 376577560
172139653 996409437
263725618 897359659
12848840 872135620
539302450 889264867
485067387 973852657
471632653 894693379
96804949 990605190
867507986 928571792
115169568 847478985
471211168 826047284
564547145 775857590
459705262 832467066
380025144 984935496
123218937 878681565
448570391 812173379
488781858 794286484
460140225 796848507
140466882 796963933
61372969 61563459
298339434 909174818
457324749 870495287
395354367 979039151
456499430 857056691
788166528 830710255
208686525 896383382
132677621 922240859
467257941 673658848
30265592 591789697
250876360 936788043
241074809 921917680
100427052 588112570
494399216 606101781
191969936 819798184
309478418 915862686
490821569 903871567
123839271 467377310
235882475 931259851
199955102 969845959
315002664 942664622
148228815 864676701
471781009 932647033
534028361 923624062
718805035 813739596
382398881 862810464
250389460 945690814
346784845 827443621
817391077 951568707
474721868 854618140
56212661 876355854
108832922 847271476
57885317 234392493
756398449 847849159
22411747 928305181
13095699 327087972
115262222 378257536
578288267 890718349
227653695 515647052
219993736 872853995
195474130 985486542
22050781 333274849
27874675 853658060
240458976 764344966
36999369 789900960
247205446 361057597
287005759 864504530
267824632 540878399
28039433 654939364
641797923 949098240
95264591 844681455
50464673 665943532
356687851 899635648
31799289 874495920
93815918 939276293
405045872 678584824
256224457 843188143
331774068 979081015
336593341 429040333
143235481 851193054
419086086 872647528
25130220 68915663
992362 933987535
838034394 880943223
12593151 838340502
138452150 835958454
170007379 263743756
299168845 989673052
566368623 626861062
34536909 60687248
224868461 524517601
852532686 871483834
127862280 813072319
292449732 882985260
459950853 517318192
267769665 956649657
137038953 652220043
617288291 949976150
73801553 237777068
91792282 889486668
368113602 831157449
8261673 993122695
33917892 129348775
167296964 651433037
47841971 962509199
667344637 801928319
17031257 788416516
11773119 957862491
312326717 810268675
272206067 966586028
110329526 906820194
148867095 824954045
18694879 23842784
204162293 452482447
493450577 836687979
210602070 859176346
322294158 875497221
15452121 960256942
391782710 909822287
810490193 926038413
184948902 804081954
49024359 418013969
34314521 858673912
338567069 931664361
30559911 953487008
8738765 64874431
106239713 997966719
95264123 950195871
411727789 955038690
268945984 438841153
21958423 987028866
588188011 681980354
252422678 902595887
232130711 816654263
110230697 766077570
109669274 876193539
16685304 991344703
24139809 722439488
529970345 742715918
571109630 579246737
182842586 985829508
118375123 391997704
36975105 872808620
67127471 979797188
188353198 994830116
81587454 862553704
855347386 890586002
278696887 877081677
106644156 700046458
390593401 961991541
443148811 889236415
93324404 341490543
357891046 814334471
464896181 760659848
334509547 966998654
358796968 794141990
107218170 823693148
133738447 818435101
26661679 897621401
7623128 917848677
884847330 919040071
12097317 872442092
790290768 801153210
174177547 817450484
193246274 816984666
45174823 810681524
57001653 497456985
374485897 974728254
20179140 535914410
128980062 596719517
266686353 902686513
481359089 873407386
40633403 908136358
207609118 676997681
259751555 968674091
616248078 743277145
24176283 176008420
465484522 910434771
204563974 945515135
479154262 924315855
31350532 975946875
311374239 993732639
154801194 994428432
239747469 946674290
112216773 943069922
29503361 864775030
109781019 809815271
451657918 978903873
412220291 864807307
205396798 879821336
167855108 941286343
140168756 902215241
213592021 939170930
23618315 970399400
72115705 962455255
150846112 658406189
144372336 901491789
1112209 816772805
99740219 849116078
114899862 990008388
86637293 841874577
28185320 338076793
77676337 862762646
183974866 988178875
217605749 823787213
35170522 127134253
308604810 720320374
171047901 202662953
42933233 868795400
430533339 973125922
584074397 681676136
142133464 986862244
156264037 988759903
405712262 571548808
349205766 949540186
194492511 982452219
589886597 929944765
381944660 555697553
39608045 44771293
306611581 823203533
28483049 899014610
415748864 876335343
160654159 969584462
333366693 985711836
104137191 954649628
163024098 976185235
617393430 672232769
707759290 801357093
209059850 621149344
410359652 910420366
353367382 838573711
492447155 592149241
128549218 989302343
581451583 664338623
282337660 798769452
128531340 729435754
272282176 709982922
246290728 299818256
206975802 991597800
454077714 960778246
50946718 721783070
562177185 868650599
8495716 844514844
426466949 792218577
272519469 364561716
393307492 788019003
651622510 932774488
230834661 688495360
50888954 980669250
340427182 979462655
125842773 991241155
31814982 974932726
377847542 951689158
20052640 402402074
4338178 893574187
206565849 919166150
411087983 839580595
217484979 628352727
216760 859928842
189821174 203390235
25975541 828176912
144669332 896022077
286314232 992224124
86499807 999580322
129547707 276320980
257134255 855565481
405657214 963326988
752011297 918919308
199144859 856220102
463671714 807428504
83277138 905849554
464643267 896661308
345793833 361912618
134702520 788330168
419927917 924105015
479267224 799981364
282720481 912256818
82934649 832186491
516327016 756049915
48634545 864592603
54531900 94353893
87525690 665740390
124559895 984435365
168697356 827184113
438800362 856239155
833341612 886255698
72547943 142869766
472929635 957936276
23616212 983795559
107789648 962912196
182081006 989215983
128105339 823751091
316280537 390588785
202163752 806603683
621960022 716633154
101479052 959448158
672128670 794686590
527391654 543187640
111666970 596756442
122652750 916300662
105440007 177332853
129444144 932112450
319925764 994167064
15123161 883070917
266151462 978051475
362197872 942443402
185565718 818281797
53526576 74625832
303335871 593406572
255794877 930810197
1482170 911335667
89347369 907525097
394067141 808772983
129023529 809912889
582426216 961891853
270275185 887557128
444623394 912821199
444907242 868972457
634310007 864659078
128310718 918930076
620494559 854670932
138545266 814870732
135701018 908038346
154662116 979243863
208223380 909061362
18037592 707086409
322818174 905108598
426054356 913743798
36409599 871698352
310567309 946313502
133590849 795189839
380355423 548656690
326339298 864933134
187443684 835249820
666532023 826213414
509241835 976707921
33017210 637938024
97187161 536634897
11184211 953092850
80129526 960024221
364861658 866824433
83300944 836376832
346166117 942237113
189580815 281983412
631130297 861777730
99525179 847984312
91557062 992015011
675571738 845207734
321536155 836163671
358726457 421061333
218215034 896786536
232325542 907473350
391415320 888205844
112415180 889824131
28587103 420213948
323798054 818775435
639262679 866345323
184517204 908642813
81371834 449252190
229925183 849164242
377231061 675510354
234304006 909947771
165530160 544531283
157225698 907638427
264239600 776401961
167881879 996300669
51218524 152548090
193357256 836103169
66687203 899927716
174606194 931325072
54123730 930607594
329688917 803433608
216814518 356811462
248257291 310861559
206553876 814169890
555541486 715366222
276879812 609665215
207071977 794822340
537933084 646863359
85574099 557954560
435895158 981139730
236547548 447491826
481734159 962297870
235607693 880709289
3203336 558941726
317041109 789181931
32797708 613224570
63352010 920861426
7574152 810949760
189415523 630175254
198751015 742873391
608290016 793628575
733230163 943062743
240260473 299087599
110037359 823624631
906684088 908004847
167032382 945686564
478725298 721145345
325895709 929311922
370027789 915301479
306155112 829494861
375235528 797986541
479997754 943028603
917380838 985906934
351861262 844622561
409541693 824497962
211955255 809181201
226703257 963526985
356643743 986087477
134933962 259579190
341800159 964936109
276053498 999010033
52811775 131155312
301758319 895924346
271786431 602175109
450092852 866486246
80132390 920783760
460418477 802185061
131399001 914086253
8621060 64047742
687386364 948312869
178527327 499374610
40061229 865960551
332263189 919517189
224980115 801402791
455838412 856088038
55987521 774016944
118151969 918949660
388911076 957615932
491846265 808583796
115658933 825301232
270139919 979337837
337344199 419282924
114730640 813872270
196860330 659674661
325283150 954953495
459924058 871851020
5580187 869423854
361023770 992069374
353123452 777798797
816979253 910224805
349191933 495691056
295306077 337161252
162820257 970528713
215717426 794223934
311972252 942683485
351063112 887476650
179070869 852135286
28655925 818402842
408523505 540251233
18951629 84313003
396224226 846358765
341172249 559537305
91602246 830794763
241085681 983420775
213045375 942468480
446479334 863173430
37498807 889128130
60335665 790752932
99398827 806968990
421766236 479048361
33235303 971252147
295132647 467319023
210343957 355468312
128484091 870175414
19200170 91588749
88225227 969816389
418403523 938927962
113189411 834554991
119948903 851051927
657008136 725683092
508540396 895189160
16555241 481005651
59025475 958267621
49025216 57061361
85572820 911042184
325156805 811789876
403394556 962288921
581995257 853566197
216930082 848625391
203063465 989909897
193302917 771536643
94491966 565332484
268853247 893795165
421004881 637523687
285337909 851051804
732809570 801419291
46037293 998547831
187744552 832640301
71672774 86461136
772544480 823694257
77022306 853885293
15662503 975575950
273079825 832027153
199605934 852759010
176863813 345220579
815590895 987550916
126139351 985768234
705044017 803265405
421041980 967509744
135523717 836922956
23974582 790217958
23279676 826340342
124559643 483631027
320648724 968075639
302691600 795228277
472754244 806191683
394280162 526019630
600042858 761790121
29247147 519219576
492639913 862759031
344332981 549140783
106989713 892553687
374275916 980098113
32538596 951864982
44950163 905060051
212072139 941646589
52498246 581406746
137953157 851048309
128302307 929919147
433978681 838547338
398544310 932741391
112628222 213185421
269076241 775260759
287229534 908643521
43066388 793666419
363223890 920469329
374403119 484816482
145988099 997613311
390588098 902126157
349019085 592065220
62146383 833646172
208539806 263681819
245688674 833874599
311863147 857848800
367009810 868874851
132107428 815483999
284655885 885361663
52081616 801393798
157287544 874843849
46985087 75157014
290624883 422833774
212552645 427797119
160711788 734263465
439745931 797897842
27179376 879578082
112140285 897563164
325360282 687343405
763989098 855064799
121342377 813131841
440393212 835266870
200501048 909832745
623950670 921130510
194441221 318442906
388803162 416931072
473829733 847694915
492732499 894613059
29696055 451923153
384972536 629966961
10549612 900873145
31008194 890994560
281792791 889095442
138684631 932568127
833441271 944682612
43011933 894433161
204995771 924717438
44596593 996943665
459447155 469000144
435287339 479250917
218805109 933379184
444791104 565433691
177460005 932408400
69041999 948618738
215315663 827049481
136990592 644326231
60740376 856732903
285055560 957569058
310592558 926306660
312111157 909273326
205391305 206992004
391560893 876339739
344212806 926051580
653106964 883892795
65248351 833455525
289908672 378384724
75089238 992671188
220570112 919798060
405520162 788474895
268454458 842815215
173652788 945983635
31173869 893123753
397937207 941255238
46585060 894001624
43693744 719385841
163729727 846138478
17526975 920279248
216681943 737884128
362949119 961035065
307063409 846375266
430361612 626143499
291143315 824169617
32506221 170180128
825243869 873397332
31815184 82946366
50536938 950322104
39358867 225250807
477200387 914207258
235620660 792516978
68635095 821925659
19711865 984261208
98303810 875476125
418070554 863906242
440865113 967883564
702713661 940854072
158189938 725424512
79741816 557356150
788111139 974462544
108944569 234799346
478482858 927162064
307913808 390607145
576936258 819094159
224914400 739161984
233954944 835997318
247519657 958274706
83115885 872639441
463754223 896876744
92230605 887697720
326567236 934851158
746926965 767871212
240646563 939107638
115641924 618750317
126074401 914864344
253002495 812926001
294087364 983285446
461449120 962592848
57532919 819962249
168987551 523184320
80225015 872836300
126001432 815220948
43076818 115095473
351291188 941096960
732199 950647371
3507926 911385138
481073989 794135908
365689007 875454846
59090500 940051475
286247993 831359341
376601140 811263941
90611803 873496866
413102730 944521870
60677331 952187740
127961368 138883484
311625425 827876910
201727735 399383189
78778013 88161191
443413994 708629979
162435953 644216306
442777267 997204236
399137120 933700816
724282427 742372522
385822455 949804963
239488061 851860055
296821941 901126680
295017130 909380656
270026332 961526483
64877759 977206829
171233259 931688766
307893644 867002694
94388299 963750216
103366467 384390836
55952307 750153135
70766034 676977773
524029702 859492681
248586708 888782058
447031672 840038602
140880859 951005126
736871604 862273658
361293552 929120181
559149811 926753668
141302262 858697834
262242914 862542119
651836758 999114518
281327927 820465270
434383405 927442853
174391590 863223875
15169172 816892913
36726364 825391127
18005481 859213798
624138760 788821639
329778734 792650134
61602294 143934172
39227584 662974669
178033419 886330290
140874443 874625497
411265148 891934264
53441286 965489854
193879630 350569516
95020131 984743976
124927986 969125241
135357619 948239928
366416783 917054146
193866706 863165925
11617483 978883568
456646058 847393006
287614218 893097864
68261025 799819965
187405243 913754711
294057204 788593354
113585932 787925390
380587787 600897675
811355314 902945770
164682229 842971378
267421476 335348653
7267572 792009305
80718108 320317964
63826250 285665177
29801729 952971654
384326691 838538208
409750288 437823864
6944647 968644128
662711965 975832072
348410259 511004805
206667226 872589232
167333891 543435629
338786630 858834082
58277262 888840040
854765710 964094036
578011732 825865643
221817624 800344267
41222882 139965929
115190709 434169015
175525406 994388404
506298481 909365402
230465050 791737229
337085721 956440838
138783214 894040014
57005150 807444325
227337217 959456209
322569639 790498558
910429144 915368539
28077332 801637325
2519426 876945840
487852201 960680308
434779325 572371149
271522905 853874067
119767471 953679356
176359191 765240060
210774071 955506308
273725879 815862089
57715124 913510200
129144747 799757903
334742583 819394309
209464086 874706466
166672276 189160395
197679735 454707561
98739022 980449007
317867557 822542247
308999246 919241041
31343379 506678981
299118069 845078452
203070033 330461447
204273784 282051338
79854599 890278204
370266785 949538505
24073480 630394697
122600539 390630112
128186218 983707112
15225325 946147238
429058287 927248057
584003880 743452623
107802582 978057652
268303259 978857518
251000619 807818940
136435783 804087164
544919852 571446729
351211137 823552734
146687949 787731368
195946897 898134766
82664119 981734506
442293932 966077945
53524409 172349473
123217313 145531911
467848575 833034694
286346269 762658859
402720571 849004673
177046421 770451853
75063616 215378968
354787967 815230481
295551847 945152999
72549703 839496494
569533587 730290470
262123697 836940913
441976018 790131393
109109170 645984198
24417960 531159108
368100020 914716916
184352719 620516456
353947592 975022814
304461445 364239623
305614460 849409945
436492239 994677040
22743573 945628102
149679921 348467302
668796484 880223900
355333589 957589993
687819154 736692234
254420158 837389038
198962331 890120554
315729998 323249574
411962524 854036688
242693308 943928824
179441752 966560254
123429248 834407137
243749103 860298602
276292299 876036975
224262526 716044333
367150902 468011628
428859286 848091972
69275850 999957638
269748948 914134113
273391678 862831368
6517106 946927680
336003355 761695632
31650663 459999681
160608005 464612475
312983937 914108664
2281379 800348011
120200282 846411502
460623485 523675742
68499288 950872442
413962421 798330350
110846383 241707032
13609637 846773599
120880822 866569345
254241724 678313252
404570695 877467920
787762232 981726022
386200248 789204934
391635314 658952496
165959720 865671567
118231319 769185354
257424469 723607941
405507456 854436079
107763199 895889342
230271415 550977237
329250724 947889770
225496382 827642564
117737390 618698256
69932771 997375165
442269209 844382356
1095406 950041887
331194728 834326466
1260916 994888268
400065497 802031537
126283258 853898729
343071289 873273055
245447653 978948243
425562085 883465051
412165356 862890049
47784857 459596930
203854800 945361423
414347466 990789906
86342536 789194737
35562137 989609388
526951819 651614454
460475981 861381858
392098221 672591123
409844096 892100260
5641133 397917591
400128237 940093136
10167305 904913326
130232383 944603662
47091528 965405024
346935294 663857502
53120858 99421878
395071816 737776899
60772710 854844655
426264470 891416365
76836357 854790760
458456676 803781298
16591340 985679944
158979401 960336836
419962294 710899194
18063414 359428754
51636213 973586554
393143217 836378756
209122787 851599892
32688083 926067309
466967308 923243004
321375704 886929602
246358355 303953502
37161293 975022971
125465298 186845291
10546807 288838497
259094988 888354355
70550865 726062295
583882037 711866602
454725761 507268796
180987726 899055131
83207712 191534532
187893627 555302492
389557974 977416291
60085353 513648725
341344148 923244450
212508429 262417629
13989112 902814582
310633425 974588660
126136429 895495187
441774140 563683467
390788478 981709656
31848082 291774251
391647849 916580711
607864291 761672469
451282481 885608591
852748004 971414327
504697038 719584339
258543897 682707382
98907200 936625280
651459157 958118674
397439034 894699513
344623829 954009986
489233719 972666333
109235818 806558479
393937806 923705446
205055819 682875282
261902121 913552297
150539234 954690112
34717408 923930922
468490907 974867857
119837093 862687674
25744447 913979257
464962769 853041196
121032973 959053155
61393028 963700873
215002706 242416165
147211817 169270494
18988156 823626670
291067042 919825678
81991969 570226951
47874125 980856471
334860695 928664189
353293250 865928581
221877296 847070405
1619132 529958634
292658397 737993557
104188193 134433890
319287738 798019170
335499727 525097339
252343977 790300822
277172626 946065678
270965171 929060039
359392207 807883585
222296242 768081720
316782113 829039793
481617228 839604390
189375821 875983752
218513769 413311774
436594146 883937349
373596104 664897819
295644476 307190694
487752895 927347284
76417281 969370122
619468025 780023164
46106855 568221564
208270279 888366728
412506745 827738304
146617671 818362013
482439324 710561801
35271850 566205168
291956734 942147696
262516975 440036258
105887627 880064027
674728074 920130590
480328264 790366505
107518253 904942118
177243786 902258914
478040100 858483846
38489251 967572853
297917105 998929623
34361400 631692853
124480536 632033609
663957323 905707054
333345673 853546215
141656387 467420466
414990398 996284454
913565768 986460942
412150086 884947043
182361213 584411111
270766097 979244112
85374932 953312266
648307707 949705362
272936727 831371937
361623045 719822329
11941567 800209091
375770562 537380279
69879144 989489170
95601551 885514856
155265673 635598748
118908260 918453936
192604835 893089727
272693465 972121378
379989006 802854168
407680254 845471398
115360444 798814870
253814861 995860352
332092742 842781483
398116079 863526859
859955641 896131513
93841465 116417029
4608811 944957560
45908061 876590056
68747298 995577043
687627793 731162904
81919243 85743872
447206115 941874883
520723267 896181790
165937340 797008513
180918788 521360393
528632862 964102821
524051130 901452646
370257170 375276455
14159666 995480069
386282720 846698598
192432101 855487716
114631867 876524133
49639814 823805818
225947241 832677831
702084808 802901027
411827112 855053802
382492158 864140075
198840377 947857983
178804008 832109897
397798159 971029138
704516094 898662159
485207754 834155351
459855016 805172204
355462591 486367960
182106405 961411982
434177077 840582371
159917919 856652883
329052 955459110
299545450 854878500
473710521 930232957
27360401 803727337
110738212 985597059
38756622 718653331
430327998 915217209
304404244 827097884
204717925 666764858
577328511 647062846
209187685 677739122
101539008 964539078
633777877 686187365
382204025 910183021
234705439 996890263
138986422 451128349
357145316 894337815
117998345 311200675
38549423 983072062
386406969 833358133
70294648 837477839
549807590 984702406
158016043 859180408
28335900 820227546
45361237 932604960
300440519 431768205
423778077 839424117
263039843 969460830
695784781 914420832
380054979 938159267
401388986 872168236
23470341 866412285
44572473 933293708
4025748 424627451
304159943 921279958
122568798 654553828
151664020 940154151
222275121 999358527
100958372 727499397
790712221 791423800
9038266 798569755
714532204 892544312
370282752 805135684
182912709 823392748
387701364 891200965
563663325 712376629
153468779 629240069
118601384 869267997
51253121 936231072
459056631 986767167
475231853 911875229
454671666 832696660
861836159 929903518
122684234 986755186
499700996 628528911
469820644 919015949
358433691 453528791
366892631 965718106
60948554 674080648
421196447 953514958
257450778 801621624
82289739 262573051
412725586 930453818
584591793 735180388
166744790 519397883
673612956 931077298
379345669 870558346
393251061 728961640
431946875 804725631
276397504 799795501
147402107 842270963
105658638 928561585
128910754 782496492
439738474 831964270
213169481 863731418
402069737 828473093
270215124 988979409
114807362 825781889
402353389 407062187
123309956 257845545
74853730 699469655
93677637 932580853
450728446 861792438
143778620 842496980
317268685 872856463
297894160 790611229
102299004 974543316
489896002 877115326
570644885 768478096
259035493 862602136
79130972 798475835
37205291 879219843
132567322 808601315
79274696 936498961
99985517 900368180
584855683 648595921
156382435 643514739
185648343 863462646
480512578 989513250
128216059 565804791
688557844 704296512
231914574 847433546
230554342 788932777
99692133 911341663
125230701 925575083
364060101 951798058
252123095 922475005
364223877 936182212
167871794 859527629
424646237 889115511
14953415 788706337
310989602 368729144
223680898 968128170
336026342 440421126
675212011 791476269
126730496 986201612
275930646 840588964
207749142 446991414
86526069 334479637
493773561 835023685
482841451 855590659
342925180 939691838
48423542 975585569
65757874 934895041
78412223 469886205
262094395 971556299
383554488 985492655
220740701 972447202
800549123 918026237
37610926 872165755
326181891 445291261
493136276 619835406
413990995 969412505
291815061 691063678
510521985 830799752
385000407 583779037
328478182 828202569
103171460 507176424
126010182 448824088
285989249 811102880
241584292 801125553
46931031 856968323
190033209 840788267
105250758 502541070
113703144 991211268
385862233 822698778
141327900 859021594
861138487 944050541
112891056 802529884
1474834 924499032
232271460 916586656
729101405 763759006
476130353 891228222
76796550 819258217
378187706 866005535
121406679 436135569
329198703 478994206
69833894 977813657
175584209 840854971
133030022 615478762
879869046 952325038
264024131 991934901
52072930 805821363
186049626 973189999
311850402 940546088
29605282 323953092
92157098 881626886
10410646 909944651
132921172 907727537
41055736 922739959
30895315 423548499
120156665 536397005
241352486 452961259
12578115 639139989
59171274 859379543
84176255 360271946
105690793 981496437
61491638 960988801
150257652 643621352
13970976 955511156
175900279 959692701
60844912 403727561
165695907 856178624
263659057 825785377
376214262 789375171
300996118 918201925
135305342 831343755
682156862 763757260
472327713 964135279
413391406 996863853
48297285 907696063
141498296 950129942
80453367 407406054
457540619 554584012
763527597 868725842
128471874 988029213
230917523 824397232
133752233 906737535
157771740 278721389
20353648 822233557
237081818 317503500
269872783 823897884
295068870 979680251
45376024 848546295
764774897 921995781
250169908 458294878
610801172 736508226
95716543 633999047
377445933 962138760
343165190 956119445
73048887 850424357
610648665 952923526
349386526 804166873
193667465 902068787
427916988 941524291
294373938 894813236
4619508 429402755
16091667 947264401
214127123 472504072
339750084 843572475
396266922 894820512
195931358 841309938
522997977 851333739
354728036 880268605
146618436 866971578
54874460 856780320
235934685 987648311
295777954 989101665
383335936 900369216
68280060 753969505
65404845 179737432
455379761 983007832
86478602 860640974
476607918 899139503
125801546 975666305
582152161 899489591
227017501 994394595
251933355 404729412
125513350 478268743
192536487 803572348
130763982 788370601
240415019 835629711
150733190 995277610
303484717 877650586
388242207 959921546
56152464 977916917
196318844 990870488
266659134 486320644
235172532 902250580
54402682 143841348
886489731 966930048
13757700 401061979
471735393 860778224
615545155 654525628
68325029 883927140
458625193 934599081
186881176 903712610
274470824 982670822
243320207 986944011
493919436 808872384
274226057 825313882
319714131 841200908
470015684 652940722
148338692 865419839
100638158 801208035
267157601 980926943
214188952 805310120
468834314 985625890
136254851 884447632
429352715 892426721
383160368 607460736
150850375 442166035
43266352 810133410
113906238 957998288
104693872 799032742
63078631 906992102
121351232 600040710
226914506 812808113
39554653 979565874
284913706 894951331
223124779 827716178
322976911 874849722
167374130 892276338
264765339 945189157
221568120 789074945
797040062 990432931
341428703 992100017
268481790 925118082
94644740 910426832
249725187 811328696
244696034 974841533
460020795 954280346
144659305 422409262
62653544 487731739
483810165 881510187
14534102 937929231
470621582 920419087
241301660 925240310
314557075 828621702
173409181 810700849
4053047 917963362
253793240 899165698
194997085 929330008
560491619 770390501
390844541 909334352
19732810 905366654
457734568 696907970
90846948 553352169
92661728 454902937
174789916 884761586
75062888 955670811
28383878 821016357
52773537 897040942
17565187 352243999
141534373 857443341
338947255 789871025
100468028 404510449
128124774 906748348
416781522 867597547
436232873 977023983
177282927 814700747
53363019 882152705
107614158 899171523
415864765 902835571
613582249 976691504
48265334 489712154
21889370 875240606
267820668 385026992
451853169 825573164
413036608 855858375
58479560 819024903
332255202 804148607
45080198 689510200
366862242 829532875
645894892 772850537
425074327 704374451
444391791 876474153
72875880 644130401
620145252 920078255
68796163 994823852
73419195 279515439
52223089 909873060
614383463 644102631
69425820 312194120
223490650 941960802
7968255 148363323
281620495 929280769
135578444 894948867
215021717 878012490
134841812 881320944
233436147 949770385
99543432 832077415
238457712 791884913
473425175 857214391
106106117 832735697
157028149 795929786
423292757 920567383
36013643 156958305
273047799 876398992
333838143 437275246
156656623 803549554
46599848 142313321
932198387 935129842
299271625 509684060
243785406 942826894
154286120 923145574
290300577 974058026
454110963 534085982
87990759 908397314
236327770 929138200
79348120 775997104
631974968 906364832
347511326 588727790
43657200 465463387
151707569 655736738
229263489 835657258
635751115 904172644
433652393 546329699
266149317 938906453
187440018 932801168
465442074 893325046
248246905 694705563
549426714 941724668
61222354 983079106
488054367 905668441
58152356 964019011
159451040 876530959
4172217 937191282
421605270 884359058
782038774 878020824
337104682 864299883
104454454 968322410
93679963 995811976
462138864 823065873
378769123 830312349
141333831 885174806
361971076 424049738
337628829 900052623
612186451 632233649
334301758 991228842
587341163 946488209
475978842 509846714
172297593 788179780
77497488 953657414
219245160 664191109
145939077 391542752
304887241 926930727
250496595 790863956
351285674 886278426
159283508 946846795
544108947 754860871
338937143 907018177
86581442 94829787
46925524 993830951
629638758 844857806
110128677 951685379
559062601 954430316
379764939 909922433
373152396 796086153
257995621 847412457
373324905 935555273
333143141 497997737
82191034 255083975
198620296 919326878
577843079 930245675
117482932 938137518
122578074 880568946
671222815 904613709
402617047 974151746
72072637 383241902
534226780 678720034
331029656 843491625
321172805 847941052
581026349 643558564
348589225 851072531
96586249 963596469
412754528 845266969
479074684 922915476
275472542 724602195
142126137 271588171
77640795 964298037
365475232 682017643
255252247 757575627
4496950 870939801
455429297 805419762
152405385 885239139
295749810 897218235
102596565 828558013
409103594 954383710
421021917 826157112
192545132 846284442
118557315 323254113
489305758 931571316
426996439 878083380
130703083 905879729
116638405 870671016
58489870 601073569
113215449 927786829
289237960 885733456
260425368 794650080
65937130 112526320
841346996 993878978
49756452 855228042
458766532 938929143
344039226 813663792
185861537 956034743
167767908 948152436
688929825 973483887
336030792 873115051
158828474 851835986
82312561 855748186
175364947 832522499
208634660 804946878
196240306 614950861
320079936 527612460
52374360 954482997
27002916 823166966
241557278 958511630
388495743 846850505
283372310 814716382
866095694 903616903
7799400 882547906
13505190 611086188
185788360 846460372
289519125 993983346
318670278 796152382
223823285 250678354
134122985 246575820
139599478 845908416
78110819 979600974
283103923 929837993
260642835 842078432
102659878 969987576
19783258 289472363
860010311 962889748
71664050 871114043
13796297 247527317
268662530 955617280
180483087 580512591
26747888 955141183
197594017 907150508
517837273 829574327
293102106 816549566
42799486 216441675
83244898 823146882
237030306 731368338
232957072 971990988
338014074 911577501
83688420 956960560
455245124 887519844
288911620 525452996
112003075 421671733
605782858 645671898
192493719 960925244
17916367 975040216
246014679 946649748
414024537 895625170
411443785 833144406
458098998 861435215
448924792 832949253
89653078 884614857
413663387 980666573
95927754 842948837
77536926 585253704
215490858 788863767
478301543 905889043
487870888 887181200
67662943 825020094
140882744 281001172
241610521 483861105
319866182 939073952
72591475 930500397
290293427 928092822
366874045 907874522
403629875 924825862
97079650 139090151
444166091 535317245
396585979 879278588
481317639 886973158
195638390 499560569
24241351 867778408
62548887 753481848
19486218 882221626
401513683 817797113
13799904 798895814
114343922 918427563
181687374 999215212
89060807 403763497
6810455 998982521
467226116 662497114
25825807 954325432
59590202 609605119
97331546 802630674
115277091 852042599
750421494 861904116
438398164 934672425
433994948 638074902
898958557 961428563
249415954 811065110
466212135 826076904
286056900 434005577
319703709 944846487
534930980 924857966
49616456 681863531
90970840 868111305
396792977 896561316
453152273 788308004
522937416 544123112
697278575 880019575
440700956 833567221
486527841 871315988
365158792 792196465
512140344 740612559
63447561 971454445
200179702 584073115
75461863 919810432
230172942 480863810
78619647 373214220
196671565 629088215
340532978 854876400
388948135 999234432
299535575 585619699
157722742 816057584
449405065 730036175
751385842 981253158
320009200 916837498
226639253 615273283
260622592 829317356
682638062 686127491
307519983 911984420
123380861 788358980
70051089 909728026
212280374 905258715
454334522 918923859
819512825 946369255
249917052 860020398
136476490 987515493
128264971 280202126
120787084 915823024
166379888 977107593
6478965 853878528
135310849 817381053
104377809 858428756
423712304 886067970
294541532 836900370
667334044 820089106
333813594 511665261
265249023 818335241
494228982 768516150
213991341 816129058
457342195 832114281
133195017 644976088
206326388 974119644
56505516 855379043
26401212 977576447
108319018 901739573
60790240 928939608
242238942 473089274
192211101 919002753
3117436 875399057
57854848 888558011
23592917 827296584
82864263 896741786
377450673 937033483
144813129 146664323
59486872 627074971
333331588 856626924
240873280 794709926
328863430 493670483
120745453 672706668
377583754 829073650
259343021 557121820
392665445 861346400
889224574 981556911
358696487 884775815
223784542 751361932
598638566 702271063
178586248 340379491
430378830 920617332
174173341 853708865
405087960 900401058
87052997 980262137
554968646 869980302
113894690 985150609
355839818 825395238
559101445 760927777
384924369 996212125
476528815 824649514
348651967 957958800
431707186 879128526
99324301 704919336
106005622 871598708
285869985 376482959
243359235 384248172
12998596 141156384
683324122 982777086
236027221 649896590
165082591 805340245
689825281 997804728
134588203 916107999
648511592 991831953
429893913 800525963
443857226 914919246
133059815 836640365
926499604 945909968
79030807 817048294
48110960 241775401
227974258 605501373
234796973 895756575
297030062 850641129
307560276 808148549
177824714 386591082
477713194 648297159
6708527 973363025
337095274 442116682
502642376 715300844
141617373 940187523
538084901 804550026
118609497 477140045
74097650 997181480
89577468 647065008
501410225 885140532
452957727 918878391
481569374 914328929
385778218 631664523
76134929 762192165
74889180 907178943
288787950 989435117
87120641 483509202
133743654 286989682
68532214 795911181
347810387 970430280
853321073 983932867
123032596 958185270
473637384 921244801
385237156 796493207
345352034 927224934
197198183 824796886
246065141 875654229
63441649 802216365
58644187 660564182
86403109 940469843
43259137 48786579
290454929 815645651
126965274 887403832
255425362 543298567
265869702 452682108
334126381 859876701
480350159 599996083
165075160 904815001
191187815 409690204
234659804 802704275
72316131 921449675
252437206 930500976
21932386 830988286
5544802 961010177
586267433 692123653
359878352 857427506
240643189 911770040
79343083 895680648
206853581 988307679
193490093 279382304
257357393 336975749
264022651 802705935
769923140 956247770
481750277 844518573
213407914 986602512
171310563 961067619
413069369 826016290
105501511 895720545
111823403 958070584
35710865 976239011
422561551 904803661
199905425 535264299
294108797 539345128
813888254 998411070
365656175 942454335
374240465 514781046
691168617 715983749
471463302 912394967
431760814 788574608
343266434 379094736
145866204 184690510
399781443 512860944
290531774 932148833
237573220 858883857
152049982 797886817
104650634 369557220
225794457 909343499
82875138 265436829
332166415 864109432
325430061 976453110
379976027 863690715
493326334 994625618
67992664 981694130
111899751 637046924
704552699 888079325
235492262 989314128
295587086 447601905
431820424 910039488
55509312 104638938
326828129 797792299
637941477 912027763
200014604 970755513
94510792 862822707
176394075 936221915
361225662 699884580
348641729 894626495
281400931 999853907
22782923 325130490
81663751 890763036
290394674 880977923
291673423 865518193
234943423 661995282
198588693 833910269
140449509 224879630
60368982 827393412
45154081 906272296
321988403 815386831
148345327 382697221
770824921 913283096
