257 234
47 257
12 253
11 243
49 278
70 260
11 273
3 232
2 281
6 232
47 255
13 139
183 201
43 292
25 262
51 284
27 248
59 300
32 267
79 280
66 242
11 267
17 241
17 255
24 264
44 87
63 281
34 286
1 229
10 241
71 257
78 260
33 290
76 248
19 281
31 266
31 224
7 274
86 224
48 273
37 239
25 226
54 280
40 298
34 265
61 279
49 255
66 243
46 287
16 218
70 267
9 256
68 291
56 276
29 245
42 251
79 293
30 221
52 229
21 286
31 300
5 223
18 252
78 259
22 282
16 234
9 208
76 254
26 290
11 219
26 288
29 233
45 282
69 245
45 247
63 278
41 258
1 258
34 237
81 246
69 232
80 247
32 241
39 218
13 266
28 262
25 229
47 254
12 270
34 249
2 300
12 260
71 281
56 275
66 293
48 256
37 263
17 274
55 236
42 232
68 262
36 286
55 265
24 162
60 273
75 219
79 228
39 246
19 241
81 265
5 260
63 241
41 278
45 245
53 257
58 257
28 265
18 213
31 126
21 243
24 255
10 243
7 250
41 285
8 258
33 244
37 220
29 225
57 227
49 219
17 259
31 274
73 266
6 236
224 284
68 255
34 253
8 283
65 235
78 270
54 297
47 249
19 263
83 226
66 270
40 253
35 223
39 299
58 263
34 217
33 245
28 288
9 255
22 265
207 270
81 275
15 295
12 262
21 241
2 227
16 289
86 247
79 282
23 256
67 226
18 286
27 248
66 298
9 282
76 284
14 251
9 287
81 265
135 148
33 272
37 282
27 272
27 250
24 217
41 242
53 268
12 228
83 298
75 272
61 236
15 300
32 227
48 227
25 263
46 252
50 252
29 289
12 271
7 217
32 227
60 225
36 231
1 269
9 142
58 276
78 285
46 249
70 223
72 276
47 248
14 223
7 265
75 295
83 289
44 247
18 295
53 263
43 115
53 222
19 287
2 249
84 278
59 283
75 238
86 233
86 234
16 235
22 285
65 222
18 272
63 265
17 255
55 252
37 226
41 292
84 265
2 219
27 243
19 248
84 229
58 251
58 259
72 280
53 228
31 244
30 281
179 191
33 248
33 197
10 217
51 292
48 245
48 293
10 266
73 267
54 297
77 294
69 281
46 292
57 221
20 221
70 279
15 252
