853 706
223857434 939680526
54082826 880670136
319036616 989900446
34319102 845509539
313906993 960358233
135793761 869621160
302895530 872406754
93663259 911427377
3346044 783252811
261863653 960228944
93953828 777054996
39170656 803910859
19136763 864473008
282677885 850515297
329752279 768174867
28352937 818069497
159870789 974320223
119608365 449747383
95431429 751968035
1265557 707549084
30464979 791048516
21007423 847356526
241179728 983317181
132400071 389732682
309830370 690167243
510690445 951164404
84154621 761218113
194918353 814592151
223059325 389061440
13680827 789710140
277477878 996404924
260617413 784903729
269129620 908934980
250604786 886837185
223841598 856979894
272153131 952853177
273436962 762557838
170435278 823690333
227670965 725095988
36129804 792137893
106683261 861470565
159573434 996235573
183106150 265175356
130170142 901476911
230913259 858020664
300951268 884691347
96555615 944588655
677855278 986107927
128077661 985934847
142046130 844261783
39392312 555477344
502711072 716467789
78486958 844103488
289885982 861310218
605750934 630166967
148440479 816262883
245530262 750126626
117670455 966133555
105160333 908112529
313953981 717450335
245339794 862149998
297693001 801510760
72136924 830641701
100050279 950800891
291808772 696436506
250353125 737632482
39310763 976064898
40380713 633129747
323541042 998140827
320991832 857779335
9855888 84713247
52061794 706641071
122249614 979991512
141938594 942274478
19782146 730044744
562552608 739795033
662225264 792569287
89305121 899338388
288490 839787932
483178938 551121530
84747096 762175516
119070310 939521917
124881385 763991442
188862524 724922854
48649135 270829303
179803330 934838081
146717506 909359941
575668225 909718461
239268513 553065961
16936547 950209371
672132848 807226179
438872031 671366705
214021713 993521509
12937757 738237666
32859661 954628868
225958094 900108841
638346507 740772243
91478163 730422426
357674958 660156324
43392091 708262291
77829203 957218921
216950290 827845514
161992886 730620061
225592853 837733162
19470335 791092907
179513570 906472767
106221485 813197997
132419214 996000974
156974592 751882553
21561578 829214023
108182163 860502735
277890312 697393258
44771127 105003495
139562958 593513646
176509882 842277545
112921217 793780484
3116759 826516916
17397416 772360206
179936992 748076196
286228873 731772674
124697353 888876445
59597959 895635220
75399218 908179610
223731859 795359403
260630861 875744563
158457251 969930452
3934926 603932599
300911745 942424604
37908438 757937101
177231796 956631495
455404920 986089787
127674185 987976371
298460895 822670838
191323281 872632549
49871308 967228814
178320643 745227713
154434686 957396249
194007018 799033038
141034769 854514092
131947940 713562480
209040526 695068340
26897390 740341764
1944613 722251595
21242861 744628093
115558346 341160364
82416887 776144293
53127913 993776702
59470911 824114129
186612687 737978434
39574366 967827988
137952454 989850952
30137476 772299493
294237923 766169770
39779143 982190475
230876385 473963924
448995404 457928121
45587731 710054590
48734646 696579171
83766962 931388474
321395015 962168465
145216702 691237273
312469028 689612585
16077130 412096236
37911106 790397844
290464961 757390637
158461621 782320423
168549920 778873654
337080342 798057588
49123153 978963889
14047183 841143871
54687268 737924719
251583918 594265968
110092286 784997760
46492049 767210035
698293743 808839275
21701006 867381400
114906276 863366549
611503 699555293
139848446 874828860
106003500 852366772
161307083 852614789
164537679 826076668
256922944 749195709
217530525 864135769
84870077 934938220
63577272 947647790
140960468 850015616
116581358 809706956
275091554 644952947
173034828 887690338
163091827 692318742
58782332 757336301
54892562 799045066
40369315 731914472
240039549 854610645
110692929 916181079
19360205 781442108
171502529 849943579
151159898 950826880
319693318 821907335
77953697 979331765
125760467 883114929
142749620 758300875
243515138 749656937
205167578 745560818
112170968 892163763
33241874 962183902
91840011 938365819
279824374 943445936
274986627 736337174
132788085 954389445
31257368 944008849
193408237 977782804
204620878 964485501
297368308 705719635
294573161 879127744
30676469 925539394
316640668 996780420
367809832 817307236
67794143 878970653
406896707 530212550
336141105 699956347
118802412 741479410
170017278 752312578
78672359 102129784
551463201 930744971
174642928 731815422
132114472 757754668
87798453 987592112
157979138 930680850
163097478 754997401
91203449 980422746
8011512 862537115
74926210 173834664
41033711 910650070
4905299 998707602
210182571 568091232
54470362 999949113
413284710 940532233
265392642 958868118
3798214 907354097
584741769 722728783
98616209 965168714
8345243 216525202
5365973 956867108
229917024 744011382
139558106 991645621
337542801 788537824
510347871 860976819
42409137 956773503
59953140 846440522
304677829 775996879
135954666 572167049
573975 869060978
71187019 944614799
223085215 814616002
295922032 790280286
5089830 913799017
14271415 785116044
130482306 983152684
251460046 404395155
108791281 891869304
40265800 771313927
56472513 737544787
194016859 983889929
97032664 698282201
637600823 903378382
89046275 897851392
516861657 735670822
72503690 943915717
315933320 756558695
221344569 977277625
11996638 916959798
11921713 760035724
2037466 951532825
15711237 735503195
113629708 679821507
25001222 917049791
109729756 761016451
267505607 779067249
190552339 847668457
157970809 884660199
9875803 879069776
89896120 760108185
268309588 979105636
117011448 893640017
330272507 480171869
28554268 804816346
109250859 780633632
258929643 725775026
31173058 751693142
299304559 857073562
160995868 887837454
5123914 838182908
46755902 692830277
27936429 814588187
143107500 820203316
319782641 688719655
170040180 511124137
57033905 950843061
24560797 925717634
39494359 816819150
211091348 769746362
75776751 819026656
147293577 747278994
126508735 892093634
210673729 774566251
99884575 989224404
504714549 648419562
189822642 689561497
63306392 881967706
334267838 835468655
50966750 998683203
116613989 777206685
128190719 730401020
55671617 826657788
151890986 906348041
299200520 960890154
239442309 886212771
196323368 901791732
63624307 747548571
215332584 785989611
670201990 933201320
53422299 793976742
102466130 691959814
33766582 733188860
323611238 773205420
72850245 861812507
352799802 875499415
169182714 929938723
314003921 785513083
244902333 984736980
136035817 854169820
293350148 751368300
76299286 690605564
215023019 973801618
56759433 915155159
26769673 935412799
107885848 969036035
37281919 799087930
338617685 787543833
334296576 761906659
326911812 855361331
141567908 787781437
18620562 419710837
128666574 538196266
124041254 886693606
33349684 956384466
243487959 802574576
274251385 852918211
293589950 991106068
73733070 782398440
163379450 961800234
10919877 987896116
821687000 848350943
78087630 865603020
131433595 983303682
19157382 952251240
162028562 518027151
286755961 802471284
69355356 830786538
156764650 985985013
60749194 596452270
331451184 985603374
239307904 729655456
77548021 965044813
260617330 988422951
289375654 978287263
184421027 845758542
117506010 968438860
222516380 921729409
75142245 762970103
70680055 802165925
312450201 896814058
711097 929380737
215190024 844550469
282628979 763162816
275697443 847192597
19574820 921259197
5797697 398170622
336752395 901502967
313541832 955092285
451833542 617052044
18511787 760112196
130966892 780201925
116751824 843724251
102846377 988173513
156271094 644643409
72822637 891646498
311164392 726408129
164757388 875286205
244577886 961565638
156417275 853684476
60870709 840919089
102812358 865932621
259009743 688615336
79690091 794699713
53803191 917172332
334745693 981530623
5691339 650501480
271553016 862205638
302535536 857526354
378471983 537265887
301485984 757491530
8168976 974451997
79281632 794304211
115983015 964731783
337075493 699895650
124524287 252166675
182488070 703840998
256252999 852220717
169670495 620831141
170356495 944800705
142032951 889263790
124900687 739709671
64480146 942033534
499124058 709147971
56619965 931480143
210683736 765148234
127178002 835338134
325612989 809942435
14961643 618995059
102983357 846045049
217172591 630782443
107909579 813161507
93118593 782768655
273921671 955545651
41743775 768323141
19290990 870853580
55632413 770135409
34886413 834743560
271220063 700516667
188805201 974725364
110459285 899456668
231471157 944674480
95545123 783575471
85352102 803361480
120211751 924580235
151425835 243529102
102211910 795427025
302661668 923609265
195959112 933192784
450335626 942707557
9442009 739200950
309069181 910361489
327998800 357544644
106810089 966588455
136590026 689286892
74746808 910393484
17274816 970991473
109745363 143541370
191939569 729483197
5290037 898029200
84905306 765761517
195519215 849480051
236350908 725098750
136402595 948464934
239483838 840612797
259625083 719205992
185168376 990560018
259264763 867703442
244606342 824717210
120487585 936758416
226995395 980685449
80601160 725712344
257773415 996413537
112789204 705656050
576715543 641610049
334260615 973285238
36849571 723675478
505082260 677666235
233698703 931820730
33454090 696700159
228825173 942343575
115414135 826724143
112364951 934036188
161626098 948483170
191774918 773311882
196208623 989110608
125631121 739185708
86724093 856607168
97251874 790953621
423466312 842725101
66577841 924605388
282091108 962839221
83528620 999502974
187313439 757218497
314728428 779623918
50268869 748003359
23364213 270117817
262914252 933398148
25849429 764351195
306512590 835161254
51803677 979958832
176862554 940141974
274954800 925827193
306721677 769950532
56174952 866710393
98109448 828848992
139208194 899487473
306349151 734123648
216802021 962660049
405639302 739408354
99536430 721992319
39206329 991358795
197001537 634535217
298477677 801318700
48239849 689018389
211737558 985423029
226037010 706506943
471475573 904367116
3837501 584036717
333354904 819754044
175308369 744654405
127139946 753753638
247169287 837329794
1053560 127931147
274618148 756448811
64636987 853029221
29952724 762702055
136662719 689731385
227244054 957043956
333257607 930123900
305750852 711839304
161482352 714431742
328028819 933783465
269485991 830808023
80636517 768283591
214054483 221331728
316361563 997001290
43189526 896203499
163539526 992592624
279991815 838459336
58481258 759703149
267210294 738841257
29520760 837654484
70723080 890297015
173110235 769964308
156080787 879918081
95965269 799326779
251505690 913436903
48145143 822960903
89833469 881816858
23995319 895564035
66675643 829432241
126861797 440685200
823291896 839868303
21248958 811971704
228181602 793503969
779312072 780006705
14915869 841430219
134631771 784575600
70157931 957923666
76076678 754022267
130319869 868415018
82442986 897826486
532020438 826930421
335681725 901829420
15760381 867702162
242087559 957929055
211858331 929666550
332792502 721258128
156477819 746521467
61039538 694799710
7973977 916374728
88311982 803502796
142585558 817684144
138283023 700515264
68707554 693865723
349884870 746242074
28250955 955114907
75609891 841843455
285047883 844822179
249121835 739693661
210134255 883305377
359387600 533825934
193399278 866743577
338314137 989248200
28890227 834798274
46166880 940025378
83016827 895380977
56345578 756643824
308410757 860541980
15323602 739070389
153719497 303353994
20295291 860729724
2770734 909976111
2231581 838929262
3985560 699263715
79710496 908294152
248266766 988746588
709820008 953883526
37557496 941468112
139466091 741480489
18498030 722970461
133852191 695290471
26725022 978349442
333172393 939338236
30131505 886810550
185106370 793290126
162804696 842815298
95606532 887262772
99990922 856041575
234219149 810071341
262746835 718454949
5381840 952604282
549507427 969960976
10547507 661820889
132918462 870893524
106104302 731063170
245400410 933131058
72976325 838573603
173253039 705020037
170484641 761257223
224097919 993093389
10664290 968569101
139351399 951645862
117294628 714104672
239499927 907210652
178268485 713407635
155048974 911664765
329316653 763348456
339073628 865058235
219018769 797329659
24183430 723729825
37091534 961759557
679334143 753183988
406447833 898352912
131429097 790062436
63861262 734086018
156914288 728119139
208502411 941645153
102523574 859462225
78227940 973545387
204365173 960590281
277538011 816723038
684261434 853923602
263546748 915807944
245139484 705997856
63125199 145263729
265360859 950757159
90789155 897842879
115722183 701719077
739743556 831260852
31309803 901555710
148761281 972309361
324349081 954797670
516500806 889408850
53319031 842814824
210663942 956491269
12626212 872891104
54169827 996926561
67294977 897324958
280455187 922098980
99199284 858714831
280830624 917195283
113356934 840920493
195701289 999761375
116185732 763167744
25831080 880547260
124329454 923652086
174632456 895533326
266619255 991273776
90401807 772513102
481421698 537695927
12395244 760779430
322019029 880302623
70002899 890889074
123985575 720633964
232655498 829956461
211454222 922900275
314668690 924919655
58258062 985021744
324701581 857467833
45351694 968509248
266397376 987024723
292020515 926042191
249271494 914722182
59306526 694864597
488066966 563979898
60184918 255698594
263816391 883248134
19442702 830190460
210689300 879636263
47958641 781043814
244467093 920579468
9491860 701264750
39950273 857394424
217256568 894724680
314212208 758150891
141199981 881619184
90908767 711005385
28228279 973453228
769658799 784620064
82472227 860567565
212166167 922787925
3087511 971282693
165500988 800952370
108382897 971770221
255332036 890346962
82590017 748411359
89571469 779817133
7859395 826225755
136031648 684892695
138758881 749014347
308162422 800896060
93299824 967715204
147419797 886480435
238359331 808487256
18046317 946470656
70401115 853092732
279681850 888826433
282748582 756640721
854680079 962341123
253918830 691931983
8122281 926457425
292829859 722880154
248003217 829417518
31782862 841372463
139413307 419309201
206765744 766597750
34438433 771849737
62071338 864427689
88143839 997616848
202119796 991789085
61911572 294022593
135313533 776452888
72687466 740639361
68530590 719985921
14075869 931497638
32918057 712739785
43635744 913653276
80971 854349651
278116060 754370914
32870544 780362380
115579277 827107838
454442517 714474181
277750149 838513028
141722151 936463505
503454037 826717272
139710398 523945286
81094766 705393504
235011744 767123445
224033458 499875250
5949666 20492252
160882663 561361517
102106950 701194187
64621932 749648832
147159559 841169567
75395513 844110926
650339233 795245090
98589726 753667476
112693848 857260061
327958429 964144181
22352131 913781055
242664843 865918806
374901150 848856307
208127045 766104998
331802330 751730967
239804841 924550250
139351472 747711612
143584149 352468474
112402878 897466651
3939994 941011323
75892053 953145350
303912822 861479515
86657686 874045618
296043520 835777088
140588118 990363843
36962032 798705734
108868182 763527226
234419390 823095839
319584316 996575508
127191207 713008270
66961848 841885580
307918960 845975511
65579652 721729707
47928775 851132733
23383069 838031051
182056671 733175299
57412041 897377533
296440536 721819791
117376405 898198696
45358514 811181707
229122634 503056052
245604550 735377383
124982849 939902758
228795435 700196977
89081455 899653206
43730441 823411744
253434146 846624012
783590415 853347078
11114082 897931764
108395660 881852852
22773114 895878253
211805429 850535767
271562113 760359181
93596026 804546815
97939050 973010755
314740989 873358443
26632260 780854643
33446315 794073613
10538158 559434543
159918922 947805359
58091643 780979398
69461493 716422119
312304031 988654462
41618014 999865295
41032420 853744227
785672241 923297976
340341926 429514759
269731905 847827863
12255607 890129060
331809400 981654361
267183632 765017683
251423296 608525690
271733758 991552166
108922615 826385402
591403084 651012294
111116713 842826380
112054335 802400357
186034801 971618747
40207570 785013994
166120296 881500725
301936575 775460935
285207368 983033094
299784001 936051266
193824765 899493154
126250104 973872140
81008865 938551182
1376595 956950095
335128670 852899169
170692357 761008514
222662657 695720443
54841772 811669664
100588317 966269637
250143007 856424306
23505124 800301483
141231100 817391888
13848578 708862269
80601475 453558288
325092066 956622950
106376122 867373985
124595795 807165402
31225069 930412235
134018010 903753880
144946055 706285414
587280711 807761614
232404306 814240045
280060662 976657294
25266443 821666834
74329760 698988210
332053724 786240310
