3176 3014
45686581 605587717
62693219 489786487
70086414 639522070
258941828 691057136
83773068 993884648
40001193 931024927
36760767 875097090
11150644 972476101
155639028 948999059
39797050 899499348
219977448 408907662
149861824 594831801
107859009 609237798
20291188 863031007
74919368 766504625
1229965 801955162
136649598 700159388
223561071 633119696
16982128 447063201
260706571 648643777
54065266 424880586
252810092 965048915
120212412 611216923
106547073 921421215
105903162 945813152
246099152 926744912
176617431 497054217
35328358 861070270
128405177 676988286
136396585 391456711
79468704 697476365
231647260 754629710
139354817 642493609
5421096 417170872
96947468 428388537
46251677 859524498
63919504 960436443
202815568 776164898
108646377 769650585
272701479 676717780
11884812 998003376
85316302 516522175
232702707 444092546
29357145 651751301
96839584 983118489
194914049 733322769
29931666 769877512
49345903 627558177
196685435 446309480
178171406 820283050
19627398 634710578
217037920 831666566
280758432 927689766
115037878 902414178
254703441 956084799
201942425 669087549
90356786 598713512
45811792 786538924
91448745 717289066
75964997 867605407
208250941 472396973
47738564 631788366
130140550 861252788
281689482 517461305
11106640 789145160
262813420 651744262
262442704 498680759
262303513 854367990
79641346 841009388
114018112 476680231
102278218 839648628
138603230 574156099
97458779 662295516
177420783 749641957
22057378 761622068
282385000 964238811
63090963 926104187
168569022 813908098
18201338 528907577
133691762 515728594
134684741 718907248
183969787 406644911
283928457 860008477
183565799 408992347
75382072 809340090
72410708 394565311
221282827 631733428
45794263 938415466
25817539 631440660
377869635 754566318
276898338 631853589
35400771 884836397
43475529 392780719
175252787 975514398
9964074 673649817
140318362 621447524
46185942 126588154
6222867 734679062
135284588 971010792
59933949 853452682
97646957 545004012
67156472 412390640
108802714 519778323
180778027 746246698
143767061 766021007
225099708 974019472
23000508 595902388
1080117 775692171
1065863 958160904
6477029 449358463
78429089 908392114
111006515 747662876
74495743 927625974
96806679 465674985
20934904 427965925
14092355 648435315
88411533 91366673
15029872 819538066
100020342 513243091
184575994 842800560
279736147 764574073
31465185 740596494
224684188 786530235
277978870 519830090
269395111 747002671
176853650 509899592
118707749 407330224
260768900 418872463
74948262 535135040
44953563 630588992
41792150 890325944
204585346 399907586
89892138 486610561
26217402 753917432
104178050 676074743
29320496 476236072
242465346 397972302
73038253 522103111
82996336 677062808
76012204 391332298
192172010 465848727
112860386 534049025
190701474 733313798
20396629 488926219
177984198 959739681
200346825 981722420
141719882 391048299
171715498 894623366
62255553 746162853
62000999 875945838
156481943 461529265
264803326 730950938
59690825 425993913
198702453 841142697
2499117 547458643
227896880 569425027
152892316 852268671
88007821 977893185
2564543 928247618
143035558 436151481
156376361 951640461
87915189 979305675
74052583 470896899
229304194 487302827
216375098 482120347
137922028 910150166
283294652 518678787
35758028 516483430
25527498 993456924
245877371 933920209
184379880 490083811
273145371 601626646
46355411 743111275
120649842 838870046
208547 601886339
6952103 798064983
3464789 545476983
125369967 849537506
83933122 596609575
89216575 914545302
267817929 701146727
99140062 955774271
46445171 909786048
271448419 533110714
170435441 754739130
121772464 594585908
42826338 851536806
207611517 450276719
266712370 446273620
3063215 677453533
83338749 607229619
191011308 444223037
34415669 956818010
255270941 847554821
5804499 887029603
250917165 857447237
35866537 957138228
246076662 839706412
16622071 869372501
133629193 497810279
70159561 605602403
283670115 737892124
88218754 442393547
84216289 702654529
54987852 683329715
107698587 688929130
134954172 405523752
276586280 771971871
635691597 679630494
7786487 839305811
13424664 721910364
134859703 649116260
254057209 831719434
118553699 549378033
1834669 456751511
10724475 661512917
116980796 464460495
19329997 496035177
121225901 568682392
108545762 725088590
81160510 943044266
42636452 930522725
222520201 396969963
54854039 888991434
15506864 525183676
46416155 935103094
46912867 811722240
53583352 730468483
76757489 481763138
128215391 874234531
62012235 433935326
96827053 727265920
212055075 489310306
216576225 581779529
873627123 888622849
5920010 645829515
262361664 849968053
132306233 423055282
54049494 798205736
225847377 721485375
262011866 585327359
124596613 615214614
95800642 728096893
117313099 727227006
312554365 432927591
85521092 448787559
247962901 788401599
256132564 453178831
9611367 809067614
43702465 930862198
112844895 884783262
109859126 475195000
56895751 805922153
173476214 594277809
30379821 455027992
124012475 682213092
62296215 514124097
169115864 644062501
59583539 943578123
71439995 561824629
8618789 691016248
146044240 908567767
267711655 603631342
70552639 883573450
118170037 425666641
55603383 640936166
720107593 774378573
52561565 393604311
112144620 462461613
70915450 820603889
132537384 892022022
125675288 684202305
168236847 605154894
267227139 682353740
23231285 544982012
150641970 463230932
27954248 866519607
134094052 967585225
100029141 720031651
42691375 806353483
502556270 678835933
80316656 462951444
63936684 945553560
146611330 566492953
148989371 392020325
211518104 850661994
470316269 839684475
123135700 581705765
274722072 959433747
88060844 927052618
155144382 684314113
2597300 456070386
122731533 859339620
155377798 482164305
193590515 868631152
189913844 551202643
76999259 976770087
84150848 717591354
97061357 561450741
101911589 665454129
241741049 640524073
29150495 685646594
129723555 844105276
237717941 920770291
158168604 532998171
61124377 489629452
191225348 843460770
193888742 666732204
145831605 556646681
105011919 912912520
80947149 948413749
223876304 925651924
246753017 665576295
168420581 927555484
85154385 642893241
132540226 496206712
247913111 419670587
179225805 835110904
33460481 585895888
101128129 625250564
91786861 631529693
90121934 818754818
131572164 445043293
118893746 497048306
179148259 927171909
212523025 772987037
286334350 912450635
266406870 927375423
157607750 745995546
181949556 800737175
87973675 607562195
121959856 556583688
155316387 585084453
58691745 798189510
125444357 688113831
148192377 690224617
30473439 986349954
140772453 761440334
160094562 416935058
127508973 526103499
64794547 926158160
255635712 852528568
243898453 430016035
264694848 688290354
279997063 778681074
189797898 589090842
144476092 472896154
168990091 731894535
28312362 540963813
47325061 428875821
122729745 827040356
56969832 573122045
219713597 756095554
261867271 427581393
168156344 459108147
466185802 585798308
206838887 538415750
194410213 627899575
58313971 848535871
136995930 418635819
257661365 859958838
32656430 727299169
141831829 434238243
274156477 925969920
89658783 510630234
93730659 827014078
256763587 549305565
239662674 514748435
154400214 922744201
32677510 700747882
99222680 773019756
27350219 402754721
260312259 760975708
173886065 572067470
90386379 958647036
16050537 780623422
116705498 992015704
58119704 564155309
162332440 834861096
149606047 482906101
145281363 904647803
278340053 432004522
268057220 440672493
119381969 417663267
123018255 815406115
77783852 541282209
209204675 961271574
83085803 999821891
50310693 835368862
193304840 623480780
35813879 542014641
103754028 699678333
211379229 941326104
21586217 758787909
30575467 575360742
56047780 926896825
131451995 461426081
208444444 885874439
247058304 911805400
15222603 435559106
125545540 440833485
104208978 481492506
11924128 422547264
199108068 591787013
62061742 733363788
61602023 615084679
281169820 558697842
235773348 461701292
53488304 959672937
181959688 978626341
15674662 472573326
139582798 982194857
157403859 922115405
42034854 648713419
239842527 413633729
163512022 952605534
99020695 461586702
221718535 832026011
173162409 774060842
143789608 795376020
61526100 617832178
188754020 538568342
202399623 717733618
26951762 825445809
216530503 871813441
175385993 433521707
192719182 848862423
172015228 409249684
52290338 995707195
207756395 865110374
126344129 994264434
150679982 689730212
246636970 562926017
141568075 911596883
273066201 850544275
128465592 838996147
183573075 926187384
34577366 532588805
42840052 479349567
192503862 421412690
139235181 632761784
244931286 344841440
158263504 443324504
103023302 900087595
174016636 815967854
189097593 776484594
48597090 915613967
143354295 614131784
1647179 570335032
312228868 443703088
81881335 638069464
73735196 617526521
73936537 527693000
64992677 730176464
129720802 767416593
87547107 635912711
106871000 737118284
131487351 688465195
24073872 799375396
102370447 740660938
93349456 572628441
120552153 560394466
248859660 945599536
194745767 920081404
97974822 591333705
214861475 780879899
227615386 915832662
20729906 892297323
129740804 756305672
126443701 397580127
162023359 635419115
161888828 519782481
33746413 562701844
196137304 487965755
256314768 641183645
250005668 967182652
639012509 782286316
32382795 719716714
92015546 812505606
218714099 852036865
221590052 839167837
128305906 477904819
116571273 846162654
57907866 623930194
66373106 644307887
104249760 988025141
81611263 499465989
39067410 591270588
112646847 653984176
57196611 432298846
264784458 668910457
52901865 667178461
520557567 737633013
11790694 978768490
247301596 645387787
145994821 588625366
248798029 519068740
142297617 581695197
121130450 477741769
74089683 445439230
221495608 527667220
265363864 588140251
135224272 420193647
71761658 412820029
53876793 957836102
150851547 676584925
54098705 589354619
26520877 786369354
70698 835753479
124352784 687311036
7867036 920527236
285884786 703148021
29598721 618358493
35319143 638660227
220029290 295701355
110626921 407906384
73858980 916201359
60740673 712448508
19775216 597297256
24773045 537077982
58933597 655534259
45442645 346665124
112738705 638951887
129409364 401003959
236852796 987018124
28282552 581446216
9845560 628852736
14629960 471393466
23352462 448746063
81511875 549985721
699144392 801150968
279805185 485202577
99766880 899788621
195165696 534956818
124457463 920267925
78911087 991603774
280846406 991460057
94658511 832507150
35258051 417476605
249684688 489974794
260656340 895934703
105440984 705492644
257630508 890633782
116853465 551045178
120182055 638786115
92146203 470611138
219062193 461181899
81996984 547951006
150712139 743781708
165052138 778131438
117778904 487070253
105595271 762295703
243365811 814930950
30668285 534085543
171190528 727689894
116021925 835409339
109989313 988716569
63945435 711947077
149506837 469797856
58964529 883993673
144495901 934357269
285043836 444401461
268318162 760452276
214678020 639417256
116456367 414682576
274335297 354409651
35287784 559379133
70272754 999707042
234328794 688862993
188222114 610377357
2780373 694861467
190783354 515790207
94235129 554471636
151370753 773465388
211609708 711507124
150141436 412445548
132944268 442565266
30390810 417579849
204366863 784878399
106460320 659766750
61788457 646023184
41088094 575344310
93342390 870507861
95216296 921254517
183811244 432768492
275217494 890893820
98632382 972185908
23338625 884802205
70338204 579531184
203166672 933982451
33150137 581938141
134848886 914180400
108960400 536235548
234843991 807785660
227153218 438010663
171158941 632111315
255890738 508153251
9977864 653158061
285269375 761515822
150494834 845912212
15257294 676596347
172178275 514086276
270685372 652445186
165390893 484448053
227646216 994049097
166813441 757719358
229488590 418509883
147736490 685409652
198931521 503655596
130083217 937596101
247878604 725137502
55438876 397485947
75549638 992176923
51081145 879266595
101812171 929067979
81782921 826855670
133751041 446015745
164412878 820876564
199729491 668820196
221011352 773771284
79755303 462878211
48894922 928377220
219623355 495550166
99370764 931988529
18801775 930582934
87946543 437074530
141374537 900841358
124274670 399469750
274285816 915999231
14982748 950415772
78155851 658363151
108941553 405517732
67149927 917982788
582832225 934649027
256298547 913788339
259033000 414968417
35904995 702826264
183657180 706893651
158599645 556230682
186425821 738071512
109616584 779060744
101773304 840680458
264842367 418364266
114149900 648815880
110995653 933727643
9237765 625104869
223709449 929617816
66000406 767655364
267604384 405687344
130507833 829550387
128337229 559917348
143732271 689824332
251302429 415052202
124947449 647395986
202645003 700012294
258648405 630395519
7015770 950228779
133418878 467429684
97825203 671249282
124289057 495433863
103035242 940788939
3174619 494365289
155996984 644330722
113112711 470578398
90748583 598481387
123445478 860812383
71629831 785573021
27458412 728057741
19295317 545685052
170240284 743997951
198552132 940304084
18021327 667388205
344724335 344886603
127012315 482246978
262712833 479597714
10155193 607437167
126735954 573848706
222286728 705609685
423090986 513068444
172954545 601492466
139087562 644354998
25031130 535113624
100310921 817901183
214356296 396214988
35437827 874091156
47477057 427246751
268407717 488319036
9497083 446215954
109726435 720003922
202969757 690332774
100456548 403030501
96266327 759311661
271103245 656756432
226360913 761046462
225494493 635717858
38748359 946215079
24680364 91525352
109970324 712636257
103839605 727100103
267988050 804483308
144234231 565988163
270382696 453999078
234391430 563183737
50988490 502379479
200578038 758190907
115726754 729966182
68056565 482258751
59107496 949877046
99598168 910224631
104495302 642738646
23773857 689803857
55042850 408241984
24053838 736964564
246848698 830200321
95115942 617734471
112989468 697157902
231703081 801868564
147248572 411417221
898137 54736756
261164664 392493726
9826337 928169499
173179576 618072540
11658137 738285414
96674446 597626886
63678003 804109807
54600590 406963280
25035819 761765031
264644841 715979476
157706054 213835639
17945445 822537698
113747404 769330432
278795345 964043976
122513699 762831772
13011996 521249691
234711348 958449606
21184633 436169975
32355031 873417347
47949164 727157795
198899088 905273934
193960260 421226820
10602683 799484799
73227970 798446192
456539959 539580049
100211540 432932432
211002211 823937992
68742265 976765205
82093954 399112803
864177 753799536
43528650 715851266
140212688 788681510
109534401 670498391
84721773 924773456
79354623 563712377
135367774 617015414
139762353 395671342
244560893 924318304
121021705 532419737
10892212 954128796
60643765 772926509
154927953 766058678
70125981 550067176
275327933 887730967
84434368 799120264
111106094 520868931
52472707 628769728
22060795 703558177
92860459 976555813
173194561 805661893
1650167 693615060
241102817 932228967
103214618 756493260
154074468 886089140
78437444 938745909
117757208 515023628
3656470 414967319
351537386 382132070
129063748 980145584
218270554 690854969
6634731 632504274
47471592 856960605
238232020 557391222
316085123 772796812
237999710 589802651
222862900 741748025
1488299 894224063
205725068 935731816
62535760 841329430
73719468 361815366
22705241 747951314
152089070 962849639
134963648 586868712
224499207 676741886
126832569 558060728
218948566 475773802
268382109 446837686
210650884 854676613
117146875 857547066
24515358 785400292
143972427 655816768
88907223 974341725
179584502 941156464
133542510 657494078
158395659 398020841
74243182 632194462
132046657 579544724
246134152 492833217
28500750 958639360
269364230 921202547
162064227 783095097
36981526 969739177
91185244 501430689
75020154 532402972
268706418 860778158
109857379 921702577
42981880 779962768
63345655 745846821
233182549 534180885
247475394 862117359
256184902 769950640
43612324 573661085
137998187 601756988
200120161 849661931
139187916 712266716
252243570 800543224
238601707 981962653
274202575 651189707
56642591 685032466
12379795 917292202
69880335 419630247
191007151 556289636
213178807 869532773
46193748 397490572
213092447 480049349
191235432 852781758
206218113 683360789
94668652 842645470
247853685 850841802
8610538 797085125
90495341 464415576
54548597 515820627
203832194 515493026
193855284 988735958
117882247 639920359
104335934 980047168
113873090 646510742
31726430 957811480
208964962 553430286
225584299 478902590
54254480 731885394
230912488 742890541
125939049 881140868
108351981 504752564
214723206 878665591
217945843 802440999
138364499 636784901
103440903 447403384
227724773 838178782
9123512 682588184
168315816 587769464
116000878 897823281
139686577 611484777
58888160 985619154
181454859 701887617
143138602 613658634
83981710 463656236
135617662 654177934
112816552 568202616
112647907 400926131
136283013 734874354
105867173 575950225
220973446 539129139
515587858 759213488
175945125 626765614
225445429 523222253
76287571 891673559
66902127 438833321
249459242 979255008
272907184 986877070
242671750 702893573
86167754 607737492
274017036 817477441
276259805 932447816
183859230 585866007
41482070 938376608
633418435 993774835
244186685 532402205
63904548 448108480
93288397 697322982
123252417 949881316
222084052 905111175
4338725 976921853
131833642 918447968
74367511 750209248
149476525 740360201
275960612 655011235
174839412 662864894
62800537 979663136
45962413 745229504
138716322 518515560
4760545 679850334
95336102 490289544
282610439 633175064
4206975 408157496
172543930 762310337
279829679 476281734
74497116 879088061
241965291 744600344
8482602 624279029
19916693 595930191
228118905 427114011
12610234 407907855
131681497 526064360
134854587 867010000
173841684 589565927
102081113 633467945
82120121 430105959
102868830 594001653
275780761 634293169
152206574 563191936
174908971 656755754
14852796 450689732
143565275 931285887
356252289 695459991
131192676 875139176
101013834 669202596
101098597 929942858
6460350 677181564
85347665 551898519
281193034 732656595
125462761 882758975
172030509 396766968
278810025 782244355
115375429 807087118
283133984 400933282
242549487 643844869
82999418 976564514
101458410 965540241
587092329 792596294
200040427 754326870
22595317 777468660
105583728 855491582
26557912 925656103
185133201 554490568
111589351 706369438
765002 622580603
88752915 466830651
57024874 952771264
49118703 435864262
255415596 527663417
243309221 706108284
33539137 796690238
176870006 524582957
121969869 987428641
207177608 622591001
3561961 404926163
3120797 844030107
107543487 889176286
30647369 670106702
50661067 975096652
228769765 897491591
85669877 762402238
176921414 772147270
23562238 811611374
13326484 739430270
3815864 344522556
8650282 985809068
67368292 502127339
275353229 402955002
74340120 820726388
269545541 611896758
115903766 549602532
51729870 938983134
70779445 806225289
270638398 911066639
130877230 545693273
66114483 649647747
46319542 839300735
66102609 814274403
229697327 865822126
12790289 944510802
75034337 790480047
267827783 698588873
13441663 962618270
80571104 972575809
211841000 740887568
26639924 976438570
231374327 568695992
750334674 829223286
104930034 962175674
113360651 624855479
83533499 792203121
76486145 529087168
108403167 564222960
97551059 934365259
75609619 392407828
78757955 398277345
73390216 692778616
127223004 547395696
4387699 901061289
159432526 431318730
104160452 460058091
122030558 887617140
92989717 663827945
4202343 910678512
161159854 888364356
274449120 556723541
97262555 646920216
69768422 605121499
224423237 698455233
45027638 495504245
52227785 506434468
102617090 640129802
53529620 417098102
23470887 617417022
73610334 793817913
40209786 416455591
149090642 635241267
190631550 394600779
12017800 434366583
139549065 568686984
81625253 681150594
201229791 539161305
8975146 405382543
39030069 802655318
87384088 581021407
265308094 529886609
110908016 493251370
139553983 460536698
129895744 966667784
171876316 488728626
12586961 905062650
51754231 430960966
14167399 742952012
73802737 806861678
1618500 462920165
205477723 927937588
22867735 574868976
34584677 463586592
75437408 465771795
226114963 473290214
84763109 551864064
36971562 405619687
92879074 653238860
175488500 421805173
257905743 973855233
94188815 419812879
63259586 897473844
191386501 623324235
63315319 675061936
5215947 456624212
186517597 642431529
34367440 586555555
124966038 784732517
237662160 458454037
154940629 842255491
150030760 672288153
215735418 487269164
124518032 748469554
81115690 634810015
80163239 739034789
133202299 554581611
216011055 643312632
171213594 403215512
275576485 913796219
267457549 918109549
226228606 856575173
55028346 696664073
200491130 797454538
282172195 824232604
123245687 820947471
260671273 962490714
73221604 977698780
194060281 613775273
36571462 143471444
16293420 782697867
1285523 765547451
94037889 580891250
155830622 991985626
69563949 600368014
79925035 393682099
50250127 641851004
261716761 640773871
274422207 581020999
174768228 946108033
183684233 525852393
12335660 583144444
190514044 430400087
53097409 490999392
65906946 965494101
270873050 523495897
94692505 512803547
232787163 830289869
224867088 629524772
141072833 986523573
257065021 549116425
121990828 670082685
126116707 504966017
131356139 554640571
93268536 606498885
129097921 892070120
187030983 565093448
9860083 917657851
38687438 832233386
159118994 915754753
91172059 791382717
76038431 574745513
115103495 598046596
113347367 961888119
103224601 897205372
75863249 703891971
63383584 630597281
7957416 963685487
276185070 811247955
125827733 734009374
85811534 596547741
227145021 657544095
90021738 595482002
122222639 962399597
279044552 825596223
225819537 973332830
27856526 866484741
224600535 458756551
107050998 422078961
136674643 625412304
93056128 826786576
274206074 402497292
88500739 233773423
174026023 703720038
128583528 544784223
113875869 836083015
26582575 870095487
103868910 675100583
59714307 622141693
166925916 687549980
282550548 768132384
129249138 447129484
152664106 670590230
27765088 435214653
94288392 574037032
146286317 714428392
124667250 642571753
263515724 744826480
189627143 954118515
17614267 583989861
57980517 668149183
214912430 869182224
96588163 763744787
112519091 925592838
157693662 484820645
164370503 673721244
112277543 491295864
148005170 635469509
172149420 492429784
127899293 410258644
433195202 541477990
112750349 996411500
173134466 778078068
255381428 985288666
33959823 509419264
248097139 506552103
38057099 548021822
61153117 505831791
111125007 562298413
219307430 797881144
69548499 826003008
51411285 864692685
240829973 926214483
87414327 438684714
83502835 920666116
49453001 954043115
68791396 803750847
156873086 957504761
258819565 785998773
78883057 572766660
170200005 637687050
56506426 859365129
209386221 665369616
91467706 689101514
131949731 436785787
178849119 922974467
292518932 884973170
75536409 745204534
314562331 368055340
231273787 986334654
277931895 418450631
73110220 580955242
107832238 789915427
86904847 404954407
12373871 771922042
42889024 737757668
87157283 434999239
153848746 713448358
118402764 619180640
75600687 473862082
24191564 869996595
89349865 636979552
71978791 889787710
24130184 574155182
4528202 822589116
236452814 696048008
118876766 655579934
119943409 699971937
276570247 711696684
97010480 946412392
32799934 611846171
280882765 709070946
154678391 431665276
272837886 541480541
145377449 629259255
183730731 732166370
163831645 893836578
276282905 847327636
63782392 398310206
219627790 987183054
3952099 790390998
219062964 736358111
93632959 698324571
13630657 874544391
127056033 849079359
167700904 399997525
286198989 739682255
266631265 836025762
97154421 539980847
48918437 785854803
257078614 857905287
65635080 993111418
172129216 694507880
245505078 915892158
79451686 793858341
310120093 787964365
18755558 980769644
176927998 644799845
77655745 951639528
283312537 535521803
356701483 432959153
163205680 653778367
261007930 735770068
22833117 825514180
110989685 595887450
61271309 902250131
36783047 669783052
195000557 752706719
248079124 449277402
47967399 878616472
130335438 582432974
135913603 612114614
197986939 921032206
118892109 681632484
206016448 953208737
128228508 680821308
103689992 454915572
38446718 511599697
112314545 773947677
117939079 662044813
252371769 554477539
49551637 420944985
106546396 736826493
140663082 806079315
285122079 828861807
2401610 948070978
244552757 921703163
266343066 976304018
156476373 720037760
111079981 790263620
1024078 549310091
269347850 799601611
4859175 971948078
110180261 394111353
132070440 867028072
231314248 744067189
134426285 461603807
77609470 561009628
43850050 473658207
257348484 456230368
332542 878340438
119526072 590176567
112900823 416219671
21768421 792717032
15995750 493324526
98516864 539642404
244058893 542680391
159852716 596213439
73935341 957663653
203512992 986215992
30860845 890212381
235038502 985332233
140873652 561976097
471770057 766170609
112086019 398221749
31748938 471383093
108875021 832212636
82950736 989823207
17926036 505177093
220196454 519159798
181990649 470082240
13854133 993488979
52308099 672875465
82839922 773864048
116560915 508800053
211721983 445613386
126880454 560666754
187047154 547483321
56283373 430757130
108529118 643119789
211855702 647991001
206472395 478509576
41350893 518509995
2990932 923598201
142858476 733531394
229162723 585077675
16319321 651421931
4669928 679554722
216566062 561295941
154354173 764403976
127639596 720380231
136748687 510856203
177248444 905097126
100048134 967937514
136066869 859418248
3005872 740123723
281037122 470114057
273220485 561439087
153788753 753817431
45834686 631294312
38709 988614401
90748298 583097705
249360013 784898384
96073742 414816290
278473526 552494126
57148760 628454706
91363193 934702029
202034670 855414733
82403563 768537754
50591624 897485104
25170806 398249129
185467510 819890654
159863151 954539353
205304834 908647623
160130911 575465408
214387091 445552066
248463353 692702964
12876959 550031306
8086544 419298882
68722325 469057897
79798576 673416229
211814657 507810554
188152980 556716475
31326652 823034758
93923062 942250025
22846181 139644565
160534849 955161108
255249739 628946103
31786312 705007208
18172503 854177717
148700445 776436178
159618172 628490156
241542028 595552722
196175170 527945575
27547593 587683523
14444526 770404058
274108450 587827818
3256854 821102252
119168915 647552294
48187622 582057336
220387103 735988881
12809831 394871500
40742570 840733521
340802166 351023707
118688558 799462916
14397100 788215726
276854609 481581480
209569493 914654785
270297495 421447408
259699984 490717875
205512417 423507377
147364504 431281929
75939610 823516905
224006470 943630279
52769577 937941982
100768660 945484225
79271433 853082332
192186925 895489832
170243770 996830455
131989526 998049494
796050070 942122937
163186725 666127761
607997372 809176610
113919198 620085517
159829017 895770909
20592947 634059922
152704034 877627424
63909242 423633665
18463577 787069006
113829237 501295773
67276163 471937474
145083396 926299751
7820839 419610540
5159333 825798026
139236566 839423305
36913414 426311768
283046545 923481863
12208638 767881644
37811084 993216268
80224920 434062524
247154352 699713741
186051587 709350535
280577549 578532819
164902723 709385514
183107522 534918846
269039008 546165000
75169545 838136553
175370658 777507425
126496595 858330186
57468107 747425756
54861145 543273026
117726444 761534087
313625749 358319970
227507507 800730886
129235944 897243459
223830151 659161186
168099374 717936244
19628409 736385191
85427946 728392650
83784330 789355194
74871840 560738009
228990944 854146122
41873904 627203125
46911518 426264783
7173785 547964954
189836499 580858430
92630430 870591982
349664725 950582222
226296953 686567714
45181420 795895558
67289927 868022903
114011574 416954652
165588807 851469464
144024452 725147731
6713499 814127682
1411066 705034089
164139937 543716320
256482211 904746977
36940118 878384653
109834872 796896256
109885030 933772707
7060089 745031204
176817358 653221070
80110355 828926107
38317376 477115775
244695675 579872979
127952956 692514589
212641184 918664155
72268024 740406449
255226944 492751192
162798631 713018095
152706391 613562268
78114403 692683110
44685792 506914974
52114435 411754859
32660107 952078145
124453043 586898078
191025833 616679356
74653871 563341962
90639818 874262488
169443909 397787874
59502871 553805251
16600842 778788185
244906915 395554601
10453081 541369599
220447833 487900859
258031885 656571486
25943880 808523206
179522701 564980058
74067896 525262171
102752291 423051045
740739325 819779651
24557378 676499278
267804716 487247244
42853009 639888370
101165501 491956933
215855921 984959369
45682136 678240324
235651564 755784914
137555874 988892399
102419674 546859580
80579621 414753792
62971181 789828692
161256288 977348136
48863190 988864417
182359585 427041087
220674757 427838402
96449494 842221947
62813609 870505035
91787484 999812066
158377651 901502038
81427708 746332501
93462632 715405155
105847570 816872257
12794699 970545362
35197117 694488395
227115102 875136252
132660580 784742203
26909750 565994334
105378512 905667628
116526944 504969682
66616567 644869227
21607566 684764154
69905837 658124420
30220672 453401255
248687552 393011351
138175423 670420318
63770280 687983039
21004169 554510601
245521579 575245382
93727311 564301031
188847748 489136793
111008695 722921796
72545925 916137471
257790615 481122103
109664024 442084944
191210588 651682769
81604369 705827438
101373023 518934234
44640491 814224367
263914621 785925665
157376250 915455763
233245022 757501595
161948037 861128088
84447414 430021565
125153799 709792273
5205024 901863130
89970728 708961022
37659006 913173593
116400220 734204771
215936939 724272262
20111380 831626417
70529657 832330952
147256314 995287039
161943319 748802631
212518773 867938756
283021542 430814594
242223903 462290037
63609020 493017428
57915243 745647045
283167447 941439099
116380245 935015614
15376145 498022042
38378673 925312462
124215410 597854231
208701557 702729642
263675075 668875735
191013720 691626274
237137637 779622341
19718927 591827869
42198451 636202413
191448406 983287912
239733475 455123481
1782401 420855093
52993785 724296381
212948682 701472532
232444967 804784404
78155848 399479450
88435930 863118841
176347446 600290794
76280962 495587778
17066680 758470171
163781443 941565110
205271430 980945050
49531573 727894804
124616822 588077694
281171549 486421314
107461606 509821922
247507933 791237388
255928426 673605641
117864178 826397951
125911209 782705822
165949336 545077959
70348574 492366032
29718133 622024543
279481631 666697927
160225414 579681655
113258823 930808050
154986515 586023783
158576128 873622356
279970243 576142585
209204679 793748705
51278717 771076146
196351706 501726256
92167739 936259501
88905281 659082324
276283520 534971110
26576770 856252262
99139260 701835247
719724640 829217030
14387180 609434076
129074222 843934967
54231736 688034174
58046243 688434403
44671852 609908324
265934765 676382478
45022990 870836399
224318414 620485205
194581985 455213868
200899704 798959179
4220777 750044556
278943386 952828231
243674083 492863916
30965493 753677966
9754121 429525027
221327642 581244085
26201311 425381987
203813686 743304830
277829990 856680708
7637858 554645938
65830193 744112573
83209180 570860205
75462317 530042368
26308611 937442591
184623572 501228501
32342484 864362982
211136713 403579643
615910110 833607184
44007557 546320747
210905569 972712895
252449887 909422994
265124218 584050496
144747820 918725305
273745123 708217917
52308962 902152017
39460738 587267699
34127574 448079520
32130016 646450315
96929755 476519280
14006194 396242463
52418261 876451997
104619734 775505427
64508433 820881868
98116402 582634434
174278703 626249205
28796005 687803813
136570585 439698553
521681543 774455766
233797803 947501306
109193001 654722958
251738339 951622189
257743066 801670748
245286381 831263115
56164408 667825869
175023751 420625476
135385826 618389542
274880243 956474589
157851180 811135387
219260184 734150558
210815513 767196814
162680749 756207156
148348755 735183448
79701556 587299553
38005186 493456525
74226744 966017415
262102548 552851000
257575440 498084524
540485104 827175249
162652183 875216928
155952738 750264516
50913901 726220509
2309082 586624754
159328281 560530893
55681876 511389156
252397737 581150113
245389454 725328091
3749903 706650747
26706243 460304681
44214471 640860464
59965546 547686925
63004011 537800353
74994426 942226605
206661484 541464783
136821085 578576128
244426782 820685930
44671601 767027836
191207771 978118218
184875027 450256769
147178439 497403243
199507379 881591454
164175269 435838375
85301160 985187403
212960812 939188182
232472058 919166579
47654793 873233788
199896419 521510493
154675192 470638789
103745148 898828361
238566349 714470084
94542766 923036027
69782522 391205915
142550628 582284030
69929718 822190542
89868328 767632733
41204759 517181463
124684646 957613343
79236039 815832649
252005861 562662401
86576565 818163243
3668687 961326940
75658761 818395523
42845998 428481824
144097284 633592859
98960665 814916544
78327789 612109105
198223836 651805658
115677102 744829603
25827779 525931901
64264282 456101612
105657713 849715784
108790285 569012480
76877 601975453
124788920 953840798
54685998 523066258
92078737 885762640
91729407 694676978
54117868 641491124
107771608 563322470
66677187 771072474
205273439 761277288
273491038 721548947
79849283 655834923
35928375 692185921
180180658 573065873
176753981 958558904
71075055 734459083
103120705 847403028
214750896 561041210
165797542 790039859
25757008 392590879
204171840 560358259
111699217 726208092
94615245 507715959
129643431 929593655
4142853 937373050
133281015 476630168
37265688 451508365
249249391 686607468
238294157 906782222
253363417 697586271
39898826 880712117
9598155 576481770
37710619 686204365
70293910 407357540
93561904 621019776
42809049 914743993
250072134 969724026
7548224 868189765
132559002 958704373
223456764 709520269
270421294 479676378
161190233 741682907
184143503 746853848
150839999 596213733
63932217 417348811
28347415 801897716
20436254 533020970
100190762 640705813
49009735 870449881
246947152 746692027
267633299 597375121
20354927 555871424
129932329 642445797
517493047 690078128
73755274 778077618
20413242 609647519
66893600 444255574
144925292 519226389
226399798 469830501
41682862 459789569
63858733 570068741
54099422 733581934
87952591 424108821
54702790 490273250
99920768 413914318
182899006 811041852
108348102 465855636
107323304 574419150
155110582 597582066
138993157 776645928
29021567 416862822
55984947 835306065
150570243 634790616
61543134 933417772
91100549 451345600
237279723 987785918
8073941 513386562
39140778 598783027
48890191 822205120
44280811 487120427
74227024 917322573
104828746 439245903
283720333 925485848
50914936 647085707
11056730 939461376
144475011 712342115
268265559 579727542
24312098 777376575
263711846 471325869
44740 413317214
117573069 516238992
156070055 983301508
95640115 493317150
4176940 476486582
20075321 570649321
51600157 487394891
60207940 974802941
277032064 503244043
160800578 764578001
188538605 586573142
211211893 461060548
138429458 949216864
54149192 584111713
101467258 556254933
161866907 762872826
42252616 661319446
227786221 876252587
167667659 617125975
92943543 534850662
165414826 753825413
237133417 764659380
122325346 855328541
266742411 414861826
86102615 802713911
218031940 859421192
190593273 798542962
254545840 964870991
241411556 767335729
278687225 853707044
248539176 904942350
142812256 938848174
43023557 631603720
198780062 636628402
271380186 957379580
163305335 687259499
176404252 711003718
198279033 870456091
155022172 799765779
171950929 479597069
121674487 413943447
58016758 851831903
228035374 565655070
115964732 504004597
133586344 733935488
77243402 680348474
137255389 780434810
110200830 849800768
4002149 692620369
112832128 760165590
243096509 916090440
264666996 860609790
20745925 842652393
47412872 486967218
40570693 839465389
48112389 655619712
117234062 992385151
110854461 595645242
96447347 848425479
130176171 861035844
245086050 467683568
65550958 538631074
63255302 886537630
4946097 863981390
130541498 460213453
105363462 841299699
39563697 758820676
356154820 537697080
93570893 807209488
14281735 769388852
95246808 765740987
142523036 608042588
237422640 626320487
282398613 827580978
17867326 637525610
165355282 944027403
112708591 447753894
143203624 648028474
628573139 861093640
90816305 664503428
82430832 741554421
66205069 492382310
285540943 662380639
58807498 652009346
185215714 573927237
132195588 400708072
490466 973970421
279449231 786900733
230054898 967878708
172360764 855585917
265867961 402415661
20664957 529990284
75640938 861364705
198240829 600333702
181240709 874221805
197084612 779178172
145489787 940845009
4930518 419203102
32560351 410968019
758049724 943997675
65322349 620670813
211843199 503879250
58774360 980185609
156646278 818928024
117785460 612132010
247449832 908068897
128790178 839653938
174904170 969183429
145675494 486436967
83024872 566243232
210430699 502102206
239640727 829636288
225898849 675977047
197118700 591344838
202133581 632210821
118647788 664188685
188539162 585074160
113567558 795647779
152923994 640391584
125118757 906434145
271276984 931085584
24356798 756659460
64021358 449718178
215559097 544651129
160130110 747873558
147399788 394821887
88334224 889095770
286263250 496897846
224352097 791645328
8719518 659039751
244538601 903543775
171225547 468890697
86255615 862092420
284101660 851704187
117087370 955561012
54823133 570186520
261445667 597482823
225349915 689866014
195485046 667519347
145613069 814702582
251810775 712112442
41637720 845652656
99055753 636190600
63285655 747765008
57216875 535454124
262856657 309027650
39139244 763325564
227250646 710358470
115651079 864366632
128840463 900860046
44415630 827560831
195125294 813580820
70308523 930045985
26709815 550563138
1569365 579999488
63887006 973461980
79992230 438609379
73709597 992535490
111569655 433779355
164426016 677085754
6967275 880700110
273287683 937961998
93708317 596311219
62646648 435865153
62185042 764540710
280055089 851829989
42418776 827740077
88901470 868994854
77673078 866642092
171816799 602837268
116623585 520454713
214682942 680727032
286115321 721045501
176399120 770561253
27554287 653495196
138516581 522222702
65592095 887703100
16110819 471715263
4612978 871121643
53703527 884683616
119805384 632389705
44764029 916129039
65867444 747536499
226339241 526864854
144802195 837404377
108199583 628140127
89644021 997377652
248655315 625415073
106071551 454291193
191946821 781211493
206884303 214345608
236007243 899021638
44886135 440446428
253596597 649183576
235597318 652600476
224624212 511446879
53469227 431508515
133409286 816560432
181612815 586456219
196638464 827251186
162475241 871370825
235334055 474209213
22982820 620865535
278330866 466225898
33909083 715064859
268998483 939453259
257239494 759511912
161336919 574681901
128150568 909843635
195350037 645313477
111392667 391711953
205598334 867845292
127622204 485422974
150697045 494273714
61728697 659934804
91199487 562433015
145754787 459385702
104699178 684034430
134085270 816357120
60585424 704778160
9683727 541085627
273009913 891806516
283141755 563045360
64893360 960184152
20002087 845223008
60002176 942376389
108585370 849480814
136767650 874251155
247167304 566431295
42446815 780765536
110929702 822891346
14390845 935545872
134596954 517278309
206476356 609309772
190302330 964438997
120908547 908343644
117041935 655827989
279453265 767439700
41324453 890296225
110219003 567564870
65560569 866495655
238634074 990670005
249201462 936186619
62168431 714458996
69301013 451949246
170961252 413489054
221437362 894579471
20726083 462556410
9176854 412897376
69842831 916297919
280175330 683129009
169210035 425867209
43143801 587607904
228055866 895059934
174403307 994964318
134588170 872899301
156765044 734457124
129093658 623112656
27876881 994837441
18863357 620749989
8011443 891318201
286414521 422219358
51853543 606698714
214945436 999817460
90027708 766763096
240029436 658716651
67155843 877210261
43615437 554802855
174127363 773525070
180844277 711306202
13726827 661500215
43052839 965347606
139955704 919716952
251714986 820047201
120155758 934203970
115241691 907075990
261614275 846622535
272701363 882604785
60675454 779588611
182045049 494686578
218955450 949165335
134363341 916918979
166405077 574512137
72258635 804457487
588107544 778230513
125433442 742145878
174834725 409656287
152067479 555212452
269652353 923942519
145061933 952953571
113596368 888843966
104775250 606320680
256742971 893498800
15380143 478693843
90937110 810155545
230262267 432311735
241856811 544037365
2874396 586331954
112684640 615504328
92470284 805534261
152106963 885596315
84744726 922261603
123800327 502264753
272816995 525091679
244672615 818752877
132780668 494077407
152128020 846638847
42334898 591952646
8935131 405889297
167045467 679713026
108669468 984339739
171733789 483061516
44795195 728525018
51073388 718268870
114060421 574848198
188576849 756687814
47896102 945018746
161487703 871333767
12643281 850683376
112271092 407181050
112858237 900315358
68046234 851552928
2992899 831690621
206614621 770466535
66523816 520236880
261665763 788692938
37684211 670362901
164145617 916213964
197666213 991166769
15910800 458457544
278909551 554954613
136073929 788914634
64172793 528438443
152463676 821865419
195341371 677644957
89740540 809999454
223147998 582602343
195601652 586446689
61975206 423606545
74472415 633143938
277125731 541829617
19686273 428509853
211062480 740621829
44591135 880870574
275216542 605464473
123780294 599646246
257499679 781775666
153775055 558751952
177003215 869213172
132398917 504488646
66919959 579532499
52743084 606453327
238853895 533181578
145521897 420522898
102024563 954061602
132040284 741483918
267934163 471100954
30382292 495370868
262250397 575572617
146827695 989447249
183367258 523170387
262130822 477807395
55093325 524381218
53380011 436867000
61246620 781309737
82119469 489424548
8609482 498793522
88316872 639967921
269456095 488697758
20858434 768340687
143668218 947886762
143368756 740200031
25605867 764224163
284574101 955973490
120035926 594542091
73989677 694238833
213728641 645909006
14699831 795931507
182618356 409073362
28592182 570807248
89816048 776256649
91893187 728832945
54737702 849356472
155400156 702429458
30657383 691027623
144092589 430050204
132479661 891325267
142629874 686602199
45054539 498860440
36785998 96197619
22155919 500504734
109575261 636993236
184764558 425903417
86551338 687154795
160138997 548873813
358029954 797370252
200107510 740915046
85171415 884468880
164403546 583289013
140810472 469122475
251354051 832921351
54724193 768925401
64049462 845256868
130927711 491617974
237028436 527112377
222774108 933834520
272289658 947751585
78724206 974476304
149123685 839370152
99638886 730045248
242484611 466673477
142249841 577196661
90103992 827090621
124640507 734340114
26295049 669697310
127086867 406324155
41737653 809218743
272964134 715489386
95770644 469274165
43367005 788928182
282507324 849154251
204622155 818417210
145942034 424966757
31496519 807783349
13935773 842334137
168036330 435619807
109191603 654806734
130267974 796571158
211309864 969675906
165109697 486119339
254311410 639380419
258769895 454791473
186572641 616722965
81836676 738339764
214662089 515854122
60578743 431079766
7379223 475449704
40011706 657684136
36937213 491343416
22277229 451747422
223447791 857328567
86498826 612318345
96025221 816303057
61767642 765801641
189128677 523503484
163863380 974954952
241153040 468636521
80954865 990712692
82878881 544643711
207844663 404434954
176786543 495589802
250186013 681102024
162418820 712494230
264546790 912062395
258884408 981884730
72530366 774847217
85878421 815649154
120930222 654595804
215168971 812888434
148988682 549278938
26009124 649514462
170250280 869250687
5488531 886355434
94377018 653078813
144993728 554589108
136802767 810294177
75848780 812670011
47851633 600423296
20115081 900083801
43857431 960733673
273683341 669532420
218738916 681526146
442135171 574414318
210374874 443915855
90644858 701724018
203691598 702156169
69511418 741475363
266106801 431792111
88937499 496051586
189238131 500747245
207517357 994572852
5200668 815352172
197712214 656556763
18858305 943931130
188654460 764124339
18254508 767909992
64973311 713579896
9592521 25347004
150319173 875423431
169799447 809427635
146824603 823311574
33242978 615225088
259860895 696871119
86240652 394112827
50739577 497506252
186724548 680202118
213399211 622433724
117148514 423332745
88503363 630935391
250684374 560227561
102828743 712973673
117728761 964829349
130401627 583533811
25475937 501431804
125963640 825508746
93246693 452190719
192047428 416976155
47804947 472514880
192821272 862516163
193313200 611766267
45218770 944619179
11501379 542887765
18727993 469082924
143286790 799388696
17018822 768808899
17685990 62237591
19947070 730020389
51619664 547794249
276879460 866311765
139756491 865814473
48102438 475590268
174138138 840748454
69162540 725899174
111205960 513501381
41812705 871549983
382517527 543280199
278055450 699864330
200512352 791716371
235242271 574303588
225381398 751416878
157802044 823804084
246141776 974616410
53518939 996768297
28962969 654339862
268478887 408421157
75094696 782065338
230024044 458180281
231536125 929885192
72265771 989475871
184486342 259270441
265206259 498711415
142096852 978109681
18463569 576768895
126560718 460822331
37591226 955837584
260228374 397200791
285987333 972258914
58762499 680728760
130566250 140353347
75723409 475860517
36300017 707073891
3016108 514931757
213559830 627445400
6066294 992782247
21633259 455065021
205349723 862699832
65391956 417804631
169180164 920923043
49087001 530783636
240213197 644018699
26940589 854248977
232123251 929368459
89354264 874245567
180323908 717042634
267909320 528994447
265461915 497643280
99849462 438662972
283475974 546097728
29116250 501943015
192390276 925756112
134514358 605877756
122542643 730734570
176818333 450207081
56084837 500047798
235664949 462918783
17574990 939134532
163010340 879100834
231664983 485696757
190016846 511635750
2351442 980213166
88221965 966396896
234783240 834126905
266554989 621605858
133241607 464545447
283458695 458121394
71513868 850893441
267497089 743646491
142827324 557788963
261198756 895857658
104226592 846958449
242010580 862209451
38278527 580082711
77636037 416290613
247134317 782124903
250266418 877527795
39412924 719317034
208510020 877373518
87735167 701334453
190225524 771492847
198442031 811531626
264273424 525652440
81236709 612978921
236988119 749928399
96003474 925971164
182658533 514396450
36837394 396346763
26943073 423490358
202948454 482891205
32689596 459459727
176234524 546894749
170072788 734605660
15081117 955829693
104766197 939563187
72201243 989972144
251539265 491231798
1070424 711551115
209433095 451541729
243621268 941574402
9204139 495160532
285322552 602677644
202956849 677032366
269357308 908533912
148670907 791150311
155540099 766004128
97532642 892227762
163607538 807301377
73179993 649589378
807350000 866137189
157139890 970957537
190038274 862805011
97522290 926981753
90244634 593166522
161745610 570512779
163462449 423749056
558249736 763610867
45248005 402883601
4032898 804473966
112688950 980641752
256907159 767559404
40995759 506694574
111037577 778198350
121537572 451206905
262751006 462524879
44148179 842331366
149997027 959851087
255998226 818118013
241376517 789738156
31157704 400569186
133767190 910989068
160754930 774084948
788122891 839919064
139208843 723704273
258760667 407621674
37953015 629896657
35678728 841717332
103346955 648315460
123478155 452309322
171786760 463315510
51800589 629038294
69286810 877885773
140067417 988945480
35589530 653739708
117055217 646726099
59449539 691546471
173101116 797017275
195993984 924704218
143504843 600308538
22588145 710960171
125710651 604816046
37266570 808841577
116286859 529118029
224595008 863724111
163940501 812498173
37697853 868418635
85800720 711805194
35340988 861971420
163020392 832330873
411733190 972181721
248102750 777044016
132222866 856562564
249097072 938062205
100952547 755926000
274964334 754041645
142839646 583328847
189886843 529635911
144577104 420959122
64710394 513651112
60295863 759371833
61848611 949068314
238376212 620149334
80990606 938503160
100236596 738950780
821764437 923068042
121441905 539257287
125160973 631649782
149121904 741564034
237833450 597159023
105492005 481764957
74441260 518939413
56319511 455499103
244777988 884663188
152251790 501825077
144294188 603932976
11130644 969097129
260302848 551192579
22248908 724175458
72295265 904603610
274054807 443039711
241936115 669109714
191172058 938536484
1499836 549675358
35806519 449198053
20425273 110897286
120286957 901985807
199632392 874541419
429431727 538789762
271721778 593813641
95599307 955899488
265769665 927224882
148247078 756904208
205336959 575224604
58629368 821884156
183428372 586232464
4032819 879613692
141475793 463253507
99972109 431157043
170017804 763973271
220202391 515789783
10238970 703863790
239348056 985211962
67338163 616790382
147939712 516147833
27105702 880979554
273551100 876631872
111600482 581518516
183426432 906926316
14260238 469940631
83291627 793111547
178014710 908226335
38000149 684031729
201286298 728854429
6004562 476155770
269498449 647851954
113545616 922021314
117951571 814158158
208889223 525875925
199679216 540452816
61881562 821879278
157173275 659752255
124160135 834965697
255361616 541856864
97518190 768057914
283005092 495805453
73783452 967153480
56223024 890759304
64997063 924713231
36749619 422378760
200005811 443785083
66580859 598267718
213163857 934157621
187793783 586700659
28258571 804158972
215579388 453123479
104581393 992999144
208712684 876060618
173101182 757343124
95631527 692402406
248049193 442856748
122492339 975606372
82373910 737980162
3780061 595000650
132312414 680695071
172254385 474759735
65256248 731779413
19424607 695319199
154110257 457538708
59860643 624884658
143070848 715816038
64026080 510913447
29873010 832102014
512797085 857256617
111884911 554717757
81901717 983825869
76878893 798090652
183370560 641859545
104717971 824327125
296026141 951657719
293842139 833544725
9277879 507718955
12966323 713512426
175252551 910667378
81224090 991826274
168377646 462091900
169071981 922804847
90943924 519841133
225125726 969009069
172342598 957710199
22267647 749091946
6845643 671463554
43821038 546039301
285862065 672786689
244643715 728125190
213704020 818421170
100833223 467085259
175306896 666212086
147294812 532907223
102285230 627673756
40870459 799282796
50698782 567347663
194725106 853008215
149605179 774282754
119170790 665078165
421298025 861888586
210879913 471996806
429236248 619446586
53069080 767704829
591763 882799905
73921886 429828011
50049191 425217872
79817853 523278585
107698339 842550991
72578112 606823058
146237945 991295305
269029528 433401521
106435308 889276926
267034598 460562630
254500810 637153281
37677625 631280673
48694483 889444039
53974507 682789422
191939586 773199033
86278014 697717320
74632184 812904434
137382187 692136096
5200260 564953021
176941337 597543631
109646713 842945586
162626353 600868719
17437265 766333601
269960296 795960125
268531198 409447242
128049922 906217636
104757770 684695199
187013795 723269413
31802802 581671888
119279542 584112561
87074744 475608681
162544430 863411642
21196829 706307435
141905862 918127790
8172439 461098185
98262803 997570388
138523781 774214164
116325787 433777186
127759023 470290272
139534134 792421543
75424760 547600574
101922152 509900735
277404564 813470397
90491811 417671879
282186784 606608777
227009493 784470779
42155184 495538733
15530657 550233935
62091056 984132675
64732683 975011404
175204586 527624820
137024317 461312105
258238010 918697386
284575871 353780852
211582188 947193981
102027746 656260416
238379868 939298823
550841846 926098363
251544734 986259392
200991311 689838702
105851162 984060062
55313388 455748028
20781301 679606340
53462331 890159329
127454211 401774803
6156549 913229188
109794694 940946397
36998226 879278017
80560061 929446113
167115903 770526074
236083025 705630782
67294705 533277952
179591910 867535369
284709566 672895541
51511376 676415997
201411035 550641200
26931373 978535797
210442084 823103094
53559774 881906795
74934274 940280498
59953153 748922928
51011476 911325277
245933218 865623567
90711853 984533907
135533216 881558546
151262196 468519223
5843832 549014162
285543138 758946008
190584546 808476268
41507967 391368645
100405300 657861515
269323874 904962746
55463495 545204979
46697203 984942151
451667789 656556055
71988221 908384712
239477712 801432815
121892774 747584711
80842345 477891148
118702165 484446026
122416357 516237892
97416444 999710372
52176001 966171754
261737558 417057885
54004928 897362628
50488643 776657920
135192713 846461876
205066411 762644611
559968168 707989807
185264410 538633864
267688678 449850052
23374880 755532274
138197399 673759137
177616260 786251749
214335355 928835073
138597970 680875358
88569498 852043683
575975875 719727450
274862422 489407070
93310135 488671371
53577700 409423824
95883548 865235913
202389906 406122870
254585050 477252327
104647473 579438826
56845000 646520559
67278617 802351953
71251931 793870341
77553199 400039492
5335751 869585331
191529409 394783196
35985945 527177149
195314380 443010607
70047816 582554287
35809754 618043594
103439171 979826012
69728030 967390671
35272613 405145457
111830819 501973716
53934844 885176433
21387867 394929858
59665315 133218685
27541379 430782761
164211247 399891554
4813715 638868564
59730084 771443455
83357825 676076738
265818181 940687891
167461653 813526990
57767326 414733524
277884361 747929337
56689779 846829860
132485191 947624563
70643755 684275684
126400015 237218879
126757627 850254968
92369474 864265269
168822728 438999004
86996599 835063650
1424885 623829094
53397508 844122965
135959449 767452811
133453667 452936948
62484796 624894866
141644980 813432016
93597974 762218051
3697205 688610564
264537423 824698460
15686649 879428837
228912041 409624927
248761137 788451762
55367260 729398486
23017514 924725493
196217233 960478353
266164519 821024828
64599061 577827001
204902590 925733043
266091448 835303553
102947427 441223396
118653434 532214138
277018139 882220266
112784361 655712364
40442854 906125536
12761084 906895889
184504057 948131560
170136679 614800235
30180779 513272913
71414481 510232075
116506952 463454012
163551638 799754216
139777693 499887168
10119242 580715386
52720301 963706632
70334559 732342675
173456149 654471815
273665771 553317202
124319080 833818533
15366188 743375262
220778135 536781526
138660460 408852242
267150625 871622452
112528266 767718066
809667307 935915588
245120939 434047046
102478608 873253940
83110153 705787462
188862792 504800398
71581400 879600576
198364450 504484298
14800315 866265191
82810226 559040718
291157645 304123855
112194091 672072132
587800532 938372100
143332113 810533550
180981263 939152057
34460930 519396284
102998511 797605618
73475276 946141872
131504523 675173190
61638859 993075709
251094398 709232167
44563902 757274608
175964251 487657586
91485963 403020486
237665071 446727767
222592366 416040506
25831466 748380057
37369922 696806676
100002876 625756023
67733841 673232476
274128884 977606892
231558290 915886367
143132234 781809570
185663835 948170350
228476242 638614095
55875212 769235912
1312981 548480083
48261431 406680272
229771747 943265302
28248130 875310737
223120916 873758087
66509753 601247524
91954446 525745974
181661461 392699094
124393177 874648933
148101300 540226542
239275953 867727033
129358277 835754879
175625204 885770299
242394391 451131042
121377458 865620881
151665644 765029701
18766257 997384148
94681869 974775532
278422925 713270600
61375145 545258966
138981997 620886230
231477109 580183894
201070123 725437585
13078388 879895797
130538358 502486200
242421773 860198239
143216841 570231331
18073046 601844863
183736003 503169361
167301697 646435467
190435100 751522818
194255336 956271467
279809231 803376445
91017242 889651757
146661860 634648608
268094523 547489763
58244123 828812486
235307763 935910290
97761019 431015816
87677223 510042980
69733233 655121440
143141187 737914615
136567700 840392522
126050379 412014033
46443764 430854962
269865402 534205953
250716227 910058970
38279354 519589074
163052073 725984818
696049404 847178753
155138875 408971360
93734014 773712601
200168235 665587568
45572461 592915008
262925297 537408381
236378008 770321996
87953644 723399615
121630098 903297995
72889675 689295826
72661401 864785876
239038335 731410575
94179149 422574403
769657128 931998519
251213713 475616320
624853399 625182803
31290130 840432447
255589049 747224030
238186222 492526415
39635483 818640699
1492680 481034382
92138733 749391926
271968672 821328640
185196589 436868580
261625889 606809480
111710212 984979170
260414650 779420786
233522602 400444660
10095106 495148490
74615679 794385211
86456360 917157456
131201560 787165598
206910959 436983688
82250275 491780584
205236945 931566254
124058782 407901763
41472816 611303272
230653204 642925626
25319304 466555545
279591515 879638788
252854446 846298379
120425091 599541067
66096611 609244255
455542634 595220689
21411449 549792850
24715456 636641215
31410558 985840505
158054814 557085724
61414142 558624760
61091829 874238937
227213118 423165204
153532648 660665045
143951049 814605647
60063968 853777286
199422961 659533860
49341403 617353060
112913773 839032619
23882162 460264607
284412813 719781814
165598197 929561245
281775854 394779673
17796226 623827071
240987769 411462139
76939182 697984997
92764670 504386502
15964004 834675971
229861617 687962082
125642160 587775477
134222149 425227579
219916185 743069658
84320146 629224556
96205335 396863007
75124215 451533439
133411801 763072790
24124541 868178110
284138142 480862252
10258755 536532975
81572801 858921059
142162570 712629514
279389418 697942263
3236209 751307536
233600048 860362089
126260182 707246992
49119574 760757901
157911821 834282959
53306527 446926037
200290252 953539140
125670355 437217405
11468096 246011023
216034597 834738069
281664105 780006992
219812135 652074718
13599658 488675110
156276737 661639320
228887603 750041670
166201355 536378550
67337077 890825004
150502704 551122701
63139314 743090691
10654434 635683396
211342314 814369707
793288423 964993794
122329229 799769172
26588057 695367416
195336017 541856705
96199993 311017891
125387598 497241896
125052452 729670020
6217455 578245993
83363308 408449680
258850939 548608201
107474539 981630074
98137415 455995043
98996570 638298319
210528400 654221994
64724053 440168663
77877774 513317846
129333899 803045238
97059098 559690040
201332639 564570674
258961362 811460698
217109905 693324629
224326027 839086856
247211093 829335836
266679284 530659615
78346305 402267688
45831943 719134471
45079305 970210459
271732829 804577962
188968139 432834695
191128474 788044712
203445476 719720215
266509829 525597099
172869700 842955368
204333952 541224163
233467435 639480187
146363755 391429544
36418597 975757382
163739345 938129110
141512229 908152757
141582267 866920359
260660873 551581581
129073791 657972433
149968971 929193237
150066285 563258398
20192651 433876034
25378812 903175263
97270913 465624968
281907939 965664346
62421890 431876909
15296280 576094450
27258323 716660653
89034957 640159034
178987602 512358183
264094540 525843070
64755199 546002478
44697965 973014692
126283914 585029612
132347933 649991774
112949988 449549956
95894271 921843425
150037199 976017940
151301733 549018965
90667890 733448006
230528924 624588017
107908210 512705652
206039089 934213869
40293778 676586864
160269801 830017830
44819980 910433196
169760113 549941134
256549838 872127422
75651767 867860761
253094634 572518612
76460234 490606847
60798614 602841049
213353903 988966732
126325868 581909966
164074667 902563697
60112815 965748963
31827443 752711903
148607845 639062564
27376605 752355384
98036370 606083316
193214353 421276179
110886458 587841038
54856297 927452050
37792301 531669233
729015497 887667629
216323087 428442500
234140537 904998222
70570762 805319394
263935985 733174338
139746018 439874381
33228206 722330447
38947850 620151554
82365604 544616766
19137521 723871277
71626317 676808150
116682531 849232191
78681688 879270409
90946791 653382614
274833242 755074742
45620332 943507633
85197343 757856790
39488122 891219454
139352343 500126203
23544172 544323727
124081757 682880078
141273306 492036923
146045877 412868032
78871111 879425798
154433276 926969275
142015318 795340346
150843871 574581355
120498582 759733468
22673469 806635262
118867990 967010618
15237408 456466156
65215257 832261556
185050812 426790492
192660134 999780687
77236101 929540842
83007590 903349925
83351918 576757471
239064587 436973358
210359286 908229645
152910094 860706473
115215214 695098062
102545519 588670563
411444077 546316971
92941548 849277787
132309955 654624295
33104604 710633910
236608429 444199051
160190538 773372682
211044159 535765511
103787501 652208155
204017070 479660403
6645955 528476329
276986810 552360574
104576468 629448142
74096451 437677365
120008061 597453001
112239523 591058000
128007649 674191507
34442600 487060835
28164818 602792388
137330607 475772633
74347039 779976965
255663676 849029040
97058384 400136345
223184699 691642860
210774677 633340876
21836565 792657587
208725606 673670685
186614356 920854434
109962145 972799912
126955368 643800411
148107434 464579089
20509003 658477724
136835598 803462429
14745852 532091520
14787995 627758178
30663080 721411240
126701157 502526448
67480529 774419982
146851875 566648762
159481804 771022445
126065244 973352131
235783257 725496899
