227 196
26 224
17 168
12 204
5 225
5 260
224 246
14 268
4 299
42 183
6 189
42 286
23 250
27 217
44 228
38 282
2 239
2 233
22 189
31 228
4 175
16 252
3 279
43 161
17 285
42 260
22 283
39 191
15 199
15 217
16 176
42 258
3 214
36 197
2 113
30 212
8 53
12 209
141 142
12 263
44 295
13 197
31 290
5 256
30 273
8 206
15 222
15 187
33 218
39 279
8 196
13 210
108 300
23 263
33 189
24 224
19 171
107 115
19 162
44 267
36 237
42 208
20 233
15 258
22 252
33 190
42 209
34 290
12 175
15 216
56 103
16 178
128 229
32 270
36 206
29 163
11 199
21 192
42 193
36 172
22 293
9 203
36 203
44 162
38 289
43 295
10 169
15 207
26 199
25 264
16 236
3 285
10 181
10 251
2 216
40 298
17 222
5 273
119 152
3 273
26 173
2 290
28 267
35 217
3 293
44 254
10 252
34 195
33 231
66 168
24 232
33 165
39 217
24 211
12 189
33 284
29 166
5 270
15 255
16 218
28 210
21 288
17 253
33 196
20 279
21 223
19 195
18 232
106 296
8 261
36 192
36 205
14 287
42 290
21 255
31 188
122 188
9 161
36 272
23 276
26 179
59 122
31 294
12 206
23 217
13 250
226 235
17 251
18 287
20 188
2 229
25 215
15 77
3 214
1 298
43 205
6 46
43 237
154 298
97 248
38 167
20 275
10 189
22 180
30 197
5 173
44 170
31 257
10 270
17 179
85 274
11 184
16 232
271 292
283 291
18 205
26 270
1 277
12 246
30 190
23 249
7 193
32 242
28 281
28 299
25 181
25 293
9 282
1 165
40 247
27 178
9 265
21 234
41 283
6 211
11 282
42 263
22 242
270 285
39 229
20 273
63 106
2 263
204 233
3 296
15 171
9 227
14 257
17 246
44 201
42 253
83 254
10 277
19 256
44 208
7 286
44 231
38 199
33 206
36 260
44 233
3 182
31 222
205 220
44 230
30 276
37 232
29 232
