176 150
40 198
28 213
60 270
63 142
32 228
29 254
64 163
54 158
3 229
50 179
78 282
13 169
35 153
44 299
54 228
61 283
68 232
22 148
3 186
37 185
55 120
39 265
28 231
1 247
99 234
55 263
53 262
73 262
3 145
26 287
58 211
78 179
24 297
74 249
10 269
33 151
63 147
8 175
24 261
70 159
93 184
71 248
72 267
58 287
76 227
180 228
24 114
71 243
55 254
16 258
3 242
97 215
69 203
70 266
50 147
84 244
77 291
40 173
34 159
68 276
29 282
79 214
73 217
39 179
71 276
70 158
26 263
63 185
37 267
50 188
76 250
10 286
1 297
282 290
12 266
22 267
67 263
51 291
14 144
9 192
47 167
89 268
34 289
4 215
15 241
8 164
36 277
87 297
3 274
34 226
79 155
38 300
72 150
37 188
43 242
191 295
3 140
73 241
30 191
10 221
4 283
56 216
62 244
22 216
58 286
56 171
3 147
11 259
46 293
75 181
40 247
72 238
79 218
49 219
17 236
45 179
61 172
67 175
29 261
35 195
56 272
65 297
69 153
78 186
54 282
68 267
48 234
7 240
36 185
23 229
39 211
48 142
48 202
37 256
25 212
28 267
36 207
11 300
24 236
7 249
63 252
124 222
21 225
37 172
31 179
4 219
50 180
243 247
54 291
52 210
27 275
78 155
4 192
47 280
205 232
50 256
6 204
189 272
8 200
148 155
11 246
77 194
36 216
20 270
26 279
70 146
61 231
61 267
47 234
34 216
5 94
59 216
1 277
108 138
34 156
68 158
