196 140
51 283
191 282
215 273
184 277
50 270
64 142
148 278
170 272
122 293
27 51
179 270
162 295
166 289
101 244
6 232
108 285
109 254
159 259
224 298
94 276
39 251
185 293
58 287
3 252
9 256
82 277
212 289
56 183
247 280
80 177
21 93
219 274
56 223
188 271
141 284
32 288
21 128
112 264
61 292
54 252
215 296
203 285
71 267
53 167
182 299
33 283
2 39
22 278
21 299
67 247
71 244
212 270
170 297
216 295
122 278
42 273
183 252
235 236
59 291
121 239
82 214
8 256
153 298
40 290
178 299
186 266
60 196
75 291
98 288
153 256
53 116
157 285
152 290
114 280
148 279
178 263
144 254
86 225
101 292
164 247
82 175
79 270
194 300
208 294
78 153
79 283
16 291
67 298
158 267
107 291
23 54
199 281
125 236
58 64
92 133
169 173
57 253
84 262
66 257
46 255
15 256
74 139
92 243
70 209
139 268
102 116
13 65
70 298
213 285
50 251
49 269
45 280
198 265
13 299
109 284
158 250
214 259
196 298
160 276
139 246
204 249
140 279
39 299
24 253
217 247
169 297
95 288
73 260
79 203
154 244
18 266
150 223
54 293
30 231
190 284
115 219
214 272
145 246
198 258
132 256
162 300
10 96
51 269
121 246
155 268
37 285
84 195
97 271
200 288
85 279
45 212
215 245
185 276
65 285
106 198
39 94
211 259
75 236
38 268
75 288
146 248
185 277
34 280
153 256
59 289
168 245
101 281
55 274
221 249
21 271
3 40
90 295
29 246
67 245
157 271
46 187
90 267
2 163
196 264
168 294
174 295
69 281
185 257
29 247
143 264
215 288
218 300
163 251
38 284
159 296
190 273
67 289
134 285
222 259
193 278
157 236
