150 26
114 248
205 237
138 266
27 267
90 287
59 164
24 261
226 289
22 241
143 246
5 279
73 263
27 175
34 131
14 260
111 143
110 191
211 218
77 250
5 237
52 257
240 261
28 272
18 286
137 197
89 240
205 287
94 272
108 294
82 217
18 186
210 275
171 222
208 290
9 54
3 269
185 266
24 48
35 38
249 276
212 296
46 269
196 231
163 175
54 238
203 281
71 110
73 94
1 274
7 237
34 274
119 129
187 217
44 272
50 217
33 237
83 86
17 238
167 196
4 281
153 275
47 162
22 255
161 273
152 233
136 242
34 234
30 94
3 257
12 149
227 244
8 269
3 293
45 232
219 240
14 172
50 77
20 255
61 141
76 278
46 262
81 100
6 79
9 177
108 227
6 248
146 175
224 281
26 255
208 276
229 241
33 272
192 245
184 289
30 128
115 229
27 83
192 207
237 296
25 238
7 271
50 53
7 196
238 267
2 291
142 229
22 131
107 170
75 126
19 255
177 229
21 129
35 252
28 261
36 272
28 248
75 264
89 232
126 234
214 298
187 286
152 265
128 165
107 206
16 297
34 244
44 195
89 215
229 235
92 113
142 222
184 253
59 139
240 296
10 283
190 205
147 233
72 287
222 290
156 178
18 243
142 157
174 232
50 273
33 282
38 278
113 295
54 55
2 221
105 117
