112 104
40 222
61 222
48 286
20 257
99 222
103 159
101 129
59 292
110 203
76 242
103 234
20 281
85 242
27 135
14 179
1 141
65 204
66 277
119 199
7 222
91 159
94 207
107 150
106 224
104 145
104 222
23 157
97 149
99 239
34 213
56 190
57 285
33 258
67 279
72 143
91 179
32 200
80 255
97 276
88 145
93 180
107 265
109 186
66 253
9 272
70 198
120 150
96 171
57 288
30 258
72 215
119 188
35 218
32 264
36 161
89 265
18 139
171 279
103 252
65 236
117 289
27 186
100 297
79 135
45 158
93 151
13 189
106 241
69 198
115 133
71 198
95 260
98 212
108 286
115 187
1 276
107 212
120 206
1 132
107 233
73 227
89 172
17 161
2 253
56 246
34 176
30 148
64 279
28 185
30 237
97 218
117 220
43 268
44 199
45 215
63 276
24 284
70 152
116 235
82 268
41 217
87 287
43 168
17 138
106 142
59 62
23 206
38 245
59 199
119 146
109 242
200 250
