258 183
8 298
74 235
35 242
9 228
225 229
11 291
185 189
44 243
79 243
78 238
34 270
34 285
34 298
41 241
225 290
54 239
105 168
39 237
190 287
68 263
88 264
35 272
32 57
27 261
93 266
46 130
79 220
69 168
64 291
83 232
180 203
100 240
84 257
76 292
12 294
67 237
80 240
7 271
21 279
72 130
110 238
46 293
107 278
51 300
57 241
119 149
109 244
29 236
102 284
76 267
194 293
22 293
83 274
108 261
1 243
59 291
105 273
75 294
23 282
112 300
79 283
4 237
19 255
84 290
102 277
54 268
33 252
81 297
132 185
99 279
116 253
84 235
1 255
85 245
96 285
61 240
80 250
15 258
212 274
19 298
1 263
7 281
61 269
216 294
14 232
65 255
39 274
22 231
98 297
69 257
94 234
80 257
20 106
65 252
58 273
44 295
74 261
46 273
67 295
43 286
47 294
43 253
48 259
25 281
23 292
19 270
46 242
47 285
68 249
91 234
69 299
255 258
107 256
68 263
14 230
4 265
111 270
82 258
3 241
61 237
187 197
127 285
76 257
62 126
46 241
110 295
10 289
20 260
78 250
109 281
83 238
24 232
142 187
101 276
164 257
93 237
52 233
86 274
80 286
103 234
38 288
88 143
119 267
22 263
63 240
26 239
153 295
106 247
110 251
37 255
60 291
51 286
80 122
112 242
70 262
49 236
52 235
60 286
22 63
111 279
10 274
97 239
44 112
33 195
39 295
105 290
89 148
31 288
84 237
34 248
32 244
41 277
49 206
54 255
243 278
107 293
41 232
143 245
50 251
22 273
64 290
8 256
69 234
8 228
48 243
92 271
25 128
81 238
108 261
14 227
92 268
77 229
29 296
99 290
43 242
5 257
105 289
46 280
7 279
25 260
74 293
4 276
151 275
94 289
65 288
44 215
14 239
150 231
64 262
50 232
29 286
92 264
146 211
202 286
70 263
26 235
37 274
73 270
90 260
48 294
99 235
184 206
94 254
16 230
59 228
65 264
14 277
11 261
38 42
59 280
41 282
3 290
36 95
96 261
170 242
22 297
92 297
71 242
41 227
91 236
52 278
5 10
115 177
88 250
207 296
222 263
86 288
265 268
45 276
8 240
10 228
121 154
106 272
11 274
38 239
173 293
25 298
93 167
