2718 833
37481579 904647237
118913796 578323768
12146134 851745396
171484073 736758696
39982983 454858024
649291494 885025090
17962732 996802556
476553883 819740430
282199909 369053218
127114805 784007754
254078307 473195540
552049640 886667764
43614440 848869665
785702438 951968298
11253714 900841041
225748642 372048658
23139909 894392828
47878039 905396186
31171563 997080230
211322797 649649317
342741780 374658169
43928076 906201989
50246258 866498563
23774659 967292623
8191456 940139651
27326360 846250198
21858111 999886312
484967514 526352498
94516006 525812315
336256981 375977664
383989091 530594929
7475446 896000720
20029083 887719904
79155229 954144016
3121882 972027524
347648943 351618279
588532636 610907502
315807485 887323334
33308102 151422911
181133392 297446437
789744902 804317470
52932625 831514792
25677451 539664933
176548696 180004489
100002530 771159008
21620680 857598169
40186379 911856939
34076102 939689906
142889945 959270528
117309696 808435194
31301810 914452885
101768543 285081286
69017420 673393886
857093584 911948168
3884884 854169427
27700973 886619439
13277729 930666929
530469270 990495489
62517628 314585476
139323095 574955991
603189671 919300273
373233715 608363518
29895496 61662536
11194202 959110767
219582786 485240744
20437368 960182195
41266108 986439846
703464657 797496082
49217644 884143389
19087202 940092474
491631787 602845304
40398264 961517275
108847850 646692132
397989454 616815741
280564070 368956919
24773912 841377413
215661092 342811994
863329419 870904502
487720243 990338244
269056733 896476872
292894816 874342270
626486109 752595875
435211746 436981339
361260493 633831241
11913021 540422149
84531629 950161684
63996907 183819179
424863984 906217129
295782272 570275151
633075751 922268380
44611957 969461424
115316054 861848168
51549123 747426143
142706369 919302551
31216738 915951359
15258201 42616027
20123608 836831853
336914354 415940405
194138948 221724857
342535575 469565904
95441642 185208797
165807115 246785944
176318893 531857001
89223028 936846993
88541396 457151977
604762598 774318474
4961506 981015213
3427970 136757488
51852055 835728658
6677550 968892252
267828314 685701433
2526446 97821302
125298863 463627448
157894579 675866413
27378988 69113643
517603629 901491026
185107959 400339874
212339774 646391671
20506412 999443821
404893900 796687828
22215428 836253390
101053068 138757082
700972482 721559365
607486788 701646288
6890018 790102378
71024233 969032325
657802066 849209596
49887601 828908728
311858393 727574558
530696 994213100
32036318 925366475
114867128 841694398
46480683 118028575
40141834 876801043
148139352 890353483
32500698 673104720
255136908 545499053
1012835 873900433
953662232 970758261
68837233 643916908
153683175 947074190
274079352 999467918
41717788 885218269
9524787 988345215
761411482 922053842
13595364 950803689
21239751 930315579
44906328 964299253
511516693 653398996
37518789 911468224
22948133 502967049
143469440 290501244
50081281 902054650
21935734 201173131
40166450 938946662
21089861 869974777
101126723 460675434
68169655 629324538
111882290 177897185
167870015 181063409
26096754 987037594
595108323 822511300
9095205 707091703
15568082 911497901
489451937 534402747
7154304 879433902
141855340 599204277
111381888 218755625
329350384 477405026
52414980 252995946
33324942 591396190
278429820 381135248
151046321 732104139
718210422 744877354
631084616 712582113
18733380 953565289
16747046 845486902
3317771 868558124
772356361 936598382
598906653 644549745
359472850 392760251
723368941 790233498
20933067 930072437
133739949 329034189
50108664 765285080
13135320 836238764
114599962 825203410
15655779 879613328
213417810 967003362
546849635 622874791
37697716 246512541
46110795 375772615
20473854 917956707
82487149 172059285
380672832 564985258
16030465 951731903
586642555 937839129
75494075 334686616
34228294 966420724
498335620 939001119
507972893 831412640
303902503 900468974
76319849 326207451
114705859 365694432
876536671 919077375
508610249 973338699
22050901 424152770
21400893 884111294
815962453 866005334
264297060 739136296
45928649 992274329
40014095 969022505
52735613 983964428
63215763 93523138
20333498 841088193
391765323 841171527
746791882 813520933
506359479 802850258
47079288 976345725
43772067 922373755
96166828 510488463
866416965 957301912
247292873 248753586
7018305 865064025
15330367 932326556
89847264 574070720
703713499 735634156
110898427 938916846
178951196 264405954
609915316 681337765
558633384 713012071
31286988 950090904
126026274 979339428
55410224 901903420
574112979 872258169
236854631 312202628
49559486 966552714
34736615 865414072
835007376 963322500
34606870 890964074
181814045 843729095
632497719 897506978
350988951 979223107
47503990 952659008
316341557 430263581
217718981 557192319
131150532 746565496
17785995 946088857
545170705 605244484
34997993 939800945
15027840 839332750
292038059 983643462
188709044 920509215
621975394 859114370
415117903 543035486
303754496 690710104
130839740 429949232
599042779 998383931
24363909 936156435
443006675 596116366
492781738 933500376
465219473 519380740
91156861 703535668
746576299 988541883
39366963 855699586
8358018 234649031
293148324 372640369
270319369 486519035
718807526 723329164
13923601 730636237
135745820 825577406
23569091 989977547
155554779 576064975
75958455 442255946
22340682 850016449
41625058 959579212
215249470 826485061
34546788 957903605
539311097 739131557
710516874 733875731
619267040 925766343
127654361 631842327
50181338 144173049
484110184 687196003
43606318 926814213
553318099 763748452
27312960 982712507
904220 985080065
341104208 346965726
34885787 38902523
6589263 907794650
24551760 869010766
630513436 721271614
167132226 472580509
281138480 508236434
27386824 970520278
69948443 343333793
14649770 891230516
873684965 992118633
247272330 869313783
52661021 889144942
33349436 354510735
39123866 856978885
49395611 882462127
109514562 985011797
16653700 120627986
803621669 885432606
5551048 966822608
26665282 849037759
803214818 985216143
443732052 925631350
75717836 181834534
469652108 787126414
585042269 803803865
51840407 852063633
113733876 443273353
41995942 111698026
595431381 630293367
459100263 959834808
447935742 597404150
791039313 942535944
385809296 889344705
16471213 575951462
937724 345023492
251773109 689343469
279580973 635277301
31513374 901545450
118140612 218011246
336929002 832278023
408189746 595579592
785212519 799691517
86809736 269485629
299142798 506489491
111234618 637645003
96179255 209383040
119309381 381193494
135255295 730039244
73866704 472184297
414833618 482056450
26962788 951423957
38679087 850365082
476011478 792129269
342068221 597935402
34999998 896344925
822578671 875080553
21980605 495413486
285769918 709332094
32154107 183735479
18480027 904675157
28956841 861928421
93369115 845361876
22955822 407593168
17682076 924181227
18750168 905374564
202662082 779126445
570850970 802060132
29008881 482078579
98793364 118027272
231238200 926981589
23566458 922930089
51155897 833679262
591570177 934482162
109459514 794232258
29051506 999196123
3321842 831845963
391637849 471820508
667862556 923923354
512895175 873190331
650899060 956295976
33644829 998205674
3318282 940555520
49877731 888061383
204445659 504660456
252461612 647007056
64685787 201481870
171474790 838981012
911644903 915728657
14576056 913500052
598018933 691276417
666004682 993513884
373536921 440034802
2225415 864343667
5815507 977360399
210790141 255399137
431294170 524212042
920582946 954153604
196876631 885186359
124427478 698431870
82689430 141319040
686034358 832548280
14018284 394392740
451157 998238085
66395872 311657117
245156644 893128644
43792045 848964408
265564211 282870803
8966103 981044943
643424482 889766954
163055492 726007140
417922174 774728243
59487057 419292800
14648783 58119912
178872445 545268113
85552325 727675803
332534480 427624818
118579417 903416629
17312472 149282904
426917386 669029846
350071480 844839559
21372191 883881164
48892742 710533336
825124576 853820503
656090402 997835726
34125807 833115060
733221536 837832333
67647488 343861347
632142086 817056467
349003023 918258550
358825779 575092105
41427292 868689781
148439890 774648827
96367431 603168610
15127749 933433652
323027253 751429377
16536981 936231335
816579709 955093643
369526369 874109019
16441013 914397436
12627382 995685805
806762994 846832519
42191479 945986440
11190712 657626382
143007747 580778372
129104654 432803503
444760773 769729540
156737024 249785742
152329822 862360310
494698246 995155427
769048456 785318786
76890678 559818487
185244272 768974285
391220176 447345364
10640896 876943793
46400331 935657558
191114732 363093707
25269053 99130993
557281246 928818068
295555761 421375273
403385935 481816959
392639961 857581437
475305825 606570424
155667552 899587307
42959291 867256419
24378741 959977808
106829600 600598227
76644425 735927441
617493615 972120067
38702010 938994237
824543659 934361093
52359721 951623140
31186709 854188056
609337528 739011289
64362643 490803276
26932531 661324775
655424322 879721527
660898014 907927980
518717074 780313893
303391692 965698728
100134329 208267765
93007724 948508576
133204732 786690670
168753530 788629054
138338391 449921202
123661953 219988897
86045428 893500172
13387561 849604700
18210621 919653322
23585709 964056487
10069330 839526685
305905363 625233465
788519 791672518
31553643 235064943
85385136 572721150
700538940 873725487
77384996 95769624
113571390 851445547
15423995 223206658
42400433 878009676
48989217 904853803
284082118 930396204
45173172 881280892
26344723 923288404
11732475 985875147
39507273 927638614
52998302 910521457
14827614 873357924
39847578 937261864
42278269 121482294
127155187 651613752
402112511 917219784
810048517 826646621
33012688 990092231
856309730 977973095
25155603 879762538
498009718 971581776
34317708 671344175
26415402 835205032
37030010 863168279
399280217 877032142
41185427 929728747
614654614 834470408
30753479 965856516
131610607 757969978
145410571 562476427
290213647 419311099
23085578 995453546
61343902 926742458
452671436 624328546
25149036 955360502
80894427 167133539
26481622 910626851
51309523 966452019
14731832 957345301
666463101 888042419
49084735 974944313
25432574 899039825
594103646 947443920
202303690 950435606
422678676 795859257
70210603 595390661
14575634 887700492
120868713 622847818
171146870 692047661
105390771 298348387
497989388 687830004
40442549 847501225
69698373 92989419
708274316 835818085
455646873 849202486
154334689 409116193
44765585 47293589
148716276 553895835
237063608 654435848
389748996 945337923
12163114 828724569
548180600 644735638
35090563 479390908
5545310 232250660
289495932 797004011
320122757 677038494
118975300 208555329
140195821 990057272
210722105 234632119
205619929 865091865
148910610 753800529
9382016 949945189
374882331 470154007
35703162 443236628
420386094 634163288
365439133 397821216
410113678 878471955
21208956 932245855
25325030 961210055
11709440 855774322
15408815 895147157
1182569 431621821
311997493 966823565
502106966 942384171
182687248 403075858
72704941 78357870
34892300 869201369
728729393 744839597
566679489 977341664
62290681 225500819
397171795 624178867
141551663 929416469
45673333 895675065
276443769 658441396
255797344 553494893
183310109 821332086
12904174 851636865
53497513 664094275
39899038 975871673
261720661 355588227
565745008 966704047
38630400 954049621
6833108 106336605
387189590 464147756
13950130 830644546
278665311 478423441
48343963 854650394
38716438 940265041
21568886 931866895
347314738 564715327
908597338 937624788
482213462 891894300
89450358 500004082
78392822 775207672
372249317 612370385
50981542 312743316
132142241 426067752
122114469 755376927
61540596 604327930
33624696 853419214
26822486 550832153
178556176 700499333
763747 861276474
1832619 51745288
30298516 882207104
18858004 927919349
842726 882853043
136935260 838012853
203859992 290672746
42739819 846116967
61436344 731356269
697299252 848223042
671571131 803925560
24082343 989348393
130084375 709057118
602621435 893047490
473354742 957627116
472665127 795211297
65941425 195560393
2182117 861428656
125222384 923763098
224848960 374649641
135509426 872545564
519110842 780763071
19700590 951652370
9954867 525587266
256205523 521409696
1493764 944421691
29037801 910850742
167892984 313397828
597769301 720765077
106092370 323954985
94353588 601891719
48174047 868035401
123242057 723575040
25593463 943067471
20056259 942633326
18346957 903891310
41472038 164978314
7595085 968325437
275719286 498425425
1660738 953123959
134228896 363961147
873775377 927240624
55160699 322849358
110847249 938024091
103002404 691517364
415249802 652934442
3876219 559822777
553130894 650075652
25370386 872424790
213943148 287114743
107490292 678007458
16004230 859746385
46826153 976928407
31772087 973828598
51611210 971948126
557342421 865843577
41934963 860251287
30359321 930641191
25760207 684551117
42103416 231794142
401389058 413312256
394397097 606549867
12336886 893593165
317049786 895896581
459706262 523338318
20035028 875048174
639488888 642997161
626506092 700203138
169118628 447388565
98761188 139022058
498912345 893501052
393347653 416791941
19190008 830567570
316310309 550901014
41950503 910832598
275723626 356805839
577818109 865612017
674234896 856329802
98089179 414043187
120010046 983759102
9977701 318509808
30742973 894734340
18294392 978019519
23432202 933628377
202829034 689617518
236855442 654435873
44369952 889052005
43019670 862018744
123293475 721528636
373438126 865886510
53241030 842476793
202925519 970804002
68368253 382369592
12093297 896471028
431067377 505388662
71991831 489096598
286067331 353459140
138149473 974562992
565609334 628450630
43442444 947990407
89428437 901864358
304095582 659237146
52830940 947558468
442174179 922014476
495652198 879174190
34139322 909393202
463003140 590310863
221579597 318866366
22891885 884792389
48780069 827668750
693593502 867602538
2821157 567612796
19371766 851741171
9184948 865757901
129394750 255338765
537814418 947475608
725772626 825914040
91092073 329613139
536979670 815198743
16271449 621717535
38650765 264551626
51066731 838654718
28110466 946619089
40985040 889693170
688953387 747550017
41653404 905187621
51909053 865724515
34631692 891303806
15436134 907763063
555007506 682454243
263750759 792339955
10248887 894112187
15001793 944897076
474283695 766642930
52203657 898749271
172618223 190740891
451498545 833574790
314169184 949012168
38886949 847536148
4433449 868592642
435371485 597684844
246041246 709002995
52379153 71344152
691604068 779823869
77725565 617147066
46045487 856618716
51786166 960455485
192424755 562277915
194683606 618438831
24172836 954422005
12339989 858889470
343508521 951166557
606035706 694919966
533444795 894273445
612801192 829746601
44074920 952350191
24530660 439775590
87098885 446129452
589003206 600123473
13921648 892557375
579264798 905666796
8958653 131312883
348523464 490820619
74094897 283595326
240291304 750760825
2808975 909908515
227486832 379994010
20408242 938919184
49400979 860156459
555746657 853972609
118619075 119979548
225091170 782599955
398817005 774196856
320762123 856185312
575230424 820502838
59093425 717622875
132742060 815533928
384442794 974137739
586902662 646692772
37453517 95737873
531639581 910378111
770534569 816257923
585560 949403474
331833411 587488222
9598879 996477001
449134720 966224439
7537099 860345663
223563091 712905592
419893148 555294640
615859427 996547550
179184091 419563762
533637011 789348118
6362362 937010695
71233944 503365864
113465753 735483545
11070063 999037330
120289944 314700207
226302000 989772406
48737030 808076851
110704729 887439917
51181066 703261352
109732494 461132521
113334065 683606263
31295664 903473916
404573315 537363178
167611100 338281194
41542545 252224481
45984135 954852377
637652085 940043031
29693691 855436973
683827064 853121108
369986604 882919617
15502668 978621317
283197691 712610721
385942105 806657107
30646557 965504007
543097102 914991651
82511989 506078909
714528097 942565068
31158200 174510814
188560252 362894597
605963415 671608079
99038161 873260069
732088693 861163453
477743465 825099397
92378038 412771806
331178306 806906134
207853225 362336505
14491088 857162282
46832396 872054809
350946684 554546322
237751884 828690148
232162071 330129922
93978305 563340376
137036055 301831530
778193232 970969354
40639759 941578653
466911769 626666346
39442071 934458093
380037570 915799850
19870760 895986557
38644113 984190504
619005212 749681112
55593584 953622140
35694237 837223437
696892130 712390179
26011744 401023672
2890552 405035882
6094448 583112382
328373574 535708198
164798726 848554350
90752138 499736660
125617258 135385157
38243615 995582470
9653159 898936194
45149152 929146925
565710291 572067520
809731368 937209967
23781934 931838889
332706266 877993710
422682118 799127163
692899746 824412965
252888613 867685102
415967637 992137270
46117949 929956121
162406634 600204542
50746199 906920499
538032222 641754837
145033098 295492710
383825136 813896602
27088280 862468829
144826463 833577072
100594403 423985786
382071552 389240959
523241235 583116420
381278289 808648750
412901250 547352827
83656332 900242487
30877437 967787213
690023407 990287083
611613 941770511
184154609 353929319
533844704 907829942
1962899 115821685
47492081 948816782
53152879 942192194
386261226 965166009
42695644 971629468
337875343 993773714
87737180 403615743
41305153 919825509
377203866 885205744
116236598 266176071
60884616 281564579
839588189 985022004
670623140 734800184
38266515 997121585
92404896 998562279
12532229 849154859
279720416 783750068
44675645 914495123
17679548 344185338
90133730 610519016
95176928 752981360
512741179 960225509
565330274 718924808
2298691 941627918
28459189 989810188
846889531 882731298
97301777 426170244
195724548 671661860
160503681 179868937
151252959 165766543
51016732 880655075
33716367 851237585
213298919 756689620
77603481 443382712
49367565 836549173
472876130 858376660
7491594 962523048
10367067 20080226
35446796 896212292
38090308 911947530
1532894 880230740
36580740 960771354
441882443 683001437
13950305 831953819
15845669 226558793
291352691 560353928
208393433 483606215
108138643 640485722
50451566 921826674
32513860 829607408
60454339 113149335
47311875 875328248
210632777 590499291
4548766 833990306
206082703 210016081
304706715 519386424
962634759 997026068
155963013 288563551
50003120 951008088
302096336 642867864
408957400 936892368
37187170 922900926
477750627 774790980
523452017 926777758
222597024 792060235
69577901 935420989
538673658 879060188
44534229 980939231
78470940 832022650
738724403 921667005
14987032 538018942
1993509 570439155
25201020 861174412
63508817 616441774
635357768 673441803
48129964 935204199
22854676 988372073
46689186 902861074
43933930 527210275
310382253 598411008
516427061 896243158
180066679 596915439
917562026 964015742
288812155 418066254
247229030 567539456
537336878 850848817
149343870 531834403
59044677 75384437
41851206 957344420
2798723 78814666
393608426 962550848
73538760 308045031
49871587 892963802
13763452 949445425
35419270 872040523
803688784 988886925
551770978 598029807
21858138 948888608
186289962 353683156
4233131 872562744
900320928 922101001
691843934 779262736
117867874 144100284
60312416 271865272
42461623 988122482
30048520 834431754
395871222 569916716
42396820 930222895
1544724 933168266
68844382 771207571
16033738 951374086
38549995 990980996
480006253 728549493
38166141 966828812
14547662 905387760
538683731 626020258
217584012 378878112
82740214 749596364
31489375 158925195
4214264 918645394
2413790 866687554
159946892 452876057
94259679 864900158
835987040 950259748
255226716 354053844
195082959 744798332
8540466 864344458
468255777 886483114
32994652 627475495
108294191 471435864
4969390 951637316
3577660 938742909
755451471 779666961
29291412 906856401
99393102 182461415
393617209 449037048
13319535 993747178
456722263 566781515
301244903 327670352
44685977 947490276
815576243 836607310
128396330 930330660
547918921 638405275
286061250 377702166
23000340 951246202
156925189 388230026
917016348 972501431
77353687 226009592
156340251 360750998
215915935 355542526
44292634 836332865
3809343 932627846
6547711 909271457
345842263 923241098
95826069 130250993
263624120 701418324
196662502 892449307
156822540 448113075
357384531 975070174
86611347 989169621
311437272 886707065
20003460 573996116
22109190 426366941
192712601 232010072
253953466 279323947
73696045 544878341
248573610 291956702
758363619 765653762
29102458 865147124
110499606 632658088
43733937 941809773
34884230 845451083
356139688 923251123
720826031 919961885
15036516 860724936
7490416 871855193
527418187 819358074
340851806 571830857
41298334 983926854
591689501 684918641
479329286 778194425
949073463 972216493
251233783 530101617
81041979 901456837
155003859 738641500
672375753 901222571
38936164 984224133
437101053 820295490
871386524 885991498
15448654 573660373
1843127 353540276
28462389 996998245
36668322 861086129
586948584 630500804
172728372 663011337
173399756 998197802
20155799 965920069
75196774 918820883
136053403 755010871
73563212 769893906
47395548 870793979
42785893 886746389
22160526 834696092
299128810 426166331
598069050 690969814
177683786 597662142
131053132 919763025
18295738 924747823
3570406 711624234
541922329 595588804
193266518 303123269
259249723 919996217
692275593 929427660
50065896 924647537
544272522 800419078
89923946 205841051
2340528 988799600
81064624 964459641
677291812 983646871
594558545 649878466
86440710 216228851
23088572 994059580
32616221 383426126
521292958 857675987
434512771 828109110
460646740 575176876
511310740 828428498
40053573 856375897
436794001 911913780
52444132 979079843
52002398 836574360
45628745 871452548
532839047 659322071
515077110 784157677
17322658 102749515
249241203 919203036
208793484 325712349
389009953 686662941
848811628 854270386
57146207 234167026
38726392 841352636
12545586 908475454
46273206 833249144
30470077 982809290
87757844 792024435
541281627 704047989
517836611 703412994
41139414 850855082
14056183 866923934
36614968 987963172
35726225 482953895
543868165 998428894
296061409 818624393
27759072 788742916
29511992 939911794
780391318 790261759
826188906 945465370
141775558 888631308
519626622 587531123
36324606 948224931
32606604 912548519
22635698 997790164
194536902 960281367
159968196 812700845
274228748 632294731
616552379 720091457
269206426 662166677
761588936 858213291
31507249 867034202
114040469 171948169
1530291 846867395
19242781 920442120
41975152 973356975
123536210 894293481
243822715 998706579
162785612 771506784
31453640 291799001
413006131 799982861
824990 960015271
15232236 978449615
53255901 967261901
35421267 928059885
268174823 464189405
901636159 961017186
466572354 479969564
35294368 688905640
399941082 918092701
497941023 725818264
506394500 709312021
606817375 624145229
11361512 715503827
3802549 956679062
39486066 369244297
109181602 468283506
599195693 600712460
181799200 598432782
104151798 634496119
37755798 788357108
386913339 518839405
463983398 576185262
44670089 320302299
95274737 728246712
595091228 802599863
47298831 959849069
74357449 339513204
28317574 955899406
52998242 845703233
8487304 885841237
471584077 614234650
92895623 772318299
53366283 908694550
34170258 899119624
117560202 407905121
730242271 815617320
361962523 369917134
313417693 660015853
41446395 887739264
433643569 608410479
326680823 448270887
40308776 891203434
38001488 999458351
366274018 740511803
477185063 505648669
210778707 677351095
177314894 219458953
35423634 878861834
41355278 991681613
20099543 940202216
50098409 542991385
11592707 944904955
549858288 873801625
412633339 469471124
211377344 533131321
133535150 545153682
330759075 505852671
69367844 124436017
46233080 635570740
166932371 972825358
45739489 827094032
65219837 229766434
43658081 891856411
318695938 953595421
547056529 652536102
37362604 941467673
13694688 997893125
202521227 360374875
25368868 771468154
93301838 814829144
270398787 543622928
31067654 941675607
399203727 500915637
381182914 560905195
25831449 886992306
202316398 616755618
440867526 826222572
398356186 825772393
304287361 521154919
35697906 993393723
112135470 691518468
519114059 526938661
203534302 878643796
36098139 906003291
86154288 884308827
47570805 867451782
57256228 574743088
22233692 859537958
36622088 864660887
88925325 718566447
27531528 954677320
17599757 633503440
21189056 985563527
25336993 831801849
113770678 802483355
20880121 80430025
271707950 316985457
53249612 856993541
89911420 168597237
41335270 940444215
367550359 768532066
288160690 724099384
50980524 859825069
662848589 867329091
107647563 703272691
319973424 752794126
76134564 244725428
25605574 947999353
38997009 919315066
408778548 977098202
138232415 146926751
30993981 996830290
18782743 455805995
572914958 620268610
52814789 863001161
315140576 870002617
67680777 918194131
339918226 657944034
162401021 426474277
43000654 916230812
32082573 849151608
280582226 510623687
331504055 952641571
17990893 756385159
44316127 971513287
636001936 729923100
28054278 77909908
48165054 823990042
25065068 898322372
976232279 995231456
108100549 894555564
192619749 525438465
19400602 977863587
37767434 944238055
3212268 996104306
18821106 928022265
50559073 883926074
174221985 901928847
11824741 976819030
15998631 935178847
7833882 911289392
80123 880544564
115149064 434456704
814201219 974727450
454659516 994566598
22153022 876668884
510012480 587379114
591036494 794332933
156281985 659543989
174507296 194144183
29814531 397670164
260425177 340377832
103197940 269223514
327334305 940407343
556907167 881580405
60565511 112112570
90447329 852101204
885261514 889299857
198164864 785572444
54795957 679935208
120439564 646402998
25189323 987183987
487451867 755331244
42828873 541176380
620436654 985792553
875092409 918424849
845333722 925773624
79652778 463825952
57798668 363753519
10156516 988209792
51693667 860020000
5897988 929513123
42984724 851319951
663035183 926076122
82527620 193900585
439550370 772933649
633849812 869411489
12339014 705788476
403365198 864649912
42030252 904518881
129664661 392156558
155632305 949946031
120278677 552746200
378542403 960501882
52482485 589163845
200934264 768206384
331026720 665036379
417673845 760098645
42211206 887562142
15128943 941047080
45747723 914196741
719176374 989126651
205592684 733844851
758515103 914432020
33901404 907085490
368189959 738521347
49703797 158323494
28512708 896060818
463172783 783278406
49597018 951555136
7760074 960964364
486441344 488404932
65585933 98966317
179706819 372187667
176876104 911972750
322470393 730523861
27033497 999796054
662118418 891203982
26188442 919182847
25099286 58321277
35928409 874631586
454460855 906195010
386667031 954353227
87213763 962764692
26993204 922106469
10901743 973917986
578951171 688124753
399911012 651171373
264977897 898457957
472907952 521784905
38005445 984622637
33160942 960225464
26186708 933406322
262160776 881422002
754638755 860380778
127753758 326179856
41038141 984199601
360595131 786308341
36342167 963862070
23273577 796903181
13346357 938378946
680380016 891672715
35682283 920085972
217389904 741807203
424073009 600556430
19567027 68662073
40924974 178403919
94068717 739927116
629545025 858997590
382124840 998680698
20390590 873173323
39159137 855177388
29482147 890675225
60040647 962014561
39786026 46147005
191920002 264410101
23482995 958256074
38011590 962968668
194539795 863514773
300536653 357951041
73375933 906959749
41742447 854138097
24152432 963370359
568649160 804719498
267875494 295400802
937748121 957260587
17804342 667013155
362529739 885701024
37834776 239198522
96039577 441980850
22692821 934607454
196182308 441737267
16454847 921292695
390720521 888018513
108869920 538410823
3970651 866443938
770552036 991822684
4383486 875108619
36048276 869591177
44703781 959268873
154241724 642497849
373451893 673672048
47935722 833493012
86502895 106035679
225018527 574841280
24415310 923369138
24050506 912827089
10503197 914387626
46123599 937448384
706130120 960812297
83376419 806244604
9131598 956867919
1955413 938175041
526058966 749152186
866455190 971993024
309693042 821270519
551010240 738875310
393720846 745198261
407678573 573434940
77967718 204006120
528591435 932439482
102167512 253079560
45107110 904791476
308115078 572500591
134702466 321880789
14488028 927089546
400698100 602035829
725807604 731747446
244066237 517034373
273488042 486116064
51128146 946664056
39546608 970086144
482488726 732771393
652556987 875807128
50782755 748002329
341935745 799335887
55586706 72434017
293884687 701314509
14598006 946224151
13239195 21452528
24892300 888338776
12501509 917665800
38171902 938196555
902930067 985660365
104660859 817787807
30893891 935886428
4347584 962320952
2489829 459252546
11867549 836949201
114947613 637226948
599044460 734776391
28910272 879962825
39923014 895498233
713152824 873068166
96037466 267572642
452798547 840148845
2657858 262153155
429451901 440125282
22840949 48011981
98604666 428682120
1979716 932220683
12616038 560846762
804550289 932561308
103942952 901856931
101486310 531760704
112359901 950610223
52481907 927421197
208853532 833102107
320038872 777658418
3529944 969101029
26437001 872822938
717553861 743933508
463860060 492995577
116433716 884865900
194931717 976180612
701519901 828866486
76611063 269544609
75604209 646681275
669173232 881503282
219063483 487015488
180289142 556010777
48120953 956879953
139250831 299079903
30707923 954504491
13387741 164898060
710499675 909908655
53390310 952016456
475806049 961979886
22755200 302572798
9376959 244291615
57065400 468933676
9487387 445494476
1789416 992122269
240242622 244009456
31410125 905921682
277711169 658114022
12271973 948351635
233755707 896198450
406828823 660217458
39870548 874247643
470075757 532659301
398384224 791774974
8062745 949543409
42339599 961004300
377556286 648047602
300934376 827944780
845858543 911108078
405631797 628404452
185775488 878520324
391029650 898692684
91018662 367534082
35750295 353870182
125224409 673046612
24391777 992489861
44767797 115410439
212540295 933034443
13070585 903717181
191042518 216534975
34121392 908222542
12479238 969446179
190483726 302716656
100693151 823688676
33084947 904506920
699134957 865812372
26816733 907677490
432020961 585044509
576114557 754045420
14778412 686404520
720646220 756008809
114001333 887710179
53643683 925458577
8680911 485664643
363019438 437311820
92226414 230314201
35680475 966485408
188308640 310485298
8653741 998173414
199386444 728591100
76989710 840792326
70065166 368283434
161929904 596049864
256618814 316784197
74236493 943839870
437784950 507719356
214874551 493242191
58138770 414260994
74349642 135128479
52438795 870578299
6979464 588248185
26717616 481998250
244682644 597385899
664172588 845732261
24143882 729858787
13519454 906140987
503600926 846616345
24086412 907449545
80532442 144864672
36150329 915713793
14650641 930442308
52709633 992092584
7672935 70082725
31340398 948605456
120079556 393848648
370702827 944485959
74915796 375038757
48224441 311783769
209597886 524183871
574692773 977805714
42996886 990978290
41739636 849071892
147849266 711139573
283167191 565955873
34104068 904831294
423630280 864308531
44135847 937003850
33710054 967283509
47709466 912737669
559043031 678285311
5691006 975973052
2253493 920219559
53598731 581283780
423024402 874968227
381141675 626747112
232575187 987157207
154994625 860360121
530389 800416456
74376282 880462973
879523982 903070654
183405266 923772986
487529026 890178464
13954375 489782519
662914374 920069457
565202239 880129221
144397883 380996650
124689532 151908859
48863566 389503812
53475548 999197576
2758030 936793851
211116842 324919412
2270194 897000610
31135196 878460013
10261633 137686187
22405249 138414058
380756629 680988304
430125560 576903236
92110426 309436186
5264187 909661041
201355364 520231541
24006397 904441353
44868464 887084010
475490451 558003828
80903164 987175870
16430595 877173668
97964097 198444916
521901587 881007656
17143739 935271064
799506888 905464987
630300500 872529219
120322200 932288711
952053173 955005343
257206154 558843985
50022822 874268045
48655581 763520754
64139206 268536333
622717793 751429029
20594072 988731496
11258935 942162823
520607881 746240964
62251061 362055765
10684299 998108024
694101224 919586533
8354990 944175660
116489481 702456213
772265 924389277
2841675 917089707
39023735 288285958
36928214 899377481
47946838 896379126
473927472 831901292
102598022 801492031
3415310 918880552
29997079 931487464
111629697 157171793
593471160 693076252
6378036 896258895
183686648 528730688
312734503 809476142
223371871 671944685
38279161 847146329
40752719 947655348
27430393 909043435
197133832 276184086
539279268 900423627
290161168 439661208
9132097 898873223
83297779 400927716
618565567 653861776
463445257 761243086
93522983 299685147
30694502 982604170
35126192 993186604
31912110 946870170
45534463 954852143
33543199 867083901
22205844 873289341
54750820 653095881
40934825 65465808
42937006 932721369
35758725 966262796
76781927 271187202
28017464 845016217
622608876 766389562
16069075 863423111
83534311 203576997
229812750 470351973
7362137 941810449
131071731 199353076
128284813 800988804
451428416 632836325
5491016 922144315
603977905 900058143
143373125 593559601
500894958 537245561
29312566 862017785
24061348 893746487
35730592 907864064
8097593 866585981
51888527 886366624
37122759 952116774
731936273 897052387
52887834 606628806
86319674 745045381
176206431 628923719
97173401 661249784
221943047 307209705
6275172 923072985
703429675 986968778
190969367 255070646
196552960 987703632
6854016 892507989
367983317 704481434
23833794 903377079
152621804 491708973
10283238 871401979
735222373 781246919
945343016 986252926
34180271 841603361
485933525 672559140
635959230 792146931
16685088 646242467
39845179 969658749
718891363 962433178
30285368 72782217
491722429 965643373
636107932 776723530
38181374 963091398
29453237 355410867
239783461 880224391
43546654 964300016
656855290 948193461
19087454 703005654
17692118 872535539
949189 686114425
36526530 933822094
35281113 968123243
22344649 651876522
471307544 579680037
39779241 954677911
56979233 196724623
25928601 781016604
571302680 628600708
1734997 886963485
45527026 898903733
4660398 915186959
85675275 889795510
113371952 260787838
40134647 996669240
627412342 923694612
51497153 887417548
94465225 600323065
4046900 994550475
722090200 898425627
778139776 959419405
120268865 863898482
344172283 412424160
106051753 769740241
42296844 954426271
16930793 937686830
50160565 696958857
11788552 892368312
458878681 690870867
204254907 830155500
65310781 737668285
90914301 92430530
139623588 666292331
183012497 644083706
124914730 231958562
23462137 885336206
667526051 757681965
44960396 882196479
39561467 265024007
166626052 466387808
39603977 870197815
446883387 772924518
234009005 611555365
10982102 994899483
55254384 531514574
618790959 761770388
514864810 630612532
15882946 402383899
240458390 865596270
20487366 921413282
74179091 420441085
110223649 486322245
41574129 835355518
264219421 688927326
665853274 678588544
13650302 943555590
21089204 927711221
67153178 798631833
217051119 404381480
142679284 797649947
733204330 994569591
194530850 794347507
604417104 608397794
232623420 549832770
86691659 449674538
55940842 96893533
18720191 990855075
817579285 898533645
153853657 641693504
753148867 775793132
271581286 819954872
743491517 992943331
128601782 301630341
14260489 964770187
479249730 772883209
199258375 606398004
50442465 917511359
73157232 424965857
337970356 681351889
577010066 900954880
78034617 258314971
22472614 921319276
11459278 896459831
41986362 206946797
79152674 724701043
10107348 829863702
49709617 969468249
201595613 538523463
381711794 947468825
418937665 589394889
11798967 984449765
516183327 848032028
75937622 654724751
41115680 960754798
87766415 481653079
37224931 832970129
240234268 413724100
478433620 652543883
37150064 931518408
661240113 724272834
16740553 887084165
335464208 603775642
18026079 977304900
7491375 839250068
51911389 988007084
648786468 954571095
6651273 843606508
15812883 890243787
470692748 901226948
895653483 939773819
24868186 908402810
138239828 341896681
682878300 960921653
283515443 685006453
34650585 846766202
802016187 930802845
10290923 896428767
90841799 953733721
43105066 943750169
636211493 992774706
500065869 832561623
206918863 468644625
107780125 554440519
2902493 787763046
6741878 840562652
154515067 629236373
38556625 868742026
166237467 801273838
299274598 536711064
201865139 422394802
51148481 57908321
805936092 829000492
361400973 858467099
245783096 606860559
14727404 929637354
497238098 962283736
170966140 865256117
412124701 718867805
600721138 885447926
8144514 912837042
45322398 966287175
13567574 993869227
51841818 954867928
54522713 703811638
21683145 859680929
138862085 914430436
2125148 951609446
372264239 789093710
52852037 526956910
129805468 753474580
3788130 981943654
38749875 158700970
20386403 266230778
118307506 371023860
25563690 831631621
41567398 997799351
36076089 770017439
711401033 762353918
411765193 729490899
2769009 897678861
603470394 940378507
45614471 861843680
49432448 977899480
256079389 799451323
31373875 831321559
115235797 344255222
5698403 491948264
46410292 890049260
317650189 528518580
16429305 953423101
588824263 683484615
134914336 912434692
315102144 805664739
16208221 995104063
13464413 326417841
11021638 941625780
450965785 768843537
119291886 643044128
20823509 914025680
862214700 885397231
40025564 893702956
187078945 307121135
231856834 940133831
192700382 575666909
582327292 636622289
34081804 503364730
357100708 489492365
101300980 503093041
26579198 880840359
305049903 402780887
36481783 853269593
44652927 373467435
24369425 902538381
18289015 319903454
313330192 427893719
10315239 912706012
23399039 784734859
203495692 271679244
28522564 959955395
73161496 321523484
40728511 989127363
76284352 189999154
498872032 688423740
13581914 939919345
39031596 932906975
146297555 688457198
53631195 587361913
576708406 939738915
9887138 912125402
700404187 891847753
46493899 724978722
529221752 529275429
660735973 749474039
33827579 827334521
309181745 813332098
28246252 935042067
35265650 963785019
42253376 427245560
667667136 807253051
569242854 664457558
488353944 541291299
231747628 528211340
225983520 966067735
659738336 695752926
89560576 768628226
32115590 923781089
718676823 848008070
188207770 541860100
30721290 877741542
62915713 545799273
338098971 747183054
25581345 937113292
16716283 882368647
61743043 441865052
14761418 56676544
271206031 681345748
298748344 977204783
96098941 894693337
377202822 988560760
125698358 294730595
3247855 910299203
120814279 937340025
41705062 726713724
235723268 612446609
14571100 928432931
22067668 869169832
32029247 920959226
102464707 150264469
345655264 981082319
244502313 592762855
518643400 660904327
216898841 409429128
662351873 780636280
74266069 455589096
9157085 866521552
9277933 884843235
945131644 949701001
407388253 796069577
23807290 913022963
41944003 951739688
627321986 768403830
516917875 730222397
31823664 843224694
89442545 670462746
424513695 981383115
369831492 650134923
44948049 251443386
215765613 864016487
713967923 753858603
547196198 745791586
843168 988016665
29588861 800226318
53435523 992502980
44204058 603982194
471607938 639901928
402648091 501948270
11764530 903372456
323348937 798882830
39569712 905273958
57982671 648345624
85609204 941645639
58224460 678104349
155830833 761703270
140744139 544215004
285054399 602440131
8648885 907139484
95752311 286824242
40319762 970045135
455320950 813853125
178908950 356015813
38613277 855531904
97946906 304767620
680222263 952737030
895731322 997859932
18759041 887857229
566395531 849878151
20791409 873822992
347098533 993668926
22547253 940060612
438548628 952282809
22394091 961151298
282523293 907488378
8100056 880816364
41909650 921140975
66987245 668244246
784411498 967717131
18527971 961071836
12182487 165078208
7731884 987271596
174328374 339514039
42893434 846854948
43482006 76764195
25632949 908431547
626483415 804613584
2146518 143503159
671599599 989656658
233082035 695661265
238321244 283303028
12854078 844547776
569923894 804175089
200716739 578747067
86358851 124544926
349686080 895951258
810837201 913475726
441796440 796612564
40681127 897626610
226800914 549681810
23546131 831885238
56021155 248810030
183785787 925438970
790231892 960210069
249258191 486807776
615875675 653430644
114669020 146808069
431928899 769291913
747330331 997771991
24663800 856471381
558359319 616873284
181689765 586166433
56407254 137949192
288822792 947278661
350142343 558580244
421512786 678945933
28687746 977743878
242461937 276392112
7856528 980706486
523109598 603054182
135239014 400685156
261252147 900486209
118163806 321899700
830151961 832892962
70913521 639150555
355434815 971312778
33234243 765670693
598893531 937462186
37062065 941994110
130598712 958521264
434994163 759374367
25722545 909556440
9629791 885191124
88673563 941155741
199374249 989163948
565066135 806954001
281622071 610359919
241997500 532153938
8460025 257488903
26958116 165325712
403032622 447911804
93446905 835245652
23800766 193983879
43458363 959853099
263738440 319547888
795011662 870807035
28746222 596016562
868821389 966292704
310099576 410688009
118758810 304325938
544735383 630259259
454495972 936271659
215294121 409056014
207282403 965654695
766648677 926204949
394147483 662623391
53224831 952795770
49407008 967013555
22863649 867708788
913967584 922995627
399801338 902097795
43884833 908284674
34794256 930481296
172370472 657326975
13409464 870654899
243190 93862041
29349475 592458098
10139530 848412069
48069780 834413634
7358613 922554710
44584370 913704007
54016893 377652190
10287356 955707476
360302517 932830487
337318074 460355849
22246978 846204341
323350631 622230701
476969367 624066433
324513675 692301197
81104827 240120024
255464998 404455458
5331332 833210110
143989916 562734468
799913586 984527112
3334784 572189796
6705451 982009832
25239349 772261939
18595897 454012203
67935515 809052781
85936426 223971996
243678182 574017615
42762102 923211813
24664749 979336075
5899114 416290258
347025852 850820848
324242127 430297274
873468396 927156787
27326269 860247005
28813313 998616657
646877217 836034398
74423898 691375710
40090476 977132647
274338994 835617971
9359313 991459386
431202041 507293508
665367820 885996180
375078187 662489167
239545721 831987156
50113891 568718401
353132964 861163653
563493579 742567782
858123530 997502670
181655716 999372050
95875287 890190869
31618463 37614380
16219658 138513185
39320620 912015272
36081444 966471841
752260409 916636195
89600292 681978078
907702146 908762672
46540713 918572885
118998155 679100767
1833005 909833229
498158279 674380235
26713953 985345759
9287748 447219662
15757403 868962275
66185220 331208086
101745058 868118435
31784205 900991720
33003096 802504118
370259475 943322158
22349714 903834575
2896787 942172082
659911656 854207152
17892924 834588064
141039390 310181283
348281491 695314645
31226130 836329675
116010591 893369981
81962492 119721305
520334 806642880
6889833 935902636
395939554 407585888
815748639 924329715
29079609 644225564
50668024 981028043
42974371 957686229
414624735 586959000
41104171 898097038
17974721 889553279
68091251 570212760
11561883 922954178
803553536 806984669
229713780 908384383
2256397 851808587
6581069 883260934
41964301 844242215
41839223 939599279
36173250 44317107
505348546 568200724
354865801 900218818
145464755 813116984
50891457 941954476
292456917 447717372
12681174 887253806
199841590 212419583
115880142 367231276
60648464 338644751
292842283 851544650
39202901 969167393
313882909 479455427
803331342 996261756
277406643 862637546
850625496 923533784
116007397 750431647
416366630 877391633
33770097 987734375
31121586 875065389
172649398 191611023
494735552 949515786
42334808 381615429
773968293 878371540
447082458 909814285
116891483 595648843
637307303 703862403
762636845 809956700
10478212 95241680
385301412 405271100
353680026 764565410
413544609 969055463
27833429 138158778
40132166 828183547
45146249 763115188
222287960 377329646
46909063 787191876
821976302 848678748
53882607 141882609
39817692 854849547
617691679 971256772
21955179 903628914
129702894 422800048
136551870 337249813
54060386 892849417
354054782 856496612
247633578 704185701
15655745 944074159
799305350 836147071
694681435 871289277
551341521 889084045
871534099 890904814
56195015 847709100
28870754 966001023
53142543 857891194
45764104 912295513
697795537 874762652
147252462 280724408
28763661 333248726
31744372 991289144
66550420 204579083
91556887 195450950
12878160 860837794
120941745 316486165
147006432 742218040
847375375 932125157
44706450 806996407
619580499 925447097
57490804 72358810
431074611 922951725
71783881 78778516
97344847 657822455
279225523 518183031
125401004 818386464
187545868 647734421
316025189 807126366
17426468 859162114
48392407 859333591
149581176 173013159
49775718 880934262
739352856 884942812
8746443 889048932
29872617 886759619
172447763 359545698
26449786 851628903
105617244 389217717
35253054 842026201
837041130 866535280
397137188 781279300
51431495 873698152
13385080 853548682
474548875 797222838
45231368 936263305
45599657 913458230
5281526 871980803
65388134 86897253
862780801 978656710
38539887 991152719
117896 999974963
325572729 522056820
365725890 393656780
178510362 488411535
579490984 799181187
668621998 695782771
26193354 869408884
883488919 974897348
250612868 734887453
136410000 514700486
1585242 909316604
14266508 984851372
372856111 976956945
226463163 913034445
17441878 941410247
9809079 936645206
24839768 923512676
555625581 853934774
48517703 862682735
708476461 746114944
899513649 924393275
53109384 892240832
586224083 844325996
27413192 886015042
8418058 850880956
7791795 948811936
68258647 279761232
665621611 754878071
15152234 832609536
641389855 997808772
48723955 952555783
49781701 992286233
44944644 876921646
263776243 595039982
4969584 938486359
30031851 966494629
25715173 888925229
558844661 730076954
281918233 386563589
82449611 435153639
28998506 959845848
29114070 979152662
25655762 898423538
20984356 953728298
24468140 882704774
33997945 983758254
239750673 543309969
101767123 873019521
138714410 614191416
58564150 414233120
129303300 793979818
248211801 737360066
318021522 786611626
474773919 886560195
39851364 869743666
29588567 907307774
626994579 928424827
49671450 879403681
673152887 777030563
64136589 796322711
12916912 879368696
30024168 144911763
51137844 954414871
837186878 994665849
143278665 480430931
34335786 937536922
66348528 444277501
6874657 840721262
43135165 841796731
6291253 959961248
226221737 506638270
36787409 851763997
48180923 848527170
250433203 710944578
406448005 694655618
245057017 481003594
431727318 671346267
273880834 479908240
372389788 668321601
302550097 326037383
448283905 622501383
496243127 782590501
46278497 979138355
1105502 989559082
10170142 839881591
96210850 97278852
6580394 383757914
80030098 547466725
120147447 134375261
99609212 788355344
11127228 857427459
811809562 833804254
104609296 313766492
440918843 843139249
139678986 944363570
290238995 938869204
214188881 581766262
32362622 929852053
528953658 661271002
31662216 987119513
398039616 893770832
92364131 272781880
83001496 630383880
13442286 899503088
34358953 905027836
349479928 457943848
409046658 699665522
39346579 977752915
305237032 578405868
145594551 150988829
18128656 31386856
223284163 986788171
36457730 889941273
38486855 203064667
156506009 260893117
23172962 827620826
10168089 855765157
343070075 532419882
39830392 935014334
6479739 932207111
51124811 883550083
878086929 972644120
833639054 861387832
43646319 950342935
90816383 329964886
51423936 885157130
467017921 568724866
33269874 993975547
118238371 198232554
802556523 982159472
31602541 855447433
23898697 953300325
390835076 938422378
61633305 106682890
39650914 844030667
331850901 592066082
29134036 918304325
526018941 926818248
841729808 969993738
232250010 522502132
51119000 901029532
679588379 717754049
918877681 947299342
92244478 887175574
407588650 514407203
57762220 583528404
66998553 269831294
701681133 967920283
142420308 345169076
441710716 913554998
533064960 535601529
436631061 525130499
154454360 720476022
11770256 917626754
733343 930059107
32340187 831414290
422107469 505938764
43620998 953326138
17901667 880884134
17268471 910885518
19922987 857398488
93188146 401543666
40187127 926737664
98156199 623972078
7960550 661166281
22625659 901979992
20676370 905833129
26253475 957779230
389621900 552297154
164052348 334282012
35913574 869228612
211823662 581038900
29954514 943240975
587176129 848125773
626386103 816130219
408617704 779591250
224109 977154301
234321998 593568980
442099654 845296700
43529012 902207122
771008806 905049053
117898815 733029265
10895158 835647298
42240161 904669197
760220367 880138419
170571605 971534638
305134757 569594607
20957503 982433583
6863706 964403182
260222656 520926390
172559403 216042587
18222147 886325238
869248525 979920873
302908499 614328959
13112471 862933630
50624934 862877617
141690806 940243330
41977809 900569317
281137708 681943808
4289686 836384693
386682757 694824060
67655501 255474419
636133760 793447651
19015037 921845866
36856260 844701086
654278424 916797149
30677353 994343704
8924804 899981271
21340111 934137786
24539267 882783252
26346699 863539656
20092509 880254470
141848118 730869130
156418504 881553285
285248025 510362006
37430220 918130276
145505677 420756694
53082872 905992440
390959585 633581296
652906895 695165870
540701008 950613389
306370380 894017725
493919097 886933796
53047611 869427300
29767452 947229911
144578514 507339778
456162541 630812327
257220542 712147852
812602591 905800690
308216296 772820118
8064186 850673259
37068400 903032358
9923320 904663928
538033598 608007849
30673418 920998613
24570817 965269484
182424383 527784404
340501285 941739223
510443726 801860329
195329795 222526062
272886637 923620871
54507921 601912510
129696913 364557184
67217345 322714549
158812758 430177423
124574877 854867936
49500 860513228
24752158 920573916
331593812 398972389
357260645 563419591
588301 263069467
42986395 931598960
20455016 721807638
394315005 547454325
419630325 472572543
289506332 922095988
275120337 467335880
108406060 452327234
7679326 848435347
52869027 969758972
41983390 949765961
965561412 997797936
369198093 794125226
29353797 991672798
364818285 954862336
525220099 641088537
728549443 829100391
271977585 348781410
50574998 922167542
108865221 349310655
616375567 945266015
47712919 912505481
30459569 927723950
488789333 601157809
33644406 859517507
622689480 805927219
88903626 215863320
58803205 77261509
19547503 211777555
16811968 973055301
8089033 400545581
43789177 950123437
78470264 807736578
80436896 561939669
18680487 769181863
490405461 866370702
40197681 830846744
26487374 917229664
500125295 933829197
474936543 664260081
170882457 334551470
168770574 400658430
89428300 547322787
55259929 865403330
121958979 405358546
46064010 367191958
177506522 550653995
380502986 738329333
27581590 934540982
340341194 768720196
634123525 959108398
178816707 978466189
5790655 82621646
445425884 986004386
10175773 345541840
114262035 782285294
598634440 600901911
133605796 920210397
20166420 903834009
511185644 826532540
4841828 863840879
86686374 447535386
8389191 954749972
601235015 665608420
407395870 437491592
3288405 869060530
123979956 589801230
717025107 960185842
139424601 385845339
232061210 668469167
48362244 844457306
193278364 247906118
113441897 443224458
292900003 535782510
32115073 912322925
511204384 915510677
12061842 979160381
23657398 425215174
765767125 868332425
416097389 942615722
194447118 659893850
4760256 857708678
139286052 993873558
393254013 999642817
397375224 507704748
21771212 999265798
239765139 612632619
182979158 337973158
854756141 902339565
23434311 412284779
281332541 597595330
481824801 789876136
203830049 720829790
30629021 959860726
48726478 965703027
411117183 947146366
122479814 187589942
334823982 487487983
27956429 997508455
442283024 448908568
6912012 865596258
203262195 314523856
32999249 995111687
8761705 138549679
106698765 355134480
298271301 895388437
3123526 858737246
50718150 972389089
10675291 929964656
1671554 899664931
21954398 886642843
63653997 469199300
426652408 967446941
28739183 896025267
46093798 982310304
450820437 469944853
92436907 327623726
50633417 857660401
226848678 597269575
129043641 446748982
25002404 981991160
46081850 957874985
85290142 199779931
240059247 873959893
