117 108
6 226
7 110
2 237
1 150
4 228
6 265
2 174
3 203
4 291
3 199
3 127
4 153
2 162
179 193
6 127
123 218
4 191
72 189
2 184
7 104
7 251
5 221
3 158
6 189
1 147
32 114
6 207
97 267
6 227
6 124
7 279
1 289
7 214
6 158
1 150
5 273
4 194
1 300
1 104
4 293
3 287
1 270
6 147
20 31
2 209
1 146
6 210
2 133
6 252
5 270
2 271
109 110
1 160
7 243
7 110
2 271
1 174
6 295
7 202
7 258
6 182
5 275
5 299
2 180
7 166
5 265
5 135
6 295
1 275
1 270
6 109
3 136
7 213
7 152
4 178
7 179
2 149
2 156
5 194
5 166
4 184
6 246
5 290
240 251
3 112
5 271
1 168
7 259
3 243
2 217
3 204
1 114
1 243
4 278
7 117
6 220
4 293
118 164
3 252
7 285
5 112
1 243
6 205
6 174
7 167
2 233
6 204
5 136
6 176
6 173
3 256
3 164
4 182
3 121
4 239
4 148
2 135
