4323 1164
727091143 965184494
15638953 503253934
265939281 986086554
311283098 908268629
339077203 978263090
217275432 656212126
237186304 944366574
503545694 899619015
521742462 814828792
660403995 860819665
645608233 656816105
369584921 672470433
469353358 905667215
712112831 769490217
384012322 913522600
669409029 815766566
721433781 937439357
355375707 619558107
149165206 834564991
162675057 493601097
483645220 553346343
316030601 898047402
478796484 650095093
491499715 924809536
200670894 699391774
39650295 922318915
379957972 648845747
555286382 951768574
839644404 952170375
173974884 463448504
157721220 974739714
502255369 908818900
713103826 954636748
862228477 887078709
270601603 360448050
117824893 225561965
457169400 790279503
433775088 977684389
19358692 975615458
506832335 868484050
238908292 386074027
110357900 931573295
691474126 743876757
755117080 906632697
374880691 954008583
697885340 894092793
25727038 482431477
325639 123060128
456493818 857282165
53987840 485077558
303777084 494504416
338712983 961174293
333537055 638824167
348622683 981056917
585293721 952333623
121849451 193506789
47946181 557594427
1974768 393338656
5082105 721413167
365292007 909215160
288260875 873816211
488059142 829440589
570635812 932605430
77748372 845486069
50624460 937728463
230566886 551897316
804295280 964896906
106352611 900100391
90343945 446928105
416857799 715042388
132947908 457987788
308929571 864455551
709029382 890986901
43680043 569018371
97176459 313054193
284060758 477415875
413301907 884878270
309049111 716534222
346140273 550566864
119585234 745095599
75027826 995975238
525687361 862947840
262092221 282660577
759777750 828814290
765756570 892638469
895592698 923740540
152338287 882451991
223769651 678025647
37711788 572980324
136793264 655984709
835043185 948168234
162413133 955835388
496884682 929264755
246977314 667536178
289459252 680102217
997626 897030452
109441127 239416252
428676010 453624956
150238433 856497510
128983430 926328387
389370692 452763221
252650737 479852680
125944046 508237841
863564366 941824485
436542424 982215164
91727396 677800778
715165735 863207558
168487131 220733103
233099856 549636193
608176470 945765286
577654337 685105545
422366092 895003412
432625308 945728864
145356851 980938409
332699888 883305466
565053607 938104713
130394401 976612961
416841420 559791328
269299132 926553283
99994781 308529372
210764359 338530630
61336528 966138444
304669074 837025999
31560269 876959330
323255909 485245703
96116562 749804255
27358027 41230919
28668432 439651860
126046412 895480433
71378490 449302320
233242488 966247283
407330488 874160277
132066280 983394992
164187978 921102446
908909931 947214670
83845458 772830095
659194188 901553015
83428415 305376545
46719645 592103899
427300372 925007519
524123836 940859466
825199195 972983504
904714450 946820379
36283783 54482047
754211884 954046359
32571815 861338348
208940303 942113380
72980133 486871091
354962517 988117260
276692521 927653436
94431527 900561155
60381176 303371829
347850160 378745151
651103943 775509461
216024430 853033701
272546838 800654594
177415018 480025707
788771853 872763221
157824746 917980725
933075367 981114522
494198568 927114734
749019327 964636529
344924863 935347405
80026811 168629390
391378258 891292958
62804573 950355917
339727803 992767616
73771139 110732991
70596365 929116572
678280184 962707254
331318457 986455623
250777884 529461475
428400108 732134179
87694444 130169922
385201158 765974627
92877175 786415234
185294280 484318328
92389391 175694144
38794693 902830145
526920650 918961243
321558678 539324911
453380778 991766888
48179131 341730521
307115117 696491438
46394615 723562120
112903863 902886456
470709624 969934832
84740986 786301164
132862639 934788907
605405999 744405445
151668594 974333490
178201133 770714907
208408794 883022177
640118101 909104248
619843535 906973457
131753009 840938154
27077330 410602342
95760158 551050022
224327249 913277973
544740405 972369129
191947050 683443047
172812923 902135569
6581374 603589468
866708161 876927606
382146288 962468318
60153810 504821227
399840843 521653757
127644522 922402001
382732516 750543434
416084926 511776727
420208306 927581716
477507932 700702285
58039863 955291133
335691721 920620406
592784918 755900027
159771949 871774196
291599525 534956925
465113618 692309934
478678970 983410283
99839817 113387146
59161800 689683810
561458005 756691526
70796508 75944592
17033031 765124572
203046634 259019274
21817375 774126920
11991220 933495526
463810729 477083221
4945625 877785085
86291098 463869000
93795292 322790221
378369705 852109914
120729970 938345748
705006389 886539297
403601997 996749599
39154468 108068630
114275728 303213112
94075211 891205001
230069393 806547877
195477971 224446839
273269310 965800195
22152744 84663099
11190554 513447606
265536667 309359864
83226609 498401981
166744238 904071451
128518289 378316192
111755386 656195796
43740833 995010218
210615085 743251524
647817252 839105176
693058943 866693761
365095741 838452286
532873354 878821852
671548468 938828358
301176543 590723525
219525428 357011414
88349617 864527722
118823126 198004011
540219769 931114120
536029252 821890891
68600718 654852378
172269356 883260620
115351733 897655687
224985965 912782680
33647847 347202008
131680386 428922315
650684436 915012500
603222374 994565457
59461717 932872244
392466286 779210355
694222854 937913266
87356230 357954261
112639389 824469035
93320550 423036410
16785725 485167316
75958536 313835021
419019836 987936605
99223617 811486122
511414840 766489697
85778863 601400411
710871994 897429241
495027280 992137185
53971201 901355050
466817794 974000683
121569156 260771471
165914363 300017660
71116193 974027801
669288999 970895919
695369318 981844588
132072592 926814829
781912056 815681023
43396332 138116921
7832305 677584911
274235566 669224274
250147538 916728165
272884985 561992961
135327647 257473928
341324142 917239703
73154950 384720473
62305383 182108541
381070326 988830201
43013874 870125591
871916812 919034814
532535141 866214831
259552417 782682678
202116890 877318899
445848157 567043050
385289360 892289799
100042103 701825593
121384994 348852899
656723678 943801288
340750792 906176787
3687669 457276189
681538627 974881422
510326879 817231151
268915697 851757493
433264409 609666489
469149809 820910878
23145228 924465013
180606085 294088981
402925122 830832096
680631298 952519024
531392677 949546995
656792868 964657086
369113898 967365787
577638841 797658335
515903435 582912108
720597082 924128724
82520361 975856619
597291477 911019426
291723057 561815059
80749214 865563309
420852261 918429322
113325372 337648800
62298717 621142252
63995845 293325362
254710930 756931208
572878294 810056070
35715352 867907755
70819280 456567612
794216411 848635793
353387302 700445250
218258581 998660407
106414103 933680473
150284946 987676932
280666876 806485247
311684775 970751790
420439694 518093705
685569791 997263086
60311952 997254565
451593055 858996358
183291372 778563718
21838751 917736098
282749956 989853626
103520446 650614577
690821740 982434738
152721992 908483551
235849760 541360687
424575168 981581390
60636903 934269819
547246282 887894248
98909160 757784638
139513146 502678628
302696233 580638818
27002833 27717359
213409677 887927920
536517529 606601169
531914720 704430687
46631000 282266862
712565158 822114884
104511752 880282639
134059178 897313040
109125467 948098405
838683805 884335532
66492546 461767658
461226204 603933200
35352551 88668083
580730872 992380654
968950722 987275480
61074925 349017601
335861007 473106116
308969284 664951683
137138194 985563480
644149907 777823056
34303145 75620542
38154175 877629484
46786007 168218822
297036918 482326942
119109316 982429461
584774811 615775574
625066177 867195370
371646540 524368535
35414192 553052113
238381154 368953602
327812999 998633669
147338287 971147336
40005289 800913782
323919107 773359525
178927989 455352945
778860820 949685792
66126571 870627911
570533765 947407032
124450191 856448502
856707127 946305868
46450515 219366273
24976556 522843665
230349492 872761299
92127572 487841591
98501245 191797318
697010398 846522484
314070330 993211967
564145793 883464098
11517157 878814174
9199290 959148127
133229343 880069461
355473671 456626765
88229384 633941417
18378437 402299713
629882715 944304251
803701943 839285505
114905978 286136677
82184635 479574956
325473761 571582853
167405199 899104406
590998237 932911753
44626321 142400456
205544575 584028356
302963152 863800449
271913427 584351888
171038875 962520408
578411050 888850795
331890204 831832748
36517932 603803630
268700988 447657798
635168076 970258978
57408283 900527053
63974177 602616146
303194598 522573769
76004789 986500818
467415010 506932190
727867964 996284607
663561796 949334693
29805696 504026180
167624785 210400213
110927265 288977561
114947195 161762964
796593355 837543277
188070153 618817790
215853173 985619214
34645998 162804541
45337493 384574194
1451496 230825402
365365486 884224739
482473326 653234748
239061092 885470483
164253659 652987342
668308234 933625466
120669404 713645726
170716012 930115600
636003987 963276644
144051820 627881509
514903277 987375630
82521839 861258292
48413436 492850285
190203335 567459426
368783896 591388461
82127974 698490534
94818524 119065888
584131199 879079219
1863998 656199499
47093929 58089383
87946097 480559400
20589435 959244845
247366536 284699763
514010859 561529181
90182163 658679511
123225750 854752649
282660930 939667318
751428514 904409710
524054033 748712674
21705325 771420569
93389932 983622967
642302478 957380186
285730086 697482611
349155589 675080951
367190072 902014490
132858277 993695900
166360467 271104714
543694863 865699316
495837795 892850451
229699672 860561237
436119954 869799257
430688500 527076116
162576527 629707458
40850459 252804575
67523006 955172184
552829273 902846676
355795945 877639908
223035664 688096496
168301399 281509007
271753071 471637035
541606968 866206365
394758850 403603185
475752538 947588122
306449860 338103284
489392935 882864542
587279890 871734006
42103517 859032960
476694779 971419077
258017814 369225066
93475423 996422891
40627256 123276119
123792330 284755104
772757082 831237264
324360002 606157288
202590113 809946633
633882061 901811794
599625849 847018083
143591905 868906301
174006967 617455853
480107495 684241501
698722585 817160739
114029580 342516565
348961982 600427992
96844711 102504642
41145778 696470559
705459773 938419971
30728702 313098907
461796627 645299328
314976419 583727786
355552128 663938400
113653417 854327168
211934792 871795680
408411548 871777414
490144997 866897807
85756789 430354254
60284674 666131444
407235639 853552027
23098018 80501434
7956022 673774225
376453771 967602186
106221612 922328611
28630153 889151787
155924697 522759605
186680416 883370350
363649963 857484988
653260833 730350940
674614129 805317972
541463096 985750857
828575595 883343691
100424857 811245742
65110856 882714862
592716201 909389468
173808808 297790804
30125280 707038585
720400403 757544274
216119066 384919469
48681563 700049469
881825072 966308770
247585939 880513234
566576101 735334327
518089388 592901260
505191984 928382502
20179587 923397578
444316718 977123129
12664527 278979569
311967892 900754585
306591215 756284609
639489256 743058592
381108833 627154867
236682128 881687752
622031933 930852579
107377443 337688857
327156521 892290338
191357745 696937203
217963346 984670425
116869420 132903954
63756532 239013064
202829241 801529692
250313218 896759174
361702112 852447083
68710455 878168535
336206325 933368418
483833437 554169671
301816604 973740989
691026814 901742319
569424591 867193910
702168287 741035577
27304840 196664085
599561939 831275301
65805087 143105104
36063663 535848555
201246336 345619887
289312892 402398481
466263415 855895315
539381731 918341706
61446809 125220938
512611827 737912010
126276916 822524549
894295375 959250806
214165638 927998444
95387855 766667173
242863441 548134445
929912671 934187945
191899059 248692438
642599611 731280789
102787623 945186227
40731344 959031245
141317822 632580557
415980859 928782331
58023183 702844756
48548287 67633067
232572093 863932336
7155621 549003727
260096061 935949735
419803143 676076919
512617081 857447947
509521502 885922659
326182712 629018762
535465316 866084338
570268645 884149502
22295014 386758403
14612168 383121579
80580153 617235141
89803404 247970760
63942665 811238631
707438919 919171721
536406861 853468024
101438783 902336416
268442105 427300328
567536557 661428934
282069685 312177527
983098758 989508604
83865599 124061338
98999075 784000847
235572462 946565438
158537808 559551470
495550362 944582195
65703313 848029493
468111644 901291500
559275258 893462354
482153872 879663695
592040239 948512263
2347725 547612088
217157128 946008381
248074679 661317942
196999904 250686821
469334385 864663370
27150816 229875658
378428667 682525859
601255848 985363725
95830813 933024534
339681717 749618054
320060790 732841077
132934881 649586116
306506243 345885283
300962179 744834779
500828071 806345915
552617643 967179450
153069260 315828040
99902591 519276182
357156259 709367191
433685929 960742970
714031365 865492593
109607137 327567743
172092515 940023713
448590200 886123879
66207973 77200038
24960730 955659257
26828720 876446116
590359489 982435019
309977334 467836570
361431371 652255466
243102340 723645703
30421302 119208774
878932322 889904641
410208531 486703188
268907764 641240249
445806001 843652404
76429700 116278242
196984417 386407033
436631163 840111395
384483810 798062533
197553019 587985551
578618491 858211400
265606187 776171509
4145829 5907626
25488671 661935734
67030949 988849298
286736049 916242399
143888955 874248303
519512081 926750737
490256581 724764180
805753589 970004823
41696212 115158373
687158131 898228371
135110325 915662861
111313185 717950103
287444023 601569765
206442735 687357658
837924034 962087704
859712284 890452118
150245088 562375567
432370817 837403218
23174584 996475021
450561138 717408052
256332568 874652076
314191809 949633550
77169069 736369227
112768507 527730206
697723546 890976241
309510710 433582840
85895549 988761792
69455839 610513842
814504416 999141259
199399420 927272922
379387816 505693049
148890347 634286449
44151873 386948832
280432189 741875419
130441424 589942898
27974610 880118138
30931246 261435867
44219513 676677177
142469576 439927511
589279617 818456585
412238099 738169964
305259385 764149725
10671748 349411257
733563186 971777637
14174469 349489016
285408744 823767192
269040759 874688360
494740128 681278857
619666711 945730147
13966507 85261215
222432122 716797682
250592890 304729391
369688113 548537823
22378083 433197482
693907587 889404711
281533200 283977501
363070475 747240890
245839568 883809494
81665936 141118361
955391943 995064429
595567331 893117397
922998842 980171922
611667552 724059831
724033613 819923529
364234973 458457721
142101950 263271778
200592444 957964209
102345503 842317312
418893494 462015119
238969287 783128466
510905136 876790463
726174789 749874422
98031754 866068396
12635017 476726271
347322449 467060729
71223683 859757729
455745764 880355176
832802795 997187847
502690367 937583341
185755380 958436131
85439305 108607960
3359838 918242099
105795806 735436636
381254187 855535735
795546019 828989681
106176406 852911086
71949121 80032363
870132056 899298012
385591970 393103276
354227587 357025987
241789724 312539744
20591830 70633626
266151229 324281063
298929796 613730624
381294525 957978500
94273933 131266376
296322471 354838981
10387162 560664916
266386153 935028687
38997892 53077426
561506053 738165763
174843921 348343437
521222313 574935105
451559956 927105468
106070552 599980437
17097731 997584795
110050535 872643340
671168699 933196053
453096104 898569640
379138019 855072636
347384472 475200089
234283916 898538703
673296862 803248951
277120106 866159837
84085707 974601670
267335422 986030050
183147580 991760459
22402614 603370003
35211135 641869239
315749764 926663048
321824778 934780403
682637469 870994598
519817394 998387233
532739972 958072065
366587689 876725467
469686874 917361646
228421146 932658002
75648181 751834359
691835698 976721855
413331041 433998093
256800220 273440920
191299210 791907680
107026542 806638587
287973875 467949313
762995843 979809572
121861288 304080350
224581949 952901682
642118778 946571355
510202552 939306297
15609176 400951861
87297670 95782267
426247264 913604044
339222339 553292202
7709604 326291643
21453880 287084367
53204762 179503195
625784026 951537557
92289459 520928259
99295520 406169749
34329900 178323042
415621898 632392171
277758165 437075777
120279678 363077297
776735207 883410672
396397483 721541017
412741968 917585440
418130076 447071868
95908481 686268325
79464038 226182997
166959480 860637372
76231020 158422486
23166181 325144854
310237398 676402066
499728690 600519971
91827168 761045834
447314159 634408639
9111761 980588816
330528147 925384326
375802016 866308254
701542934 884876864
568943781 934468401
266893860 807548640
64406844 990531378
255047568 659483151
192634461 956590501
543636489 719050666
306962375 742277894
5260427 464690551
43556220 73093945
525900 780577202
28410094 783285227
51364824 781526201
179833708 984340192
29462774 295352950
807025033 936711347
60061064 389489142
84119618 762041145
324572876 849552011
377296680 940400484
67447456 581219508
183207043 863853443
459884596 957850288
6345679 220403999
598067012 849718277
336196932 737771169
157302609 318100634
354027953 894770600
1680959 731324632
165060492 870894477
251768766 521005622
593312347 849835777
370723899 929509278
440123297 554329461
27276359 597425905
82398242 506871663
346012856 361498285
453847619 933739558
91655188 600868063
571007132 945443534
970724094 993995794
546300415 961815446
46826272 896147082
411632073 568211315
88528992 234872518
99951008 944333819
426411622 817654998
307147888 362541323
528066325 779494513
143103910 616686937
216586938 410343722
12192149 402831232
813288052 856541860
55275793 714097818
479237027 676857521
402245603 613154213
410004383 933954576
172367959 841044515
213154515 479515847
203585837 741220839
111526711 921151834
316113434 787168304
50349902 311733695
270962351 885414096
76790883 602715729
296689211 979290635
143540681 493216208
319008655 865618097
614296299 841293077
106016269 591918250
203986142 229494971
759813509 900596991
378987665 523253083
87677281 624350890
117567097 446762615
28814349 344558185
137380000 358663046
625335209 969590698
103299710 385148717
146036730 430908383
368738344 431623844
699632822 903728266
580798206 963873052
566952788 718178206
48619452 261181087
79384629 335921947
299794998 314987987
359792334 918646294
190792587 982123050
244869748 783019388
342788348 593199767
367275246 903464564
87745668 875269820
69092965 332615416
639472695 966041948
454200555 971339586
144268806 238021072
57796720 828181622
375336284 549785767
699810260 865982686
40287626 405705554
110845139 950600698
86403527 486181422
352902816 880627095
105469959 548908434
236357081 966504906
506410582 982851515
386370699 611880540
5442674 6979760
249493846 992703988
144680114 518820306
22033941 459184213
261018913 267082354
315590364 852758724
591763493 890977505
311674962 835562030
169390827 627265325
582360283 729622658
692448073 904653397
434012370 658854767
622600107 907181290
117761385 815951338
560733937 891293465
370247310 552867025
16753601 581658446
182793788 981846611
608691089 681786127
82210824 169425025
13947598 892650122
389059117 526385001
76301068 712401809
154401556 734661716
638511819 969111946
503414424 816853477
181204025 438944210
69835086 741420793
140420035 874126958
608788673 961179024
116449888 343431327
60898283 619864312
12801155 330042565
588954021 921518747
271238375 511305458
515455891 676215315
699312712 946778216
95139852 779970087
23900210 923578509
159847713 944438492
308475190 779523721
116646065 447053748
323453972 962272760
640805882 819718507
212484940 741274279
206644861 504279517
134025335 904555597
72340435 278035364
179408276 394200018
184559280 527834934
310353312 911892517
297021739 876434032
780289215 796410515
147714103 876943670
694315122 952560083
138943755 973035039
315162428 919232970
500235056 918985736
79031267 932778670
702454676 813117972
144219008 989720659
305144053 928188628
134853996 703948072
66075989 69306598
491927628 879159929
12072759 307592427
105445148 690326387
71838856 888982080
566714441 657057406
522492315 922764185
283150429 937958686
19974297 472345321
129402726 321821741
776056468 969415157
200171655 734636488
170668767 921696869
88068911 939828077
358110436 967259203
118833095 757345968
912768903 951170647
142972865 592507530
536174654 853264080
2877376 262162771
207167933 929445896
265972219 974186321
136350087 885191223
461385383 611480019
32060621 104113778
292388060 940134006
621640048 990882604
102873127 674084357
168954920 938782860
348961640 859672464
478923808 863254197
203241374 686924756
605536297 630846205
96636567 506068895
73500539 498846098
214616646 488794970
175719725 406513018
48704224 465318378
647278009 920176305
631481382 892182927
431198748 901037371
149931967 618885641
153448454 535058224
191860049 913601330
67503845 233402526
140352813 701818114
229344644 704621346
129318222 867699098
232489591 945628953
442619042 472840899
576577124 896096565
651747145 865938005
344456337 804090674
153119995 374245463
705187157 975913191
7472881 775645000
102209944 103338524
48967477 901225306
523098049 983071410
9155512 940202178
96931655 863487815
22793498 419863347
163476690 845010330
546921043 738902776
116893623 291497012
427719705 560990703
10724129 788078924
307969607 436370745
657223667 876333136
201912630 991547442
444056642 965766164
52948218 843494037
134991048 984904995
500156072 594073023
701993383 808125679
30443767 359217049
536975166 847187424
336661801 405577988
455666629 948763951
801924930 982153802
293878310 631250102
379786223 893968742
41298461 147544280
72344010 857461004
477318963 907965802
382063816 450094916
20806076 40292880
326742 282099747
453940752 849463400
60480007 364562073
150023306 578870280
91571102 996861184
70024140 863733862
12347999 312273260
234029150 927872985
480305110 867046419
526461352 994447292
98253971 554679057
307860405 919465346
27038017 632784019
515765155 850860901
761229287 937869818
312774876 883087432
299190229 955057030
11077111 807194060
500972553 860920750
564298002 807576217
597962386 851418900
42172527 914508124
145737189 945022297
71231688 796576167
100715469 330333171
140907637 974111089
496159727 887449966
577471860 651499995
763978967 955026779
113022697 920967679
147119104 609182423
660933996 987114420
103595690 198438962
285106263 895054202
684922080 702527220
160507715 301417399
375565662 623093046
9681983 522684766
84791821 523132331
574087644 684463552
795727116 914764278
219780760 921035444
539984083 859681511
199805443 972587552
155729456 247853794
26614477 867377545
685545230 993301965
355981122 508407312
190761201 497323978
256714309 706814808
186798639 289636656
445393321 528195254
151628326 892992739
650558888 753938401
24790968 462361781
502189450 776496127
452525704 588848490
369076477 997833665
867068424 979721638
211029910 816703091
86184473 861588797
176466930 956648244
818351536 846453331
287818172 628378934
161120989 690455026
393443427 998210699
237051074 866251986
484103340 636640984
555509155 661636957
150205760 637175254
510475534 934658116
191521449 196067915
91285959 877270745
631982968 890902315
519925828 581768683
145099246 924958522
166930989 363178633
92965729 405278768
185642198 794026221
374751031 431437218
808971754 859250350
174855884 181413933
572232254 638335804
31530223 965662365
145660168 360551195
402143601 435819024
488661333 894628476
829814144 929680365
144473518 254562749
60506530 736146426
474751893 968330547
412282065 876895493
551662018 993014025
640983602 881702893
57338944 727572616
129273547 879672874
14481822 880645914
212720971 305612159
870798885 890683724
252557050 840013260
201385925 968442596
66729873 492671934
141782787 447723837
352819018 726866924
617550647 647355903
675960661 944564855
135303386 290521873
84581224 859185701
411254318 887550641
96280159 939731331
531617424 917226655
1326550 43908665
616267901 682625898
136566549 884492985
70237913 136247396
101923472 680391375
123660748 988359302
201116521 870477956
743510624 973376683
675644173 952726664
515910242 672905904
113352899 996568836
538970321 788362341
305559592 454892885
43385282 946100635
893925179 932945130
304857322 793848386
613680368 912625915
443642838 735011610
273974102 731713835
14418795 942731526
635420849 876956325
14258242 344936571
483238412 771867460
167113755 540697596
656003806 728303827
27923896 967493479
571258662 685286921
48219048 79778819
141970907 799935201
411348353 896950116
713077275 948113843
120266472 862219659
283174305 398495449
165705776 520464142
320399342 895946641
589553477 873383881
90912265 884033264
335022729 532982093
609933496 804538035
46033764 270489029
487266374 834237555
386737305 908305863
3411862 66116651
111259880 877297379
144718285 151705919
63628017 377943362
93674815 857868584
31545571 580867478
32484973 952277017
52897743 883323729
150887907 908825956
398435323 765732963
769350497 833237747
56721203 914068781
144528494 502014397
212399333 532590569
595516064 808812460
564557814 937205756
610023825 987355950
546729597 662326466
320875777 384189613
713465584 965820595
112095534 413800694
351006449 637237298
4000357 770832749
661950842 757089268
9756167 979019501
273081854 671707008
588625121 598205247
67429667 265745872
772243295 919064946
156167209 311381782
222057499 523478989
94313570 857286745
66067569 692646335
524182187 533484680
600047095 965323659
327659483 965352053
576022126 673359351
467012721 986675964
331644730 899100817
367021633 699693962
343487370 981405768
315374395 527648451
137952340 173190658
199397619 912636466
800131256 866718767
21954875 610912068
489056925 877617575
202884195 902717659
98132079 519575574
11708123 673396005
560206349 911617602
517045535 932427499
371619036 866205284
311192223 907494209
344797509 899103688
255127796 653138245
438371859 835397404
183971302 587269243
44177093 865391508
615351895 863724332
169132418 288961246
279686639 328311766
140898565 861802915
386662385 900387479
557069187 868439205
316193118 414593869
92622841 956676962
124293107 948509790
320158411 911481855
346800789 968363696
199452781 328094971
526406630 673556163
67881047 208722347
179970320 718982803
661168670 893451078
749722801 974005658
33614677 480292262
588181907 888975225
714589749 751238772
643866906 894560068
187949681 515622250
931302610 967461741
352102722 844180529
229167156 248060768
374753920 699388730
258048065 953798784
806906262 854716628
139690035 959182101
327831569 491792756
29784341 47560271
599465352 887172510
272336028 365314455
30972874 530384092
319113239 837879135
198248963 377307105
11207535 526080531
39162925 905419698
112927953 287326689
137667659 796709109
2196800 865362932
125867165 868428612
235356983 893033753
529681011 809911511
710958149 750630302
175631989 841787581
634492875 904453998
502801220 887686778
437559394 474913596
97690375 914335803
144162740 921252703
629282779 888812560
661925033 925053475
726038152 874497710
497444946 984824612
244746141 420796698
54944179 215716539
429440407 656798612
571134415 660910939
320571078 562332525
316767672 464664052
105308630 210271822
49210454 748135407
541335365 961186803
227191781 891296662
164609712 853471945
540170811 594050118
185837984 909944690
36751029 169616005
527018862 689773511
242448822 517617049
16918873 40976588
63630820 956021895
398109715 910635266
272212393 331825491
284492575 496463792
305002038 829524080
895274527 986875270
140113428 732915143
51167162 198950014
623764094 676244187
30226950 606265217
28241235 798310426
130135916 904146682
649433770 922696043
104786428 806952160
604736474 806965910
79717415 871721999
611123280 714919271
35665368 793294292
91181945 874117304
10755430 636703323
109568708 582923019
772738057 788206953
680033944 860641274
49002069 565479179
412311850 958859079
675200621 711107414
255602239 940946674
376386044 601131414
241854718 675810407
640925080 945381730
156151280 973055987
53649760 962495765
55493584 818992470
271912563 487595965
274001659 968595167
29363331 915490736
586999557 884009911
252488929 644033394
555858312 811048637
79678978 898938174
310610895 557844847
172990775 212556835
470178575 866158984
308187918 499541905
508471045 585933299
82483044 861104654
424524962 885745214
393908231 428202267
153374751 944141066
138142432 511469268
110932087 446155768
258314068 433627013
165426840 891016782
39030147 589951802
18154068 930136745
294122364 997971352
551058592 656204663
47325635 881302959
66188706 90805105
29378286 976771348
94626009 977512327
536211176 941191494
76239472 890833051
109039306 752691371
366493730 436818030
107705220 313636090
308104085 978178346
71885092 393377183
645929732 878453589
121405900 931150958
96782731 510133427
149511565 951298911
550141487 910083089
64763398 957581232
246915613 853754884
491940666 834857129
151407187 990386750
385761518 874805519
389931670 886682219
214858113 430938040
763596626 974415490
590991874 837926471
312047793 630612696
599436888 946622624
180454289 723903064
311063950 864638651
316493497 541714605
52542675 465654928
44150212 660844365
89385031 695811377
284197038 442627860
25186527 513657372
426757007 797283121
129627124 405354464
663070341 827825587
628605670 634304679
2864299 806290866
116411802 903660118
591499460 985055467
54946418 671314683
99800926 906767739
315001612 857226987
200751456 843521220
305001093 855614278
879488849 981991253
119492257 762613071
95841422 611162063
252175804 792168461
162850705 391760665
299172425 880153955
68822904 343540156
413496668 491591644
583719226 765953758
367115678 735046563
209543131 869656351
534454170 954233431
404620539 486778432
483693508 717755581
22338812 569716106
495874394 798214355
112994506 973408433
513713458 549230083
591878542 880829135
518915309 891213373
491615080 591168547
28105394 956779181
285201658 951037700
65328250 379781380
487762106 523018496
334842359 953203041
112585341 935181666
68342809 897352990
497636656 926120655
500454521 933399141
31138883 956789567
62295110 284810444
27213300 712892874
290008334 790856594
694672560 955397686
463722167 958298893
78077533 158761516
522108057 983226691
550829061 971338443
275337640 676547496
92114305 735479201
324776348 940669142
349805789 700071449
82607843 960257174
106840449 920512681
93717613 615594324
67044934 963519066
384149579 711600240
312495051 333843940
616161252 808368130
57094832 109560309
557113222 905262789
6572878 624158155
291808076 938520605
149638858 599147864
54946295 909393378
83780351 964557479
18953687 121000639
528308591 899366723
19233434 223766057
397607765 440355922
193017161 669266054
319606507 906117856
111796304 126461254
140562847 562176958
405579719 993553955
67320536 954070753
12723633 25897874
681027207 888607501
478764301 895030364
505481281 630461986
52519062 211772648
266483912 917759046
237670521 808623694
42278982 242546000
240500677 858832908
767553017 776625965
579736753 867774394
619921915 914501128
332575037 886405826
695029520 727055506
665307909 747669342
656826073 905808585
511548160 893268936
346116907 634893656
21192032 846206749
67582366 804591908
306572039 904699065
357605019 842480948
218770121 746107033
703184454 817902311
54841657 263443652
195273158 844386495
161841664 936027368
519211735 643670000
397148938 994786478
864179479 978254729
126712451 939108394
225052837 902728808
197070338 347495770
493317793 922169006
121982612 428097660
117613249 934324927
871082569 961953039
60526945 208864398
36350983 195535388
236030629 893791331
88117353 285617318
93803452 581435146
60302675 986196298
791448769 813242760
445092613 913431380
93856771 247431373
34272651 551020608
662268855 820830921
519374369 904692437
675119306 900438477
646746160 915857863
49283603 740549611
285823979 923619179
753984727 915290766
473446189 562791118
73562581 670778527
524238031 618942752
311357271 942597186
152034629 800586497
387388015 476242338
373186773 700048051
119051502 407576504
424583787 958833514
266912755 524813533
115717586 914512686
119797321 289563720
568291792 919815733
648762169 872648457
510997353 919411727
79064807 479231291
686440764 767466889
447883539 480361602
44168716 241545124
485905674 952747746
492500942 957725190
308937758 900338983
34885455 928907595
536558738 979741083
666227323 929359703
193585482 346520783
445545920 938172863
579445311 928352245
150754668 398823939
140016943 206930107
427922347 531133670
389199703 462756933
417917152 906295532
113225638 836981456
11430341 937502498
228785946 951229648
305909336 370765625
248636974 733314115
56854592 297117161
32516499 951301265
488491140 720725218
240414504 977756890
263049278 693930444
127546756 319783504
2233418 84885403
56736565 109273272
101476863 511555326
431437811 942801280
411025664 510673792
448075546 972221270
227565057 402068761
336292948 376942864
701247764 984951755
495875718 695754092
910558736 943951263
346020023 856784660
515528268 973605378
199722246 860134712
527457039 667134195
260205653 290012680
26456636 958600127
286693133 667846329
52653299 388858006
145917686 233923152
107405219 638469391
325003785 878577493
563608353 967707628
684591304 889013559
175227640 557767578
78471207 920891491
312252196 957835260
265113978 757826276
660958336 828722330
216687854 383167751
532898855 876033007
263486101 448221299
630843655 920302799
69422443 269835942
9105642 988465278
256250112 394520849
27440765 158143473
492662533 872031384
663571227 933711636
706530786 759554127
416767174 871265430
330375162 665848078
3316288 19259545
217046100 696842670
304286729 623677346
73638649 980999448
203679787 656010706
288703143 708266662
954355726 961505794
471293337 472291307
42603260 247264591
330956411 604898752
10109877 993507786
433589249 733883240
202254623 745142050
253669107 891037645
114201070 208024833
705059790 863352868
519222705 688922222
192157854 990516041
13729881 234761113
190454057 945930284
617373023 879259659
84861974 801845787
658619504 862073672
94800818 619758950
35749250 324390449
278497206 490260842
502348576 989429343
623131071 841930628
24390106 387589901
3996218 961768431
518242298 943103820
33842318 949390344
510205005 929591310
186866233 885437981
63486397 946200565
673233191 680592606
139843105 474841000
97851186 939574099
828822199 946470774
271290663 756377024
165363962 627552455
248903320 522008330
113677223 435769552
234486468 545314115
127008685 982593727
93422343 137041998
451552667 968340508
600353644 711515329
109345795 125029162
94412105 763372532
517270819 958684223
633186534 984181426
140265932 855319302
103536329 589772995
543377152 561660781
82650544 713125818
319891034 715837078
651458339 934522817
563984222 864118783
831318906 874869979
45307140 943358893
299348697 919291368
423222974 982999155
731652174 790003409
486711101 898483121
17903157 341558197
81947151 912460752
46310592 689872324
16463297 464994348
129097518 802309698
55863939 999517026
176046333 351009908
691306625 752302707
126219454 625770127
683993268 979360697
367907033 999591865
136741515 349520902
349037927 503318512
236328075 894269730
467013081 691268877
52337767 158319705
18282129 912959730
32751526 993355005
25922369 181355812
627531939 878293158
553176677 757938535
115255077 852893161
328599169 679367129
19601652 322125021
14826527 608230483
59893343 106459947
264001953 893383381
194492051 651471165
172602564 857538581
301179910 741490813
224601784 416071976
24302459 494255256
474242756 838412097
643318680 905981236
193574375 720430497
347396465 591316974
309371873 988528654
197028589 792141130
602003586 998361252
464256660 946612193
585860040 626144884
262275864 319630651
645591199 774511437
533541717 794413649
586554778 877282869
412373960 569533963
87664789 483620667
131939682 970297141
596442025 923142087
821429040 858717888
95289090 319536590
485745676 628830806
113950238 358652210
554496278 864079055
435049843 913897389
269616773 376017625
244735335 591814149
144598442 682987008
36967385 947970746
273604480 941966735
53843174 457623675
717903087 805126481
630555483 851451247
179719199 716764327
359672574 447989648
341035879 862224635
450209436 989680818
524338569 564990354
358125245 977484649
811422179 951747234
120042648 841672586
273035123 780940461
583786345 897024315
487045774 720398513
298142721 845171018
649434603 670442161
303898974 767006766
241573430 799580420
55532628 961346580
434789263 863620887
935729470 958794495
119841475 695080501
533798710 606887248
267995366 831941430
304574618 818394879
702583877 977537854
638843440 674941704
134345303 793130071
464041301 651122611
81497651 980184907
341218721 945911361
352202071 682762765
125561970 932585695
434373763 924774651
130598340 195783473
141694833 662018149
197297265 504593898
121070998 841553358
550123591 963582773
251814027 449582396
140432536 246025212
110532300 207771897
311680789 937492592
123374549 133763876
504159670 907940881
423085810 710555984
388053259 644516458
253066950 347966766
413638395 781762455
163899678 371281924
57433616 928763347
72884914 561593285
689220579 725501840
41643855 583441687
118044586 464729664
36715741 978849267
520859903 903220762
92265713 571912051
37445088 721111591
107697084 969375187
970595574 997658524
576840542 842132911
163729273 591980598
111823631 819589536
7992883 979227120
241535306 802283500
279301716 946209480
46953222 85114085
92643380 361955498
65946090 401191939
216165556 882879038
763696367 835509365
203007769 898320311
891367 896559053
523524729 969434512
111986199 917171044
156794246 738864162
146502915 903516974
145972222 792284875
341239503 923239740
97648882 350550100
25497312 726559058
147457428 853583388
350062131 973856662
682984452 768255213
416813281 893137441
2180160 831962333
829216803 906716662
605951474 993351529
108150819 241851365
5885025 217610511
175313994 353125789
98779582 374538453
48021142 616916526
453041297 736089795
12322961 914299196
463714073 702547155
353482482 424381243
75463382 817305747
826516175 931705609
409433021 925295756
542212281 929188806
55544593 128638268
107651353 653357452
410995512 936855595
184195688 259813150
25235912 209347887
281944008 472715115
276568880 952566888
353146506 621263070
235387674 869178182
86040562 842745815
656292873 963792825
52093702 387765439
589610488 681322420
520086228 871554495
6553886 266889601
23243438 892516161
697599400 914621279
99795611 816659552
315559088 580044455
275306621 897101079
384106512 867792979
624305227 915141989
322037922 716070588
139154547 996591240
563373666 915503012
510436465 873376725
407128627 955738673
175534942 322496231
593096026 957612886
40188844 913700564
522347751 995661440
517697747 992419117
483623673 597121692
297542997 384665525
31481966 915710800
48389374 775737533
487987165 775873453
455322955 918351917
38029214 517440800
656496683 936241132
194402861 394390092
501883495 859864291
443511 930257310
888595781 911891000
112912298 833698043
713884054 960491734
246187681 990512088
549054630 825296921
449576282 915989076
49570925 855902826
324665767 872736100
355527740 407306852
297691463 999208337
377115653 932804986
61423744 146393244
811903275 848792368
398458706 963876207
211829304 913678480
203731580 286939504
233755645 400113004
826126433 867237149
434495025 909528688
136155946 709670158
216910924 856031498
17898784 960334697
42667756 211251969
287446065 975355137
509860004 875994672
234154509 617764906
742325637 990952773
29485806 668976616
426474363 548116258
168304388 927929844
472053080 986910573
5795616 867631416
224877170 330365047
707058340 964114330
612936852 770968768
289777811 996729168
343683440 684581526
131434754 876645496
106656415 838493093
461978212 684073732
295489762 751756023
42000932 948742681
131527316 321285757
120765380 716523848
407533293 456968939
86129729 922183025
363728666 412429958
449061298 950439391
27584087 746074110
168140363 458335697
25244040 226700949
325044492 942753205
67080366 358031681
110454227 397861618
48527591 321010638
199905963 851741063
54819890 972359045
288469530 952001303
574067126 879739990
120077815 659529437
797934918 919168430
325306658 946872121
659710955 841749626
58495641 859616917
569667485 972961843
2802804 984804044
856619325 975396970
496849832 507070594
379790728 709206589
209689502 480125855
54906152 331053479
823837570 965918144
43186747 222360962
79233674 727679060
76637537 187432521
509705880 926810194
537352736 902367571
10401602 546292757
176221966 917824105
736258600 920532982
74936848 668008626
598020974 992703209
86346829 774242939
408497157 888455502
144858805 901961884
369639068 510225109
811178608 848974245
71124342 929264577
240532119 364466309
60233061 274801007
470770142 852995930
860060588 875308976
387741315 921170808
119174519 403514174
488657823 514022083
711629485 958106721
174737064 820963835
593324136 901592515
488130618 567965240
343008042 555734756
33706265 897193290
670880449 885448455
49967721 988534699
409467086 579962176
589321 661453974
115649069 326408311
473204674 905137540
282227928 473793995
566591514 956330395
192230429 560193726
476449048 730735815
427366418 886463413
406568628 738277963
52401150 393081697
532927398 921673970
83517093 352843257
355400347 907244823
78332324 868810351
114408399 139823843
791672293 929969149
157974658 780707070
242946520 597335097
89106431 885673093
262770001 750186385
596137224 949316485
542539393 579953000
211819244 256770684
796634966 950229490
571683281 918127840
504013107 583811060
696589796 902753842
138478231 907521104
648904040 925799378
580748167 879301698
144128337 437281269
709221435 977928086
421052528 496542582
130949105 933851817
292887745 857399359
391622465 720897594
411434135 932710768
517569002 915402418
316054622 770457733
13660757 554499281
114899348 836225336
141458122 543566742
626029200 831696921
23861921 917878386
913558184 930087398
158741958 220135430
10766022 327312932
121102302 157729679
260359997 734550016
2080563 616519303
256994093 996759719
187166370 925606909
37006119 776299724
184348106 979769375
119053969 613615442
5523483 136553244
221597621 882098071
560228750 940062532
575248974 655060661
471204269 798495279
46237728 500270082
570987567 947291917
230417555 618451531
14264414 788622154
243073234 784086165
44561192 942441711
304488871 511518728
232297290 548634102
744100774 803284856
69364103 163597638
461471893 967146105
47528221 74185999
751950020 785376658
618477109 847539605
421979174 515554652
472494092 890846918
696302880 968114730
112643727 553844634
480750490 672354733
485413420 814355008
323847492 973606849
29713291 53874596
835687626 912723179
58397225 213323055
707885388 910724824
67427728 256704620
394492801 406334496
191035804 473832120
62017839 249433028
263489746 493441565
356777884 994845650
243411994 862227056
592376240 953066419
7700916 868173556
386886778 533730285
187779708 894232656
259532061 913058582
1049401 959062760
127230977 570630175
223143296 239279390
102884827 309391277
274291452 587245999
16504103 555172607
417211806 767918257
99887132 640355102
308247754 776155399
156027303 252475641
403515586 594608501
444333953 482509800
419992170 922549474
215381846 917049700
16814903 125219038
118627370 511567464
14380384 759967390
179703248 890364250
531107440 939416588
19856212 417022856
49984624 962693054
78918239 144978164
90791457 996773587
361641857 737581382
256743870 328121931
55352083 620844388
232361410 598145859
684980949 903765372
84049435 672940432
902554319 991917870
146301171 987432080
376744105 698543677
645192747 879060215
845918803 930900881
95783084 745103771
70323079 940280541
145207370 786367342
137440130 873383652
52314359 871749817
559440066 698601782
96819254 939869792
60527866 880824931
45893496 149411269
130225128 672682541
415822431 933937198
45393414 328866648
536523737 713171976
7804325 670847384
617036074 971836677
141386760 982391549
507590441 994386026
56205324 120142773
57170281 653953353
527726747 909731673
181002798 956818033
153107409 968245197
70200407 899755052
60095934 486419532
656733476 919044938
62731150 915560645
64495496 770547485
251915387 543625891
107773896 604296175
202052467 864240914
77701986 597944476
513505120 945137303
512594652 944664481
592551181 932930327
7653915 55547844
536899129 698748505
56686005 856897484
17538695 254771948
684703965 889566626
69359790 74119446
188988264 951443368
495563149 994097645
101385944 234926310
185348651 983298654
248738256 870052615
387722723 618994814
235702580 874880568
90973630 539744454
219510885 917581699
305651952 928911560
519678010 854927874
91786527 102023912
280595705 971906087
79241306 625191309
569168141 774801052
54842475 398337695
353806307 801739022
46499179 581722895
223938596 352151130
363150806 386368531
382977669 882828815
241296404 973875985
52498692 58081285
483685559 906503631
200887340 837491865
622416561 880320894
67760827 295809476
389763888 810173990
629821473 825517594
341067623 748989931
117736699 986327697
524054154 700471396
202496386 943357142
676194387 782319681
120722422 918474626
592493670 603060246
142187145 937576194
356149723 837050762
172782688 973870233
140345240 777229225
328921953 852510976
114385116 852976106
608925831 894616827
56111195 121946528
239754309 856426920
442712310 959068372
283815241 798862032
648635486 697531258
451163749 852839795
83633906 738390225
485830673 692559736
485523403 623771430
136922789 301707087
96476319 229193450
10650359 539188629
27291749 961995579
221270844 647112240
232577146 779603096
8770787 856033074
487066259 543999795
89641925 386891015
681356613 961571955
41784519 806394991
306023582 377754660
99252642 845243240
318925305 795333639
576546768 942446599
73237384 110419732
337644039 962358737
303076341 501754430
135181663 874476336
15635809 295214286
44048842 952562158
45446264 347125183
72410910 934782090
4530429 578060472
188313923 857437261
541631458 931206217
414966473 699902083
38549083 167426102
322825943 433304657
398943209 984217156
506695201 531967476
69781756 258537452
253434470 670850482
712553305 931041593
481579035 797794604
398515099 979418202
700408739 892062732
13139708 686532761
516001759 910235572
122929403 270344148
577567432 767175882
649757631 879317794
144459796 689409693
332401243 944461049
47042933 92080302
429921908 585237703
546977791 798440018
495473274 522423545
476586819 862092792
369275777 915432482
322900122 845862596
36033628 451497268
23182359 134942558
227460280 941127560
540873359 658148404
274236084 760958534
820634940 904277708
124214967 986999703
528654618 918380046
122683852 580974289
355779951 518406950
718011904 748665394
214593994 980460775
716765134 937083024
210020241 929655677
206388461 918897136
273415302 416408701
164605114 396981045
348598375 440583345
82323237 138412954
610467198 751927284
88259561 980342048
309900510 555248174
88829471 896120983
34533936 302173809
133328262 886630190
264322620 629225515
185164141 894511619
177251416 795631338
498955254 951205003
505909946 895862808
29757312 977143386
129183049 234405657
298689298 583396520
301932610 872783045
118128794 914980319
610094087 916061950
507941104 946774261
287021399 755611270
173728494 255123923
487366908 931195591
369118661 375949649
246231789 317864822
265334561 699910449
527114810 983750997
55801554 948249745
125923725 921263679
639692329 779348338
85584049 456939233
616895635 624258506
420511665 808734544
494641107 756440079
118424365 917450508
164785055 980470145
648297978 862815970
87961693 865906763
116529284 836994940
159674090 893129509
155714283 807972067
608461830 660769062
18263522 548939875
379192176 581851089
271362381 485307764
147182038 307186625
107675754 968178528
434182421 446620596
412158395 496828121
220182774 891375015
209961250 984057879
6173563 95659071
102161017 292872335
394796018 932574769
486284746 779617060
546316561 621845812
28769257 118626085
175274907 438201004
294481750 395457680
182092370 504442999
232031911 546527752
439490838 999783965
793808596 838323750
97723726 869680483
103383814 674134977
151654626 339501122
298275589 957401448
50460140 983479610
434708881 934609938
818430324 826142472
7408151 934305101
55045727 781347691
201480632 373963346
479849672 680463157
95514293 189652739
25648700 474343779
267550082 893621727
120101424 894724948
2010222 91237240
126842869 908877223
167726736 431065270
426224435 672020607
44274527 423132054
283097039 979829923
346952054 907392663
194017595 412633402
35744747 929762470
75047556 858882779
383419737 482092131
295073706 967193821
545916719 995116336
186533052 688538149
594904568 948911471
615515734 669791354
99679771 594377920
441977697 993272500
39831868 998211615
814821412 887819058
63497912 747261434
727472028 821902348
85700622 623430033
502231553 536495785
130743485 995461705
417323242 894504357
240740745 859300938
639909761 931327796
372976837 703407672
653689161 889191156
138709951 781465843
528486551 869409832
511107978 531840513
187893580 838544264
784059654 890406488
179111528 963036058
107706391 930623871
314980735 556663917
474864810 483181747
182488340 871471870
614394709 904495065
782100403 787302483
181385441 910908606
60997494 965265049
125832361 846212627
44839867 895051753
183209974 315440016
329400599 925482230
4554006 788680197
589711357 729583461
418490559 944318564
266159662 895613671
7918924 855871018
477713483 525301393
28672852 732594168
768758382 868043167
680670890 697769320
510816660 513302423
210418692 489927536
756644273 833017190
79826895 732216722
98939097 799715017
177800371 307875288
24462264 766807821
312041621 357403569
9634937 634343624
222871441 370253674
197569084 894682911
684720769 922113583
456648311 593463489
239763489 854447550
213543149 938224846
2234787 945616136
551019671 737306214
311347538 457334208
591718467 893470486
729922689 903066004
469297168 471067794
228114665 979418699
247170382 580038958
274972514 611149262
41969228 535069076
48300781 934304898
766239948 896874595
207374248 604402418
569953729 821970508
511529550 893161075
217282005 909641587
88650437 334988914
467275224 887359762
59964194 852704736
40210001 190771251
195954755 973927562
78795289 853857884
98167428 453790437
304364447 992995211
365527699 791092386
579882466 891667962
485763970 554837954
63850256 231727117
738829254 842698674
180585923 956873304
84542965 980022246
534860199 769339362
195912034 322207624
380175020 934741287
616428878 854756267
252893746 972924810
189006522 756438514
17460114 384918555
172176193 948585137
492698377 907494528
197234034 681704898
66623453 300128233
638843202 949157329
438476439 880433307
474047420 979372433
120153824 847810416
561853081 939803141
484584257 946019939
546606945 804970475
770291249 946413079
106689407 904693208
773291586 924121785
266823313 620796588
199602640 579385867
421791026 717809134
494447270 580582829
289137923 761270582
3029972 880402624
82608334 576141967
293795609 993088891
7126779 895805838
375148450 808917426
307190429 986268177
556593662 902457406
335556587 918234692
189782570 985195816
5826774 40708434
320523465 952312547
307453998 928817950
72313055 746096699
337048890 971653557
416419142 794988591
31249950 877092232
119246219 678151666
121563408 276764297
153370527 279224782
459745160 762182038
271704920 796794049
733835594 899739148
25338885 955866543
228938050 909459128
97433477 997424216
44154985 708127958
105178522 921650581
176175495 564923681
125472002 599896354
43367120 961419024
539029791 945741633
191578408 864354984
222127244 973168695
12050475 480309128
320814769 982665965
528193517 960677419
344889262 540243991
321283208 805547425
207871039 608930586
23708477 431469802
286416672 436051859
420425210 616123436
666992537 713928108
663125332 900573047
52066357 600378110
209308695 628433118
16849116 663413424
297771068 839845901
128414111 305498663
191419178 547131933
46487343 905318899
421248675 965127974
286207321 593251242
431244754 570970882
57611981 447016473
173849443 892237142
52029724 666741238
70968422 190753397
112508831 354729527
258537989 632692226
175912390 505081219
136755646 710501391
64010129 791252259
700693244 754108984
619792553 813202074
518484439 946893576
215353420 676593261
610228696 896241849
97994210 465201202
90557400 265729501
64917532 941106392
278720189 924241070
42486922 966413290
122168342 317406223
30671421 155005008
3123588 54745304
175152565 839182167
632804910 994221580
223253309 896350710
583480292 968421645
62096955 391826913
709233135 920588329
16986953 893416842
458289916 677305181
233523024 265671136
680307728 949970958
491734746 971146146
103078488 506585007
35688870 53687623
654573566 950309721
411280304 511176192
51049900 235893467
276849872 536365281
243617224 593276237
110026082 991903618
393236030 901838658
651204560 980592137
79090358 610653275
146306110 925892781
72986372 998817546
143424512 760914260
346803747 647221709
614248401 709555453
339960315 888923576
233983306 399699962
2670972 926484528
326184489 410298979
31252950 890229080
263206843 283808181
533175491 882888022
59268540 181457210
398097420 472303334
163071873 524336721
96202571 874605424
46440154 926572806
450212472 647752817
868263933 891070812
162308205 790807313
40315865 95076435
68299265 952104059
163459541 451700129
26758977 966425403
267717926 993072928
163395527 774239174
413580755 917422429
3740507 603017119
213248087 450346542
283496121 820603891
95760286 551214046
150581089 330180680
309700841 489440989
72443155 887103327
114937274 931968168
180825089 949149724
556565691 859840958
574578799 978293489
558596202 873683068
528547649 989293060
667844370 762593433
625365788 945704799
596008258 896069327
124545874 954867230
82537988 527681553
427262396 497252249
217232434 808326397
486545308 885076803
238955083 738335792
622236989 834963341
634405118 640868457
281501760 939489805
524472879 910348686
303171483 432543580
581871666 918608753
70725439 939813528
33162190 190870065
411091441 967568825
13278390 425382721
541636955 964440061
610705959 863417430
702747105 990874587
794542839 938042446
491884912 771406012
422058447 975037232
314707031 965651383
211464408 937669200
687719630 963160827
395466030 972149263
234561554 817432053
306385344 939439590
323657045 845289319
34840185 974355827
673747508 904360269
23578986 469629223
700605424 892964669
127635165 887957371
390587711 528338263
777947417 806209550
569822285 968612609
92439137 868003115
466631416 514440348
454107250 535663038
407891660 509604364
168330266 331733782
386103664 528698951
10123665 330216542
674290934 913711683
428052817 478626663
498047907 882160066
14289700 495659378
414019123 975446653
142283868 747736608
135083126 542852738
712098212 940862768
239563073 879144872
298628942 926266153
5157436 954380841
51934347 566527820
679875854 934057780
826560989 847897530
573462509 831718425
547671028 762298183
570357399 599605375
133879494 902798004
504965024 917173748
14587594 420027248
337957335 436780759
135575078 944497056
92630294 983230968
369842001 951427135
481005400 854136087
428589255 972117385
373941092 917990392
15288794 905776216
709719702 986228557
171730807 865228647
356816819 978010348
533735301 900377239
342324388 636531283
104457911 867457128
292791737 614109565
9548924 274565030
34370146 257846241
40757771 646014876
85690831 430991160
609306094 716765950
436739429 907925019
374550935 798098829
766222686 890982692
356508116 487240133
120193577 250885638
473295633 959000039
383588267 701467846
132459005 963493175
142103348 473823037
140567010 369170634
124438217 997179555
467832509 890660902
740678598 824340624
230417386 713388526
960176045 982033831
227476034 909242923
467762415 602450561
197604552 957663032
602658638 767161728
643328881 989230838
524437653 991029660
24901211 198123838
62296818 111798942
428282823 556617530
284194648 861064623
82184374 763645683
42464978 314439453
507990388 536409768
14840379 849460232
134739911 867528550
37992712 442793467
115843959 859695540
475857574 529723615
42099933 987286662
4111036 765084473
310577526 972471346
23016029 953153937
102281159 435274737
582422693 910849343
423262771 951900961
533518336 924629653
295159645 938700555
699169359 807807243
24896987 948328588
862573123 996332253
328007983 995344862
118839031 633937423
71273425 606946139
163440594 551623717
371606724 601159358
367621602 793782415
63402184 532518793
103391461 868375773
514674540 943353300
63511293 673832947
286540889 701494400
69721598 894283813
79105835 282407108
138051168 161648268
647796009 776207740
147375683 579279514
3955818 924879660
450645301 916734844
87898832 598291345
110173571 221206765
205772710 267958131
640321065 739257290
586450186 920460513
98346683 863533837
419721757 954818852
641500196 869718179
206902629 581915380
419462651 986133587
301160244 625235360
2968265 32370049
42085125 953831299
3337734 702068680
125263766 760756001
334054070 539318288
93192132 228655546
493149586 989096017
311830706 966614246
96177714 659513109
146996486 735491164
139242626 272260251
348763516 789297906
356648437 963665737
269469681 925466332
32298772 42771124
9385370 871184329
66050613 951627886
485307349 888398916
587470596 729068824
699265127 982780547
647745356 830068797
26714625 563230290
244234836 899652230
225493052 243203840
487558496 994391297
120264867 565395904
820704819 879661255
48671350 880576903
544094313 982689615
481832776 540267968
291611154 969391271
311300221 956194423
163742693 187102892
159164311 286697308
121903274 580060187
162240733 670545693
121966716 644073508
63330013 413577869
475610696 581094237
372054101 786910917
389805011 875971385
70992355 763911689
309572022 984844010
49147209 517859151
40921195 885402829
151497050 321442577
135960965 944708000
356448005 981655309
616693745 876024567
521235777 970271707
744447632 898932457
422963304 901143471
645063597 857628033
234937298 424863723
54721855 901760200
28571108 955430156
154897481 577694944
19878018 209619335
331971496 914536602
758018953 813222116
10912064 482419734
300119658 318064934
267885817 328690765
126011442 908431662
241146252 897778932
313818780 509032068
131753843 891987990
103617584 491316354
744336421 854252406
134761833 653087508
174540859 927317312
151062354 867406347
214370653 504113331
226848098 473334191
202170094 895017874
136346035 618404873
31284450 934850729
439866884 456539846
656634250 853525086
78748257 507352900
160398867 777891928
339023060 866856162
25029522 410403453
488744244 851215727
429366241 859917297
14871310 29242240
32330812 728002154
769486614 864107112
297662549 440849896
95162160 906586580
286850027 802383870
130580363 655287172
65690624 148618934
354460034 875923892
927653087 980442203
175467657 959983898
560960708 824253050
29565119 838539061
524128151 977243630
597641992 810978178
632143851 913906105
751480355 762724213
559973979 630192411
16145520 937750408
339421512 646581890
336810053 522612101
337946541 928076250
800002461 919687244
335372237 949048509
161785980 704976745
863294850 978263443
78716692 879440370
654696327 926813158
195908856 665281701
459412334 984570848
3649156 80458887
181663896 900652493
247313002 615689874
485066029 714159562
195308454 722421443
17672401 507237139
706992290 873837908
479809517 796410200
235686518 875906448
450844242 562317009
295274476 768480784
461177331 958703212
382348063 477026330
140859113 778032860
541447728 592086499
373616657 976268583
414896397 859762660
277492043 282259518
463316321 983954904
147842011 199763383
19404497 847296628
228203916 997945516
216871866 617516566
423160160 982811805
380861617 869998531
154208912 241562588
232695948 484246727
180475432 935810523
508242447 541765134
262577663 846941308
180421552 858397690
486408539 962677346
289113148 951640969
229791090 383441929
1119886 988187715
408631500 972367109
472337207 902282482
421406642 498350086
133568540 881341740
21357308 48414243
261762574 470855978
7518760 236855228
160600554 680419631
485994482 996466976
48589456 907401124
288230166 822664504
718165851 875218579
122154984 136660452
241109258 725002678
103331297 962526577
652968473 851811997
499776980 902458880
56886109 129289520
558280726 910239533
429105997 978653609
508438208 851594050
113872148 979431169
91596032 668004106
306041896 884244149
137969095 864322621
695492581 772060954
90042541 572523154
532388471 711919736
334792581 405853744
132419807 871151474
193735306 638486147
491030052 912108754
3803250 835708116
333649822 338595831
94078212 157071445
526163708 982145735
142798223 935613329
26484315 899992805
516829240 975720237
69440847 733080202
518205372 808015612
596269103 831080384
217949680 852537721
48030778 707366023
13875943 668459898
123417665 872943232
289882107 424559736
103596658 928131211
510694207 580695544
535332574 747199445
61361315 925198129
499873978 952071477
99214218 724085144
80356783 580334227
851492475 959710582
11211366 717066956
30173088 935812062
132191342 847428992
556254626 682237092
352707132 908319890
57004522 458439727
457029016 920182176
115827143 930617579
638431995 925479798
52033398 623139688
772908789 776809372
313047385 314237799
97037634 370051906
142750433 653438512
171528178 934784117
462023592 949280734
67577480 100455586
515630862 931032488
218714655 264567462
313416668 347091208
143755568 892312216
62048654 929651301
754673784 841167816
189805825 822617534
589568952 700707909
38995024 947012597
96897928 215204598
557633302 796215831
154835858 688242203
154272090 402078204
146906772 754011481
80195310 754096907
429230793 879283712
40267736 993263484
331699476 919804994
511195187 697073783
21968055 542792300
24375712 987747893
523018064 559169297
133914876 940361008
97525826 902488479
91472947 461237364
452078614 850877303
447453499 936469374
207921238 471829210
139682533 984266182
444244462 489825894
159480864 394286639
244830725 250953810
146651351 289228700
319098489 415247990
359453272 527019726
110475379 770592058
67319122 971691102
530482240 922843123
295030417 966148769
132735966 915166500
464625379 896612668
311601998 885009607
271817286 632946754
76435772 539665463
288159865 991275691
375199804 599761862
262640833 575977519
7937083 994021681
340285319 896545244
133938266 894796427
679443693 915905343
432213813 919317594
292513508 890481999
413810244 416213209
486780370 908210477
403972959 463928474
269204336 951189789
88565988 993677975
550684932 878666113
203177235 825829081
142273906 481183152
447048809 957891810
663976342 894004027
37886750 367496165
63734065 668243498
208722985 850325503
92232657 858773996
119832159 597092751
125627328 977383788
404664595 528936537
193158607 857677316
243382329 987029840
43614573 877688835
2683890 443092801
22190541 344899307
228464946 550835955
311861502 457991730
439938177 970227784
219489155 564344201
519368288 657719379
618200076 876179935
262656858 699181373
145673545 915148030
342182741 846041206
499117409 999790202
170166229 742897074
21713344 645684310
678685931 688167295
429574196 942406219
39801305 80873310
22035998 440182736
85792670 142909446
189559894 993365460
397250330 966717461
371407188 982508950
116146352 993424465
287794048 427368972
397845613 982530795
563748764 708672954
392359117 537893453
285739349 771161788
153586719 928513827
125877299 802817972
637865119 958929059
26788766 111415508
38994452 902306890
11040265 992959856
876865 161756935
54562999 979270515
208026130 454956377
327758735 823156806
400690424 955409045
354291343 548606076
169207764 650361962
90625832 910961638
32090849 529370637
369017588 911874933
785000684 987272735
32896881 975283149
283172816 953158679
8844120 557667410
90451078 621008059
685161765 796668694
783941428 804032120
148401482 430146909
257946410 344034439
134457040 373455983
710709032 874090822
46459403 431444060
553624054 894076758
149253987 988362612
97309303 727110016
600632297 992286115
35664407 942050314
448798503 858774500
29540161 181519025
210510372 990166831
623015388 886013927
537745906 986685014
75015392 196903594
39586776 640798710
396503766 525191927
514876994 993087786
624113074 960719840
260690654 374273784
15072493 853454846
231163124 296533842
109696748 329196091
579852597 813856955
263561091 871870906
202804157 887674164
114464299 636385403
616288592 982053144
361679943 872892309
21053256 476144242
310713737 851634311
809937320 891829523
60260181 804572683
296480459 862128170
666724924 902043886
786661320 821959504
304378087 853192334
81756120 143332877
590037998 962243192
313734223 966389400
54588589 307113832
436820331 987674850
112839474 234814343
100993624 879071514
38701698 733672130
121825669 992095816
129739821 936082274
469354053 738058102
525831701 897044238
361918104 981080976
71085571 100484714
757515864 931710841
623193156 648337146
355787749 442346478
176147575 753313944
12391969 554495628
496543793 864792637
351856555 601959870
315420359 404609135
42968798 938613514
52946280 801777296
124398393 771926164
66788993 966488980
373500959 588890969
306199957 811423405
639074989 934464687
489040662 544537620
278315680 894467899
373961379 867397794
85429842 912223977
187762125 455458262
892650737 984468217
199448061 740475291
538963829 956474226
95195028 340289622
139897081 916503975
389320228 533451812
21862357 955932506
535516950 965233685
136222492 920463448
47638510 141187062
246212348 600083800
200472986 899030435
157537795 506922323
598820019 943679036
563845967 764429322
707932487 989364290
280595515 420455979
238206015 609766922
193769989 853028982
486661911 899649882
330518951 882211569
193470136 814193148
592491790 728351767
168283209 337538295
90518560 314228353
81278356 578793282
50554185 127564696
126780095 957348970
499155882 915228917
516364996 604508537
174310942 874367537
535268553 887294524
617505532 845356461
506350031 856084993
399828852 906135567
38825457 99844687
405675873 573577349
63442273 982541760
48046775 553985109
410070102 661978197
235057776 993038983
11460713 947543549
518932537 715631889
464315618 550872118
180689278 858245862
43659994 228736052
533777224 870706983
2204304 336681877
136741777 336342145
404977958 538057989
546453475 849910114
513414587 942806062
844488986 937972317
9849988 118884999
236284994 939973520
30519658 980775526
804659090 868604063
304851 5989568
156724458 506631098
110964652 166574445
303546035 946425042
74377205 910470326
826017277 953109619
107149594 616314466
109726644 617134389
31187563 278409135
207002817 263072680
344230163 732572751
47767116 451379757
319951042 414706180
222993217 895316603
24787897 331637430
427638168 652158608
116306061 752558141
694919908 956733190
87425164 196371967
756605570 963295477
487369013 959020467
637321293 710362229
41999658 645967022
68723492 93869477
99300534 969957852
107756818 967617729
129837941 662897571
338320356 891761243
121490261 437620889
24290434 495730116
217902694 823426023
22994386 355836306
238825309 889175964
92314353 199098479
709310044 881187797
438897638 998629252
416752755 817543434
501379551 768830793
13916483 444999645
186691960 509951695
304356622 896002004
230423592 497771697
88738367 463897186
315042789 579169231
533285440 731795543
225155451 922631595
154928396 239071933
220147591 572565738
344330076 406839551
82517432 648686697
155357906 326173275
485730279 868638187
248790543 894675844
669257323 979614073
133484706 974909610
381749160 560732733
319216463 525249813
5928448 875064905
159842146 484916185
46718237 962212041
522944773 576411315
82804831 593495725
81538750 891668079
497660408 612305913
68261742 907354705
696137582 895572553
285504853 773990252
356648082 859007080
692006254 812530415
536123167 953293659
271212433 858775119
5991980 391820407
538075153 770213731
301722976 520834058
226441736 876672311
76729623 924063555
475067643 867022514
74616860 807383858
368812812 536145366
861375332 904935978
341955376 985104117
260352513 751866281
624722270 816676049
54840330 857064777
636886736 951230022
660811150 785648009
5556087 990488484
59812079 864749519
280619445 983461249
44312131 694952620
358168047 814071509
127655746 685702668
292342219 404165686
258627083 272623159
113195840 927481203
98436715 520825227
407542738 796859227
125606315 256413589
265090468 818077535
248563919 586505177
84097752 296857664
35575631 35820636
866730658 968068910
436378290 946044145
552886910 965928805
412325814 566277330
644352980 729486394
32298851 973808089
151516597 947095542
529098287 789083442
5125380 247082035
503502891 666357839
162542248 764320391
66712330 892511089
162279427 965878595
214097892 784473443
31555477 243105569
259490003 903338680
158560955 881775994
411368654 525024554
491748377 924533102
159804120 710726808
120647420 394535834
146452490 748004273
365495954 890996440
246211571 582847440
261578743 923782283
187112797 969802525
440449777 862874814
562771871 882148851
103526365 771238007
681055784 953717614
201329517 759758215
9991331 387864224
357513049 746535355
860076303 974186724
690167887 851027239
636552930 863230364
304097416 718720707
3941008 731102874
138200414 714877547
134437297 887781166
277930277 968565981
97751665 748687897
646777510 967312058
747675302 882772127
407691862 742349090
145373652 856414212
14433162 72328624
694223655 891409842
95077430 791975320
626287858 850260019
670088428 734492486
175292266 959323143
272456563 869515921
118393519 421244576
643203176 930857368
363223286 429529676
628703752 718136138
59005075 322916585
470447745 983161083
112240458 415471304
125864877 841034937
178194271 595234984
35912444 300021928
436817647 536920528
1658453 48286341
574025464 940926889
374738362 973938859
182199600 263167157
273960786 619017246
82901829 377926281
253338049 960057236
495745065 966815327
229982484 979445163
260512800 303908092
381894182 991992005
131876836 397210435
4603653 618851339
23222798 578812197
488186439 912439901
56873907 925656014
37472482 610617399
104996618 346245698
100698987 995727416
67110338 205695604
194489465 810204534
160110421 162791997
560200030 913257147
340111219 627310367
290031253 927530127
142447204 863905215
464522139 784934473
347041092 405831176
568250057 887049909
136907603 554008168
40182489 710097803
534240335 919596049
40262305 858369630
167616769 447343843
9155930 878208064
141659091 938723153
559954014 646439958
36871832 910495262
613348002 766077517
525320727 942684353
465738669 562192559
180786427 730214555
522742389 868970473
357267563 459079879
98659192 115261873
496000883 710757209
18232778 931796589
322636150 958587859
73849731 452962708
314577721 906697355
118523376 128433081
526355070 634064212
380168682 412571712
55645411 931642766
106867919 677977039
48514683 785022463
240290606 530508001
699530177 875648369
89097522 667197591
672197193 988932756
360459913 594176119
40929378 866388511
749966203 881322156
508181364 725271325
61036360 621054521
518209902 874715361
208722251 913186668
375759709 693406301
90339439 463712935
18010590 843928729
126654969 811458873
405370819 497381222
513283398 648684234
554654239 889043106
194606887 808023333
98060390 150138458
34640933 455882838
74728675 308901174
391566886 741715864
405691088 781593914
868119427 944381672
544478402 754757000
314869799 928652501
624177169 946983784
63887694 276014777
397548255 831375159
878429126 998251183
262737603 521759654
92550273 992564398
212501672 350313162
221047258 903527871
307253075 697740778
55032279 704701031
78977036 869182001
256867881 534455819
84890825 349418153
541649067 582125970
18831930 370897956
544390429 798052068
147470221 926010221
27545576 211723240
156557232 490894901
237637998 394988018
53545463 636628003
415154576 736814870
87764438 390147275
305921877 998389033
67910820 879870472
460130136 627575064
296685167 980140565
165833137 987190767
531312755 924722027
424340457 659432608
465218267 631090396
62946016 756109048
213148731 959583443
138809372 786348937
297885664 446335118
514159500 859231409
166937863 766603189
514643833 859327374
562000782 988381289
459387879 958211145
437005753 937592782
494427398 851522886
384357235 982625116
768369743 847478939
26271668 877881556
331436420 896322697
62762275 790824298
427126922 930776041
410466165 656173068
773314605 961236162
793708182 985543099
564208750 947678904
153546237 908879920
89265697 850034529
60936978 804975109
46450223 736600277
426208117 921832453
17842674 53707023
289610915 303491484
143935815 393791081
768463439 882529261
290991231 992248462
270622173 588985479
606291733 959612051
146820962 874348059
630103382 915727987
295526629 805405301
40495406 74951602
329654835 804160714
141176186 603162730
269762805 403148598
735986933 852073502
586219469 967222662
85569497 115628481
503612970 956702358
296502213 398857243
33839374 959124138
74752619 594286849
446101461 558875408
471420580 954394372
70491579 882658364
123351916 900019264
32882805 594772495
706929987 955890735
329947210 580457422
340340582 954305878
160226986 219632611
126036327 924757357
518562714 698071712
88500398 821911208
936448231 946153689
394058304 977169771
672576196 865698035
32274205 970142278
547042173 993655641
251689966 965020987
15622129 136501589
606589382 640932821
1874804 778754644
91494119 996140919
50415749 638536291
92369894 891440276
141187912 971222396
139203633 652909139
12051395 867823157
41707718 53751695
159866798 973920032
122386653 917629054
167282573 435832522
2205773 930865195
802754399 807805965
385520281 768809888
174997185 974268142
127839202 611309871
350953644 982697034
539701457 745078449
544916237 924207618
137770315 143994059
225715773 951421407
617898343 883243951
34264622 916284747
62317331 908987396
752866245 915333943
189084323 611967193
331090004 964384289
340873239 369717600
634060969 801471877
151187224 903573428
112349053 492447229
297171792 977718461
146833630 977163508
344610776 504580624
284431626 781219329
526378445 734125787
117781628 432529594
35001154 851589868
451029795 975807396
84390026 251068712
448734313 883710950
129455201 638233459
583650184 680296423
132087472 169935419
643957338 896307043
328399042 338494029
160527991 942320337
628466893 899822554
148493694 333805874
475098998 741355649
310066715 946767121
902422191 928695736
318209558 853147197
51432153 570334472
309518160 873667714
8957678 245823604
84551238 689599529
462982737 851592978
232639213 400606271
66024857 931102430
44950236 934050378
383487897 989667351
223238642 959432278
324960601 961287911
278949393 542081900
410038934 692790036
53719608 263458096
640942040 862565913
187160530 434668071
127512643 946118368
657530619 848361162
298076977 944001230
174443599 895628928
575925334 951154189
57012149 928015723
6076417 395559932
13373171 135213731
267489843 721810692
615481494 695931528
525481232 582271700
671273699 839074679
88932180 134511768
182922715 563383799
226951805 958135564
470815099 582958960
7788297 871281034
58057841 91002612
720561396 999506372
225514379 903484110
562890170 648795308
143418972 906806042
426098250 873874761
505327888 927856805
82295276 763589009
85002810 129237639
617700300 677994734
564361837 906094247
555908872 937205656
607489497 895233261
247516932 499341040
601013525 862558129
69423765 770998843
130698740 959484737
445633305 862933906
199816523 397833690
36682819 679883082
461522547 875003004
80791566 880743073
177131953 306593945
118506773 471228462
510462986 887216783
116359521 970581077
76052367 825518280
669274600 971099377
93189645 818460018
51095010 966060930
492773149 923383391
278203481 853153335
319122861 871845051
17279005 935941473
300900289 308450570
115393823 966781408
637926160 763487030
2114996 446837745
146981640 167225604
68809323 547419715
502009137 865764520
523605678 821131997
609589821 891026210
701851604 724983643
48196952 627681609
526654666 694739098
84335419 257991945
471701927 838294964
115460928 847823956
511943313 558103201
449129411 795592946
80302868 572016276
52214237 133854933
526276781 744838338
281209831 890785880
185820616 333424067
424392306 888036574
510001284 641342835
69461559 667645360
12455477 898995841
286323729 994653605
559267353 774767920
105202013 884988761
650533739 855854817
558978057 581240707
417381492 935816971
124262204 226214481
661980687 915295965
410304611 742676877
209799631 465806498
797601598 860333369
270093438 914580256
177682540 858467820
253076868 890086976
249929978 949643441
508512343 989259619
4579897 565098211
489600449 694714200
290126725 831743669
366143728 861874970
7987047 140163532
557778094 747808427
360782800 899894895
295038978 862098952
366787542 977288953
513553532 781822694
502787946 719432511
374475132 868931674
433823832 956387188
42420037 441810878
306894172 359361516
533981384 928651246
559926724 599879564
404530088 779230617
8255374 654037569
702718416 957322444
169200311 508749847
457565528 912098185
327072083 991546912
693265782 886998806
518745775 873627695
515461934 889042056
88393890 197453786
20816887 928204720
600439801 873947946
432702071 877001655
28739176 517754074
576284739 595334086
698780704 917199056
623112864 765103498
544894308 973544025
62395597 89620712
571421630 761176300
378809594 938726889
214946076 964808565
835030133 858342417
370432098 644598367
182753097 877501873
29441476 191572060
8896976 945598161
306324256 932614291
577212658 941492197
155020010 868436175
180769508 492402910
61111755 576919663
175846801 523034331
512030095 679618636
409263718 694783191
240641799 895252225
404253109 624643656
6432713 410747769
802732589 952231371
64406936 957752598
302671859 500240196
292335908 875361097
623129673 862536375
339696382 414917287
36106821 346129094
150876816 742588343
501624711 824060713
176817260 746674575
172334829 905897451
412566716 716551803
579088177 872773684
63079169 918784559
140207323 951702342
117430004 965872378
708460720 997199164
92367532 401258208
449134 674608618
287055797 923878032
830203041 900617340
806514791 873650366
83731272 885452798
624996394 897418153
10212674 851214788
195858985 306604666
213639095 924438367
427121818 924116759
114733890 997754647
535167024 985062648
82742060 375903313
117478135 856576349
312241321 474284993
219543320 504641111
300194520 537763764
758449866 970099013
304140738 915927927
29807660 872892559
120733067 339422980
550756552 685023122
19548026 301346006
180353292 771196530
496605440 722123606
552209931 843782990
196187764 346306072
104766706 887062129
180312556 679161770
214709321 979129567
408849866 991934991
161372172 377439409
541754956 899322493
94038215 375558738
396657798 704063213
43020524 854654986
134360519 919473669
652396776 676115475
48052242 170423984
83660457 758425260
315004824 688681822
245347448 248459413
780263302 798061931
561383100 914623820
411788446 457170074
496805633 563008233
74014662 864532954
90547368 815813491
295433134 775899918
527157012 924658349
452164766 956232262
424123244 919995238
40364284 803796607
535779884 902202177
149947014 520940475
43468414 574070257
230383215 990622001
126437775 217068947
394625760 851924816
13864693 930405643
1818448 977783674
515990859 943362732
108846770 382371904
145131318 288210769
563532214 992897786
111927367 934105321
255033816 947053057
540233959 987656871
703985414 921576102
324351053 968006543
241802920 817007675
446676875 894107559
98519696 159752619
219000603 322950989
560545968 679034165
374153920 935181071
28770487 57783376
490252013 857440771
598320120 890257321
50009939 118180535
294549424 692191568
347460015 590717617
518311210 970735003
662863573 961891656
852148977 874987309
663056212 754675267
217747525 495415245
343898883 788014168
239567650 306001262
116265113 877503746
597626281 876639693
474274888 945086295
467357309 992586097
490565952 851724969
126770647 926036626
119675451 130331610
4904959 439549112
422286345 782428163
146603947 989036318
130733462 412938645
315089394 922650057
165685815 228857664
132067739 137877618
910215305 999713073
518436694 968688144
269155606 649170155
632309526 983680360
694642126 959237337
562863026 998324138
299263410 647040673
289988627 510969035
784013370 867415355
262736078 859503605
210134145 901015387
532390272 996931212
113904401 259785075
363757303 695210139
184472183 391465434
234543792 881685040
632184933 766934063
731132603 746089334
12632841 300139353
486974577 853110560
2837868 748590195
661154930 978158155
187987105 392906770
295580857 303654275
603793628 975390489
13840608 435448847
527650053 964816641
9067544 321807840
69945700 894669446
140892725 947135331
254053218 331294425
206004785 559378870
6597617 919422568
27987171 429941361
487950059 580404289
252733486 996231352
460882979 763525210
274637803 341386501
140873249 977074247
288197112 996459063
440678525 805305899
90429980 260631660
114123288 864494949
168350737 961118202
471380356 598374076
142325619 360603100
891314794 999431162
657253413 845146520
642954556 946453220
231691966 922789167
669446992 893469196
122339417 900416570
373305908 809966629
277397338 545108244
641346768 797734748
660151150 816630631
859235408 928314006
135363665 834091176
644057804 958644264
70608504 242871392
403799837 431742604
81993703 374263582
714293586 875336672
393597664 896683023
165635933 536280150
317110507 952335965
618285997 880126551
502828863 952249558
165191941 917624963
474092522 516065381
114115574 145696521
269207738 918694067
64363764 525694423
622370052 989982415
377331841 528622137
83535064 349503831
339384114 970859645
412477650 992813426
764023844 963940205
59896162 469987670
63040867 958348682
660441638 735669271
165951312 979139985
368168 543283152
360278473 936419584
48324702 212373681
77500873 800417495
89311695 974702836
10520947 696848149
113731662 224684578
26320836 284380611
122451880 526769106
719472447 763775862
66353859 808784141
738478697 929391158
358148641 373963141
848226625 889167744
756256810 801379838
209504751 913319026
292604483 323003003
140865851 342452135
229105260 628055487
286161993 354998598
80877554 721447280
631278320 770923773
53109150 931027930
220050996 799334586
63041998 506212988
6849535 143919552
227660267 638127855
360820876 640356888
93171548 642884713
743251752 880845764
505339826 642753965
30550272 362305036
399199558 426479332
124913642 619250553
36907895 205640159
723307657 804267570
321386530 405890515
285284256 534723757
177608470 642015506
699636815 764641392
89443766 576626450
623028514 973998123
445765027 967623547
52803350 677838393
338011714 933281627
339943828 816781799
279595746 869706243
670459630 976072305
43439843 557493854
343291832 446857597
557037886 873563191
101157716 642808551
5758184 233269814
365031145 747015050
254675190 687712246
81520590 96220464
651323845 692287399
138052736 145290188
288112233 956092400
28672416 958814091
18898005 271073531
291773682 374845684
7004151 342650978
68639473 157781067
433307461 886832664
226745360 868006155
5427988 929051404
224897908 766332571
359295896 898231246
338769103 651069577
191185217 885380097
466686102 972583392
411233443 923442941
310188062 523759804
204062557 899956981
725056725 977556565
574150857 843696688
627887392 693039503
39750910 44550789
375064666 857816387
124624998 414815575
718316278 722877257
653734876 980839439
69006545 931325596
567548524 861684126
93256428 848653290
1138549 261678330
426014161 936817582
176056626 880438940
337855385 714364783
44499166 755561342
17239672 365070996
520285434 990000278
358210931 608949054
117104909 248268191
86226947 145677886
128707130 276598683
32160024 98405087
71360362 901916047
106490470 243994601
527188939 835384772
110562633 870583853
626656571 949825596
628635574 919267263
355391369 799446528
54444397 181387366
263745682 928574952
195589147 463222590
588328621 942255533
172461283 690063659
662087919 684797242
220591984 688743052
409833194 946133030
537653936 723325458
560476208 856990700
933474584 970309401
359206491 808581801
834421898 896860426
646046973 919969976
48442925 236594350
121054391 424513517
410353099 669661079
567602634 970829306
794998827 924285204
174571604 481937076
129564732 915642287
262774 969847107
738005746 974647150
84770276 740528458
157960465 198447766
299649033 584465645
206487865 880633349
318821206 364448330
172356271 946271143
585878674 950287211
442600899 497733715
363140625 417192720
345111121 514443779
100665003 253340216
137569679 917273354
272604247 898134836
7484890 373269250
3991403 354584157
813348924 944218990
243996110 995093961
55315768 94423922
607464876 996073385
78038569 923228981
674711726 922062251
210367415 959467258
90352531 990039440
143100329 263446892
514579821 804889210
49951498 992608548
395388374 875389286
23213769 910977279
39026958 927509101
95494678 395374121
488785239 885021562
170744080 907314574
206123780 218364817
357199450 682317211
77691331 443753710
190232041 328612804
777842104 886426642
121053978 801102535
19467352 527077311
359667369 869306301
3666061 549899409
36261410 996535530
47528854 395928778
22286908 996499313
20885292 361825629
94683566 901796049
51391289 903534859
391059458 639949201
558831051 900251634
262077262 832108490
263667292 572374297
91336053 119673296
129186352 941479067
62181311 135024629
800920914 934895991
133127495 891707847
694184391 972065718
91845854 680833061
683575451 896527853
583890764 823936572
293780093 477903664
611657862 838223233
249899347 904506553
381844936 871469654
624282970 910290026
146981597 790276560
456877549 745865192
317474319 899501263
539366990 591005251
83445345 848760890
189386794 977403910
37986280 127680251
