216 142
197 205
138 280
11 291
83 300
117 251
8 275
63 168
40 265
24 281
87 280
116 271
77 286
127 268
51 298
47 293
154 186
114 274
31 274
27 287
36 271
155 175
97 130
72 246
25 47
47 257
83 285
92 191
1 285
46 292
64 68
184 194
67 287
65 286
4 282
104 162
55 278
21 270
139 286
123 268
72 283
173 296
111 162
105 286
61 300
40 68
59 295
125 262
116 269
89 270
12 272
85 299
81 290
101 190
27 264
108 142
237 262
127 269
81 263
125 262
134 288
48 294
71 140
222 251
63 266
100 282
1 286
115 235
82 285
124 263
135 162
34 256
113 135
216 242
2 273
138 284
137 268
79 267
86 289
71 289
40 297
93 268
122 287
145 158
81 158
31 170
62 287
109 282
28 266
269 276
82 258
61 122
87 292
77 288
106 273
115 268
112 244
91 289
43 256
112 294
29 135
123 263
68 267
153 175
42 280
91 114
202 258
7 265
75 297
36 276
15 265
105 291
41 278
121 164
45 152
131 256
20 249
120 274
85 262
15 263
158 216
98 179
89 181
40 264
85 276
133 270
48 277
67 215
125 279
75 278
26 80
15 293
123 267
210 237
58 278
40 275
12 232
47 272
9 274
30 100
77 136
49 265
19 122
15 294
53 292
92 265
46 186
32 290
8 298
74 283
129 262
129 264
18 263
98 289
60 260
2 283
108 264
101 266
48 292
86 268
54 185
42 288
97 293
109 291
57 286
121 263
96 296
73 280
41 267
46 284
67 265
122 294
22 283
28 295
81 228
44 297
120 297
125 272
102 291
15 225
34 272
93 298
49 265
68 297
226 250
14 203
108 286
78 265
35 271
130 290
85 273
80 293
35 300
144 216
22 297
84 187
60 280
121 263
50 268
119 226
104 274
38 204
17 139
92 287
121 286
79 122
15 60
84 199
28 298
167 215
138 293
35 279
4 272
148 249
44 282
78 279
54 281
