91 33
170 286
102 296
11 154
16 206
7 263
34 174
3 15
124 169
210 300
6 250
42 74
59 97
56 264
31 266
15 199
81 183
2 138
127 220
51 206
186 250
65 184
8 202
126 146
162 185
2 64
11 71
67 267
8 34
1 199
157 269
178 255
137 198
8 60
10 46
4 201
10 32
6 39
189 294
83 196
45 100
17 35
32 299
10 130
20 60
1 155
51 102
11 297
71 113
150 226
26 121
84 280
104 208
157 231
105 263
112 280
4 178
212 231
55 117
7 60
126 291
15 168
180 213
12 122
60 216
87 147
115 198
21 63
162 221
8 220
14 44
16 113
44 283
35 91
133 137
172 222
101 187
76 231
150 171
5 35
68 219
10 75
61 249
8 118
142 256
110 127
11 266
14 256
15 294
16 73
199 231
198 249
