197 176
69 279
71 287
68 270
56 273
14 283
13 284
7 290
46 279
23 271
87 285
9 291
109 290
7 272
54 275
53 298
19 296
59 289
58 289
109 274
1 273
2 286
11 297
36 291
116 270
109 271
46 109
53 290
105 297
10 280
113 300
29 272
15 277
49 272
98 287
40 269
51 286
88 291
67 291
59 299
25 290
76 269
48 273
113 269
71 272
73 282
53 283
24 278
87 287
44 281
218 245
97 270
113 293
55 199
90 272
54 273
39 202
91 289
90 282
274 292
6 298
83 275
26 269
61 224
29 283
73 280
10 281
23 297
260 282
40 271
50 296
37 293
56 280
114 289
92 282
3 217
41 286
83 283
71 271
54 279
113 272
87 293
22 277
3 290
78 278
41 296
100 287
33 290
74 276
10 270
38 280
18 298
95 277
34 279
99 282
56 293
48 289
55 128
79 115
19 288
107 270
45 283
88 300
109 272
8 297
81 289
117 286
8 296
111 272
43 273
65 270
3 283
47 297
112 292
117 290
83 284
19 270
115 295
82 282
62 280
78 282
5 292
84 276
91 294
8 277
22 272
86 284
47 272
8 279
44 296
82 271
88 271
7 297
110 292
43 198
30 295
84 274
89 274
105 279
43 271
23 280
94 300
47 171
53 295
109 278
25 298
50 294
99 297
98 280
83 292
58 291
82 296
55 275
35 293
105 271
90 281
110 270
41 272
64 287
70 283
34 279
60 275
100 299
53 280
63 276
65 146
10 274
78 282
84 283
23 288
21 294
45 296
87 275
22 225
71 290
37 290
5 286
64 239
82 297
105 297
107 275
72 284
42 286
72 281
7 275
65 299
107 285
32 284
86 295
40 282
85 283
94 288
62 274
88 294
28 279
101 300
68 275
53 145
