1856 1166
11732451 992171403
356580560 406233671
701793880 950454320
731267935 887846712
484309896 958302009
586535747 978686949
109884487 951384791
42223548 405345664
592112925 999838611
588087156 985767763
25060940 969785814
361453002 953566269
41453408 53756276
139823369 998708379
440351923 968711426
780780728 993475744
53344730 964915350
618588441 944287887
392489354 996068199
57378304 866582735
280701696 939813708
657197232 938718969
41973083 962140236
8805029 740990500
149262328 955012269
107453596 977768762
198458408 961707737
140058009 438210531
139327551 247511604
465126989 952116845
570739606 996960194
293651054 988231952
374535461 944850031
275382684 943997248
480004575 871957215
388078383 953375430
777414003 840504882
346890224 711716106
130486906 950693609
39788009 973037670
459505292 987309168
91486766 375939313
122902135 676569555
31929158 944041511
331406697 987408932
281831370 947194232
20195665 986216731
249614530 329442929
300652599 977690651
13066469 957044322
384673290 966444747
749219912 993749398
56708675 976091427
309791895 957833154
140229710 953460067
690324759 786160587
143547548 944348212
253018959 986474729
130124831 940548809
138242925 802522191
512505576 957351076
84116496 130557915
368352468 711649554
538684036 971925381
201616145 943056620
412307392 685864456
508310261 963110483
467350067 709926406
369203651 976207801
782363028 984384518
156595332 986057223
291925345 461754025
571475120 959247022
252476554 991178694
43192808 977680555
558324227 990626162
248106139 532449470
272408982 911564076
315394861 940674754
145566894 986302183
623068416 987669533
13245208 130765201
360064433 975240697
22669034 433102960
131963171 976837802
259025848 938018767
512191326 880050231
369140517 977949428
17226397 971083316
713790956 961291038
119387435 954467205
865583042 869499463
765768689 942868390
264190214 999413089
778925313 939008484
33865860 316955343
244017941 954166429
273690092 956576371
234678556 772498904
553084391 938301780
45562446 474124491
603622420 956764044
14879756 949980296
47831420 998870192
13313551 974393455
607762848 963343827
170827191 898796158
718020508 966885101
493219194 941826744
200594465 782603726
585834167 998215144
264138708 462398995
751032208 951651112
332668836 570085595
57789761 992327305
328668610 943802512
392119849 943413171
51972422 947670778
100924770 958046260
341632464 586798191
722021414 949379512
339566271 984244733
293099137 391045874
138873606 952019334
44237782 975129174
774955444 974194163
279113306 942469491
404502729 469609394
415677104 859704712
22686277 708354234
712251186 988394620
687817852 974875946
144058801 589278710
238003503 954194423
637809613 997471738
44393932 988943767
59932039 714970580
66354113 949946257
134281543 972580594
613551274 622165678
566219675 572214565
368388011 990866276
190518741 456371436
643785225 988062853
138324557 943156696
457659131 710329641
98148580 993621082
69158455 941621972
706333118 999474989
581055989 855920952
119098102 960834335
690456181 956558840
71775870 986060050
847246271 889031555
889470374 947460684
277614588 946316940
578144521 952261848
630076167 952316301
319934478 963079315
64253855 983651711
35412562 986231317
103923214 947013955
465582378 945012886
262367199 394141043
264830055 690976525
205286351 953951835
786109910 869657640
737019097 961625325
33425011 942305447
10100579 953128347
403636628 618158485
330312930 332201889
449964576 941136723
415611868 969078148
198170078 394221012
504579573 948490517
598544080 620574383
103421262 944211571
484681926 997708450
781781254 872477686
564720049 976131022
279287098 993196030
194552632 543212441
247683989 963041182
367592619 954731754
649119935 988346198
220790993 986832670
731355351 879000869
537941458 889243856
30237779 961294835
503507186 986207720
19950460 941131714
80491533 354013987
36390547 977421159
129286341 946744091
616689599 986652461
592138889 964536212
610180475 959444918
19695460 211622773
190289257 781179894
663546474 870308640
200504984 447347279
117231226 970602030
479217787 948599017
437655018 527939726
351151189 984308072
777002003 954234392
187271678 954500982
451756965 945264047
18226365 128922025
732911618 951844917
424926137 983390667
707272334 999911126
283764192 963230449
602545837 990615343
35630682 981270689
701751494 999360442
412970636 987850825
351907454 831780181
531767813 719659224
294425667 976646203
113315370 947500907
578397963 977629552
200148444 998504184
91165790 958169404
514588274 945488634
422577526 993984826
268935015 944208143
78987831 420010440
31350701 999544625
796269120 918265290
699453177 994513709
104590945 999526015
534957897 984933462
97177113 963213445
103430890 950637306
735187531 954707263
646692984 967758467
256409927 943575361
722714068 998654949
247622000 445481700
333596415 982561126
102639854 729348894
44003707 710505850
727604665 987003983
239485287 971168593
968495461 979956185
403328460 766280616
82462818 956546317
25246292 941018540
319399889 334245339
580008073 985504146
167354168 230602073
682045272 958514256
825956554 997184574
574190136 945236223
248117038 989096490
204447438 914894948
571364359 963241525
11847274 973990686
612250285 956251059
545918908 855522676
298863885 402264937
320068077 994321462
21735286 959219908
182995884 971309828
147113382 957181508
573566960 991369302
147836520 573196693
269593455 991783698
114540801 974945963
258000485 945924498
331757599 953007176
461698986 970922123
628563836 968618401
441892226 971127798
540232036 971474235
160780100 608488355
176247326 994455253
245060530 790483393
761411512 996215706
44071663 89852839
419924700 999400582
645594929 981724283
316031538 946418193
48967414 975771361
268580621 684799528
78996197 390043000
371865974 986263583
318785035 992255366
33056809 975935892
132822760 948553718
626577906 988994641
745070211 969036311
408072525 496348000
277655221 940217772
207426880 989174006
693084638 713842515
511920491 968794073
215843499 647880961
398358009 968707509
117249959 941299602
434266390 923272766
680002847 946186880
744583191 895846346
301871990 996008690
141422622 959295904
34461698 285631055
33993752 262299377
505512549 952742333
706999747 964157540
541211898 999009120
498156389 995180167
487928245 539615064
1661675 999600207
102409804 752120466
505419632 968509974
166816655 943159882
558360411 879419980
279550923 997309779
7317851 17245715
354013125 968233272
90544414 956716767
1526600 53965753
9031867 334691199
122865397 948609270
734284193 998233209
460972465 950355606
150188525 952187519
73798180 981706197
403662813 631088087
109454976 979201313
498286228 960017029
49425900 991174016
76011534 170033059
95655523 938304346
396214809 956991021
12924597 975948542
686930358 938327809
127873283 178267957
325436944 995717080
57525591 946195127
459439624 832023839
81491662 968366439
418767319 969770748
274024015 993297621
372235028 993368217
329394790 355359329
690302709 962378691
309307056 739896137
51933528 947423578
687319714 754860950
756786060 957516971
108558049 453913178
304048623 671257634
259255725 976142100
571009405 972484395
376175357 875058027
416353319 977483066
690672794 952343458
394919763 924168607
731402778 959781853
511075587 826315922
700560356 967325648
274443086 960338319
107677061 991800551
277378686 962933474
705826137 945790760
133759237 979577510
243107484 659699296
257378247 938354125
34549167 947516115
761733158 950051379
735469883 952298212
102747842 983207606
449220002 989691977
107398430 932100410
305510711 964631682
151100191 961651331
605774328 992974478
198715968 960059427
56409282 509751204
225139785 942461135
564511159 982354378
163672148 985300896
256043737 955529677
646346367 946967528
564273662 772751929
92892535 980218237
667751246 987642787
189255042 667702410
97438121 995143195
15847352 51335454
362980982 999165257
137978699 721733692
634992956 987578266
18129346 961282192
24636485 978528089
346997651 972251562
635662488 860833521
221629744 860605703
5181420 993862591
326928739 959969709
55336277 949630183
536976251 729685680
61014338 461431649
608048639 948460707
243843209 955537213
725468401 948854138
64600053 729277995
55877351 990423931
91790692 945697605
674987419 985679493
769744748 970294988
342930196 937552459
425062037 571713421
545363754 967778143
169031961 938852056
113921198 962761910
233958576 965017749
446482496 649735017
479256056 966623122
503839003 697505989
19786174 239060546
22831835 973739143
476479043 516349038
472133985 496666018
168249599 941031874
341001528 644728642
355832396 995962611
16587904 983637257
44721988 975570582
755425826 954065208
86209790 993558205
416222432 957838402
444769110 975347687
706192162 987526702
171707995 999086136
367549968 959537031
424330565 830516527
103672009 478556743
208983507 549170603
55794863 603383729
407133273 991696152
439011869 982154979
684423039 955650539
325794735 975951259
728274670 938352508
68018952 959182229
164510698 190948127
482434837 962794802
257067421 949534778
448401549 999582714
654097186 998023625
725420232 961519224
732603178 940841118
62479332 914815426
493210872 979135970
236150892 978389388
410524922 948254893
298024584 998837377
467525004 962495342
213128998 597232633
32217609 543659604
345325069 950014860
358949556 960584518
547325367 975124462
140200014 295591929
394928543 993294230
547489736 849500147
307167821 975272300
117700133 945568006
164782133 941153245
755769209 963748586
36586829 996219078
137175175 972006410
533820610 962279003
16047752 97629165
36303602 998548694
177852612 959094499
640615898 969371772
157169010 961609038
490362851 726398127
353872753 938943413
496251544 907355455
757910188 959274579
396566761 802308433
323354947 946663617
761235037 958119809
10010692 985100946
566955572 957624504
633121088 959668028
33791344 938365497
429567546 740469672
140032187 973014018
121786513 992585825
108900989 941539424
74238582 965131432
645171466 993313924
249454962 266338045
559691155 747934304
558585 966994014
184177013 990560507
426478638 969190515
137288440 693368519
494024218 940666473
660351823 974020982
628736829 964162014
117509856 953736941
79382370 997079279
654261840 996512491
91032925 320572350
346904732 955293592
630242939 750294040
435839288 491065574
65036093 999599566
320365555 958157653
505371421 674596250
41575824 214856361
34004835 993161333
21546565 348012077
281570479 496928406
450655410 995300246
80992409 882916471
559091998 875473444
164410660 723460004
150273108 967217675
470797566 982987883
194884942 993367045
59855586 710800288
81768020 950878456
3557436 940379972
101441859 404591476
1843492 398361298
111461735 802280127
173514019 966080010
758586177 973898988
636450424 870047911
558981517 994325205
80858609 983978068
132547521 743207152
582302712 884444633
345190316 590831631
131494773 665103291
714021912 992959896
553666438 947644058
636674306 985723481
106088466 135804720
401573615 950956749
119667000 938723109
638318831 975324596
289468141 942473615
112920219 959715812
171645107 978220696
682273239 993066832
31175189 956910100
742730633 994804668
92648279 979160233
765030861 916822535
247082173 990567767
617869724 816222754
116915616 273969397
442631406 990955750
522119053 946406457
626413447 946685878
224545468 848826922
680786855 789140299
554228203 671117043
497839559 983440541
340233650 824167500
368442030 545853681
189724719 986298344
711672356 736992984
206940048 981752663
679502184 959977920
129038822 996220659
13291326 124777672
291124972 949899277
575767303 979434363
342068178 966885708
138281972 963915361
42908690 942347271
624748110 945383186
350677250 995158291
550364086 974033943
261438512 938380584
272098454 760165098
639109908 965955866
500509413 973187207
186579885 373762498
24871418 962181456
83297177 956590301
649474069 961019694
543885007 732771245
324799831 964901772
436167134 583717728
46509209 950791594
51331413 344800165
86341906 990050495
211312335 506710259
102759178 134393401
321282901 985429552
763128963 950226304
654462740 999803099
241576951 938428165
39726104 648438456
456591656 987949440
596783789 963570747
317543128 941725015
489301247 940403274
341744471 960422673
446005990 965039497
713388442 983861242
570918907 958593957
203283880 852316565
566316680 896161516
219482350 947733743
137367788 955592644
324602154 952439669
299985369 923594389
79896995 108679054
452973065 489420872
455574460 825643047
108415429 885718811
105955532 884091090
747025796 752525434
12103880 938026731
1564701 120519308
823745541 960036584
652234745 954570046
111553811 983282343
310344591 962558340
480337134 968986041
537637798 988635548
239008241 239908131
127514760 194242644
225287022 946936662
760517508 943830160
482713822 729911490
652897870 672673368
239732840 956531001
232659478 985589350
498405448 947704559
199746820 993914750
192929925 958523314
81628303 994228642
234033659 532067501
323645014 979928899
172945434 946663295
186714514 950367122
319979670 984872344
2012417 158555564
556243644 742527364
141880291 151576872
385295563 954060418
666186368 965029542
475255053 994765999
693224196 948121228
390886608 417027335
540514469 951058364
635356920 943458209
95331095 658142449
369084442 381096435
284708278 941590858
269857842 417486460
177548656 526844496
469529223 975988190
679865977 938426612
130085447 978306937
295686066 968579299
510862258 980558861
168081727 967725998
662028751 854154202
456234462 985584305
32000882 317958579
102801438 410044315
48732905 659036982
35256398 716975899
99726085 991991683
29198245 62112654
238247167 930864353
54472650 940743929
6389439 966719041
431000196 524737466
493077142 980202310
118024839 994704282
593716584 987904171
404747859 570504070
417724703 968520674
18811340 952161977
384115301 989299458
293627842 908946048
551547013 937638020
796223479 866645724
151985486 556801208
787172041 994332307
548998889 922091001
299514526 602285087
86319575 950843306
592297183 949439054
623477312 676417933
183185609 983626844
24844727 977105537
506776887 967610714
193245527 448493625
433275809 556084740
80079566 834112604
752350338 974667796
417115958 976010892
536707898 906096819
212011994 985171927
248356493 902935696
354122175 945722132
30282704 525196600
331205319 992275753
225153381 956085422
614055671 948340395
699557216 958815027
228282874 739774573
466102646 503643800
46805076 948824147
77948892 976355305
145658839 636174625
51525654 970586259
485663390 881519220
400580810 985968164
140570182 432475939
446149802 983766941
10459207 966957575
121764785 991359743
707671681 984406103
622267075 946879114
171395158 342030528
211783055 982288527
613795235 970174169
69843605 993449208
98008027 939093693
11310494 630749472
37726423 223093548
197673246 948519888
35758825 964120566
764043969 945274773
384959734 944431951
467257753 954871321
22821554 87285367
316805377 971784468
751192783 974212765
519071077 984684655
36767708 626212792
446355597 952465683
134847765 949558626
400931023 997483543
291351286 756157819
150874197 940373089
398588908 956314888
45053347 140353471
120652236 979004413
380231663 999260225
616857695 668009632
456312984 879081381
432210226 557245652
68965984 995519449
193770766 955399845
639841501 966740001
713217231 956041558
111524510 940678907
162592469 672173440
70324937 289961727
236983115 250675538
614083053 996931503
135638902 994599122
325843823 998548161
24413989 953811792
263213254 965675199
456165505 997587018
353261553 949840295
252965043 969991431
331934344 989818984
335226285 962805763
345319762 981007119
350610670 906199950
600170766 988050911
705794224 940675671
418761166 788833541
549836470 938199029
769400474 983122955
61653836 979413046
648874265 986503392
167370961 981479032
618954704 958246889
658314633 961769742
337645333 954456024
75964138 976012560
632350235 984921538
228750441 948633785
131281579 977730097
3505873 947265349
527979826 793287386
420734286 949636617
364436357 731586383
103086523 254161752
101403882 972593710
377191045 465840238
165337117 989902453
85462063 616304858
151675396 972231693
677640339 939818837
501052764 665330246
701818012 996257034
63240637 948836007
60729044 733363905
254810344 308300910
432889995 939896110
379740320 966900056
321759084 964093130
21952066 957030677
235784668 954571921
439841636 960183817
187304388 608495298
147431424 958012921
701104250 978727310
114838137 702580141
111570600 960393738
187091406 974171951
602935097 718490255
365145102 835382551
262919921 964009519
32368471 152121197
600274733 939649379
654400230 780536505
71819094 943303543
474324060 633223751
693801770 956213471
45600884 976871790
27797627 977851857
320849679 974822414
574527030 966334538
729464833 990016503
80089135 792454050
560984985 623695224
712624587 964642165
29806953 809454209
456037309 575028080
112453438 983045806
319776388 993221189
659789201 661692711
775031218 988327773
432227207 700421361
193035559 989787478
357854552 982531676
287410369 848862463
767468299 985860697
780272186 982143165
459843476 996807873
5679689 464818291
323847809 945762741
392805363 989066527
298672570 940083623
492759767 983076196
339333521 978272909
86772799 400082405
469757130 527454289
627577388 997804339
40681514 966910908
219509664 613438357
680470185 958410349
442337603 952868084
84506884 242523968
362329537 996143112
170842349 939118862
493736141 944815173
151878903 952329400
431658362 976902260
503704967 965859230
192618627 810691438
350854714 957816184
709018276 977352832
317176845 611639432
656650977 826926087
262638565 946168194
100406621 944713127
14888431 961244029
42360219 171485107
821858112 882787697
765659974 951870817
37524398 459535769
535286536 996039888
614047732 976533930
704113018 844165124
561106349 952419376
779665801 995410953
51962925 955596998
192659768 989733726
120181318 942835960
553140423 998842096
259116177 950948596
531002543 946913408
417950318 976309359
62704915 548853601
367151196 996175980
869766276 884204216
273289979 990857920
655615001 944352468
156667728 992825751
244352273 941722477
112895254 420656019
203593958 946760671
85582285 987166585
479323317 502945145
169654442 629622838
437540360 716605618
71591748 300343991
513066515 963782457
437062741 942240682
246387866 600532546
630210660 954971274
312966668 948397656
164006944 985860922
41205662 958994174
473846106 950587872
528672734 955203190
345376429 957977226
182897647 993792766
353576896 573232871
529890199 885345983
92374100 943694439
210003236 404850406
288170409 407896016
180287748 693030415
403429411 995246007
290118083 586327058
555274796 962207831
14116464 442374473
321605942 967893316
780105979 946999843
237814084 953302733
632392911 977428116
473482641 970349708
582038783 947880330
73333768 953337188
40237413 944768563
356581628 962789514
922702386 992825640
685735154 979428131
134193423 951327500
637475371 974593439
517465713 978490372
678077395 947678021
6718420 454779649
441363088 992121204
382907992 617144321
395106284 987514118
88756903 963539807
27946762 955299268
330864307 992203458
135412978 924488940
492476657 911962232
23168758 385992594
484039747 991028931
196760222 970954249
929556281 972790805
276902950 984434709
542488220 957991541
734156811 962534937
598643173 897245232
50210659 615042454
5412014 966218002
379795914 959964945
172905765 930984718
652796785 961042797
367924087 968872645
528256988 987842616
127757619 955663945
851741400 935909099
433443494 960077028
493207444 971702937
359944933 953163817
119251356 823108634
855178031 912166097
133425243 436414687
58641226 950583453
395202097 974358749
456401061 794444108
635157809 960378615
145005118 982846124
105436411 942023454
59100699 327348265
235789513 980204917
380274797 981943690
21941855 945596943
488304495 952488057
750601352 973956529
177804438 221013188
242687400 949049124
321459357 964878228
129025350 307257016
481609122 982024497
378676577 626418874
5016891 567861321
227775656 938932214
393930523 971771942
679372416 937903383
67092803 92829438
235037479 938313718
18899792 959881246
610796067 999934474
495957868 970784496
744402638 963433792
776456438 979791647
239130421 983617363
711295796 991369276
440877068 950426216
400108274 969490664
515806377 949048069
65251210 947466363
35279228 944667662
127055649 978259894
257774396 389058523
680089647 883596077
12747891 998029627
274301849 748242083
696040683 702818052
457615765 489733729
553581153 959587796
324122329 331582146
313765241 569255874
348767062 987796794
206264079 838821096
707099127 961243160
229439200 470966718
250682006 993573614
493468954 990927024
296346576 691265005
463171125 946950015
450011153 754161483
855985581 962723495
225735633 978102344
450512741 999334095
439222683 751744080
83076361 998005106
589979840 778547785
687523798 994469816
261331802 967319302
622885873 977311113
639874055 688134829
71015266 788458663
54734569 938031002
309863159 730580994
228325140 958470010
129917864 938045674
615873856 619999178
578569376 975700674
497907002 997096283
580813319 972823477
573183342 988767120
77638129 942420639
688774143 996204970
272437778 965228688
374775789 974777292
242948338 967430456
144857186 666451148
734669664 971012601
560506023 948510901
426037422 960630191
521300383 996845627
521319291 985926089
102887043 902478889
638085324 950065059
648290467 963704748
347248392 831264176
508065226 992868080
278640583 816052645
105282489 939693100
648625350 962544003
639345053 940859564
67560486 973787510
519173558 626807191
136781032 974424513
7184248 72487276
692597405 950602771
498139267 835751788
51696007 949471858
117918482 981956293
76327451 987533370
414765683 992797818
425742366 977123894
417590319 960948756
609744909 946350783
208689877 822048226
703193404 952982763
737529433 967972873
142339906 279310699
65150891 999556363
148078523 420838638
523760049 571955418
460710189 961883610
313303862 993703430
753751643 956879868
181791890 938573197
434076537 952483886
635512455 945642176
527862220 986043093
11320858 102708413
334499527 997349794
259987709 494098296
661023724 890181109
448495119 976012657
497424165 991846254
193079569 349739311
461171387 966830513
316192884 500533229
47998326 997929691
546458086 998205549
198564400 952764408
120606484 301041192
349704005 959452582
267063425 940657535
689295604 956854521
142355644 887860003
91874810 882741764
50496294 441578814
97192154 972468438
5194941 998219709
97617677 102387094
763744271 993332939
662216377 949591285
286900122 499306270
333522936 375893544
430136180 982712382
322937875 987343128
295151243 974245237
389426973 992172054
34549565 106675058
510425108 965294432
173777422 973948514
283285856 958268768
468600935 652225476
4631836 416833056
270053440 957288994
768074113 989491724
494233552 898756137
32682430 949548285
490748283 654968907
314838602 760801723
464774252 865251834
306846477 953419211
156562673 541849468
558478804 991300390
10368170 979250085
642528569 947175579
346077527 383652510
456619317 729261839
535163488 859507547
62707816 301785988
141166644 663269609
641257443 831695588
220443077 786464216
198855951 970630869
134741440 978530685
586255124 999442011
481837135 779334069
48045147 533209437
348314307 970731085
356385107 946876506
563654843 955412530
106436727 939804138
381901171 964084186
454336203 940549869
466404467 985919404
567798079 995319269
59660580 995656698
107299744 979533949
277933675 998482434
278216410 998435917
596137741 957921755
574724670 993475740
120071238 152623219
446571704 990914074
635490703 945693766
78088476 362893609
756697622 990275095
317925424 851663187
298623312 973562852
668328088 975707889
211970168 429457827
405744754 966671572
303252513 991838157
3978811 181413662
756329290 982907313
145792072 739147993
299056036 965732895
546792011 723792577
187934355 978526674
148027022 983392008
177678393 888672047
570207906 990525988
772720746 968388261
210940698 979829818
767463693 940676718
137047983 983061576
598055534 943050911
635375059 956762840
66676947 992428797
316173876 944013933
14565862 82716255
639437698 971759560
139155380 966255287
49551459 275131414
263277245 963085612
36697055 958841604
386147796 949206900
239421176 459868904
95274366 996810332
614321429 939240379
39568681 946970668
417536226 953897328
313606943 987267684
280258926 440845668
55845956 714132350
661103017 722444183
597547430 902588777
162143481 997048330
338098350 974927201
432856408 968357142
72727208 982560234
577934257 986219518
629538377 938959266
524281556 953628359
20341693 422566397
169057321 502396421
85469781 940786636
316562688 958670195
593717229 975627859
584970064 829282821
135998692 580599308
770795022 989806428
71410852 976287155
494410900 940430057
67110397 940834230
258890379 474341770
455989026 983753266
230522076 997196102
141684596 964763472
57321352 391535368
105353934 999407441
631794966 961990128
87244331 985730828
407964022 434083191
582202177 974543922
239122380 991399806
25673420 698387107
582156845 976948824
261981198 408739585
44253581 962292661
467566644 615722092
852942354 987105929
617372527 764681518
130387498 972403853
202137130 394680992
561625030 967233775
69517184 444517462
455137381 528202710
73251229 975974801
111190747 943144619
696940819 974193687
622117966 967873201
44630187 949619068
763582781 841798782
532698627 976359128
425679217 429845165
97595075 952350734
63525864 950523378
86746795 409299330
744724781 752206537
677232848 942231648
393203226 997807096
53137030 987367766
507082043 770911356
409792952 960267932
429588364 524585692
101918877 953702505
507656589 886622235
482330806 833305988
257113108 647344752
267022986 956079971
70500002 947518069
394241237 992356092
375477157 661264222
369442144 955726146
1472331 398170655
16294364 957221166
109546023 944978463
273102119 943465239
200279786 985600511
708820924 953013598
153039218 965853779
477389213 969715049
65415162 955337380
282556730 343095433
590282031 941726578
102072117 943011277
28814399 978746747
454752561 967501112
521443141 704075761
323762299 942482027
684456643 976830558
406434669 972190319
611838227 988862949
143332502 775916183
508858967 947808181
388314890 908340260
13311540 953147333
208413804 986659710
343154526 947820401
235684690 723218468
655660116 997059354
54392317 974939303
124929248 974069380
678075726 979966097
644317404 943212204
203079916 646491619
350497965 707480534
581258896 944174970
156657379 875603226
46981543 992933494
178851130 948251215
82746651 314629774
567144447 941899536
10872108 948030812
145790741 960532223
346745088 614383332
775478908 977541817
364759513 454540479
267589053 996741257
124933585 754983082
617570095 878612014
312062739 514617431
185092802 961308128
318305972 982572618
471858381 585895024
323389645 940905954
274264447 830364648
607820417 645779479
168582192 994455195
81577793 424613587
733917174 997793273
138768985 976224221
40505996 986396759
443264227 917370026
667404891 994480242
764697539 833580059
21890801 373123654
246335712 950625208
473571599 700166994
620179 972467173
24220948 343205961
513624952 960340474
309134798 986847396
575402084 974102982
327378641 935657270
304568556 877273588
160735186 574490878
571261774 970193357
109690528 958939163
814315980 830247391
394862475 956651558
735946141 996977984
440550473 474266320
78080832 963210906
678285283 894270335
613327759 848066348
702447730 966444796
645387728 952685305
476370055 991348457
420293990 497701702
589774100 956963035
478970621 959455998
260264030 611435675
22601281 977862708
594093522 638484042
77811230 311625157
353492670 965004751
64312519 969939702
364983293 907674742
686546827 937556854
489838246 975555691
220196522 658712955
725882850 944593430
25458935 978645325
434296892 550607778
372200339 975902817
188138284 738257397
305673829 626929891
85759125 973387020
394988539 943358296
641666985 820514655
145282070 850588466
579993914 948781060
577980979 939537720
243990360 968479042
108968327 303453180
504881066 992896187
62842222 995941974
43609674 975411520
143272405 373600226
471486007 964253969
243280062 973078883
369273297 732340167
61284372 984085654
375162757 949348417
313227550 970260234
644659309 964784518
205852280 845402451
850998430 871526004
313249045 989083797
244944711 976957726
159287828 993348690
70515440 966820813
296745966 617038272
189838452 305877163
129068324 228998150
88969786 949771254
196603492 313699401
336062595 968731471
341375310 992089715
398664357 965670448
107972981 989315219
118255585 543608936
385729051 984661419
884054257 959680078
755689818 959279352
803115640 912726799
773006536 967574296
352695825 592106549
108140730 944837346
6977609 973838065
328915976 749603890
46084581 101922512
353971708 981671192
622582 866102482
565881422 962943296
22944206 998791165
768143242 971491738
226017970 352136743
153282463 217575357
2388707 986392978
14788467 704702342
734630953 966835315
187697063 989907336
410249012 973544884
383697218 583257302
576016457 954090809
318635084 940990713
197774779 597565365
142612198 957336648
280005104 945882023
224686855 885924422
608477138 975917311
398970672 969813336
439532815 991721333
245719548 597448038
443304120 985829497
774050594 980438316
322178287 960696391
598403 991978663
282828184 530090343
84600983 969242421
241114848 951454061
339656828 944599520
659153489 710187930
635223821 769114992
676747771 975398318
96868716 944686496
710661868 971198330
616991085 786313579
698494060 975394812
320361473 986313061
214697 948012533
229763537 948423494
678882808 996966571
136402303 228365584
575744776 973532638
567175768 990041677
654868789 975928044
228378956 999093047
144322294 971368672
510363012 663385855
291617053 956823427
55006277 997425595
4576403 976433580
356711456 938808175
92084794 958013772
414676809 996880985
814753577 849066414
29915921 968446275
596009127 983328520
778548441 989375589
720290033 971449345
270052934 954382371
185124789 652890994
738217115 986666015
79119298 985695417
342446449 618987584
761553672 834519809
499136942 941903973
541731656 956602858
549908637 980418633
499259470 761531028
460955951 976663334
752458129 964072391
449816761 943803741
65351515 964184129
395779977 969432189
66424582 963076665
313669517 960062365
520054467 823170282
139879621 946340769
428861966 974087159
668969926 979809031
442416851 962886811
779941640 989194247
661504120 974638810
84804579 446140298
136776476 925225089
278161780 997656670
374469457 994315270
334630225 506458697
431683785 904993049
4825730 967901491
174164294 366851423
101370801 990007785
215010594 797806940
94328424 477973245
147096376 956989655
17325168 996041174
766708532 965030108
95944462 985823587
304661023 631645344
592810012 948038246
1402687 950554701
347656725 455376479
728930219 954662104
124866411 639991265
121077861 990228823
793299876 904451270
5880432 954183192
300531439 989591301
423330335 594542589
110220161 191250245
111168202 246369970
704067569 933328225
548598249 964165953
517418203 943788548
497479710 953752811
650391081 966480966
21154467 946311862
138871226 968911152
127319723 985047692
378392182 610600447
72277303 976692353
573786331 938835405
822927520 883383557
54763954 947424363
33913461 531753403
494846552 556138944
382213789 976580374
275280169 976501218
127496699 962501859
105437302 591041316
184571510 608911959
861659200 887072658
144787305 607544047
588159034 964161301
115266135 961514275
465559702 958074319
518911710 986207573
387834921 609330482
184454549 959619508
571886008 941182782
179697675 704371662
121949478 988373909
595792182 871284393
620015911 952631551
440259923 458905535
508529040 985547611
408597722 952976689
333238225 726218861
8372703 492873368
334137017 982461559
59849412 954152927
718076978 838627223
253713425 984741882
615823172 978154834
693885515 940906462
240357439 967287923
283392642 999441554
151789606 942925025
487069841 962792622
24822959 976023989
848392526 938276489
76595157 947417965
563359731 976256070
711528032 824756411
593284426 751127949
348543243 592231947
8508118 305240598
415198468 942520111
331342014 987700690
566900408 945723468
463875870 962684400
83858868 237403143
573711461 977190301
2797682 37587330
130833811 961447242
107021968 947336750
459576985 962453901
180594827 970180798
142818679 349130133
235309340 992772179
75158672 857443766
209961218 364684760
289723181 941265452
420784373 992289111
132760705 939552713
452544313 940660667
635353294 951013722
788924330 937294242
589891363 949714297
79736079 480013673
458567156 958896358
676490804 945495299
16841751 943090586
763475921 940533248
438996693 964566363
770252189 868751281
456382121 663286031
632152098 954793686
103579413 217682083
150412617 404807652
695383647 948627934
615891293 924923415
67300573 919483562
318287303 372236719
699902579 999471514
531357460 996416072
479249528 772621982
472378256 994597978
46094074 53198995
378410264 867972524
140207489 945012656
136576995 938082949
690963176 849909263
741653997 981895281
274975498 957989387
471262129 974064226
150229289 950115540
290359627 754922973
548330352 565335124
214233002 941105048
227005737 951768018
423307802 966526596
334442425 948455693
266494799 965142107
166678973 951940614
779275622 796175161
628099209 967806178
763981338 854261887
17445316 474466111
693025867 986190692
135628397 981544751
5061985 938387549
235336879 977745281
245873600 551921254
717023135 953064548
12864124 697155622
650663272 992129794
426599811 966889795
570261213 631694860
689392956 840550074
76390767 982492214
71569439 576468929
930856481 973935803
144570680 944229796
207974245 954313689
411564695 939237537
436278546 938036258
255481693 548929783
651145047 985887077
211686962 940279932
45422695 814625341
756727711 848188208
233917755 995660156
697423209 954601474
453132442 995213740
533535371 994161078
681392647 994193481
309866473 996421837
247086165 366517855
167295 491943973
219891570 992576995
574666368 969034697
360238397 956734966
159134165 998233908
708946135 884390379
679758168 869734708
531666696 971847927
98247188 993720951
219189003 980998382
35746981 903728260
122578298 801390646
464519313 947732013
72076403 129039073
195975846 947486023
135576084 992837810
144726598 980983706
117047111 245396054
540074927 979239120
231524378 946629511
88238749 371416150
3349974 979198313
90884095 981794531
136174540 405809819
205136188 575297926
407012590 993389831
231362152 372577883
250121091 996553065
484043954 766309396
476051789 514580347
749951142 943968101
373103850 530813792
198159935 943147245
381155248 447918923
347293147 493572307
330612290 979026686
89010865 999472258
11123488 441744174
123964 3527074
40410140 960613577
757334322 966064374
71982239 760742916
487648534 970089501
108514603 935721878
475360064 995504596
648024784 969231368
594135755 948198646
381049012 948005465
401999579 863892702
62337492 950968769
418466165 993387151
439178193 640127248
244705260 987524357
433790705 955606946
317329663 988644815
613819362 973268103
253648522 979219397
60289986 984860347
944108895 961122685
874743368 999054191
465017133 838646799
729111570 772141242
112766291 958285424
955762 144241449
772568410 973055317
141850858 258369598
367809314 996867000
379702309 945538511
8232423 938864188
484730775 987444513
116127714 943446064
768133844 980064659
270282323 394730560
237102672 467001627
141903451 972386900
670360791 969597923
974530844 989171975
114283469 288141874
278740431 965927886
332177548 948392505
156548687 961454069
266742438 962191781
777386219 944332588
76804000 365072547
754544980 967595949
662521735 991619305
51180041 982370263
429316970 952366605
139463695 950464903
676894751 992757353
718995701 860703296
354702762 854252148
118762395 999641588
130402480 972264737
704664138 947770880
512984879 942902174
435034078 993525957
29730677 941208536
131938381 960664434
235267017 739997105
645327741 663490674
238015133 943451883
340157897 989403615
161137945 934074654
125932625 911300955
306211779 628769119
290830009 845483718
8077873 618751748
908486697 933968287
103625517 360154129
380463604 961893765
844659086 938998332
255722294 950564666
416272696 993653276
78530065 832487450
209457201 500742199
617795085 938409139
650617224 940908562
114261730 939852250
493392419 960137389
578640988 951887590
465677631 967420648
20969750 382202602
457931500 947154941
92022402 970437398
114124849 980609791
198319732 257226640
239746715 959641667
181112624 507433431
40025525 841277208
646318388 940204678
689729097 939441468
142691507 997633247
640361899 997380795
173209788 903925439
2095209 332601674
877023864 962622624
744469202 992458957
432199443 891808169
511486965 940369860
205575294 259504836
676855097 942967714
27182496 964400171
150714151 942205299
32978254 45516960
560733878 988065485
208039319 617291782
117035364 947385663
193485500 941973191
105280015 225344624
23523264 970545010
114899053 944721637
6201322 969608231
331289726 945144164
182482304 809821004
621851302 946492669
272089039 943678746
748358146 978654941
