3072 1317
793216316 968652423
139454506 896554229
37525000 233239860
63587552 429850425
492238602 745797897
56681306 950962696
209938860 834551685
355029374 366545697
225143218 869041851
47405562 904804408
137470866 918697936
94994445 200741581
145314076 945065431
471937175 474639454
774282774 891844830
11510557 970045814
89665856 162461904
388477391 927042896
30706021 900628217
131112880 776580279
159495988 975152286
400318189 483949514
228310695 313818647
139479818 957595115
127980617 821834381
796986666 813166061
126274974 956474923
71779530 893617695
54329506 977114805
235573599 831240569
690519541 917161034
15015617 600604092
537267180 753943322
129159170 872619193
63854919 702420866
216056152 860779336
22256971 812046286
121195962 739526145
508410766 848857477
12408170 806607788
152161921 693643111
29885823 706551428
675499361 941120678
67930051 903224504
544343148 812928490
87678696 728312691
118081363 700856343
62686061 841533877
506022357 710681929
95568587 768381345
23556543 878654873
118334272 970116977
166312577 774379858
18262706 816863509
7200834 979716566
266241904 491099345
184748168 970317728
322794951 788341639
474039010 489564834
248552590 952607391
586481326 664863266
95288100 716708641
97335727 819514485
227828318 975040323
306479106 391276997
399867321 484403129
137327529 833339986
685229822 701183069
870827117 991708927
92460066 466029121
447497669 589749560
9648480 793683205
90099639 811729031
53223265 676553941
16345317 748805155
302504576 449585127
59927961 878138662
142417483 652853759
145726904 827051303
19262140 776626392
103271747 826423137
7967704 635179470
69205683 435077066
86406672 759279151
41541421 806120194
460558815 625190427
72091552 234541379
279354059 857593619
56592053 404359398
53355102 977865479
223586554 797287585
28266089 829306102
251873325 723578548
435960943 490772521
363342076 509630931
429762273 861102056
699069625 995592644
67962817 885664240
220004964 304413006
158892789 919074588
300005650 318793471
37722540 640833578
106608867 424117795
594793374 617292379
168710325 825043425
483067011 765703080
887697736 952561061
140782267 722629498
131472890 311691973
77395052 733248943
419617313 572343883
159475190 942573468
38972788 795827712
262436348 415949672
107396239 799660449
189609497 907825950
15930566 726942086
571398400 676398884
17423453 981808261
254024641 300027906
232304430 837123954
506163866 757788668
78326353 770339980
113011929 726296115
54356689 933950386
649514396 728742889
193098987 917826454
76994087 130058011
52728711 995366047
678358357 702243106
700627092 898691073
40737159 79584359
7633821 852313937
182836878 574884060
51528540 953906745
28697081 822574729
150687995 154919096
103901886 716607131
3934853 528861146
46837720 782410183
71206165 827855874
103194040 866775716
11295560 209156117
27709229 969253561
463894265 683432946
112088093 784636199
218351098 849980732
103197685 866804861
522351333 896525471
27246531 187261745
102849844 723433163
193555011 768473855
106596329 811370443
402963493 481464013
220022286 944210120
230689609 806717346
106273711 203666382
65440517 207852619
183366640 718161892
145373383 708261686
732873527 982705482
85157114 793400240
169195929 793559386
72380480 381607768
95729097 844004853
174566233 967013776
174191468 997183327
306285723 943257292
762228344 901750618
47708339 703241099
36850173 972877961
80373378 995384282
173347385 983619926
5567019 500807405
186353610 783373831
237410069 885807703
151696444 793360291
66294158 181407163
204077231 427964418
227712723 464326013
249857223 535872923
69251889 739672097
135226471 467666975
2452486 887209934
412119929 843479552
295953321 639832651
102731483 889455408
261650511 285397063
90880631 581735225
321461511 377280305
218595578 635419522
50006838 766308278
99070718 245933149
42581333 681226491
161984785 984764662
207547075 717828278
702492618 742755705
421025979 872885811
30637111 852305945
120842141 411859790
57715140 346541266
40945367 878211182
326141258 595879227
703508094 747167236
321281389 857889705
26772453 528709500
97607099 968754383
63685411 710450518
245098099 550499525
92884605 889261744
46817736 704876112
599431844 952576950
135191374 977908627
103569269 978541061
60215622 736419236
277525614 310779077
184345303 796659407
69803697 967394643
204061434 387933622
18296907 264277055
160050697 835397755
482951495 487053540
145896886 921672823
249216201 809194025
206602325 914121593
61146889 951281415
182235418 973369988
23374682 816257616
359693529 905555666
145560334 859053119
882718933 982401138
216627551 802386385
689003367 728564730
19640839 550306603
774738543 920654836
92758240 886761767
345317300 828319577
654008623 703345109
13655786 958585633
133612688 791214120
136370983 764318649
20484238 790379606
252316374 858746681
18571031 742556306
114463438 840073708
74663484 918480855
649605078 672354415
108129884 742205475
221000962 927342803
232949886 820867081
29477299 779597727
237503133 979875461
65540465 651666663
75795635 426300027
571679625 652825338
98060207 911881595
136575878 814304488
38118841 701906989
2302400 706313945
97147825 833965570
36471358 940908250
148142060 707710003
36112657 611639527
121196807 162874823
104488666 736950262
145078035 781255524
102975667 788922930
255001801 779431906
129830854 884037392
249938079 704646574
253012537 813609345
235105282 728240713
282255563 992313629
48755656 614273116
26270753 778893637
144297302 517280209
104944278 841542593
55851331 142316988
69099257 867250088
22111851 990636269
3845303 696789150
201630369 796423633
245753891 252023842
46403293 757272263
195426445 275332675
131697994 264525701
66898279 723658703
372598687 839868746
409983164 470868929
91892587 713419844
323208458 934820817
251508637 917718911
112294367 448387961
84004955 716523255
14644185 514071430
21231664 808838459
43360218 784051871
711087194 890384028
103680931 705777155
121119511 566741692
82764577 337887261
68445219 977022633
47267590 705787132
38967249 434788856
89486530 832827067
358974201 545946958
375485942 898423571
171094181 808898554
115396607 976035424
77367518 958156725
26062474 844432572
200888001 700391334
110273140 824227813
182857168 958607021
137147360 306821990
292753952 501586312
195464218 761132151
62700423 844398703
48420305 890637279
126065865 916738197
101168707 812353096
125977790 246439010
13568820 366904614
36358313 94229042
36131432 852773876
293855578 989816490
88771852 831582729
21154071 767020234
269694679 836283591
111617935 986221698
543696505 829096533
287134839 495699247
108970793 878106985
64544611 722182031
70397630 726482322
498878704 528304386
216550532 990822066
960450109 960582708
5774267 773724135
33658261 893730350
199052073 728034897
934358252 970121958
156362929 396648695
81439826 734599093
308928542 989948414
52197630 735620086
147355801 831472094
73306531 813796148
401932586 906219612
383979743 435208845
152311422 311937419
370532204 625032080
118754324 900021115
225730688 728773046
241339536 785692836
173106563 313474415
791552225 873868764
6187494 87213978
131377200 799303086
430173082 910439020
169444171 575429623
23185396 705111824
114240511 905169529
186792180 780990120
85870313 954224968
63622994 923111867
567291667 977182593
111164655 590477062
272025560 586606813
84822448 417066601
17930282 203732117
95939823 338401310
89045418 467261226
100767697 686775587
82578917 743361584
27485311 364510126
407915992 943624656
140138344 975207658
418201072 455618015
55543241 802183683
446984583 900625115
681335166 871373787
47092792 891952954
32286887 708248434
351595457 727641467
144303407 788425907
31429640 960257992
87820801 761072144
178243381 882337106
613246056 760509097
71797431 904731475
445455710 702304640
49512764 854169968
513772788 650568976
101138765 915794529
3082674 745533023
62787106 700544735
526547800 652626438
118808160 800809276
30834974 84726768
119028785 928716185
56080366 714606604
313439866 966660529
9134431 987329491
22554675 892762994
12965866 373496994
120850028 961461922
7545309 963531572
496976517 917879550
703090147 938299451
11835365 76942749
34795155 475341858
193731669 924234408
151446487 729546575
148020337 938282414
226701654 934346688
326331637 641501864
212175365 999408445
209905199 885354456
22074658 814274584
62768930 717290812
144569058 286333720
353736629 870094211
16378862 61606473
114569696 131310305
15688437 889240676
299587992 976783524
698830366 852824263
796160674 928717441
300220076 688337821
51271474 838447243
152564203 896907555
479522955 676278617
446581302 674391203
63334970 932358856
61039180 954592642
133142478 309856686
17641005 984326231
34570673 729299765
436136991 638021953
16190649 827422682
112275539 201468338
43929951 711886156
519888504 570293904
6438041 723116750
788051951 947641788
233610551 255190107
61872446 973135609
34215396 976688144
172376998 990098030
159246904 234249443
815749991 993106345
115444586 171471772
210371297 676877077
82994767 793888715
40887750 956466511
338114761 651174990
296706327 989358302
23797761 590150510
695553258 884242777
154292496 960952339
296338475 616339359
396700269 991891732
120533543 846043304
174467973 955850469
457460550 614069065
827591906 827858844
233865019 767249191
155764373 922372588
131538662 849322728
67909412 731170331
218959710 352579382
147304913 750962611
256385351 983061152
608272700 610343361
141919753 808850014
17395033 776890296
465554226 727731737
1804789 917211359
5854840 858638520
211417282 844904610
130021606 917464120
905291419 905313213
114468946 907096207
765734726 803977307
5796803 980178346
718903667 760253666
291831132 574422153
150219031 989706194
213294624 960590102
372405293 874387202
8296146 37342811
271490089 893059372
37301158 891474840
733697386 815838738
44449254 746272725
91923418 529149606
72865886 848124085
569186145 659079623
173080352 869835272
89860118 557984413
179963450 767313406
30246822 88422702
786444939 915707049
514496126 613956799
146833534 858860925
240526882 720730083
116832666 790220627
501597903 994202238
59972207 742124785
714932320 999369594
551837811 947258377
390005006 549544910
180731887 734853007
377589985 488285273
266263455 879187887
73336054 195083042
19589018 532464559
202918159 644907549
376611788 717369045
647933626 997924458
16972049 806585776
266797458 757433774
20445403 914132982
7132590 897424778
91357225 855113869
258900060 326238759
21162426 957308381
723957714 989888158
92466106 666285692
710033095 949765559
42276989 849431530
98660634 347937912
37441189 675040761
225668181 448130159
17152502 549146573
186290466 402718721
212497266 975879825
67260231 960610824
379895670 756417422
18851380 809956085
181678173 205141845
65191157 394175439
33538022 444367787
12070481 969500782
458949 751480807
175096269 977757215
128872726 718775728
216953698 929711989
53613627 834506756
73176641 772033213
77610116 635287501
206579581 759424201
446447309 599391406
183951002 614001507
696979905 956802957
47580588 784107462
713712095 724561551
87048591 920291675
33001233 782949411
26271542 72684677
125266267 955839612
343507608 556721687
525889381 530027152
133323418 791056764
590671083 739313243
445920428 809960802
142998451 808902870
63794654 932927024
120218163 797752400
549136753 673365839
328865709 895417159
246739144 720980014
41617367 858083051
586059349 663825328
540843289 999544732
80516559 835251464
13097795 290187869
235834662 789775651
95305404 825857888
453271580 465513440
195904914 615674463
3209449 839491783
28775897 150082672
414890645 629074111
699346382 766958867
2574355 972405915
68841348 845411799
157511303 848804300
83591650 867476009
35617324 608524546
446559449 953587178
39143573 996823065
318261466 492518027
389770259 811398448
243682153 285018669
142511519 998762063
447849976 718320678
61681127 749887129
3027185 823371130
904502740 935940325
84237920 799324433
457636933 851625457
249120794 930226118
132610594 888452886
96225584 935977678
14916728 553862517
170024312 899771140
262847083 381584813
218333517 792100244
124287822 908874555
36669495 916887802
141206830 870487611
345906044 665635697
148110819 718561246
170875662 793608594
39145306 759172448
341734302 547760807
413403006 624418281
66207964 560720110
128301342 817028887
85274157 934184426
217919550 933556898
448797571 451473499
150052068 783324335
716881232 735700965
108294246 915361124
295107656 395197641
130898605 807810560
184402461 260113781
230438123 853271544
58818903 728490983
89657497 199785378
83290493 974056119
83959495 971733913
156365523 906486079
225787491 787013429
52661932 860043401
469272659 839923212
63442110 506271905
123584673 513514064
143396481 968784459
96152517 807863957
158854211 844457345
10339128 731598820
59923503 795234110
69751117 117362063
104851474 990442185
126344798 983325484
44214081 996811559
135951377 804784825
132585033 944255999
111693140 143585057
140396616 406193643
178982450 825566361
37935609 737426572
171568992 210809480
10029549 797104974
132502653 743695483
478234 729189892
101724635 729871364
85257450 398660914
37051915 783048881
146075527 890046500
364755124 934662414
9424951 737131668
202100794 942091913
58767016 729628796
119532413 869646310
120823575 697776584
54077867 449764386
208065189 996859029
171563664 423998672
6143819 11705272
31434478 741399264
175214038 855066980
245314860 851313354
175219398 917069196
217056009 882280309
139442732 177386782
123766018 866495550
375238741 564030789
290661899 936230992
397244645 475059279
792031177 919662641
337579931 499092088
144724125 554635939
233888748 991887507
80902328 732196759
18113785 770600904
187148044 488695093
187736004 477809942
277442436 913278849
240854479 544961525
446866073 578434409
356306543 457784695
201994580 914242729
29344192 937518699
785696028 852297479
37348503 776683073
873221544 995393231
64424187 903551580
405175822 616495072
28258985 32725135
829959213 963873650
101527431 751376595
85362783 791394197
194971595 904606699
365208942 816709606
39364646 708516496
831399 194054340
41447199 759804684
18626510 546516309
315213124 779342231
12057992 769300277
64919478 902347406
628211787 965491691
876766296 985934749
37288317 459028349
143871521 571920732
602789142 823176808
192642589 922559039
29804560 922802254
450493757 658016346
86147961 782676273
458369432 640816677
340065849 503528372
37299963 994873945
91377108 839013277
204337525 305972572
295423177 707343785
193802209 929351144
443558518 915349154
250122201 781129583
97548278 816391383
34029663 716810103
498677598 560055081
193701015 716369130
202782546 698473031
255555551 723750752
67345763 741549895
596060615 650356282
68392340 883220090
398411650 578597824
29869489 703948601
227623851 862739278
106182691 785099569
804927 608307127
39421303 441540273
156244019 771383418
103957849 779371016
335835969 767258943
35015141 782210967
101309943 446871059
221485523 886219679
195249578 697802234
482344810 581244018
150015929 908147856
8712595 735438332
35743382 881780672
605882747 832507581
16554318 186517658
270575324 579928397
117016169 447084007
115656660 978245115
82508671 936989660
73442411 991978595
104409432 829507854
163001094 930489116
507683694 662967973
92603633 774105333
298425023 768842175
108779681 289340756
591493614 756765463
30995007 802781326
17686720 123598639
501368953 715881697
694418721 923267103
21121392 835641298
562231465 608497590
566931535 629705394
123812648 790185082
53060340 899073818
226219623 936048015
22650681 846536528
328758273 728803594
371505027 686930702
886827410 950314223
91985528 143508292
82664464 461400765
444050082 993914318
187757464 466700762
179329093 906529030
217230600 251155960
175066297 931054107
11181601 878185533
147732971 963318325
413044308 963877841
396128711 831604788
778519714 879998016
172489972 829413906
293150771 881161269
699736063 794561373
834346720 839015637
65133165 238869964
66194272 794501086
53847063 329620871
63836899 748095651
18871570 485549441
162742628 823262270
353706448 968238472
28501082 755138226
36991926 963239651
344763229 805825037
549638515 740928663
142283323 371205510
738912102 766309215
75234322 880947705
97184807 438721583
254477585 898420857
111916105 830045588
19220889 788547226
251510817 985880331
614974734 943173150
193671394 947470207
122176642 507863216
194042249 703231921
562086173 715902739
97061272 828326432
206819433 727172533
128506996 777936768
336810025 844844453
158301822 914009070
9338834 697242479
245271390 396260683
238181713 327196491
748959047 778193644
95207694 951379655
373876343 844166740
582089650 624522453
196220696 814041020
438563472 861623152
283551123 922105903
471385255 536187591
761593458 867246255
115398874 793455016
99846569 723198900
399956591 656562749
111807133 944633234
97633590 800456286
100691038 315706106
50336524 334440382
375054367 915538904
129083546 709928124
521080337 946449403
52209723 744687851
5442554 539140068
113960792 711557458
29015756 378823384
149871490 773927035
114267522 772143694
178925369 891933760
289702321 853772727
119174753 767194583
391854628 521510215
173656330 938594596
203110339 725418915
88716838 974045407
65214212 755663791
163015307 856272542
123958961 922551083
549616774 636620817
16797483 712632081
36156960 973814055
43981921 599962598
203136709 966960031
77303022 883797276
146607031 782338673
136910869 721969629
240574376 977423728
241488527 811793315
99933513 921563653
289685687 416099434
263684363 332623612
935394 605506078
74342553 890245134
244780910 865376923
114282577 698733506
79726904 225307683
37779972 516000628
25462399 791052904
27391886 478729009
3301028 873635532
531832041 920797546
46604731 924740577
195520664 770348512
114467207 841880547
77019624 876111768
227415560 966026107
85545545 923514241
299924560 487469576
22525678 609324104
284155250 880062047
676584363 960808843
334216807 376112327
104740446 805286094
773028715 819139117
111803563 849584546
395802471 836972732
370101044 737491305
91242616 851426384
4220295 976771485
231493343 689645533
95774929 918317164
82796394 724955489
133062317 896780880
145856447 747425211
324897051 874356116
20702232 731656728
36911422 975499420
575440982 959340999
116453412 900338033
484511112 638296938
62628375 579099897
654278220 870894747
252875456 502764209
11025289 576724593
83220930 127664994
58224513 904180841
335797090 926730724
412171862 951772439
574737534 741163800
128390454 724837791
129966906 635223948
256714483 925323719
108386146 701499220
85203199 750003006
4192753 989949468
543965039 789048543
128224109 699750876
5937081 128110680
765081086 881310766
467454905 621790190
564925222 668023690
13010208 716673027
384696716 996979675
372647144 983577166
340776154 537135606
18528377 197141411
46390679 482504649
272020765 419195438
102461326 880865084
111691565 339674393
37588123 882045297
82582327 911578788
112029623 731462297
403359845 493420480
106254900 507165061
595354934 843682992
314607091 677937260
48632636 751914421
64545504 910106041
106255682 845876346
39231469 760793417
170592931 584018680
228604282 750190858
343535288 378598472
10839796 720567792
91790953 771109630
26714013 172911587
521300487 957734706
188849529 207915905
615384516 970979608
84643932 939799143
123016995 133194897
248248513 898725886
6248676 963972669
18878537 468290728
197150288 784124480
740701259 751430153
522511436 571002732
55818197 867056346
523690594 654717633
858220567 862546970
167599107 989275633
126418245 535463632
403537342 970860080
13588322 773143798
82707649 283500167
49581853 708319623
4300364 758931696
210961519 912307061
143128684 771549325
132276227 723447141
91153120 226312604
192410232 942318283
193202427 739121365
185466765 525730537
82289653 716520856
32966389 185925231
3514839 805404880
35041440 645507595
54530892 195182189
275339406 995358749
238762845 914644563
15510151 729430357
431719177 894590930
142449979 719436186
162274457 753626880
14591491 820549485
113268164 367220671
144851358 742098832
865206426 876690884
148669452 721909773
511512015 646955449
56755387 857975854
219230501 224624154
242920640 747188353
244041231 859327721
124427133 939032472
1162939 754064348
7115705 994246446
88229340 710482239
419712120 713969727
49356477 958095878
521094468 972651378
198731080 508123253
585552018 789984688
170918510 560968447
45183515 883023144
172998380 747205058
49574088 747873232
12339682 899327057
147690082 989705268
145787535 649517325
98191922 641663383
130875185 603538758
114662064 792252024
140100416 810384940
839527275 876832472
229814557 668692700
514458300 917291408
350884325 654558715
430303893 619219815
145511178 784120225
607537880 771145317
223488 896205509
633599194 799707061
590115350 768814657
516937789 588142879
211804547 636472339
247866685 878195499
252501228 905566308
22361881 999942068
34016245 851320739
165252009 792979046
128443532 241253395
121769376 552628166
212163746 812760766
120380685 763166019
218582970 985235887
65674300 475048226
140325343 439481663
133159182 397407315
568671326 738033197
251964119 689052010
58416354 987111323
213596174 770370885
41228603 762549130
728804611 875185140
386616846 508914240
143596517 998334618
17382893 950081869
239805299 846557537
18880948 541425890
376480272 891085675
89993916 970163871
356282085 628147521
572133351 626369887
77320129 993479496
400230977 868064197
134702880 777796491
301138013 706836231
440082633 921626482
42326709 607762128
3062201 702937318
256858831 691257150
321569992 711962075
33213148 789016284
534150039 801843424
189117058 973826296
406573815 996009011
33366223 932734425
93820349 958287276
23181032 591919985
64424438 751629176
80157929 922512230
198454176 981218148
216708633 523565356
71606425 887268896
128021876 840744279
210254271 747392019
110426477 359785932
44953739 615474040
49182218 761166416
958753419 982424585
61202250 928053202
322610219 950566485
235506105 786034250
10896545 73993482
297893278 756607367
98840648 895898660
205127559 982788576
3909202 902062448
150428881 369814129
3409345 897413059
22038909 830975792
146028820 977381322
28834792 946234164
101187779 743863321
100424113 691648911
10039959 705900596
155768834 830686263
50362613 905534175
198685744 988899327
113960738 979994440
275250966 797371346
167029256 967536202
322125537 839131197
10035089 710735103
111436854 821469654
101665184 213016997
51850708 406842982
111198314 930768328
193864385 639662070
107243333 817705497
30722493 599945957
216539339 765946301
848675656 875422479
77081750 955918989
199767055 958761288
21035062 745411381
50885275 785582795
236076912 287371341
46221935 742664267
238021898 794915840
45650957 884418698
209202932 978051508
32331633 114392291
227527312 928483233
113217203 882123320
111705062 724293418
38130129 907789831
53708443 803952462
305798810 940234211
305119476 417503871
517043980 730298901
27148815 700098437
116342187 332947624
750451494 862409331
90995011 837612810
180430026 854874272
285550486 428780719
225554273 369050851
129440321 830469673
527100287 911244988
120607663 822568619
7950200 628638653
847637496 901072066
40771984 769144782
16008074 935451068
200889486 770000353
57755505 446900362
257984122 869419437
128763321 609578930
211887464 888174423
486440064 836242526
702510563 862817850
167576011 485878431
310348804 677712442
751389867 859781348
353807286 798711172
60517304 243593609
4767594 712956693
601131115 832351499
174988811 860674057
272317150 776119926
135125028 903452697
321815308 333503175
365484815 836577930
233251324 723281066
816513860 846246443
68641061 748852861
244688591 810368231
411737443 497536936
405845345 681434118
151080603 797949899
82099249 839965056
104441972 925139764
162699194 269120882
30936604 495568869
173040725 811417605
16976393 19411448
35181984 833356330
196300735 797451855
176216652 736371792
114441747 941986153
45085098 727884968
11780207 657771882
37513094 234474028
438457354 979400343
119387515 892659183
202338089 620236608
56114166 246833813
784773483 899941391
124974927 881791781
233440639 781833834
5178195 500072130
45208870 601453585
72306613 760612581
122770037 482162289
135023043 781838279
171180988 506434321
71272885 841328171
96206949 616440184
250340171 721524649
162964061 421521159
117995012 758577398
25628409 971963471
674241954 869686192
44171326 946302334
8331801 388715862
29077161 709976352
213353319 482149520
80896512 170158535
234238536 707190891
310657571 954899837
37562996 799436545
214181290 999015181
84408154 375137472
108574658 760629768
17177463 734961945
69772203 402981695
74525647 981582672
565814796 974823342
62842287 155089706
672347495 977226389
625849079 758284220
88927773 863220983
462022055 613791620
48220125 967511684
56026648 716545320
96194765 874236826
87505091 913010291
282532719 531693383
51415524 941288231
7387528 876822402
688102569 742400416
39947133 903787858
160927040 965777664
22795023 744075888
61202955 987750267
14685485 940000059
203506172 908589093
52264850 779037437
158936422 816584212
465139094 475745967
425341770 504895770
580542723 591120175
472402770 506875269
268513232 744989995
90868178 970781943
175446783 769547366
8787760 463840906
232437888 984922207
57664130 982420649
308187220 329726234
118362464 855202695
148501840 828307261
81573519 569933387
286545180 844059537
22407027 832883223
474825183 773513947
630555896 761370362
605554712 995746223
125932287 719875382
205718162 473701798
96023183 978048703
208144268 732548785
240861989 755821077
240911853 498087086
104553773 727323624
187050172 967595880
45828074 427962024
7801999 712570769
314905968 898577311
120340149 201939910
38060449 968172004
64675043 158400598
22628265 540674971
634498348 769217268
125862567 995413225
199127507 780222611
143310790 962353090
165305025 726592586
329018284 874441677
41435932 445380305
278909518 593425488
196140454 492715671
112274386 720839338
432835452 841479892
80019198 787856046
125091615 986426289
433357190 762323981
77322109 981796387
471379342 477678181
693868992 798270666
664356977 783523413
363513054 641964944
404288924 554259359
250742245 990978427
291989998 789168811
623481550 978578067
124468588 646475940
33909713 905258321
6168632 904979497
150187340 554307235
71320742 739501348
369339957 571780636
69192216 759699992
696439888 953809461
160468470 162157922
252674089 822846703
19564944 978505244
778623910 864534238
156097215 976447136
61626208 804396943
633360430 863472565
234654471 731160638
68645884 850640845
108591720 884088080
34023959 105656499
221605204 529198670
150441031 933714013
295641390 379868027
318460158 517246593
909066696 931384005
83761157 976463201
36417607 64681494
99579780 753164895
307432739 439615655
31671800 882298160
71654400 746004314
299839891 955267249
184612446 795159079
122705833 984017623
98571719 913863185
135214881 752060413
72837972 612435719
99113112 760365711
22203657 786132229
81377229 870527616
108262525 956097237
509176197 885791012
222121278 707888763
216393884 714383833
140671011 761986257
7491807 944376041
652264803 664293746
18563028 955328978
140495244 763010565
76723270 853294920
222369456 350262350
73497824 355182528
41440603 751004981
70412528 212701468
387157642 901708651
34327753 930012509
3548223 801878614
218505250 995424145
182229878 693071834
84675631 980406691
66472234 818127788
88857255 403358008
159340655 981376238
11232062 730556863
356377426 714198839
26564021 378383995
105387178 810603007
251986393 455575266
84382012 775849014
171029781 400320402
69057990 895172161
111947635 304326588
541109322 635810256
19781103 478007685
448798163 633600304
211727020 533021250
104296659 960382134
390390226 696594044
3785674 930856484
35679596 807817856
332952706 825795580
32820561 151690355
511537325 970765775
111260249 201908331
625331620 998665174
524627218 709091559
63892487 923271660
72300461 793331657
198679210 939172074
830900462 919172595
236002565 280481007
285151437 617171537
534541683 906248294
263470487 760013515
256155043 985763456
484270341 895620980
338161489 682949551
152085002 535935824
5623712 216216110
73487096 459471569
222517130 553603738
23502004 876153886
121624142 214179844
235758145 866258284
517927851 889947280
415818388 523184799
158766284 489305483
412358725 474500847
536362021 951725917
122182269 923423110
126525481 268280570
30448056 973043186
5035669 860278426
112017646 974295412
418178574 465351964
20159759 861499359
294560018 483717804
212650537 259094015
310529568 901386603
30367444 740924378
190735900 805782722
668238076 962107890
857497405 991271496
444015398 710496142
255820387 998096857
90665620 776323454
4384756 751356714
12198994 619405847
143361727 700368184
63787223 477420085
18825055 721110174
59863542 862859202
67400775 984720035
558346560 652167745
143774338 773744204
174007194 834810486
210173366 935085866
292108509 357556104
115063706 365497231
141956705 772407396
96991514 995016371
112150780 478067007
1632767 484772226
165765253 732831704
63415062 839304692
148131848 734977601
138769810 417342128
208047889 258499651
236145600 760890200
40360117 738332976
36590081 814932386
48424893 948316999
89678656 518573016
115866493 863667428
75345564 416240552
146382186 769624891
225273669 393386598
372938248 516610369
96264706 700944122
142066369 904100948
65076385 740642623
193969743 970368087
30781527 811877224
183064703 377458806
83943196 925117509
575090387 644081119
163163828 508244316
249827374 719885253
62502060 563361748
11195436 981245819
212407067 754681483
5535864 713798153
28495153 761093843
668936113 912008013
337501109 912587181
564768696 831423004
189892252 796235649
56913117 793029619
14856727 767754711
331073617 824001336
253808371 828245233
115991444 144588411
53904558 732364510
98953253 805015130
252012069 627783816
182134307 985542020
21960924 811021736
78676737 826210586
224798524 505710839
490992240 818035580
152249985 889580304
85193732 908910158
242014513 894449019
64512156 924854732
132094867 773632091
220096758 885463790
136663827 162961256
69044810 930673636
121846141 713394526
162084284 719269523
174766963 910034438
48834107 677975381
349513593 697451362
440599481 912550673
466663627 554897333
141460088 598758493
181045775 234024253
119488043 136742496
139109087 865327387
30431574 708410933
13181065 349611552
93698109 374782555
26887075 516261505
602285921 918745283
358280009 873817884
212057496 758355532
188279880 724683341
300032744 451588145
132799479 925898243
298177585 594047070
597915129 598210328
551645818 646610101
712843981 879863863
93081558 309118139
22100788 989267979
36098121 105475479
138652442 151536684
192060458 734600327
86237770 989343954
26189156 966817067
54930227 884405768
558364799 804307653
131128760 869370841
7719112 891416622
25491076 882342024
174991933 721833744
261005729 451440048
67439827 984963312
322054946 978330585
40298610 783541829
78726032 429796765
119009831 751752071
242077968 788806861
121298735 404993864
178527499 797745282
149297189 777606047
146175406 922332616
181286202 779802421
73223022 748779782
198420871 714953959
319845327 425305309
8397342 651347779
683233598 952102358
132147419 718767933
472607101 910844605
88306951 157699399
85189773 749146825
48185028 927926516
165976119 216016182
612825685 945655313
463040759 548546917
49878244 868704694
80569362 107845888
160766914 738614778
15919999 914110044
859484780 918314595
782814737 940054141
878676834 943581650
194819594 927312147
76442075 381571536
657503263 901046081
54656257 251244518
105570024 941924258
114270862 776024369
49366062 771843934
284258990 707851842
39925912 968751265
25498623 495485139
262136829 620273833
133309660 994079806
289806737 855363376
479723661 536092471
27080564 900081573
142225092 717019688
476237330 904623075
787935469 840293580
223851797 500607481
400689053 958191676
8544250 648772116
211920426 936438237
303283532 347127910
46925082 894401439
112653131 855998649
203313933 715388150
122697759 764723496
18210820 990996873
430772585 568319659
231098967 808809681
393233838 729742801
297647303 720420024
66303969 706019043
549532267 590804820
310493070 980304851
11640830 836657470
31848850 906232680
35053839 772432558
123191329 558493144
197829319 875306975
768897516 983471638
618432935 723733562
93068896 931140630
24110768 958964367
1820832 840341230
160766119 526410446
678768619 696936444
128914894 171027616
7541231 734565505
207384137 860760496
131531535 828197220
199722074 991481632
659176389 775764246
6316984 981694604
102118324 137848518
66866109 946830023
54036807 841150068
400772094 670397403
229741857 886717828
369377793 560818017
168505261 711540642
737659657 757791182
134448269 846307469
585541649 761613005
134090483 845899191
27341207 895761835
89721713 891228206
88283929 205754204
271834137 656558100
62166022 926324422
589172322 630784310
86366523 416104202
157996158 941931333
72706145 895165752
50824044 695217677
123467420 804043998
325371461 838956197
133269253 510490345
310616056 337255158
745196355 751561742
47757768 903533768
329742158 728275568
653868705 727941532
35248440 828778261
211557229 408041433
82660450 975294272
332153076 906100558
355538569 849878553
97026139 966821501
113917228 862653089
102141880 748056428
102299584 505343589
149311033 466152146
219510913 665498048
200061886 857932216
76854922 913112885
3750380 909065477
364858352 830801167
71801660 407039296
896402089 972213547
71101739 961604567
65737518 729218765
10824352 915209525
71156685 702436279
90583339 531008610
417036344 679785148
524327964 875189242
255141763 982440684
166417323 946925770
130302760 848026051
224212356 727425671
268510650 650846713
111601486 148423326
247197702 773317991
79221657 969399887
566769043 801598734
788797893 813966744
574916724 982584238
31032812 959495779
78204459 275204031
97519264 766301281
43913521 723879528
54276608 946539815
378631648 866871838
398828838 924086132
734634322 916288545
478509792 885353521
649683467 882822669
668805187 946712089
425386870 487821390
37079923 180604992
239326713 811558591
1638118 179048268
143917197 522959656
125760356 569304066
10781046 420658131
251400228 988258763
434723719 995264747
156596291 934699610
295966125 778899322
14085129 450109777
333868980 708826764
543183425 744307847
108527617 832168529
111826263 907147924
403770330 536619611
102948856 512297946
47230842 718165217
161867440 867056953
31073985 926191416
496872984 957357863
106453371 587619014
41904895 658880466
381354305 928679119
93644314 741734899
215300594 590517298
55114001 829976442
134109874 920156869
93707392 912776447
259486496 611425678
103056358 680040930
141589857 900151407
134626403 976922185
315053168 445490531
182330342 808916337
299863832 708464082
20828049 835727794
774801860 964650542
156212125 900150139
97276238 213403763
227980979 994404272
43933026 768036347
548780987 997225141
42517913 991107021
38958621 970720768
72855284 755620194
73679057 867088213
404806714 648075275
96748894 702578238
203169865 948720407
130109196 863196282
68478171 430978123
236802628 825306987
711949028 742893158
555747507 856336937
253532175 948945919
214964785 717697403
819145242 926913812
313106912 414143199
55528701 868854419
40854177 911726220
190904666 657570871
421520146 592032118
543287894 828381345
26188460 803175128
47252340 60395189
41647288 91199503
478476892 705940801
13677888 887497833
201017764 791770479
3118691 242665051
154736423 968043141
768019142 840950291
563787284 587764592
929323465 937569569
286214853 820871765
9354259 978068356
780493707 865880895
8622383 629019633
112149794 733633642
7384462 789370198
148995436 718221730
414728688 785056566
54127755 222797815
110095623 709859774
107444230 965907742
116833903 765650564
121861224 424399959
45538289 248530477
518773869 753877598
34966008 935310206
114174102 958646534
122981765 947277188
188936619 964794397
30842894 155627072
244178748 864036478
184879129 581260901
242809196 864291010
146668548 838204976
129985109 869062521
94841591 105483226
38993662 829462131
212316147 961764868
731047420 826177666
141287126 785159976
73374991 931555395
251249328 902574771
22335896 362368751
207944930 785588619
86335485 776701242
182590655 507409360
231324399 922092979
30911371 726662740
548509334 605611986
184972694 885530883
268002657 389702635
312879107 859825884
87906136 203874715
741777 984248166
423115299 864721318
15361527 808097985
477032723 693896279
115588702 836743480
112631793 970380022
639115476 969559895
269519404 342966669
184182979 837829267
7332384 739736252
196942617 985721783
194710617 416286795
105546626 944620853
133195692 744662101
138770932 768681437
198374239 732407968
155746478 731916677
238425818 951087879
27691971 707746770
19111071 732899744
468777595 702913399
22289830 718993505
239365748 629887755
541536773 754331801
260120969 560647843
119394486 295955675
370982278 783070250
107122101 711161788
362743417 419243935
58320103 735910512
56291031 126299149
161576336 991287439
353035425 502213632
252479598 962908590
245005505 914475664
54997990 400925443
345062532 768500713
73339612 774231938
79256224 275337844
524151283 908161680
751159823 783203807
180528395 638036130
193186127 986558502
77555288 794769539
179439788 859600081
2676708 696106283
33830840 813872631
351952387 510315514
330660116 695110695
211839123 494733491
34232369 714482252
422985149 807997269
229212607 727395913
406593624 560158001
388798283 673633565
46425666 275547004
240632168 321927167
175201142 946776149
57787508 732689116
201057620 798763678
229040178 747366388
241881452 840396219
20802448 829396261
230814258 925236656
203061095 829300460
108389202 805378172
137724201 959455056
482783090 614807321
256385859 841470419
156579397 886040493
605265773 776103123
607154854 652423989
900071379 987817682
681804452 842350764
22273429 45949520
189349776 763871807
509141833 536099308
3204883 871673625
122537725 845340879
617453211 872289574
102982385 752757792
561522223 838871251
307459157 318527098
121248575 844286276
132585384 813635193
32120966 729372793
46306653 767592953
906968282 962882023
63465527 870940757
53878380 522216623
54956423 907042348
223492436 645003680
37348471 725604809
198950360 712566327
213972924 300200811
98929733 788442722
171706967 587856683
165533961 950722151
602971327 982152291
189782947 958222777
175181807 733700843
181971398 994965090
31010356 940557849
51605145 722920686
10501504 886971781
253206502 742582733
81191558 982903438
898574225 932395331
7997542 971077780
129409929 950928808
109422128 743239379
655850493 947524127
50142832 181926719
59455009 363671506
326211581 574411334
147032115 781092865
862323217 874990944
301918629 649819017
19909459 564814389
95026919 789820618
194505395 726210324
121825042 755761386
112293873 816647679
36919939 956203540
800585680 886560866
225428418 985248147
118162910 299983150
120552393 966506535
28288432 927208319
347281634 549584238
134179503 986830791
252892320 456622945
181800496 899728947
4781321 36147275
25837598 715069130
14629858 712223585
68384902 745432711
221580592 926039625
371950859 986354500
125776866 887203531
121287922 737363479
624567009 829881863
104771130 769521064
8865547 772363733
65518823 873257637
58907707 959035076
459251359 746930208
218036720 715024890
516668109 774805933
76187376 943614199
127856356 452510244
206468751 233923829
171591873 830238595
144443195 903556494
458281630 768526929
616281687 657441605
288475586 459394236
3181559 998201843
58647988 930119731
93818969 773249505
204623233 797915904
57901923 844700731
57550495 968441137
242964128 793017381
147508431 879145386
576362468 685505018
87168778 486429314
720024871 781311405
599659561 962988999
574328785 898020577
300180886 351250977
267163074 646698316
102166356 554557253
224096098 956447675
718921501 898618251
206866460 778555085
394027 955184104
207666113 948246488
9823022 554991378
27873837 813217565
30072969 940965569
179282414 928531076
71059357 408773724
131281704 713055964
105146177 861091262
338281952 547328422
13698739 953648257
32710402 802407452
18597072 748950294
297543468 532012167
3089791 767772861
445065632 506683739
491640035 911454627
6103212 723511928
828210263 874352862
159484984 891343509
40057956 934345990
85873092 868268218
167249994 649663670
368743536 413447929
102693229 705874774
590305604 763908431
95397953 994906578
104819790 792048405
135482002 779405704
359969162 817461432
95236591 979970844
247332740 948304880
237518981 405203915
152484708 225598963
461170303 560833678
784906170 911883770
203111942 712221454
125371136 878103127
14401087 224896381
608301112 878988199
135353019 855633852
62199286 708321300
735749933 894357606
151578976 158930573
102662197 925836352
357318221 765542772
223894616 806912596
128076049 872992793
187277254 774432331
51820325 278570749
18035603 961751166
36989565 804434571
62321927 974926013
36786333 793476847
212684841 771948899
526212373 604125794
249857430 441050651
431568158 841213257
292510288 674894250
117363750 930610746
78149068 868476875
2291457 724121978
340682310 492511394
48377265 991681266
117039533 880638964
296568149 354452869
110406409 741075152
267483676 524881973
17201671 953799728
636835965 823074369
196379816 757362293
101527715 776041201
23591755 772201558
115109713 643039879
16419351 818645690
106552226 890324539
165406962 419421886
51116593 925201689
276439575 829022578
41796727 704021917
38281820 779734568
460169029 529880767
211419696 467396631
171418547 678364110
117665943 263698560
38767921 203377429
503113438 516344888
107453724 921746486
199103633 929290824
544984690 830640372
303749028 568919589
240247308 843948421
110878297 506916456
202996522 983670241
419472155 791013310
169095218 725562154
74636888 749168867
15792241 819654208
17018837 961353630
233279825 816085759
105911894 888038679
63787321 833877622
283217415 425470373
633698583 646986961
275614253 768071817
155864415 991282638
148218070 829682414
36187997 817050155
7380913 39436555
161803337 999888542
85996128 776310475
441444763 648031201
301813481 482555753
108117901 722056091
212976780 889944962
184366940 245387996
36913912 332585010
2151516 82451321
112538463 711364478
99974823 398677043
389478091 502146895
82269399 766773715
54189324 850954683
357747847 592798327
599859637 924446732
9062517 398885300
216326349 805746236
24960136 769448699
158147053 825866569
248720050 851269561
109679751 698268896
132666925 743093030
71089194 996144347
79152046 752387405
119116759 191977714
147444923 792425519
92520946 942355831
202123244 930508466
344808424 753729372
61353934 854907850
167741317 895047276
234111762 983500105
307746251 937291283
102485982 781259761
154718607 882810562
59199176 853134615
243633875 898397304
118478029 725259425
336680972 650651445
736144076 982611584
133153914 981020699
7879618 27564803
28479159 859113209
437114623 949260726
113225809 700141369
105403857 883243551
324164124 490090660
65069026 854571252
653006395 717901409
144497367 786160309
181910383 831851029
219602983 936703206
155933641 786902989
118200412 269159449
4919351 663724832
93394230 757257718
107733202 698068777
122810248 355926171
242255685 720374827
318221798 507539524
220935474 757420814
13292998 843389039
227543654 859586705
18718727 854766958
122001481 751012062
99779359 811839564
102974593 118498085
24681150 848269521
264219288 869913351
4194324 392272112
16164316 498313957
272982367 971655261
469328393 792105240
387355402 843283904
106684547 803784945
299754183 995715528
657243813 855962336
168834827 885405460
95504039 761511680
415061416 934533312
218305339 357127718
221468965 899678672
218496681 964483808
19278038 901275663
721931057 915725283
422924435 637788220
251816252 636804870
252846540 790628729
169391618 831732900
45214225 517003011
127615866 856400790
533141327 668937488
527908461 530981147
133613388 849637402
579554252 776280620
37794179 327855585
26421318 868919281
497716253 881363869
66050773 868915306
27143883 885631609
187436133 380563401
798336558 948723097
158882427 980063211
60939030 858459863
241438072 741252485
109985064 985260786
46297343 849110222
112909491 828325770
20448563 747692514
379565852 873292836
109634370 966453550
88736827 397633018
112011154 789096594
33415031 933013100
196245560 986600886
334207408 900947222
32389284 909256240
100794872 804366056
176069131 744340545
1431133 902216128
242899902 806682504
54648711 799832148
35740881 650435892
409053273 717016236
32752857 991396221
570239263 838342711
326796304 763223276
176040296 588164914
211637524 538169386
152562545 976309503
199367518 884035369
114901413 323655990
700417563 988954297
150192120 987962070
130980192 936169463
169081261 400487312
101170747 882026160
93478101 370196432
27764915 853261149
141116697 687081059
199304660 842504845
28773216 555783151
268016701 737146851
110194154 410660684
204351873 937752685
200929720 775524052
48451034 770648627
93753848 168965257
74376928 767113649
126512682 979913408
96954192 648765018
30008282 995588332
364020210 565023509
498493481 888807619
201461215 862557635
189709441 327973897
19011167 558704330
127478763 878078674
65428212 133422294
221596013 266889427
273072351 285938779
11881678 975543813
60218128 999288655
99534673 877641289
330818637 721318439
83871282 934021911
63986820 105639460
47238174 741314669
188345524 965074474
117340937 798599502
241123617 998361110
7976839 791217698
619664499 952754171
105243074 770737777
693766024 710487975
1388137 976745350
68524993 792219218
434045749 641353950
91151421 830954394
37049063 84180259
9710201 876929548
210396788 835635059
95275994 390278530
544260688 599526607
427173021 688048511
136864789 734079712
508046890 750537933
120638910 730894696
223720859 517415949
330421302 994738967
338571245 494266155
183217359 839522050
312643265 878552899
109192268 895361745
208742108 813534831
221363060 945305994
67638800 737176678
111887193 980947307
165867257 886694591
930427455 974922398
75780474 149362359
201286372 875472235
631060157 718097899
75017870 494729375
70177789 773699307
193851350 779310870
928673228 935048402
206887362 281221630
547762422 590941361
146177147 814899295
152657851 942739751
144769808 972062767
82691822 797030907
118330875 736483143
119948478 883637880
69454794 899923418
232542141 826485867
459852209 616501954
6161848 872824998
88110666 818984070
520574462 547962874
31365130 742241378
491269874 600953901
272207067 742441427
205169103 947855480
229646217 971226056
551581840 962546961
270127346 907076968
203199114 964688918
92404099 441435122
58218230 823852202
416108588 556162678
500273655 966488031
65088920 951625440
185014282 327453027
301798255 482382509
65675482 745087841
469520433 787425352
124935914 953890877
186783891 959500901
129220916 177125252
80898726 109752702
554703666 620553224
545946519 585043708
126533063 858558659
56114396 113032347
230215241 924754582
250178859 806709778
466604352 552142108
172695331 797667433
606351725 655720598
51788949 951321246
64353592 936540305
57123706 294568832
124664098 415214960
65398744 396078460
49735155 955070073
226366513 896688967
30759480 832896268
86039150 446020248
886958539 952544633
129389182 983102364
220730787 925671366
93233457 443568549
234073135 777252253
847700835 930891685
704330077 930672653
51661431 777577215
708860370 997411240
68004874 800165685
215587118 831103048
127623375 877830018
358881591 364870813
449819085 973388971
376174712 656320034
339939433 634309905
8506514 780522753
43538851 845765303
530042556 806363864
55396650 209592878
487826501 509533361
549389596 891665789
107807037 352639905
75073359 908454450
16180006 973478763
206465036 789048585
637646621 677572131
73009703 756081965
26544081 763229298
60129797 934280751
232561966 271669964
645586524 948951068
5593219 956050939
170505521 857589799
27650956 866030500
38183128 893257438
506157264 744224307
822806856 921609922
521631161 538792206
146479447 861935682
152120962 957815468
19492315 774621441
63547309 812141281
20873078 716065579
366083856 536975637
143983267 908564104
314289589 821250020
508172610 680373444
210742009 265968950
15473382 812505507
328105657 434952036
358011164 957051297
356536814 544307229
389912681 918137331
874586561 878821816
35958020 222238588
584390079 802793938
71889939 719507091
139715911 881330476
41333763 307726874
64884723 727200432
39359978 829715608
132661696 871196843
632301201 637902022
14406253 938976927
77619099 909007216
516709843 577495306
40839130 279082737
4132041 544066916
198718065 758341609
225563551 978800320
105573132 225360506
628803883 676392186
329108587 415958090
530170497 911451949
395236104 868729401
129496212 831509985
134744104 777638570
145547833 831445408
432696846 540783936
552691160 919309380
72473013 944975811
488944126 935778765
194798037 982079935
271700397 961413282
186192353 773150847
802335986 966873966
9280483 840592912
81555940 910566072
708058234 737608320
13966539 861170358
28367186 766097005
235698281 999524356
449223162 719249384
3844808 749925710
130408715 822575176
182429161 734441041
627500009 956115395
100856638 335960869
281800712 515932669
97420788 544757442
3857567 769079694
65829232 737967756
183664493 737441332
211236330 969982112
159255904 515849641
489441995 638552195
42524260 780068478
21965062 716494003
143609733 535853484
183733729 852858075
480452000 658226376
395667708 942009774
310375767 976056949
45992157 215552167
154597708 809006212
180511656 882653760
177596498 789064194
155959020 338472951
118208563 937554119
35624741 884115111
211768692 721983085
53244001 998033331
600084653 836118032
283858706 967176129
757246599 971835953
67960755 634917008
846935 110750717
233629526 855151117
59432260 805377710
171369982 985253590
127846534 851946138
348456304 418188209
310677916 763586018
101932270 730725417
67860134 839437151
196505740 771714587
373463596 478360524
6830967 212565154
90141914 399644434
464827782 649227035
150471416 787101043
230070564 831146150
414562259 725816878
56111915 812147538
401762202 481095725
57238224 821889021
152360041 794877402
126623083 980987605
151538098 790927981
94085693 183051502
689938450 994323106
39743052 525243165
3387066 746187899
478052103 622753166
467589627 859455365
56805381 854891981
107374646 997908095
58206925 240117136
137734368 980025208
217172874 936653729
339294301 375942887
45537974 817259463
49534513 768364598
77374544 783633724
401653049 745225363
62773574 773878253
263182607 898749641
585858358 915409455
271848962 302853909
19665376 724249373
154014823 397381025
327299698 999636900
588326854 837474579
55276065 870558589
409046270 753077849
194905516 711496143
75593564 878835888
223190707 737675925
123083912 473730035
37742529 62627480
903222619 967303868
93362538 908048877
111435392 734913334
214850024 883175072
215403609 964670738
211428058 459837689
825680059 974472144
102291226 759453957
37057847 46990516
92931131 924285367
296752945 956861870
556305521 999116839
240029183 740978794
149604510 836001825
755821544 966059245
95406603 892869256
118367909 909853114
190149439 751580509
6001545 781799452
113717309 124369453
100710226 736273647
49974236 262294748
547986321 764870277
357035262 411856864
148854558 602116797
556962761 751380510
155137914 861550499
18184629 512173175
60622472 871754196
585821046 861840435
580449912 711744760
171844335 785054619
950526466 972121315
207132178 903977915
89461505 986764861
369641020 394963499
84892648 127655407
219869563 709136316
112607468 805690609
423493102 693057380
92829966 394312407
594134969 661124416
742722151 963775988
175730166 809428255
53806688 942057671
99463096 835138067
197948815 737937848
197142386 757130757
48349643 939142399
191629172 789989302
101880801 239978814
136837268 992876871
60310510 753691930
426767247 687229300
661782199 886577336
153713724 419709621
30706514 793619318
63611437 777270540
179140710 785717176
13978566 843963648
73683728 948538330
204366545 737443324
14228366 220668295
232643055 504989910
64793384 514519474
150477947 905725683
31016089 644067228
337992265 815766856
27017882 255302000
182802681 402096142
119459795 993231583
345572903 889689470
172663296 779236352
30507321 208538238
86595451 871751610
289344126 953922316
255910502 939315210
65830308 719997644
250373818 812530294
202981433 533577450
196269305 772167121
206898004 994072880
501599080 663532740
110106514 954160475
440510015 493137507
589520204 919323100
125874925 133731329
34489838 971397031
23314859 885538866
3176156 718445461
641473820 817993571
204884230 381749824
274887639 426599532
45187558 725344144
71588531 732171871
128537894 930485169
74800054 988817935
526155741 899420962
48558113 859008131
267320694 529360736
267476648 373683318
254660421 960412821
48969581 769240739
38451335 882935838
96780669 261859382
24619541 533183079
39105912 737338356
173182077 779432213
208320426 760280230
247585055 913064313
174809746 360265276
46503014 215987391
25241413 789589890
188891187 866489929
59566106 743701721
24793439 58510510
102408498 572203949
291210229 477285161
230645510 883023043
243944786 500955395
49257152 732612139
64110706 929397014
514525505 946129611
270020118 579883253
103919821 762744341
85430855 818374234
114490263 867096137
6086188 879753756
169074287 660671039
26172206 953948521
414591054 488534950
52759530 771577985
190096153 729999048
605506159 917633558
29385417 437973682
348367566 783380396
247004341 753696859
191089072 832598202
72864550 855175893
88822345 808098997
38477360 161686894
515791241 996259512
149658432 996012018
154904794 935500842
38729162 811532160
235331443 438896831
151415803 741186784
42508845 819215795
132337546 826849182
114140939 884863018
33925238 253537710
50193397 429165657
21851587 803207921
474940068 773489312
384196 793100127
415025274 453702874
164086128 506464569
34173138 968857504
475918169 724979854
8954635 186730618
611326866 909768732
258956806 966293412
77872106 708620439
284426632 858428814
165138559 990558759
14472665 71441548
118474806 781577972
479002624 718664663
22631725 799263087
434224945 673840587
84969374 730168961
186343592 801802069
459727262 772124034
125683940 962674570
315469182 437927553
42578524 822185264
36771577 751923145
16154658 760151585
155943038 805419262
100054562 884285356
263966872 578359446
774546948 893743417
120728207 910446089
765691778 911475260
38536900 916984059
514509093 963505870
448980372 921129682
8651432 445199695
23676262 976693952
251308762 775359470
57062345 267258046
241496036 752124666
424747698 429977282
217114437 882452386
224805619 856443745
20131965 764375343
190799986 986767052
63848477 761129505
137722348 797483974
411129830 439760017
246092505 884260743
96537303 831930617
211389024 913231766
403198547 974361920
467586350 983278338
485053992 752240810
11917374 765569926
452788047 741344491
260347869 664177071
220325963 873152864
193216230 809007652
263794840 915199723
696246582 975208022
389659707 958955307
64465941 284247401
115011351 395602062
211279256 602013467
110586063 906394070
528667738 783063491
267794670 284580347
63855148 977476061
194072929 785654991
108767621 264538207
46908697 71870035
23448628 858551617
37005943 974232668
106383841 914062991
736440426 951898879
12673402 199738833
386281141 393712771
213156903 838383487
584486710 808929058
240874783 745227013
59290515 450750964
70005388 938402366
223998064 961775124
401803524 695284392
18544836 229989289
105209591 996176800
631162357 882376441
392433622 919818673
35201437 410978457
2324314 432345314
463618676 851367565
70616076 544241753
442392602 737834346
29712353 100770979
163137839 513391062
472084255 643823267
38175980 507285691
70110585 456249162
428424072 816431053
64298551 180949929
97480340 946527255
88258338 135435240
19450962 287384637
485902403 763835170
5847610 556012988
72600684 604178939
273126343 465813716
192633599 627972754
100162612 474354506
511464541 887647141
4067528 530915502
175031777 489969930
720892461 910701018
124605149 890802959
635510073 748713312
481980340 747678953
349243067 605671593
252257692 838874695
113401917 749588540
121037966 843993363
23141319 862079369
123991684 571686552
618751107 707889698
160279009 733181347
157384251 389310779
11824779 914381276
434266860 661334596
157956013 699763005
86669476 873514826
719693862 979799568
902446345 985190007
5968916 60402357
537469363 840956508
43941835 952624251
47082684 737806666
727837069 800535427
224022645 990423496
500081976 796232858
633939216 828708330
522181190 691469598
68587829 286456713
69050291 836532062
261922284 817799594
146851637 933707721
533009587 696660731
169147414 999977755
333178433 653635674
253948573 752863265
605357371 788623039
15775153 780295738
55477515 581910633
59000574 975110501
60544339 784353990
814235136 843142206
49787092 871447792
143967933 498308913
404704457 457025471
202933515 960454003
255952126 986528846
464182801 468705806
239560138 513969892
340153597 383528070
116237680 979325321
116182923 991647569
91070192 979363569
83841116 104027402
19177891 748874184
113343156 964017157
149801187 791277291
89501617 118500462
108763260 700029497
448903680 734188271
54800031 981719857
103758269 600814837
453917941 469414584
78419251 964274209
822694 844113547
243840542 890078665
213665995 742046425
526988589 931445040
258401354 501340921
88213349 714237974
108535303 927006881
75475350 472833868
488428371 523425756
197337933 889467584
83752849 776814913
48552511 108861433
110889705 779424735
80149757 667589499
46013836 935935890
32536059 959576801
468346447 642286393
644626013 726815053
86521128 545694875
954739353 986728334
115594995 945750009
313088730 417285541
149265699 883416767
91360445 757449337
19724642 971727158
393049368 740002314
127389387 861849317
454367982 806892602
145993354 982128048
67096872 361443789
7667437 895436175
90934016 847887796
241774783 727566996
390685508 934558385
13654741 930375174
310868858 975148108
178416258 500090855
52531693 316242791
651730799 776169767
123953427 305404598
756748071 963295854
545224481 558123720
195026365 856093339
43798569 807378940
536367917 974141280
207251760 702490779
529148410 767143434
19413870 628102181
392777646 962907616
366004372 932534293
135266855 746820304
9744604 771312161
41974746 957491692
212506949 815444121
484380063 928545441
49349522 701309760
110927107 703462499
61222931 318483077
640367004 828500763
191276409 877836224
238882858 957473266
59692290 998316062
220824845 836888642
185618560 463526551
153433612 887779578
87118167 509568025
428829389 608397914
67810936 991326508
68248250 771375066
55412532 712870478
95394663 185086167
35127792 738379524
747747666 956052073
804703154 835925178
54477423 939332711
54529804 893878564
98122221 874189717
533037799 543952792
134848667 205699587
232709090 735112684
14268011 889928596
89060093 123845722
350593432 376143641
174348835 788485459
128035818 263408927
73384414 959069996
144244084 828702522
190447804 528593478
61993347 484781848
446830191 578817878
110080253 990362106
96275286 106840688
15533630 793973017
132161542 994361883
3299377 807009009
85153605 821945357
75425921 773639831
124455725 733731380
76101729 780392239
190812040 372573672
10671339 909234566
41549746 187132182
78643618 848326635
230722913 810756291
163384994 850213302
22964985 753676726
126250397 830978414
457490733 989438088
417776939 486795429
91687788 895718664
532492737 745022268
138542363 763215649
339756670 938457987
576498678 670901461
132776647 783149190
132086098 964533726
144627443 889671673
44719975 703895870
29818224 487319892
453949065 482233716
119134390 875654180
209990387 703871682
120481716 681363652
625735152 968853095
244268664 287903727
41363351 940828330
87333844 592880940
384733799 535871641
92259674 790317942
73535707 983949756
665313407 846759078
867903221 909582070
93883379 801506211
514157263 842935709
626129071 699816921
114984 490478307
116894870 435884913
52863289 786304931
74208985 440039568
677737872 770609495
100600283 885164700
523985983 556334426
172650372 990297836
150765818 597282428
12455201 859939967
27632816 721695176
63135958 759426930
93883675 838366730
111774407 795046801
806523246 883365593
34025366 767720756
294772653 406667661
118276129 724398682
104452805 800304655
242493329 948929543
437441039 506221914
200319396 755483308
196441754 930085585
430735018 516780233
154277080 754870513
59907036 768897816
64577386 902581271
938090447 947546659
239961486 846064548
39621921 700221316
359717488 554179964
62583284 747451366
43992668 931457322
18346155 697596945
320116953 326513794
551537872 980061150
223473307 778612894
117135837 432273446
361434524 931194558
235917074 751953546
240725245 890155768
1543458 773812018
464003145 651350554
