1675 378
32040092 144707326
29068012 195688451
1765218 471093692
3129762 421836007
13843634 824107768
1234923 752178393
306516184 476812961
110947223 320359818
399372746 865352097
27038087 725955674
351492871 934452552
13457633 690266129
326051242 535508345
545844646 827133833
52059592 961300637
98127746 529401353
50812048 580006320
645764373 788751962
328473876 799301880
55472266 864096667
234951376 538643072
104654990 685902949
107706995 565704362
646452918 705530296
357348527 892027513
596137786 926491187
651991434 700792775
792993867 972114174
26633613 647229989
372362940 671202558
110718043 850178478
243037489 695053019
24106607 705209188
358048164 361811099
388179302 865265498
72679012 557891589
86555049 748505421
884442393 955227256
945843909 962572021
96071659 561585138
138951642 969303874
48020193 806803175
141776888 734969664
838859783 842900436
685547253 911538794
167334149 785013102
446166726 958077259
461837888 532721774
72719007 611475681
132153739 178543734
110081498 277911074
58020019 874922988
442288610 507989478
263101185 367523968
119465158 247771276
546067701 925786725
30791368 509857011
492568312 521034137
31553891 410834860
420068426 996792193
73176643 687736861
253693835 399658880
111747845 797890284
10360322 365103130
27719048 677089443
189333711 300303825
526397987 966534201
506787413 932768506
730658789 782275588
46184393 725504028
79754928 713141101
548213376 914979038
469073892 645216221
55255786 965233679
332535414 343189597
511950570 784071463
368596331 865742077
69719904 359465858
348634848 500009806
129650080 195528002
13278033 238465803
896806019 984944797
29028577 635181645
107052573 953151142
69050817 663214343
20015377 749947889
36563128 969406053
34669081 306543970
461390247 802262162
160247031 714649754
283209531 795142061
146887941 209204297
67944458 791837723
423350222 567371452
41769256 870863794
566345380 836104264
51885399 294701507
18488151 841132092
194048489 651399961
53365537 837034092
183034146 586023884
108028210 201522296
279672327 910734403
414650715 771421184
142313210 595092101
219392434 790035123
56290730 825244429
138376655 678861512
274005684 588200243
652093052 984322853
753972652 851774829
507365793 882192650
910161550 952708098
257270369 451888114
335066440 399583579
46980214 554458874
42135053 829849457
629803646 781615921
618455125 910705802
66492925 578259054
89979447 534034859
416227508 627160970
402569689 526014229
144611353 967732859
27746123 985253505
41587973 554836461
88871319 319242228
53028748 861892609
196608893 486974110
72024139 995528441
176005512 808169897
26468276 804422587
67567898 581538785
606405667 792088822
10273651 142583086
555224000 930778589
377897935 495649562
431454465 700327747
357266685 703294216
72328941 783730565
567337 949557342
79225865 630860657
58478198 572776592
164706834 832117822
82105169 721254223
121727420 444742747
176366877 628229238
85656515 182760147
121716702 287196945
395344391 703662498
442800417 560051224
388296672 849470780
45626496 813405979
107315427 262923776
6469044 554715730
37882209 889302635
57162011 477614752
66723540 90942054
227790162 750381666
66990852 852541680
510097998 644141825
464329793 750671728
452387457 961191570
201867404 743486400
187241687 831077438
218831612 678883875
21102020 653789207
657789131 931607350
38088927 700332802
42033269 934731751
181526558 700486938
916697246 952239048
132865870 599888354
173004853 334046767
92384716 376585888
501607784 996137798
72460070 521007395
120895748 401354559
70679560 554408400
35195116 479558205
147779957 420293109
301422629 676766015
736590564 889711184
80815964 867041865
140408325 382238592
76163901 596543182
49387724 815635371
249309840 425626065
73639962 455120665
52461319 528224932
475992089 692323830
537660848 693070731
677504535 984671511
175867751 705244954
124194782 855399571
300646667 432652323
43677147 385763759
19897753 948654817
640978647 755964603
109222537 831572571
78078574 516494733
154801082 936356960
250674714 555620783
6903914 164663403
51510623 647882560
758784963 883334740
69153356 449170206
416816391 718759888
201498430 494894964
87770973 356299511
19743409 494416898
74352621 579670075
51555255 75051285
354190347 660270010
154686907 992251162
55975571 889299643
49153302 816398060
24397596 736457371
444395402 925995280
5888754 985869559
24456056 884159892
204095871 231165693
967623063 978070593
102119267 264534816
15300278 959612886
878825332 910493158
19915671 599748121
531212745 691768288
75776345 478206532
859997565 919384738
447109625 694974475
55751353 550042993
57945403 76487912
546771177 813253611
255268100 601255667
480557396 684193312
201128943 910456920
21914302 859910906
274269930 673242468
75801812 599751871
406509194 622572989
265521834 514293645
76345007 882513051
128277758 205040701
66577931 799281375
622872932 929894687
23414994 888394765
526612193 604218276
78745041 637657697
181962966 939438743
716187076 885233412
723750425 928912979
40662852 931086665
421260714 536124215
18683256 603223679
328079309 861235407
242853237 253105917
416146234 842064951
68225784 897938073
499309913 870844660
104767835 353410398
499245124 740340132
398464570 790844462
236483284 889759184
8522709 939035183
77488674 696869639
121926219 642179213
3287541 891680544
519129667 936313160
47983300 893870412
265672228 542257333
80874907 469801703
959797887 965805843
67707785 499278133
21547962 697972571
442080748 718350305
65625965 394393184
50874366 553572919
51056191 102880748
481817461 895410553
356906727 883272838
226164397 373569469
336253510 656502246
537812010 630850609
227368902 603437974
25243792 106222500
56482318 781295567
128545001 170892206
213669733 339383846
62237993 604038458
640393386 949563462
392347043 848849641
218451045 969629012
50026550 274933362
13041968 963388807
354801345 983919664
105670230 257344247
111369378 561627511
118710808 950050364
27029413 809262072
134030988 854272854
10204234 596183985
120225284 640212473
476648489 721245326
584887227 588017866
282872837 703598034
56954777 160377282
339484175 468572261
73302793 942514467
774622920 869605926
362334751 517130778
74907536 838983239
30934454 576819571
40260624 763065192
37603346 673399736
757244974 791675379
420764291 972096076
161322508 348188178
7982939 943113121
201788711 443694472
602798982 793755914
1816845 629087297
146868569 431047370
32969976 773312606
194103741 317058643
90027333 242791747
244454016 484421331
25683897 953626619
580291971 842375348
545561896 829886014
60074575 255193188
768478473 834185269
41142962 496465431
396831568 903551405
240489087 443381933
248203557 829816874
512219239 813898461
500600082 860107468
37205697 747378423
415449483 824384560
41194263 825548180
238972886 805796089
19508049 501170454
646067210 943987492
71688993 779728871
77376205 602796091
135100919 168865442
670035896 943555832
99930977 840613168
23863176 589760496
688002115 809576174
317178916 654502715
439821218 886217989
503314268 566230741
477371596 991334680
929316748 993473066
155792244 678402257
106033787 363536989
315741167 493815950
397286609 550535047
586786760 974946692
861164681 986753518
405500610 443252222
363957139 882872206
287103253 488946634
334936051 994353556
210406897 994389652
582100088 739124318
510036682 831903048
142175716 167804458
224471875 728962475
142751149 271543415
755570452 856432181
73427481 663797542
399186099 587274343
656210695 966300007
84617319 403549304
259786196 295024215
250455307 535685699
311244946 685071746
12990082 606551361
463470230 471762301
7148464 972918289
246636919 782456372
3709046 459782158
720973179 956333849
581894577 913314925
65522991 545696179
620549091 844924957
551137785 719702361
35264924 785350066
388615927 774364119
612645 609310230
625746556 721585823
168027497 405456442
87148785 330626627
546596927 667647968
66186182 272638121
261212268 944483139
110447537 198829581
623607330 736194092
30854465 485521333
31194927 507225452
24816295 570741834
19702000 876311242
417609884 863269444
7136406 644826309
43328557 463430195
25226692 546014121
20831016 106303557
66255986 844872252
22364561 499885853
267233449 326142098
651521934 679407353
11462403 891353245
157284863 842185240
103863686 247178558
655808835 959044529
546388838 678173396
11548440 578680181
73619333 740780351
778988872 875569029
682679700 898455960
76083537 844821006
312673203 405268847
228784391 628292317
26449836 538038683
68709966 994888076
43198861 820901176
21575607 591522413
19332982 218383593
18412127 582022937
288363524 346072560
324931012 923947151
752849990 947306385
415263133 513882496
466410772 543933320
125956257 909971286
69364624 823065457
21061845 871198218
618133948 958730904
848487159 996327920
799106495 889319486
69662200 908154906
218381475 972699287
136592327 408683520
76282252 883935094
77813667 969645529
187522165 671723940
320585124 424043220
59838328 409765585
671468931 871739845
554037640 682464870
93065217 598025618
26793351 466595162
478408406 919109341
40879865 471018620
404093566 514309905
63299952 480313516
140849353 922565145
671092318 802140941
486184523 697885668
121252454 877546357
8226545 594837760
192157045 323938845
45064618 796711635
244065746 706457737
229539538 472794542
380334042 458666630
156102117 317670351
19390817 705373512
902429878 909384568
487610591 677208595
50921240 799996508
489037399 655507610
58970798 455930927
682386427 921158272
295554201 748736220
40410447 924653083
722752 479659830
1372424 626400245
209954045 490409822
48536461 746951853
506754412 822706350
7619742 127363912
5881312 733566424
824801085 947188776
69667279 887207671
57938724 592034103
257504718 766108958
404395341 999249340
270827751 510430713
299905796 577097479
982781782 985331161
166263371 224145202
257462534 640277796
736406529 754198408
459635356 966557202
298043817 397849549
20010346 788630695
233181149 757197136
136104507 762130405
368847743 393567040
254924552 995597425
512985225 991331080
602312184 825136932
810404634 900356000
222986480 682931331
541503047 722678898
613396751 774684195
412260684 793871564
526178492 952966896
62104757 845437809
81181604 645964955
611827376 665940012
533388858 771494700
78376436 679055866
353283939 650148327
529106915 801333881
16542228 572110881
104638253 796976774
796289444 953271832
808862 929296410
726273184 910327603
54551228 598194243
338070659 402740811
680596152 831429078
179383100 890023774
492968876 517723103
120842835 421254462
633835462 690314709
23660527 472327306
50801756 794335324
437611486 957869336
44280376 579182353
83936324 942470113
256544012 764066513
392872455 631346471
225110878 674074207
745238825 930650439
12124390 545636998
109789456 684323934
704004058 785415486
70356083 535456895
29870213 699092691
761595068 961316239
189727299 249622517
181860842 920155100
166446938 671398217
230657055 981870589
734577163 777041729
44748761 584494742
30135585 942161522
71024290 830844023
45680911 505391286
9152281 489370764
737974927 877774649
80246994 168589739
7804102 834734641
74804938 527927917
142666354 155051931
407946575 483917012
149543289 603135320
44453613 946552722
210193923 735312293
107471328 473717821
381226504 901076721
524664414 813039849
600094941 790150342
709985447 958146227
708561644 920179369
545974871 677244311
222465441 476317110
15905169 471124159
212130941 506797352
23265546 79047187
218242372 571415407
163858304 654547352
23309875 57230433
80637057 595364543
66488701 484016008
455855928 696295127
557674219 577795434
80210588 858762221
207306135 876732739
18138641 645997867
458924649 920363252
124765197 964150408
155950848 837150692
77373011 566544004
53343939 518637670
66225451 898150966
340340857 493953830
205232402 636334638
149800534 223371043
42590992 723665514
54815891 895907394
429833647 516514128
266617159 893107566
632366827 816155678
270981909 481961206
158645317 635171773
481247976 648245555
61916502 660536349
682524958 769003450
747655434 819574057
169393910 749655572
66773223 76726152
72918897 483360293
182430510 966415219
24575083 782505982
593038348 828521154
3650596 656829993
241906175 253428250
507166822 721835564
99306208 914104437
64594824 967603432
415778535 457851826
54569101 817914526
120490473 768679687
81254918 856955807
676254318 984594311
412635601 937284196
681647394 814122384
130023076 409657322
488249750 709480742
4730009 808070057
136127251 327701542
785696620 938878884
12900755 132871482
81049041 861317652
24870108 657206874
329651414 365636210
10155423 666899699
74268207 347514928
57954478 781015940
51562048 163520233
347098529 684575847
733859297 931038440
834997544 949594304
76922149 558846073
66965338 726808279
33573644 477456648
142010415 966523829
539337153 610056763
12129156 603135462
2922848 892899969
863944912 914416572
624762127 907771611
64511413 917200617
229339150 576583823
705823586 874028646
268242779 967440550
525660339 566215945
52566011 730460159
679274221 779320779
506962418 677646669
65152671 423990182
53527567 573162646
333789282 394995155
78134655 887457167
638312757 905684832
634620843 691579427
633379945 928116892
75816703 407745414
60429798 609871806
14635683 867770754
13297121 492145074
380561911 861227134
167691412 927812155
24200614 659765720
134411041 337631113
78038016 136886100
59115309 77684508
321269995 763299981
856482155 944241828
435370525 733199120
70830232 101847845
845735748 935800673
62447214 511623209
46857352 797412094
50153112 764710363
30438162 904534464
47333311 853938292
31553095 769613184
72743919 571117219
9632479 597724681
138498693 164918511
498126352 858668823
113358177 764441819
415447073 552391684
871413267 920390618
320650807 822495178
227068587 957752338
381385908 428094402
61201472 799792803
99605307 475889925
337081211 720885481
385803804 668408813
107283295 628022116
62073886 149158559
56693015 68515144
42916397 596552476
47769205 775305655
30874586 693551128
182849396 219189164
10638234 716594319
46409739 828073698
106568342 689909639
274051880 621869942
80156680 945372074
503116148 988711754
91490506 717143588
131621535 201991114
190702867 726730434
856489732 992649498
160126843 839608369
399873238 485620956
701242771 847460154
91734223 441388876
158532463 345578787
181044476 554390335
531828248 755771427
157978002 960580695
431979101 898302474
478533656 590511563
243881260 659578132
415349558 880339488
226610207 727205877
292556335 558423234
23987973 891213775
47563214 642780058
783938413 997996860
79400600 807926385
946634130 993353717
139591698 814547069
19089831 489882184
27071310 944049930
751976315 994518049
59725903 594385025
83761713 376333790
43397210 278584949
21277571 755442093
242936553 892883753
97840628 622486065
63800405 584742106
15431937 822940063
115257401 694170578
47600504 771825886
228809674 703353554
8095862 749196091
88922393 334807837
25184576 515887805
684371540 772526709
396534747 468857679
72172814 647554039
127383004 611287398
523789239 898294858
549878346 859022754
229695954 275982955
86613133 488491718
18464924 891393685
391464075 501583252
122174639 515265347
11354501 570940929
955563380 965100901
19142448 929006070
132829415 446536942
162184080 768314264
5146278 266659557
244281623 803945521
588299786 761094964
597597504 781585699
465773773 828259906
57871375 610586446
308631023 496328527
13421124 697904744
11427937 922441633
17927804 637239912
141380747 596924843
534577869 940482925
189585608 928244352
362834430 582467605
80350724 699164222
67544202 975296381
151489742 778373835
29763034 34264239
45737061 542529275
84850728 886800848
71610319 562020281
294416877 452984675
393665770 938814913
73066543 940477841
138720380 288398786
242762381 252986303
54670934 988643600
134710385 147050645
658050730 686223001
66098034 731117272
478584508 972589351
352324707 573863241
225575653 986685521
20989942 723219673
48021124 937672942
685338233 990728507
42432184 630627514
530134758 726487523
92222537 125403211
68433727 863694523
750864700 793330098
94493511 602334327
292365098 357308603
30172824 237103987
604801060 987701884
4775994 551167473
79679901 509640906
332259305 562391714
124426732 246776260
708376021 980928216
141966612 871061758
78237249 830871573
167339414 496354175
784908165 856637743
33575155 554375435
22849952 923130460
200214309 422318520
823677801 828983940
22368431 740628896
5952389 583743491
43501342 802373723
31255225 827157024
23417867 971576911
39050425 483706903
80252585 964160064
3566347 981804655
11092397 144779393
39039696 608280304
729023587 773931651
869754263 902984796
556952954 858252345
767582629 803366873
115098125 227697622
307507543 313554416
130230831 980701085
190153447 449862528
594641920 674601893
45602922 265464808
20965955 365126506
626125881 641064935
21009730 741224005
464952458 586620228
381253412 912110729
113738472 485158427
294095947 663143630
156724916 777129204
105646475 273773307
34640510 526956576
163815261 171978281
542046506 911244024
497864252 585755613
70914040 611897690
307663888 551533529
77755939 630788232
146448213 332563046
109692250 363584951
447328004 653689870
387795741 989374509
417450245 592297942
848889824 915314496
178053555 620515867
84929908 539613810
577580764 730773412
191620084 804764417
74200113 510740328
16946549 791256541
202227641 414124389
515608334 917754573
3939365 565693861
123996128 840148294
220536596 361112989
387443689 862206207
9748762 819157771
38295929 963903555
352369816 942640443
86944998 859340129
840645445 902923676
33039030 713182607
369585436 726200827
58798474 670443853
478732404 697374086
45231239 602005715
233267069 837711751
844282641 919984364
49554960 728400287
17118099 717977766
192320683 331539907
177823656 726041897
39472195 527037799
500667088 805305509
194298407 685849078
12649218 96369718
266765716 882283668
481676872 859184518
271755900 832701327
496815658 943462960
385641685 720508955
299689050 425113880
100063105 652872489
82935740 294361511
390731229 458003634
103699312 333101957
570622651 669612503
775553399 808780687
242637809 927758801
50242135 548743847
63371985 327631274
2059800 989960911
38168053 624722411
217349339 407639020
642918273 905292856
57379051 970232213
31819309 861048215
373908990 600335656
15887237 736333528
43683377 212900342
694943842 819317934
1289271 65712294
145004811 275387170
176180422 410601021
64593235 579120133
548959023 767077758
568539681 881086924
54937507 464739410
280240190 372507947
513235713 959851591
433024028 637401299
586024667 815185715
434779824 521719040
54896014 152495864
33582787 42744173
79752213 864563632
82905575 280040406
95226120 925094437
30553039 468086746
446327141 731596759
79268314 904136361
2194439 796092357
767845620 877863305
95038264 321044155
52862000 957826817
12045747 890963100
91714288 336633195
68229953 487934822
485083469 899787375
229160178 564351783
14037513 658634525
31345617 634399484
536497830 978900233
10585012 372400346
470604096 931331317
712851519 967879634
312015763 617639656
34507790 655048939
313683464 660291169
535461138 702697645
25060236 916485129
292947879 964221971
52338439 862859707
341542458 980845196
62090639 563223618
73365334 979222164
79108571 547487993
642456061 980397651
512312785 568337747
308736026 646344762
159241182 545642002
757014659 937300853
102301434 836123229
52115988 644020354
701595742 993650019
1628817 761248438
18060264 922199851
234889357 340057122
264572942 849363967
58564954 678059072
141255563 536189207
309396283 940587456
135211954 327456546
80512579 927065789
721348698 958467603
155230978 421305264
65813644 581569069
15922516 526890879
569176335 692830413
111539449 487506330
615496189 722678590
16063444 696491610
174574180 915765018
33833517 556661401
471366892 799782617
367687251 600222668
637553796 904864001
237946594 587828524
692172461 806630801
570734333 745676076
55493840 931782987
362697991 507998269
57343059 98873114
445721261 699210111
38845732 745692394
335990117 916808328
396048626 575900281
519624441 612164440
128693962 414721256
139810453 203613016
42831648 997588725
76017364 738674329
3465422 619126794
508446084 902393178
459129436 862563482
24515284 904552806
29595976 741568655
28975169 998794343
175351884 407284149
228320393 432333429
29166574 804413624
86595279 348495452
461833876 614853649
28672981 117531142
130027448 611392460
462703154 638876955
336569220 520744076
39129287 705753982
169662794 448243186
687948449 761834029
590116290 832888484
759383448 926685510
144937654 383822961
115404959 718153192
87608728 939969608
927452 520419087
410886073 886635856
62654318 717199838
341938815 982961214
58319129 716529882
317804600 787753992
573538514 772567151
648772054 915477328
268312142 476682368
453444428 471883276
42531513 659256445
129983025 563350079
43702723 878489375
225959370 961065955
72880561 527426472
59240385 613726112
473598190 722215229
49491951 151510850
288918154 880574882
37125023 649876741
586061811 965356742
47756859 658942371
492783213 824778520
291020983 907796627
126755177 340512934
73604167 783778849
526312366 534202199
289048019 454863393
267749370 770681011
309120668 853811180
886688750 946951987
518222665 766572441
402867642 516405676
71889362 995398741
627103416 805227834
439741923 882487409
69441142 634022570
71124953 912768982
638527553 912169075
99778620 198788796
59998750 634410685
67493279 812460069
789606810 791345379
150607189 533921269
614976098 687543105
355641293 679510751
17547156 116889769
41008786 357806855
167784633 907400879
671342059 957391442
551262609 674465600
26014279 722347339
49203320 821954021
76842192 706992133
61623525 608490785
121337304 951154199
194539191 823462107
650907168 919709953
137752794 299795174
232407189 785248628
588919178 597382200
367431389 783458368
248274854 699404586
773922770 899182021
402302248 552452930
4433530 482059578
12349578 277794188
426986102 772222030
63231825 837107785
78333804 945861800
65057215 841273628
55489688 488213458
286591609 543544749
31922691 855587850
27117356 127761401
539108206 606422771
95274334 842991602
69321481 711978043
634055588 637200400
764961800 954135836
413074958 805941476
93115126 508349291
501449429 736080778
143782889 398467866
254256476 761027277
373321260 812093610
325782905 521455004
539626937 771156486
359753616 380442389
34238609 710584199
463473065 972059559
444269660 994030777
175471819 983896596
877489312 977457230
24474557 838467086
65757457 455780778
18881329 442834201
691398987 761533081
390915819 521742644
342147059 789073760
104741099 418146030
166541963 830306323
111657662 760348109
26067343 969536600
93560349 238386449
266678406 944492493
534426947 897244568
72068441 135181881
7077404 115067574
116972230 138606476
26897028 483588734
74992062 718099407
564267512 568873280
719120004 866403777
156102300 290728057
299089558 506435470
424179194 653862399
354436582 923078350
206591085 646112298
211666900 343708378
61807784 84279885
90072417 441769470
37523283 573035173
41506177 803916036
40688665 709476288
414969681 774928433
58030037 982156220
67743791 310258495
361503354 949693262
715943279 807748199
16858521 989318790
64469770 855441754
290783832 424476074
274402596 880000027
79907964 510684911
496707768 726487126
368355163 558261914
185525085 807862087
95045662 417234065
209354713 854009341
309587396 497593696
782174394 878441201
935238047 944413188
963971647 970180177
286267531 911533660
239930593 495622243
48526920 855914866
52507369 807645515
47942883 214300307
23509234 585460328
347261936 574167403
57911855 703755957
17422547 331211897
338701877 994531801
412270552 964613344
507654934 581577117
55031210 649096853
29977973 510272899
5289767 837286386
41189073 566170250
154207408 807135559
551580177 769463195
236660583 395838368
368404165 513094028
666972630 874072697
204864868 336396567
612610359 996090718
58894489 876124645
140764879 360276335
837303232 856599456
55818857 991510639
516251366 607399034
613490186 752911948
3237401 981894350
118522327 708003934
928476350 937277502
76208686 887776816
367618156 603323028
137924932 723842812
62044842 747156458
21223248 107102276
18498408 559314564
60303379 385143058
135924339 895659660
61313084 118405974
5570159 467665550
447490130 879309758
422364712 445782584
754877314 865430622
201201259 236702001
77563646 837154085
693241419 756005140
647354269 900169052
23607166 612925155
53119592 562454917
178269075 758372474
181529316 991144425
474236698 870926757
40475917 493745181
252117654 732360480
21884068 723483341
131398853 203413384
567144117 637731945
382898597 885079397
462631538 935555124
60667128 386361345
60460600 442316679
78329102 747584512
22184932 700502418
679417804 680125203
763918454 861185854
77685233 745575853
522955172 609619388
863239545 945291763
47459116 999368487
66342882 724497718
650694354 983102174
550959243 610332922
56444780 763546000
31845673 134130012
743749400 787339259
414841837 545231015
183742509 462300952
397115853 644844993
221859062 438823840
74383817 725069767
274442365 726238369
189087642 842120793
8109253 598418340
370091242 719927765
286113745 401597692
46620658 672751250
329910076 782610722
64488387 164293168
554859647 771042828
395792112 971953564
7953114 706576055
44944918 495702095
59942662 961582731
75007661 961649167
234193344 505200902
43352067 101776471
479367416 710421516
39636869 411911097
166960025 881130195
13601766 752097344
33080830 135354378
488797263 517828696
91091155 904209285
69519992 904818293
564551166 577289542
76001882 818070727
2438417 497164538
239576651 538785525
409093632 951312884
573706046 612708740
69054159 575608320
506479815 633779849
766088027 828916896
367702420 388196181
809493912 941408465
904920 359333033
127939210 933471963
51074841 977948495
267780473 933083078
19482825 811702599
123873691 277837727
202569355 551894001
564815686 672725198
88253693 795867228
42408435 356034166
10804243 790435734
533519780 817052857
3941247 90748373
3344287 582500393
76447304 789685259
72752431 913528296
67423386 942070401
115624947 180583862
934797133 944649216
74921729 912419460
343694367 539687224
138692931 425475697
693582315 801851613
596438365 695634404
7892602 934832134
81530706 994581586
29164131 118223365
317982259 771697056
47056004 659409745
60616027 462517574
897518940 898638773
19577068 941626002
121434516 802872764
37402924 196662314
155656574 395670569
283278336 896601783
409769464 846811113
597966237 618757527
51167400 981990727
453264605 711878570
42796032 561596628
351553138 675953201
862786701 872590709
163966570 644685406
496954901 729611420
34825033 561671849
888674612 985135107
339301447 998628577
87360699 140533792
612199813 748920092
182974497 507512197
46252305 335096546
17905518 289109123
763999859 821135913
575079382 697967566
535619025 782389482
691752474 874920471
15454262 98250574
142269050 456657103
749455560 809453901
98563024 466128072
77178716 939150277
760085509 826634275
77016504 995820068
478680178 743543448
56891032 932420776
360773270 753343777
74728591 722404685
218408513 276199625
629919103 720733217
54063530 872563177
352161744 499097038
133448700 218023203
36491358 952937914
544851842 728227385
13677382 984711164
49882514 795150066
36287857 394186416
678301338 805654216
427057239 732364867
678217392 779218982
231461904 811666092
77064881 836458049
641912314 758246960
14674235 986381274
7749922 71412039
80238428 536434438
327280039 759635111
4728105 986168193
583572566 618647237
66141568 329780679
802978305 998896347
23115633 683098659
161637039 713909602
65817028 592793234
10663814 583790702
73022676 610107523
847029798 850298786
38238682 578068677
423035893 913870666
113683688 437189283
454109272 761085391
82463436 531496406
75276892 414741934
143399043 428194748
194581765 433427890
50698314 676210261
14928645 872092714
649702276 870882023
83549697 404772606
44737659 719912113
80132419 903934723
89421590 585611726
278692834 886442572
293580387 952999297
134482162 189997529
711528729 753108333
281055384 474684550
32789983 588176971
327135894 986025881
116998465 314134407
28539762 955794733
19968376 740068490
67269392 790477297
241098592 414367323
223226313 927429252
101549071 233305099
522249911 905786244
323516303 873521645
12295248 483446289
23719890 621551963
102703353 257846111
134744323 357106451
96184547 768389345
597604869 980440300
393800502 636323235
131188243 270036743
110391549 712888310
106559479 404591492
642386417 797181925
574715272 946538020
156026861 409800692
301072572 906474411
138014 695132648
544675439 672529572
477842818 768540653
35123342 137901353
27154917 665063214
606365956 817676651
23115800 861080757
756244805 784891532
83253909 605171992
87618648 130083724
682505698 818936843
765251322 874945064
384026686 968140790
792873204 948626447
161324238 733008203
78710170 696346287
798159490 939080548
476958113 610036226
7771937 672112335
58886377 991842692
319598444 953773227
387330973 692114922
547056281 777777418
113540367 819599674
57110894 784089694
13568007 777616198
122893338 465458777
96446593 594498145
55647560 124582034
5277397 272242103
413741489 940689026
522433045 941502649
466149627 863182167
282677773 374849497
107526092 667540350
820767322 995116026
15918424 430867904
460674899 845289624
30148497 734568503
1696484 916840584
7659162 571051083
1918986 975539666
14905698 750762017
64566064 658448141
158995365 367648949
70879780 949151458
1706589 981073177
107516677 482709788
59886262 761443721
60936015 892836518
422768833 520077006
434101113 467444407
46521804 931632182
284568589 794137420
273274396 707337422
166730777 559891860
27298180 792626081
309681177 553025505
215619465 471899414
552329454 739510438
8595590 598851258
30163058 517413169
3488168 335356208
262680910 665965500
143020949 503648027
62651312 845321154
72651662 824139961
45468047 617145283
52945164 655972118
91306839 457841313
42507758 984031580
61594488 939986765
24731645 366442555
533921744 722146337
70027802 538731724
266277069 898268736
32150856 193781382
3595933 535030846
45521556 581974564
342392035 739862977
472977831 748957210
57037082 865705704
34541865 738975948
661591377 928062560
48714447 790055527
64637362 469554740
39290280 76144666
37201522 273354458
169010012 263361701
41027937 974361012
121791309 976144702
5153028 20787038
55341414 753482022
298654417 802058449
124129541 849572109
98484616 356849515
482720324 563888146
115215869 651730335
827249847 881608815
287540709 720794135
8156405 407124567
397717345 916014170
527585486 900759379
34367817 845144721
54510587 540947199
41477596 637117894
210428381 383914836
54979011 550327339
934242175 975291758
279347538 897331796
67493732 855007035
414593869 495395260
27277629 475753232
639331092 977033361
199083681 626180175
158578372 655019638
23018227 858203993
32230016 933145169
780889730 797444308
66404716 937205009
33614003 713138565
10827957 654302389
58425279 717055771
9255537 739183793
56727445 643464705
611018650 736001961
888055230 993864519
355571954 417869342
161967142 729824882
29192976 646113714
708701662 887138401
568710672 888051611
412084798 574171758
19011255 879688176
277776702 930734351
44609060 249617748
213454337 380620232
53964879 526021613
244025052 493829942
591101202 665252075
239423833 916882232
574118795 976687198
4137783 879793225
668769687 764294207
65404864 718137385
53288852 681588289
660864390 712688691
474371013 993319357
478854711 673409331
46482540 669142576
14022717 589258002
8568450 934407914
572727234 808262521
231529438 468510128
13311922 635481462
103991590 398922166
34494200 556088718
77068187 320081834
39492380 914457855
158274771 176138154
60229395 726466900
986397996 999525397
36896005 839262031
35974107 739504377
50065131 513305295
83776485 311432650
384105880 804340085
17066022 74538644
488030137 820419710
341948522 390611619
52837451 636213728
8441790 871135797
188783751 330181461
295655993 497933539
39210995 79651549
31696319 996305624
307419987 930687076
256086623 965236873
567579620 844463119
585280568 880149401
53677322 173113659
23342531 679073958
190096073 938894632
117591640 350032411
21483955 596614719
57801588 722957500
79604144 405558063
4269497 635720966
667485419 739339814
73802973 591434004
212204391 808092112
330036518 488656883
806702225 850632757
79376017 987982949
25379773 131344912
124976007 867800886
356038203 725853663
317709828 672968375
116918730 130425253
52121263 930937416
237726504 808189889
886576342 977803195
46347188 979186978
193634366 571754432
250820159 799594554
211517139 721366856
310192355 782217262
1694573 698537340
35608373 940376888
491430579 806105393
109672805 157919788
91819122 147540443
162939563 866164400
298010304 719309969
70586927 603849495
46751233 693440639
284905188 972761647
30976900 498996897
68544320 825683682
234699861 577656619
193757313 515058888
297308123 655224828
73542001 627838631
126835527 863223794
930202581 944825466
59574011 131196391
12922760 238478802
675144399 999875753
209586287 972452521
240163538 432159381
229501198 303237008
