2002 314
192213748 756124971
178594456 992606743
72835853 846511989
455153312 909012322
404362027 514881153
256538422 847295509
71420105 658270274
592641443 771082435
19069433 371472846
85339118 765281120
489262376 624356017
463063265 742400493
101389785 406869398
207930560 414039153
10054974 778699717
607774717 917729808
820789403 916848938
149860493 792404125
562650284 617416788
841356151 947218735
564938893 779232686
21198850 929692445
7161532 803548001
448468477 744247499
2998094 909202163
18806113 753505061
251778371 339540085
257343381 789140951
751248346 846565678
191410398 520587797
860127882 929287461
89883866 173054755
187130189 460959296
59714543 765752318
121491309 940280474
42145270 474086917
179893810 689270956
78135780 590434835
27146495 759000429
114359141 959475475
190508470 622540137
46832561 888673618
31787771 210585290
161560204 632398860
50450925 803944453
163494647 311387001
327403930 633130810
64303207 752450135
423561601 854955131
359859686 470394162
743628748 855970219
194586240 782293040
510312644 554445925
105203553 106457743
262932496 433526680
441874482 562447790
646153928 987876510
436845815 846092293
116377140 796958191
575900065 679424813
29183599 60540896
424569214 712382699
814196102 900547030
578159763 865020053
43496250 944431470
741389660 885013147
100594110 128873279
43401904 761135911
349009797 588415142
188937270 871178517
37419914 484178860
51187801 314505480
196561558 785200062
538263443 558973869
130109826 875530753
489183015 555430864
76105860 793499354
14125001 981373853
88372441 886816710
497396983 696615943
800962040 884598629
183658468 959548662
189043225 358518492
554127670 650807156
229120552 238380355
118486718 868746268
285157014 953636864
687176207 786968800
120090468 382496083
194561096 530684107
630851811 924351555
258386044 937374077
141516776 996550087
57448021 829553056
688556202 811319083
586262586 624511289
324139527 570498962
458811545 919644878
193000337 295065347
144131785 251602172
865415240 892360226
202198472 998731794
114504245 623275894
76544607 81853209
270011303 969720987
161086618 275234124
36865271 954566242
215439595 619150404
9835192 863471422
27226519 106280707
51693446 834644777
117202146 572613986
396077546 668982997
589771743 705505559
268046544 588539115
19485593 895468697
195657407 566821765
76435119 915334829
39128813 796823934
615756179 815644054
181931036 945928570
751461563 807331341
190285271 477579626
72578270 904477774
396697540 647752690
230797955 942240412
82928240 845218901
881617918 886889660
128704989 530794717
170118103 245462940
154881942 501281474
51455537 452708858
22157103 268070992
556044835 618692294
210969873 786842789
134467591 952393612
151907640 690512425
329871565 837051313
656775623 961933254
245581359 735806116
217341433 621122944
529860641 763467518
139707150 939879812
293651013 840726203
326851332 445558652
383754979 750453588
440021252 465211785
528076149 781781071
419266623 626173859
578762533 766588495
382572365 506249077
38143325 948229572
247533184 324509740
336432401 740108109
107716348 877260531
52042415 86927693
464318535 757009607
33286896 220753108
488680193 501737272
599467946 697347609
248851594 561567632
362313556 537831723
611600631 691126715
284273161 508189615
265199221 786277580
140531203 517292997
154083132 209971848
179522660 516396687
594414334 705020237
687474207 878687494
140901262 757105058
82273775 327390427
55871410 751375260
89555663 230748954
519146331 943698458
224311315 512563944
700803515 967583800
175202231 830474656
277559963 988975446
493186044 566727387
384174024 933685187
580499322 746331576
80463907 201567891
44912608 833159950
494263680 858685823
643354986 771823643
191067381 655941385
36518786 849788966
448636894 912438344
470850839 529100800
229783157 760897369
222613708 758119085
130675873 810419312
194258610 331893876
198472415 400728759
216736003 990698627
1830682 166517873
134843348 688653269
502687648 624275470
364667891 563848443
801380259 806026339
88349278 999150553
687803822 845089831
639056748 946498853
98152845 893766384
336562152 638473018
738856215 889062949
132506049 230429314
521850551 574458586
138556098 377120231
114735629 482457759
543430882 980827270
447416971 880363128
28257691 77518264
568507633 877357899
106399142 553530033
107787213 646993647
6727160 482154115
73968584 997799610
22047834 25502859
57591134 934143508
197233012 929514454
37252384 800737254
555509589 981928039
302154205 777203793
527628325 907121411
29629870 43822596
448284017 808319290
461572895 981855267
121361486 331818707
313534780 662474474
4000290 132642748
967014366 967985524
285890043 737585199
81558348 870717652
495531202 874707715
222988302 309415878
39971151 699473731
60028455 393233546
200621401 913420066
302002077 440615629
33410935 819938458
267456761 423846739
985660505 990804487
330510508 881619916
28367546 141558586
24959802 354530125
53495058 58370736
26984934 680589189
116499104 294441694
104435928 796865110
708890487 942612784
283825763 814972406
341755813 466852622
422919697 833889058
305175771 490746620
549117356 563556423
314997920 419404954
643857783 955183868
595390372 899881255
137027196 970737879
249249138 847541663
371947277 714853340
68238267 275594840
61123917 887833229
218356490 450327222
71428312 113126807
232360753 754463114
100565593 869343979
230719293 429693586
227566383 871718884
479770197 875860842
209985284 698114028
339987590 440704576
624355134 885966547
391283139 567569672
258297270 745325952
184245870 550915207
56621259 742656061
122063077 136703994
12564835 302103954
75091180 645093439
122095340 163361527
178931266 598966825
49328073 422730756
19052848 160141694
20573060 701063730
150336892 298603150
600707103 811710839
96787302 856235334
389458206 675084692
109020102 836701083
142338922 965841990
439247005 742002365
96275044 655158492
493828085 721423707
156144136 839872467
44641584 133482730
166453227 907356581
274560242 930402228
243640237 624694011
203629366 508574840
429493454 661027147
781034421 963428997
655253159 690547128
635963751 757959699
113083421 623605101
34570759 640888053
917314837 938656991
137264015 889279198
216687486 566757468
402822696 997721906
196692006 230342347
129830233 447567572
108540080 653632893
409879121 793903780
591213500 967644508
528780508 660417337
386918327 931603204
510655595 769621142
316087129 702281655
2365578 264444708
541347365 926054602
17347802 130181773
397276732 978404234
783814666 807155852
55359705 307721210
127882069 344376166
159506893 514800395
215866611 898802529
157467503 847882856
70459009 970390508
200817620 970362068
46763202 229755995
128558523 186676544
569997510 853621403
65345467 129412822
34313004 580130506
356940144 714094161
222797614 928843631
379703211 699701846
136025798 338189915
16224570 336843417
161068334 915504123
419115763 748238577
219023735 887025164
189620644 756059007
495600522 818606341
405086040 942230980
744551100 978126488
345642199 356963970
69657205 714298687
40361235 975618578
740080769 910885358
280061087 528621257
533438825 987964079
63504070 875504368
7009778 941324281
119479621 234608869
144274630 538063261
296377380 795861840
263516910 331872790
190141726 873212959
60134274 545035015
15961565 404526428
634373392 735498815
38230 95285365
344155877 532558922
206089795 434641474
9872227 996628361
378622026 989220487
86350007 716418425
102205995 923860355
421472777 480828020
11786084 899854485
422789417 982524415
882344453 956683864
230359648 961624969
112842857 321123766
213763328 909307621
161955898 948624132
145734852 960773331
697591829 887757507
717738454 869971138
582052618 778579408
381034522 882884356
347641139 718023265
387506441 515002658
9478775 533241293
475775988 740153621
59206031 459443972
50515138 876148933
42384204 725534943
73207111 200399343
441309802 647683319
117461734 742332890
146313889 987423926
411275196 883616109
107757299 973777135
175611199 557441832
67606288 616921000
211770241 805535952
59604650 486245368
144964960 804738793
168947517 464644211
96610590 889879233
383640564 867065067
260708437 537979510
233512021 407022326
377919787 644787216
290638434 338193437
758812720 894927920
28742074 818417369
684854467 734961833
454543251 628582730
606474540 688055271
35605055 984394327
175104115 803923187
342610175 433212806
24016151 918881537
580670030 635345223
306278943 900015446
7685304 273986730
259946516 692539771
231243828 932257381
495688017 545020053
236233540 752091554
40711883 914351520
93663889 391537370
210078617 829440314
42326548 705766633
226976719 278560087
310374538 844538815
44960453 475955668
172404895 991140693
137949659 191301943
28424244 596108319
154391303 203689516
48228330 573200640
376789577 419781962
402907247 828646870
266652238 781399941
44362935 468479466
98682132 945107617
41680105 327988061
217405930 826038806
29156700 899616678
210398103 255501341
153582403 876188746
186850005 399927406
263965887 996500588
513117294 606553193
65994451 919880929
289199200 925363115
36725963 441022698
248387015 535274137
223993490 870907423
10627123 923763618
589032070 850028372
102131595 915831876
334159782 737520523
347202033 852293773
114608033 798430121
49680342 998116285
17753718 983688347
531823674 964427490
703589170 730338589
193581843 288454861
56803088 645357415
33233959 256521472
497651187 556942050
269085081 786589752
325680480 487216565
178270009 343434198
470904912 710093683
129968737 893286064
532392168 814588937
635263281 969928391
142226309 813460113
9410662 780566219
81827125 767289131
580749243 980765047
223989410 852904465
377854986 520833405
26315485 567572060
578811543 620939314
329058868 667132713
216264969 505681164
372936067 552312234
150743959 315152983
534352234 838127162
472843478 758341644
543547978 889726293
27357077 836344749
413374727 575250916
180250695 968488227
176819358 871697058
266056696 367434052
363790350 794922280
894827529 977813351
122657040 337811331
39738080 430836194
77657258 785469263
13834313 436056298
13551876 415728106
115733060 848228386
34727455 529107786
350112364 452815010
263607691 567592941
129920632 788970899
57215356 182082684
11953664 913819185
425544258 803661574
118037483 259543345
9630178 895181408
536668658 843986362
135539667 446400365
26069045 127240559
390859527 589775866
237244635 994759049
963138741 974654353
271098634 933692575
86714049 668877013
826079800 852755777
152735601 980362604
768580511 912605672
28036828 124691913
111927120 937696420
62932922 125691962
440982702 893414114
827965579 908193877
77716790 649284947
91179505 331988948
225712864 939524450
103950460 889336074
134237469 459134099
437342412 729844617
286384056 296724470
60641863 193232923
70584839 943795498
135503638 752672978
7385243 269741107
64323428 296247158
466911497 501665839
26091774 262528704
472006533 516646619
84918252 517954945
6238352 966158092
68167183 70934815
271094833 304933294
104699932 331736695
128048545 633669853
198979717 457772717
485367511 670986249
575345844 911853939
84700194 840965828
151254897 958374883
105901778 879598155
183652043 451099538
747714999 771385840
158101898 189758353
123565009 933373857
210467534 876924430
224413675 844263392
834498407 887838855
305178786 965538164
422598884 461905373
410210904 456962047
313311379 529790792
121027526 600372431
525569492 962548654
657976738 816492597
63777588 810009835
105395045 946826979
123110537 596267569
83312867 929894105
257047243 872766263
706601153 804145373
26224136 126606071
694488262 804268719
96310961 816594267
736246996 802912113
101721744 568525609
326813751 582963401
143293870 795083431
707320962 997979971
10269762 712455133
321756447 964507857
133497093 785550451
934102093 997896561
433376313 780813245
134734207 525641136
323075411 960549779
395816977 614024710
464521033 594174279
78973891 218346599
124474552 941760004
7833833 946295607
308999190 471960127
343887562 433473741
44020818 964002537
286324046 347013818
36552479 966750867
238100185 654388032
233317159 456317545
31593680 989042037
127722771 866512460
685779678 772666179
671179633 919096836
81500076 465691831
284380681 995772174
135997277 619750735
217745850 928600786
437964367 604828197
82263848 767587414
95653897 295658173
530307266 787361956
611116857 667204299
286955033 456603600
619799546 974296909
693232465 903053263
107457227 590408538
622918223 850089587
145396134 197248072
47940401 620260508
161708694 614687872
814812500 854941158
370257487 869123549
173580186 337618788
460895633 776017948
156754051 474795417
199188596 204694451
95055924 973523990
392106236 876952734
367658930 553814929
261272438 714414444
297586092 625454665
399182154 704264242
144685209 847835057
658338268 782354246
257149662 924023691
81674671 117722961
5227094 79496720
31939849 142864866
387309439 635527247
40557019 865729648
54647131 427496443
201789879 798884933
185962882 668337374
260717537 899892305
441176010 836828690
364842021 998973333
558554829 962805546
238231799 948411454
362470216 399673980
26257796 821755890
342989996 539620121
186335967 954531728
54977167 487557882
120719650 459949319
52895221 876034251
126226308 792204491
132499934 418649514
474316472 755013774
210592909 725854969
52287132 462758247
192493947 507842480
398148792 641784914
648908277 898010127
691997578 781408210
536421983 872690394
24752973 754931848
307585810 674634319
259895105 844007792
399841064 577802286
137344963 370872477
271094858 396516678
472026756 700375318
360967168 598210180
124387780 245201796
128497733 172193529
543066005 953465763
293438957 425366787
187512912 650937693
11499438 527999288
54322235 584956646
10503315 911999729
261020475 591016783
60616228 758013373
225852485 941673021
495322430 798265176
664227143 686160166
875261133 875974143
45115298 950781461
201568566 525030668
85472899 965222553
312159353 689552282
99924351 494740202
405194971 827701835
223230696 450310269
467567011 607093405
26450003 759403006
46818163 888917793
402811970 700157592
334457191 567487675
249108888 899610759
232641179 763972216
106692832 167522309
268145664 714301131
641992792 901804996
45569381 842344345
335899521 558568403
125511657 190352823
139548702 636255055
254444505 907328943
466789440 479666317
137333925 583002764
207652102 257166927
138122899 937777346
634713002 863780451
559724174 759696026
94726947 115640225
406882252 574580057
16509906 114438575
600479090 913902348
666341138 952988070
237540854 404504453
54634310 812032560
353883840 802892593
783105413 806879281
612383702 806852145
157962050 572713575
501402931 879302924
282115398 335517529
295611686 487665185
152214096 477505778
499607251 784919584
532747907 640535167
570986 168369671
447414448 569882278
119032099 884145248
206816989 206905250
133379538 770871792
256989564 969829385
426610262 951559998
274600542 984317634
41632257 987597695
95564146 209899163
15375224 987259163
143995403 711370496
57577667 808316774
255922032 560954897
401068943 910979633
290834966 576287078
34416119 610069333
535626347 902307695
449844847 739074296
98748206 880948308
71452675 156325872
170471667 507560483
83847560 869884771
24186920 598352747
60938432 731238301
176098706 921418555
8179068 346570372
281495389 991099911
816212047 909112987
595699663 729666830
92966459 668212938
28455544 991041855
319887455 994064512
99749676 495986160
267354105 665046037
892562862 936082503
665749332 772059365
602421974 758715791
514990765 879299002
787275591 962427902
36464108 829646951
706474682 741637050
706541571 826345138
259199438 451620784
12960962 864038455
229904143 775388602
402429619 874820154
168635682 305788819
543292666 568108600
4410264 17876942
607373460 812943258
203889879 839705003
51530184 787784393
313649637 652510821
385080987 921023096
192311689 473425851
569004553 897675587
107793905 473051089
249457283 896025876
401053048 969650961
336646366 719023478
93400139 834632642
9337607 881366294
588161784 806616489
95209441 861934855
98791968 342137968
696860399 725573894
499127751 718735275
147568658 994898688
48099776 854321356
21638156 488777912
513454197 969363948
164018267 907941596
96318404 841950616
210610249 447031170
207489117 912635032
92576418 928100994
263064406 332494616
160588442 220424362
5420511 46230585
230427129 333916931
28383898 498087133
725232000 833782170
247732061 665771883
446389228 495400236
525319445 606977669
168990558 936370196
861441000 972057337
11685030 93776831
17398518 310590609
581793325 793125293
578354052 660002437
255927668 747344609
114529758 939020723
24877679 40530833
149755671 756739973
93691820 904124996
615850393 804056825
267895293 886729454
306754710 477449268
180176335 509196316
95209591 895750848
177462895 702384686
198494817 888505125
260978689 446654623
712797656 941360562
140722031 261417985
711924402 754630710
107979504 997190439
604337501 963905650
28616746 490132284
39491872 99835547
101253464 200972229
395619078 957721872
28535189 411766163
39224143 909668286
223022928 898011609
219869263 994211760
104217448 115134334
7049222 214951385
3987400 230072149
112962993 727194473
58459564 605989911
283694186 980355804
290556781 908070973
349081013 510426043
478076729 761848305
92235452 737261839
21810127 749182702
190592076 546483902
279703301 760033824
528100103 570260081
520621148 877181115
80686124 275420232
37268536 851245771
40826979 881705341
692380120 876134670
284710678 673441615
124846301 788658911
711335717 909448010
218385673 256232188
126458646 993271044
242636912 543384548
66230827 854160032
3381849 684244512
48288149 317464563
78819008 933952994
36242541 865950822
393785126 857657784
107861825 565271251
244878858 897607654
305885375 320380430
102500614 966499895
94226837 779533539
26004592 918698148
6018281 831941231
63483404 581714762
656586750 739627020
532086442 721741850
31775806 718776152
86812185 772655258
21743514 175006055
98996158 157942436
58925599 821069873
88530878 538410496
131395155 230448092
113739458 934298664
772494611 846103173
51455170 959568231
209913593 874065335
733945784 937803010
685604949 847685241
36052461 665901373
891871151 910313823
52779654 122503476
136582132 664461368
292939344 841884452
4520933 65433954
540503977 870032086
202668025 750520476
587842974 864240854
249744081 876620219
49887624 542683424
460633729 964041351
592316093 832141370
288750918 863306878
54852655 837174529
99619551 647407094
222600784 349363631
892047054 947564687
31929667 352680782
764122389 808886660
137468128 777094938
182164070 685899307
14281766 221504907
162435153 207828351
45536703 194364819
413025484 662175443
3251478 925405299
53037326 112760525
24748258 349531915
412905416 436983904
474414298 686423620
36294309 990752781
33774585 223829597
719353313 879233317
70633826 439414607
728914862 736679531
275619502 850178792
34697982 773071909
915924032 972413437
289252815 804734692
85300517 701973506
317185553 713893506
546276461 903832157
76430123 526814090
83541540 294171517
705949166 751740461
64882114 791249682
253877768 997147414
104073533 854712281
46279982 558166513
296245192 301495120
505946371 998715762
227685779 390904670
303803502 481563546
12765804 896601119
24226386 758996827
618868021 800585112
276889329 889422079
105385830 580372263
698016629 823560545
87588215 206565664
470431049 493176278
98180255 884226193
23184966 700056608
6418962 786405659
34858013 840053321
229661591 540301342
722466256 938220427
43508430 878747278
25804098 976145625
531330157 905811833
438257200 879118100
283461580 759057284
26096700 105704595
177265566 897191099
368916751 612622363
124704761 503418731
262476015 670284826
513870934 766457796
30431312 332516505
231722981 586492245
51630959 566269082
85136043 839500835
224369727 362348117
62081091 819053088
180776983 509453024
52877220 565592059
94901837 918067202
83081873 999948964
134935629 299828926
194361310 846899589
228843260 884150299
7576031 414907897
149155696 855865341
212044120 591074084
346860545 804436993
220357766 744980339
209450290 245135029
442392742 779918670
88873431 749738422
894535386 921627959
630009651 699155934
487281516 976870195
356109278 707639281
741559096 816605510
886518913 951009385
164838929 907452564
13234464 79095818
134711676 322445346
168081173 752284694
28173234 89431355
585148422 767014991
706031592 749987350
674467555 719266055
256997024 839671274
8519494 783980930
411453680 690119012
531270640 582040555
568268313 986074057
598264477 740254284
40538983 623254627
113236660 855138487
6730965 958779792
106725607 888509026
310099 835528222
465764526 806866535
19118256 928542250
144693610 784748845
205959701 252786048
528621908 602565775
509714158 736793878
166762126 711342725
19241569 61262182
675625020 914045116
380399661 386000484
225959946 909021568
494760095 648344139
113437313 853167357
211884718 998782701
392778820 565283896
562607643 785187528
736929522 847760865
568372409 568987007
556695834 632773478
128560611 273159043
495097477 687788193
9500478 451065014
12019481 746430000
298825879 580391889
315417006 708038064
65681718 735703064
887447400 928440158
99319 868158479
2610352 887546719
796598637 900774702
419437739 833092406
81343003 723514529
8000579 967575676
139129573 913790312
127055061 667315838
507322522 783545270
19662927 838353297
37905268 400006659
714611359 752277662
16062869 465108367
737045434 771203309
205437116 864100494
291035498 526085778
851672485 925927011
24333639 845404295
68475677 814289826
439440920 958897297
348432045 781424194
99048912 511803156
111487689 731122647
565149968 645877805
49812987 985890024
404912079 489253906
27800494 143195675
235528115 445466813
641589831 770500968
714805616 918427349
34840163 682065065
130790429 905891724
522373673 689085419
3127467 772813934
687337486 961309277
684201859 902600818
18539999 107392939
81868190 806893367
673465428 706322474
247924244 276824639
821169385 935261729
238133915 505371243
465280533 772247088
63567279 799314511
221392955 289567619
15400599 266488718
346424643 921580313
561925973 953729252
136263204 760492320
697496162 957432588
44820341 780600715
251702139 965779021
611330400 946646266
957650386 965492007
363826472 511743432
17149775 885922914
614106877 709470323
575855890 660152325
569610510 702205124
393313098 575847568
77576108 124362247
395516332 541422860
25790601 184049729
353068774 413812562
343242468 429808735
218633674 667387897
402413969 464463123
95751816 193314575
11682563 701868449
678747047 967781226
25980647 990112747
594655948 743407147
219210091 472962900
37987842 40406040
140167192 381230309
675780339 996886373
102548551 984495132
199636749 763134098
192606683 828874672
72519335 183623298
218134020 235010070
24546532 69985873
31677157 867717933
129082613 871621405
468799288 535930466
222649194 294929441
68710453 187767400
20884413 503193771
135347927 754638005
133503680 800610850
189057667 268188042
563117482 959864531
265935887 791001385
107212108 716612095
243087416 722524837
773348907 840945755
262572618 851452413
215613283 448055949
639616393 682734153
164341285 905552279
326251890 633163403
30552845 706944169
936575067 990281305
276072615 513484146
480604659 836181003
105460859 463085935
521122128 893263966
836609706 987576055
20121885 328742450
86811080 701594801
670142924 969880277
261055321 459234342
17907392 359970288
360319288 949972924
433036467 527373986
97651738 954158595
273154303 786777795
459632972 689922236
850679886 990219048
14624613 824960222
36445512 802614067
55047288 83054377
75368454 723763213
116184202 837182151
312849585 493365575
4182768 924970877
508710613 604197473
712698593 834436409
123033384 312992813
417996623 841676294
448000226 666755374
49218505 829658743
68096359 885400719
137692967 787672286
481864931 979698505
74961315 343332978
5700742 879932977
101172519 926313452
123332228 755543013
74231394 802514155
163748954 408612676
142012525 198643709
66488348 720104665
223728466 786745364
467288435 659258692
317303404 989209952
577905491 935153451
128285412 701237718
356268225 854445416
463645832 990997236
5165840 523351776
310015346 719857179
371449218 941761646
892295434 949354708
127089678 244292538
850374237 925278065
117603809 317566213
829444962 996090013
790368010 857481434
2765239 372315810
189121189 889130719
247521087 472720421
19388045 799812123
531278652 847148394
202685638 788930085
788636180 963694460
371874452 836259998
276971348 996224672
496565395 931827235
159137450 838763604
68440193 433444200
122220549 174731411
289055668 598426410
216816533 913140547
174812772 872572198
396083484 758968481
130898817 611701667
711821481 804863696
422823855 443201447
150287938 813157169
242237858 880785456
419093431 727655584
144449270 954876021
139749342 947589757
465330760 573042706
514793075 925474850
321404683 406187556
15872655 472311932
129431324 211096975
60461434 942569899
392571736 495692842
232747340 854104077
185022307 891209537
2154199 900814380
7372266 352050288
149434374 186304625
473459268 980182477
494668308 658481574
559054219 973616085
94139910 102803354
46856317 990406071
572479568 667425111
141360988 680581917
108088925 143311713
92546118 552435257
116468293 900303443
685287357 772311454
111988461 732143673
252085136 516601963
777530988 925294787
125156952 771408327
667310420 743246932
191399929 937466607
29035162 673628670
434995311 565829454
51055354 885423562
330118380 453402490
73192823 187886018
74835096 474912646
101783363 437308644
58741650 885031721
116502576 807160855
336007021 680399322
218447580 581915737
156082169 835194397
111849222 832270325
206380011 414578798
256779150 747117264
771372934 972659906
470489248 581569559
319117631 730752411
41424456 507641003
89556739 914259869
432619328 813813823
191502448 765564076
65339623 80902468
56759280 312424612
131894752 288715114
290044986 912504068
43039275 822685934
355621609 699736263
687282315 828795693
74455821 877772876
598133458 614254487
288808405 455499857
115140704 875939641
395564000 806867009
3877667 606690132
196443534 870698131
41049566 837877776
156066377 444765248
496056126 878233056
1536553 611196829
132032000 754860901
112661699 463175405
826845978 993726150
87510165 967932274
424799528 855462516
44080981 788717314
123029073 785234950
123713576 535947623
154411672 875663391
70796455 852516951
16793902 156156709
47789702 252593647
473330161 777035046
69388551 254117065
162440254 783875666
230328772 765144547
474676468 966247435
21067673 898899349
206255523 971876509
106512358 575662330
240980977 532942953
385480061 634649920
51070024 491221726
90027520 900551304
469519629 799886761
730072636 784103940
257859131 469725870
532425542 762600040
73900330 843225910
10138818 230044678
184925567 833482616
189494244 807171726
58386054 481154024
36496707 836602135
251422277 956835269
137980970 762173913
134388612 962111470
160942169 916129119
41751929 395921499
174930979 852812726
895302774 949094109
13697956 490446321
70704294 907966236
6754405 150828639
133217083 798113671
317909468 909842933
161465743 766063692
13359197 930442519
94110479 148402510
303461152 428957349
528066422 631303814
127083612 195727726
482308650 935171459
500936316 737565023
341432258 554185618
74602285 765512776
361020587 416034542
3685848 762203425
142313177 978449724
419096802 982334329
487981309 920039142
183419464 525668653
118453107 737802783
208512939 903296149
304321766 413926255
61878448 276992309
141081498 930608907
24263771 830383022
64531711 462854377
108766770 979093023
294740395 967047682
562190292 715307646
518073179 919413830
449632966 820294475
428895013 866988793
13959041 88699385
166364028 409935906
239784629 396350546
477925634 854201689
182704826 934285502
56306122 844024281
266256268 751427868
9518045 331863312
48319529 65824166
28403944 815965828
347095200 767179922
255058503 900935028
39201453 111923513
59159681 966500030
206850489 997577739
250363479 964312919
408004845 781845280
323349779 775672781
123567335 769931313
84820390 136934274
291663170 933904875
117375488 498513658
897158128 926072815
260343838 987917441
60866068 825732696
729124533 807843494
371817711 378263686
304336500 715444743
56797566 566013891
86669099 953787581
507082122 760681381
40892934 796912459
33575845 892176544
369006738 742632979
394272666 786452753
467132339 641358241
483034328 685361534
177002934 603054760
694085621 945134331
148728893 303554166
138947026 395517910
90006918 458595716
36876151 425557597
28612357 780906017
375622214 497613186
18870830 603994233
378923525 782945668
580596350 940168127
341804282 488285043
767795844 881950832
218640768 782943687
599828546 891540924
142063231 677657362
10377151 941249801
736909971 851955796
209871081 844844911
508856647 650034438
256125096 662824384
400126143 724791188
114690735 137036113
429263335 670917373
303028622 777188279
864504470 916974498
931088815 975708758
11537416 718229413
331067580 906687100
365563442 592765338
12080466 765689584
229040842 367225745
146633999 294613630
270322387 384706894
174171897 833345602
433007529 547341375
850467956 956311426
82580460 363818246
139697005 844151812
208784613 997637086
8890444 967423150
432308391 552176867
894247758 945962451
7067290 685554228
768523213 790982048
63177046 666978750
135577236 890534991
876211634 963340967
494569155 745136408
256517924 926877546
149829626 150765681
872839996 929967629
145927571 962103587
822859364 839334687
713833554 810952951
137984090 774008320
557627906 632553245
371661079 814145829
411947142 521490704
303974685 963355432
99407075 117678877
250338119 254253279
301108083 396170684
236434599 989224277
499601054 900470526
141453150 636614323
293043181 403058907
361069665 433006066
25578450 29564955
319258071 377695856
11491862 811994242
438038001 711504648
396397355 502589106
176472725 880946927
6151891 123078187
84086017 207274390
19268631 798993243
257421461 767761185
40605071 329345861
605278045 693931918
662437780 700792250
785554601 927371228
28188811 934465394
520251329 774063706
186553620 938971656
323492952 784658762
212604032 928984456
43505668 353376037
189717406 957164051
549568571 944156829
848777339 873061522
509681244 992972326
28397435 333442571
262427027 879655567
492675469 982899490
89338943 388697488
188791878 667645406
148969159 984624532
37328120 327364915
57403214 627581754
187453654 825833641
52052882 735075597
733801334 774250387
658855037 882770493
229447824 578915290
60096696 112306290
374827546 467403768
210619415 796577782
8554083 778024312
8519987 381928876
21660958 257544970
94317491 640598804
484568789 613927621
627749903 892831953
58429577 917245956
156138882 895670501
86597146 481551130
31548014 882024322
3338281 768144328
270127753 481684210
150283791 805424659
23431977 328547973
259812318 952478241
98216559 270318696
840560086 913399068
495657673 518310452
699374777 944449439
68876328 904249918
588944565 817225761
257690610 514761999
760705457 930444645
99646048 160513856
231334568 911825155
431543395 669562809
337627355 707353575
887111232 934240411
644634128 695584830
582123493 875968695
18460640 241773395
773601113 905571872
28530157 313549801
234144020 485029031
394726584 895048201
169174190 696368993
686250195 751297683
750217249 752700314
384465948 956557858
446958213 575880791
274744708 905448496
663536719 710973438
214411972 750197090
48518821 609138555
158341496 898765204
339435091 522556552
585368161 637830694
69544357 633886981
161394148 944179311
695460866 880811507
403368058 873391895
45255514 347175192
534622220 567719190
98482534 511317989
126372093 703238947
338957675 652330898
282172389 688326657
227174897 833399874
67895492 630542955
559308120 829702522
309846087 604563634
29394065 479496264
571879856 862972589
283208130 569573691
89127571 945121203
343643081 875051954
3972862 794231902
522124867 788535258
197505434 999631025
119729653 192857054
62698028 137080135
423752705 579052377
12030306 995063255
858457661 931169200
286223110 980287982
308824399 865962015
911335420 951147883
143522416 989386890
698130351 845117168
436114881 769934355
547744 448145186
617513961 711521756
231830737 958347711
142417828 890597710
11872701 870842929
37674562 785625103
37954317 872206479
273094239 861966445
47050167 986170206
242233390 307715507
720892022 983061054
234708957 260988845
24807641 221431705
203425475 694961504
174094000 250475641
103735368 109668260
290843037 531396706
14491101 111103768
431332734 776586733
414240399 722175872
617111962 617665873
269653727 791205961
8703939 836102655
245735074 478332252
172200703 856569197
40724652 728461872
80255991 138976077
59310475 386540870
560967262 973055464
76217245 847554139
129195506 807119800
906158257 996236900
17551697 653278167
136779435 861014849
295024776 387849391
310088085 323943951
650285880 718758373
378394524 622490685
20150167 257635759
32914535 317818893
518603206 849929219
212231369 655382640
26834444 214232786
613896275 713214606
793738750 908921050
101063997 103826834
85381353 603866228
121734360 765677699
482056494 885164636
138020503 514971029
17039052 780877017
609604452 641364903
662006915 710668448
597708088 747388267
167051028 272809645
178822077 973306511
119529945 402705770
20899821 752233988
154692772 390132138
118014982 293882362
286521984 965641135
46968226 896126435
607006038 708975140
456363406 626362262
29277253 508862198
95104204 784984140
648937166 973421162
250778191 902948193
304397710 848958368
135415399 274575610
98453305 913066345
202361148 748268513
79499659 802623993
390718317 980383536
143336733 444008667
515344882 993509406
705787343 766123073
54325042 624265455
325740175 366639157
211058847 436784369
9052304 265936346
37569233 730982929
82514325 632801565
253868776 473232641
165641171 958067005
21822460 44334060
140320019 974562931
93015628 834507124
285751906 962869575
57804084 844877017
52784723 79626543
439780066 882047447
74155735 945757465
369887929 956511647
212351259 248148795
160776231 652131325
130196241 656660671
142598686 886296179
521364185 549239581
368283413 493191279
284681001 580634671
85282347 871536313
49304100 664092403
386006035 481453557
22193429 381121072
220266087 543557613
782877005 907600583
34156516 871172166
106002592 276478056
68769866 844187616
360796370 567711785
579910542 623173996
258015607 842301779
262529915 449897750
122207709 485898239
500621686 554634602
22468155 147059936
648052633 731748295
111324114 199404656
97081369 871248252
834540311 947451597
13465700 224589758
286874739 654208866
643957816 934927372
163212916 713658463
579362863 907308524
362586805 491319711
211641860 612452503
46325281 921655482
102382571 756743297
158587755 645232438
5321278 833892656
925108776 955961189
117819365 269158432
868586075 959245334
119042454 125767793
65686019 842974197
109598533 112011299
106328076 719528600
149852182 171628185
403147525 674698252
140106526 875558847
333531950 801855751
5203995 54634376
553203640 732659889
428150437 532926634
73519167 542261735
236843989 383266893
405671063 639991513
57965144 398293940
515550359 834380314
52752523 296518281
231232129 755480433
412029664 848573547
831368133 978435935
168356308 870312673
179694014 831042099
219434421 791380624
56408282 851675029
270814401 387430678
241743976 272860890
10216635 909665490
917403483 987729521
782564725 826328117
100961124 438630730
7935306 787641722
502659658 509286011
230010375 592445407
70204467 765270638
76352236 355859366
661405125 661976331
110899502 424529844
171378353 560878673
555799060 974543254
240827449 440295017
148877681 991458724
40418160 855674038
108005764 571737302
12032318 792670968
379487959 502469392
351096114 679249438
640416041 855573395
218976704 764763737
392148172 994557158
378981122 949138128
70684660 110897670
135115106 211994124
225078078 775531146
87351382 947212675
556612586 889780740
165752190 691727691
101774863 243346619
687401400 860070069
186607124 978529689
3211442 819453993
275896231 789148693
861050664 974338359
165926790 372924370
473671287 981166112
574527914 825238066
159562931 201398749
76612361 149265324
123603682 289305495
462976065 988417502
165193329 989960044
387728916 445745638
340048738 413507745
504844944 946938258
299728017 664407874
853358 749532346
251523036 999607807
237973028 457147046
44418937 403166357
299623441 915636661
291822888 687352356
353401996 571469597
173518294 270180878
80994156 927168632
179118358 983047574
776375013 979999115
112956816 673310301
235681823 412580256
88879299 980178775
502977467 530342611
360199837 455426429
38220924 598454733
108451209 571308635
38288099 914428238
4825448 837000984
467996530 507802914
219859947 828196366
279167450 792334198
63160197 387618659
332048210 638688077
502008580 583366721
380436318 895445080
383262835 815319525
1048858 811139530
52708975 776294127
120031742 588548021
267683649 876344270
22700459 829775833
240274585 254564675
260337668 266371721
11491725 736204710
629078722 868287235
233433782 337272258
806562574 813553766
170098084 848877425
902740533 916599322
420842238 426700170
635366284 661116822
108113155 996671129
76206043 561233093
353760640 705284764
282036680 439710773
42557021 88599253
212499349 599019588
368135261 556204054
676793770 788977498
302610671 369201770
163320633 163630789
160301917 699961899
232521841 978580043
143256447 248516384
289660537 321707832
384787260 452981169
376818096 671025477
202911125 728967768
560064162 661521162
208408083 703320609
25028440 147341157
10527641 926994315
64040012 437709136
19193255 906329699
407416804 579257417
420367212 615824887
135094377 182921109
402450093 769205950
306652624 929227771
219453258 677258697
436104747 750093279
670420281 708988311
365918165 805514657
265867275 695228400
276882309 799008931
38852823 50221937
367304111 503636017
84167038 844191327
587532618 835763315
193928084 246792889
488485977 955528921
248729635 379855151
121113472 126533110
199439352 551953875
248661553 926921956
91986470 849691859
467169313 699262872
195096140 440799136
65768648 94875670
116380774 493607712
122224670 350539243
147571693 798263360
112233700 138996342
90367595 308373865
100327571 285463735
749173000 926123552
532515577 594442362
96877446 901625572
247749635 637513527
676825403 749277534
91840205 641575455
18447280 936163218
74143304 492057995
44898402 606658881
86500356 328447618
224405420 845953144
427947923 975078128
93852978 785540268
140023419 950203754
198522047 608928457
104506737 948634338
95233481 239378926
225461310 332535494
136228102 947394821
76054760 760438344
105654128 216078179
710642098 910610377
115364872 761680496
372055185 730545687
889215103 940777669
270806379 438398163
101022675 791837695
7915873 468172583
117287179 123280744
229853078 341858715
259795190 595557884
6901678 126366002
136003493 899872324
112125262 777040174
671077160 827908197
619745892 826630097
147319031 801096518
142955233 309801641
580422201 798913291
99097858 941200404
621624953 764271581
574065311 590737059
988894246 999374332
163497835 975733535
403885400 818256141
435044074 625222153
119397547 878462102
163721100 915861893
249652219 801548460
90100917 296308916
64687161 266855072
547978532 930783443
91669865 206719592
132967480 876800916
930237277 974992775
276099076 411554594
443582467 505033706
158671418 313521665
322016 408068725
427623066 720790802
71191465 366845066
432347516 600451420
197661502 789205139
841670566 936794327
120472970 612100531
256588629 279144387
516975429 674675674
443428945 510163899
640184701 788145050
241112821 895671345
519310698 805454992
84599378 874947077
80708688 568060471
75797798 145355600
163824757 371743095
655519499 804009458
12404496 353529342
101717038 443311731
188817054 786699061
444670404 729860964
14859845 836588616
