138 4
132 143
191 214
67 204
32 45
127 209
152 154
202 264
51 299
110 135
175 273
35 214
135 166
131 174
12 119
16 191
102 144
52 124
41 47
15 172
34 139
152 208
26 285
113 195
49 75
28 85
182 267
23 223
13 89
94 285
135 179
119 184
220 274
1 201
9 154
255 287
97 213
46 142
88 175
34 283
188 193
214 277
114 258
186 209
46 243
88 294
7 225
105 272
71 292
20 194
1 284
92 219
122 258
107 118
58 241
197 204
49 173
14 287
70 254
66 213
73 93
226 287
67 89
3 125
29 181
50 278
85 98
84 155
78 288
110 208
75 88
146 275
207 291
244 276
28 102
151 295
119 229
35 281
68 186
118 191
47 62
81 274
62 200
180 194
9 299
131 226
24 27
34 256
20 254
1 254
89 125
55 72
127 130
94 144
112 281
33 121
228 243
249 276
72 276
42 159
154 168
1 107
113 182
241 289
121 123
26 200
195 204
245 281
5 240
99 226
24 231
57 144
53 224
175 182
137 165
86 120
145 240
33 89
80 85
146 178
62 136
29 258
24 79
102 110
168 262
85 240
174 275
177 198
54 278
79 104
1 295
218 221
90 291
97 276
140 275
124 176
15 66
6 244
58 283
