2250 1009
404554511 741775415
46144643 811395519
47113365 82888717
424385823 760034722
318105725 723463194
311696362 708198151
184704057 525287893
12382377 714400892
318138819 978378453
242366862 734499094
596435334 857038603
765760112 781139390
382326495 778142488
348056633 618672182
338980804 861899423
528286739 626157316
418499828 770653600
81865828 825018895
42960531 941889778
301136909 729683599
212216100 917869356
361514360 886004885
429074256 987595858
149713881 803643254
162105956 994567810
83450225 729218649
112548887 978898659
38275468 913403035
81218185 752661818
673185212 881186319
186552687 836253768
443945263 746752073
349385956 675950448
135638482 187891277
77138846 763515724
30002713 798799097
198732242 992686661
196102218 890197018
292992655 865578626
407861911 801223631
429149165 911592599
114152344 265408040
155605057 523633740
389212365 786025889
130537404 819071552
8952483 97206099
84479592 191647700
393715063 957010155
320492748 755271701
337893558 451030151
243526443 808213261
326034230 750750148
25532083 917436553
207744092 425910299
135261413 822983602
389896870 718024565
663703656 736301270
261256251 568972513
238339752 788086246
197859705 950111390
376253507 976755747
33217542 705139665
394562543 767943660
104956900 992873475
83045419 923049846
350078378 557519580
198303090 974556343
97555771 948073860
123640335 744896382
113697238 722361306
165610197 775014091
324582816 896529574
612495091 963898703
286573573 578708681
206239123 728556706
514375391 837571980
346140051 950905698
320094694 871982364
74915558 857628599
51906834 854440519
364054078 991901579
333561968 854790934
64457859 260993878
75587254 923758210
630715080 857167106
374951782 782099022
8700600 798306565
139652269 787084665
186672989 751031492
767095103 817388068
150438445 266594381
48693402 733806218
603499477 953726124
332305871 993473112
69015819 589365464
114380971 896498535
274405113 293251364
62145144 873742424
660104425 802844384
270362101 844926647
648833848 740745757
263119549 379218252
238092398 723024575
238756286 812977980
65695850 769992245
76803706 730554792
366578403 616255862
254035272 723910256
356626362 721470514
43653127 285946419
304541657 890097897
380790835 980286819
596542680 858244302
144443451 718032898
196469677 795656462
7411129 718108531
101320972 913037724
92688996 793342258
390076938 390135951
35209554 968096329
164495005 765748476
44700917 769574970
159710920 427978898
348647526 857024147
430375809 723905171
342169998 683018000
30565112 639926288
148974000 936856559
122986150 705270298
58172604 730654936
58964879 904859256
609818258 646942321
450203454 816934925
420914604 817272123
7426695 944594199
848625352 903880377
65393446 915626380
113981531 124358324
429976296 936065915
692462643 784405927
247183703 763144605
424012491 902480100
26459089 944277067
63329543 737046935
403979224 583594118
380387536 873278383
181635204 953989208
588991309 673789526
38405744 983220242
172482080 715822296
24313375 235811622
173084896 707655324
91136347 955383328
223733829 763058438
114691519 640013795
442927027 882343435
5619489 820650924
49189818 750130053
262441264 618513232
56303751 695964923
763376055 836899449
302749785 773712067
7781907 711702885
124776413 726550146
461131655 811453832
376637488 904058682
577225957 595503435
202966488 912071213
41577093 858475909
522446092 930072815
164846143 541542440
195260815 888490805
66418958 965358663
102191907 767538696
87547469 951788782
212773784 721493619
609583493 907520667
259323091 884625807
178266461 932307715
108116066 582289025
40762815 966464392
603752315 985324802
572985610 863075405
722466960 983811962
108880297 812098251
153344607 854995953
390735967 839244218
218424323 910064552
37376929 258116641
80935633 714422932
241656727 906047155
158658341 755847174
32967617 831191613
193419447 916461809
323916052 883469941
602056465 674895544
192411835 726450425
370321570 951077037
133253464 169955354
145664891 326672911
346784254 833954159
355055911 670700305
569940451 626950543
57691362 255908742
229191500 741784789
380166161 809861050
692608887 771266269
98106833 955095104
385682210 780834868
296117082 708820170
65142214 837158715
365094004 814922482
138750663 813474180
79273494 875019527
403519963 738092888
305071584 717988580
194566902 948635624
728481200 848491506
178235138 410426005
334821075 726830347
167346223 410340526
570183613 571429642
54786553 317568954
391851131 987450113
691224295 834600272
82752018 955182391
408090037 474603148
153250204 821413581
689286344 762377182
89496681 754581568
161142397 528493776
279353525 922378449
172275099 405144630
150034526 761108266
495923841 582983664
323207956 604096007
755829978 839972774
307743140 705755259
495979245 769487453
339154800 390047226
45283161 129020304
97270559 515127418
32929532 708752726
346498102 528908777
19291879 734828914
102074515 720147988
77401851 758362839
366694671 595266266
46123036 705221966
309800647 778306620
54245502 800491492
273930284 762677100
43160485 493141307
210459717 880290522
438028839 588146142
241153986 483213369
42614003 901426503
248237112 827045155
649398208 919767925
630370759 861380479
283361080 546493767
692252199 772206160
69943497 984163399
5749698 982363885
135803344 474062777
71570811 508644656
295671995 841830442
241967603 987924194
146791335 794951198
216868730 337609727
175582859 737953236
473351429 642135811
49864334 297955373
270238271 948270675
593422561 607477160
99741761 729742114
631430485 809634117
120518547 779872650
467897036 769012703
455133681 552269452
269994031 727030073
17578050 569545137
18238095 940515028
17117927 500406630
171102039 721992873
211754525 733323714
338187181 426553365
402284309 815265710
298854655 385257325
199331669 999942771
152067860 849635014
372462101 406868520
792871758 963370320
275643381 511195202
383165319 938744365
109570931 786849574
309528727 911530751
346190629 934872857
34669421 737864498
188294319 599353378
64818799 923110777
41489855 779349647
589413993 981350948
158168456 433818049
223784574 980698330
139454218 826333831
112668231 827709334
5202409 818970167
19691844 754239339
57825319 826058224
266002898 918315662
417875790 950243589
61251575 82156073
361464545 563451971
240774302 811814117
83942616 831522697
50669269 250709288
76767511 124494692
178704408 704429868
476652645 717587168
154726062 815407192
38674760 545514198
659208021 901304391
150584229 968067080
116439723 484339843
164190187 799734515
123183693 819265481
36518600 916457191
314056734 745233408
371481120 737383338
485393709 522065348
254084297 982105235
28207147 739709332
111055194 500698904
53033974 933772715
43324327 132101473
85879809 381234387
506683173 791330226
366003533 942184817
200226300 759942321
306034636 447600230
42916060 586341646
9030893 923639558
178567329 195285251
443398341 759093313
218486620 868963750
136366982 434951976
139899720 732274003
853477510 854609213
229680337 802550243
3030139 951264908
139831825 829530718
309234866 679726883
69821708 983345973
318079905 969846556
333407572 738505092
215653765 932624603
34962438 731404093
120470717 780189006
40084675 760010002
151438048 639700306
467748146 474514186
220837755 852457675
66707310 880058218
117199579 717212269
449786839 908232476
446510397 754554431
449148060 759199069
141900477 981901778
512001979 793214134
97197121 847326249
20600029 947097481
68341497 707974739
262678826 761556118
608882367 807135512
159489778 868321240
428812331 484396493
30681966 164996168
66959016 767689281
140720770 946294308
379260016 866333302
104096993 901203983
59843285 244817763
20789189 701809005
196264197 261493155
203297644 238768350
104877782 287041796
326979039 801833064
46650826 935905423
776041523 779230538
7043018 978664848
287003626 787998783
144304396 834110753
49408354 941348996
114586020 713416057
7522712 938441334
157522875 847222049
297374993 813995998
367748286 758249793
99382151 505868911
38351263 384558467
219268329 771524449
841435342 978920188
183097414 563796761
277925807 844707172
259237577 916782540
816041032 929142757
658351922 929610347
916685576 967154819
169229526 662010597
235813882 447155332
316126032 871677216
463919934 805032927
410857898 790960202
579589501 921162938
372314563 883672634
885422280 981291691
256374333 946522917
267211131 796371261
278186275 639525693
375418589 449577666
397272924 883026177
386555622 918569580
430916907 635151143
51908726 965433034
263185337 934080441
432402524 712576500
262195879 919352493
291452401 685458075
427349436 978037762
390443842 513531750
254818468 710715667
328445006 812810209
288419248 715295691
120386655 828083780
317164566 786135694
62002576 645609572
451462254 847606786
242882008 975459951
118630587 817861796
498461927 791800250
24212478 887673047
1085669 991109395
366872301 835868935
726414851 830779531
103768594 702089612
274119728 958826607
603143208 817835681
225881736 751731008
344919633 511210765
341101470 711791933
347079699 898850980
78975110 152187869
755929449 832870242
24945439 898564861
93273926 832886267
363813142 891304631
278839762 368220832
328438047 865864197
777363495 923180872
467425365 539508504
399448672 742068939
12316020 94287769
671644603 716314948
434695497 653688531
309920086 787616253
415467091 429382724
255736489 921189205
101862676 783036183
377621473 825940115
905271572 972276421
113089873 945111500
302262520 417968701
780839931 905850184
259677883 721896905
95968804 800387013
63564960 753218088
124913647 596151081
17657838 863588267
78540643 92926064
39083997 759763976
322973161 780032076
6852789 636035841
249821287 828137527
713014408 899772756
50295887 399583142
303145159 794172972
474826851 699309591
46237908 947481210
20276253 56177113
108034749 435365871
392482936 747402694
75226699 355400571
180075029 885812567
621523952 751132000
449276827 867057772
598760464 967835883
226294740 764536364
426388822 659592262
65012298 884134394
15151824 143823390
150468857 993639061
274198168 504172317
782661533 930466480
62592063 607299397
206400947 673254662
109906225 920430146
404091027 830477275
601624819 797099864
865928294 877353947
334254970 844415530
64909723 904004556
80531871 271310669
63451426 780061783
224510139 943599177
312165001 836480777
416956372 689604995
192860529 801385094
460089531 792862036
310289618 689751264
168641777 733871274
240549063 831318662
40363234 998077465
117373708 995362710
359426322 754240168
94390577 153913045
75276161 781624037
45496681 663369780
942816630 973343327
154258115 934649777
3475436 812117803
333133210 715908056
402676264 982481996
249699992 876475460
626258929 829298502
336689523 873157615
247654856 758360195
97464220 553129725
726395712 833899989
498534144 541639188
589367909 831667353
110063595 992044172
41578440 557556854
95493611 990064584
354089994 839258863
369252268 803513905
283631656 855607235
445473992 995147229
221424156 926698230
414883989 735322977
413042830 908801556
82230646 930822279
33311373 941057760
432354986 786666292
202089730 709068739
139660670 235401102
175200167 894662427
372256818 879364774
25704068 835129040
476837314 583450810
370213060 708463907
297000582 893049584
80865895 954201683
38152539 762785525
741705736 759529820
325995845 748413697
275881720 953579112
167429762 454393916
258950691 882495887
231314860 753953142
488965380 692589040
125689942 945278226
122987697 833507861
174740281 922091041
507611693 691870427
699027133 806887326
249895689 822014829
401344082 801366191
201542852 850339433
86964035 756108519
888517123 967271575
32027127 226270765
76610197 720311730
412944493 869236967
148537853 446101105
273332333 955203247
307855491 767047736
586835662 751872574
442499213 445384421
145338695 267425895
115968502 570306855
367832025 798254174
140936843 786770453
449178028 957535417
34263566 169207294
448800056 773567526
106596459 708967121
13694481 38520282
181397195 414727208
64618785 215660760
84802333 363035529
97100945 981906040
145616370 835748758
868483313 973148898
772209798 965584257
244529324 299027093
620010749 662233800
163141227 705561912
42824513 565603164
10199913 917416065
309808022 763050472
185424101 903832391
344345127 851362012
691172372 981558602
36761288 242351798
306711475 848585237
143399790 916373102
449572000 715577897
338265080 715712880
221555359 934123956
78819365 683618140
235491646 644260357
76972979 811669207
35914793 987314775
422605997 885731960
263360347 483113669
416503770 913339249
406567764 764453173
737875765 740318552
378106583 528134791
319225263 958295737
363467331 408701559
377548726 852798154
386609000 784116489
41775623 922463598
22887771 341357046
76491658 570752248
833382683 840140343
119036568 760614114
173761337 990427062
128476596 774129762
420104877 967266308
360114284 561148555
608019050 910469842
154974439 788660314
453219853 690918611
144836674 889793044
535768159 692649586
75163440 955873036
512432245 833061228
403106675 877341670
35895838 736778283
181413944 704334201
306150283 926901646
159638456 477363293
556328394 744552458
37757940 671585936
167328949 731689346
381922911 629130722
408087535 843661328
129043594 351755688
221605979 767539465
351745162 919338288
316683882 803351422
500855113 883863295
209073672 722461091
149887501 962645581
263339724 370187387
48395896 719992422
449134075 549251008
124228450 960291178
520988154 923040483
282007728 971515884
234303325 933479642
462332 976745130
48168306 935769734
161531931 330176033
759801970 923735556
268807533 874822077
126204946 127650625
177006450 320366442
624257435 692291398
231062399 851188911
115621931 888221532
218397564 973674996
101191532 972565382
135376153 916162894
531104246 568076051
509551187 831065734
78842366 721854291
164305381 937210262
795434391 905550008
341674892 403162527
86744613 924787150
414563370 978491343
243822614 972312177
144789939 736598365
101035187 706714669
285461132 870663954
124165363 917241251
557134689 737574556
20291669 953890761
367327929 371137289
126593020 781891299
202144983 370415634
647897496 817630128
13903291 795662118
185951164 473139470
33410835 753795684
265434142 611840135
21470125 664350671
703765864 704026517
46620624 774471180
1264019 883046783
6483173 447297506
95475976 884533477
30014990 231969470
696901401 748827407
319309277 347356860
174392536 785500509
217859971 872974849
88931429 953343063
93899777 408240705
845500474 964929620
44901936 580740860
461936133 569163295
779495615 972855808
179506250 950532941
46419055 271124705
152963607 930549145
773725995 950280274
759041582 953232245
770783099 877174374
399841848 507942358
17845137 53349640
102966406 189684223
51673532 128125442
130585891 356670535
178179159 756828237
306950809 789737093
49347627 980719494
323344422 480855770
65765104 729450874
684386126 872451415
413604074 783811689
144897164 906701807
73577341 846916849
483244889 709667656
134082273 779405008
131367096 412643277
364075896 931646205
747177372 849232108
98131139 964490748
690102927 936963504
179102093 632570747
546082790 748316763
576473092 610089550
263291770 766012901
393223671 863706621
280834665 859815813
57667089 402641209
575105083 763774379
317960274 910546241
471711797 581252043
297475015 906061467
208806627 978188735
316799797 987302480
275395546 634760070
196708564 863685102
15523429 887229462
114001805 745409066
213296799 430801601
29594791 970120356
405540130 858954692
283610928 549853909
176843473 736201928
104398501 930790228
68882624 240525780
145400223 366649579
53041280 928221894
225959226 723041938
8195819 722587318
129342495 850115450
289582159 812212478
54207791 864632878
345992912 984548326
430143824 621451320
248118257 992422914
94700852 480644143
241875303 745687313
235587938 882870312
59514081 851100814
246918020 767520260
765451548 765771637
53720739 307248329
360799875 790717510
104354791 277421952
563014335 831747480
134614125 180982234
450035469 681255475
139049890 873591668
180839996 249857154
187112009 223474988
134330850 907046412
274458850 897581996
1669508 901258402
319708048 896260320
562305040 827354135
263992668 348924160
179865127 741976911
15056753 190661774
388157940 892363339
128171675 180041874
640339592 694285452
374344359 585322348
36240690 708049882
42210268 924547145
292731167 988202538
388285598 904216020
60902462 781575801
110313058 836605206
252877483 788447455
202644870 486499138
165646467 779275682
244881241 982473693
148775332 867642651
372026033 974951808
375933514 810264190
241827608 969601435
67170916 541372621
294314214 908604822
49539831 817577360
868209096 969227098
137446945 731427491
108238481 995711639
205670296 800739578
49694258 107726478
80426662 807301846
212127382 873422214
103501227 949831981
219846040 839476495
384484297 431973421
396735001 767952085
399204091 524017670
309342757 832008409
103907018 790885602
378842639 881218188
421283151 754651039
76364291 572860463
340351892 989475797
261439226 835282773
438342904 852729755
387572567 393973363
315768334 893289009
386043271 930487582
140191029 780060858
254814266 768568160
5736850 802092747
292030330 543880900
93867200 364268386
16266424 593713487
380990614 410284010
11985708 863276162
579767237 673787523
152994480 900539905
73394341 626362843
391937415 900857875
234799013 492805994
34993118 948286829
11631644 764401201
690997299 846647730
279762930 939695930
268194796 322841090
153417877 342553929
290840758 809834482
657844898 981838056
449090435 718193662
149978552 913306128
194649405 502267362
346210923 821363977
128420710 877372074
472610661 473681523
172775706 876184009
788234613 828494090
15075011 781592530
974602729 977644174
133402774 384139576
90707983 606013435
28734837 829342889
182000078 965085443
500229200 985242900
107968425 846845249
10128989 791062692
614713480 925340489
396050201 439229458
163694827 704082379
304965702 453686199
88137240 315094690
247091039 956960703
270905437 945071588
47295493 748910442
344196019 880392176
81798809 921254935
35396898 924048682
190644742 800194263
860278825 960503130
323910110 720150095
331802917 949218844
77095582 975000914
64690233 900886209
423191614 813327283
6341650 947355971
77110305 788089640
79762334 329568158
232238791 696509731
143180202 725703486
206584321 888538749
232604800 908185439
165243307 845026923
358053721 736979589
117710315 556275993
64934839 590404777
686776949 722458246
527606280 790163974
326060093 846521406
397675323 998541364
106416584 853181126
261973470 509681350
84655947 194654306
33345499 985075628
365276056 985542576
23530556 858460010
425179276 970238580
891626084 949834771
309330853 537808432
111782208 537534689
375593616 434331574
304521428 691608348
320980272 328051984
143169677 913960178
346206573 453783567
41865182 655537426
45588466 476934825
524492218 680159807
396356161 927076926
58714375 164511792
35485563 999187483
67491661 760530048
192255385 794624743
853212808 906710052
255202735 872599494
109453631 743424407
106021509 917947113
104031305 498661186
293857793 854746683
434859843 959130991
56311589 796677652
82741790 886306829
37658477 829376029
821535374 970955125
599002986 873858671
207407782 681744775
156642381 899036061
38954501 724565106
1328017 464640866
40327361 876942300
143134357 962097073
286826225 802967196
218942984 753287746
187662663 897670052
86164742 950139505
98467333 157624078
788056803 889962328
25534635 842856246
185280060 309835381
60021784 288604545
65486317 608891512
538419567 590441054
393096910 791700862
634724737 949040511
97839306 939229504
43912844 283119366
249064885 798779349
286831886 745622004
402940514 876754687
187381845 661616664
295693067 825912953
305803982 768236040
447695780 724669137
299499819 725447979
893176868 984321110
597675510 823634139
11813418 45371290
548303275 806717712
238744538 817192105
43818738 721986287
458745284 498087979
48063750 788507065
59961709 982520623
190429945 978266688
302273119 984221573
184130218 970814860
21090808 278359866
109142906 581484652
385886828 790083645
116860963 883244075
352330158 793173845
29274415 598887101
174504035 362150314
469221701 653309930
43844341 659149260
188443107 828046114
42712779 796148376
406040834 710970575
926247822 999309760
108324207 778090355
325417687 577545907
283916636 888371075
224548932 807096903
271832464 749934055
43236445 780037238
411201632 808721853
1664870 472476316
194982779 990751575
81365977 255361708
3522953 136311859
152147457 954221096
610573853 798867260
18927565 453713980
156505495 382105570
537066000 944711065
116062806 816210774
429498305 514791711
226267451 612507389
826489672 857951761
59234457 651942189
208191666 730156748
283214082 848842980
25343909 441922389
120887223 757457748
67149017 914977925
424875088 669543042
2527910 491789595
371561623 519959154
14442067 284380878
522597037 717527988
462925306 906068141
102706076 566526112
259529180 880521383
252996888 756309120
767988032 775593924
49868212 958668653
41783206 138054895
418156529 574306165
81285840 516917648
441296348 927367423
360817909 534361925
108489766 997124217
283654633 784829512
90659606 986093623
27451735 809041913
152467885 472681462
33325472 249079092
804468311 947678494
112671126 222752832
16318503 81817315
334618137 640310437
207425811 916291315
74691329 807580259
348083309 943526184
37691385 778181513
20758942 322949949
19889145 865641808
328914463 555016989
239787067 782683261
59714362 803405147
201960309 949922099
129142391 914406029
721588543 747707944
202889313 903019357
155241284 442676379
246081526 887662926
17394095 680184537
57188522 965401065
320382013 834611180
334727271 749813329
142636807 889929877
630109154 749066745
537564949 949037758
365380460 960250177
270203337 279913948
319751231 785349110
234137778 732255547
210171881 302140322
291773554 959804022
231024757 383934248
51599581 966777711
32198461 75071935
176217119 866950133
279115804 739826221
183787793 712123711
407277708 995272684
166839230 615874831
411163316 869823671
433316911 911146810
497624578 712432714
20416775 784287168
417677926 946319694
281012234 728143772
194301053 860730329
616886946 664904727
378626925 678355625
118624610 362256962
354448691 774697298
240389852 710320817
234648766 907867885
83589454 409880823
488017327 852204341
271846607 809464867
152380559 478811650
420870434 982500712
551477058 908887760
687221404 952915616
519924634 874528512
154736712 644287592
123099241 973188246
395771301 743812654
5084058 858140463
335095444 507857022
209100438 747653952
444859712 802576971
217645573 427707384
345919641 925774081
179934950 638680957
1706584 114220966
209183605 712699555
229561034 618581264
33062980 977702787
97953316 955401718
575968476 748368021
526658454 971808546
33584410 950597947
251931077 721544249
343232292 808280163
355608220 950841209
338411615 568269294
411358232 532060802
401069740 981849403
413867629 923995760
56166456 862739078
251996550 467524688
394799880 835347043
840529144 904268838
518185224 915942273
166028362 940381773
91948608 579895990
716893884 833780664
289423344 947125301
73515445 744941686
56821477 810629991
207165152 830050306
250490946 876990461
108611168 945946595
279147467 858777511
351134551 926616452
397679989 893097613
79590650 714071479
82408027 948650345
10777943 212780714
20333823 254618904
216961473 983620768
325667494 333955534
230566529 808799125
868700783 905554192
303358397 875106947
207793971 739744924
139634497 936872859
378879789 809503390
97494339 859701958
340098917 651615008
439923710 854451484
309800886 808425906
400687181 861182444
306984067 779566969
47803850 990696477
80574351 227597458
105896792 722723941
41931083 965857378
45971187 186631025
66704037 746781519
91487946 989819615
759457486 862567231
144902377 833663088
444665146 477431906
184849220 753156280
340341505 791622021
54986601 739092853
34358671 199888978
425272292 479023816
335066110 837521503
34082046 48393952
100799281 615852331
399980884 630636516
78490194 337193682
158213386 981585342
429979922 441868045
440620601 808938671
49573388 639318483
66164640 925465481
65473013 841363208
86209241 435549736
93034913 122454846
92596714 769274718
322372478 872474524
390181175 718340529
153387621 765219575
26772078 498043407
53854193 997099628
664660299 977177569
119748948 776249369
238823913 430696899
136581370 805499018
115982865 707579914
14569214 267272776
113383441 834520924
245317009 566820503
258114388 847931431
100773115 826759661
80455142 799789840
140232551 716262743
124684176 775733774
79002979 719930232
80258438 147260837
421520018 659521756
442267628 878786274
540523223 841191901
469442026 689346501
123412782 294941044
40647712 735403268
862880521 936692763
98109674 684451292
260186399 638632896
378159544 978847600
69796174 773187204
659178648 965576870
389743195 881258133
10301578 648571538
128980481 841700281
254906001 331984314
15410008 813701131
19589631 526083566
54316468 375990077
307607907 440933305
331487524 897090695
3084851 953580728
60219458 878060520
145636846 563302074
312909120 629214663
135737800 965020603
103678884 641546523
420556168 954578614
538406630 971991356
301632076 973879290
127890992 803410330
524870267 834417880
221751201 913823537
248057919 746621467
117394252 985236750
70918956 808979304
248962440 817207389
26322958 909660928
132233397 795028595
17106258 808407495
66163118 640595900
142721519 883748061
393847297 529236733
516369950 659648111
96393135 493839919
661893841 975674467
133479942 807485583
561928634 830731469
293934458 307913482
61164878 203063706
732300438 754148632
266313094 438240852
447543009 928206934
413915318 797692205
354523783 830649145
436182970 813518240
246281904 730117428
443569271 831972841
195691323 562398717
270213692 643234331
343122002 536645362
420577055 916734642
223358732 600138438
577121725 880530175
188811201 778405949
69768714 933512790
433867460 504840524
443525783 805011206
399293139 763113172
97344039 712493619
89428732 754726957
422228472 910231773
15109258 914472395
524685056 682319882
331346160 804929873
339627713 873805673
87693391 483453405
236414742 998181529
158178162 243233761
315556949 765288658
845062299 909312246
788432334 918188287
19490673 779322575
315375815 921255483
96533992 764157996
44831137 711850961
624735882 676991331
88806818 988077046
342109013 625163925
381817913 386940149
52548938 800788710
227588385 775683926
303560610 878996973
696903516 779697670
55165391 939722521
306810641 844566891
49170602 773994433
162177424 501845645
413999507 849469970
258081297 933001553
130845108 807253897
305924739 467629496
243064178 876436127
136388656 276691513
70618411 247288239
148163191 842831400
241952352 785559294
17158491 400645061
8677754 836943005
161928385 754168530
93723360 832640610
15938789 961156657
236720234 525823352
180065072 891590776
144585016 896303339
371261943 908811990
121069019 232456048
104516144 973222204
934378860 947250414
325590117 739821152
254474879 855190222
87646269 456691258
69407340 186254119
304968292 716953376
310739124 735996768
126876807 933677825
375772549 985296719
14254425 315935170
294504328 844327343
16416071 805025787
700313 752635037
926781927 996141603
169689362 233605630
328813141 996375956
440986665 796824556
298412027 735490992
414170580 885300404
98980795 326018402
382054357 806375797
115620880 136242314
114582096 898191011
195051765 818124748
161363521 272949748
96932286 933306421
263063542 647551904
746606112 778455568
125299208 707578355
313219686 388362749
207646610 532855706
470516116 954252721
79530415 983369756
494767402 713869184
426877841 869017477
41317502 769825162
188549069 706147563
188145716 364372649
506357907 515380048
14293492 412756736
149480314 382224411
4565924 894753864
71708398 719997698
133839315 827230556
63759958 393409984
327696436 570117864
908790032 943712801
356469536 760336543
10340637 55826690
169007446 919687530
492201580 674898115
249548208 809150848
345001220 859523332
73609341 408761177
105449668 401305776
347899845 718840451
408661399 901730846
19492042 716913776
299933473 870609127
54008732 277930384
34331432 772917521
754871339 971670250
55305075 145621406
878614855 961830159
276068142 795933389
1291921 736110411
40113442 380591443
300518010 947934869
434473914 516236585
819016147 868360043
87909778 727180349
206977168 676570865
152079735 956846670
374200037 465363803
67281050 77200797
76263114 829562428
731998138 756362070
235488181 716310984
72957867 860162478
71439803 354794937
142938168 826970996
263418362 980031824
139476159 924352729
285162378 734546124
54090860 437620221
117107568 628448636
202518292 837907338
16127749 948206905
397266371 741276004
472408438 771458864
62116689 997058188
209131175 382962262
14086358 705486267
91125706 903429676
114449722 897248261
338758328 956349332
225581852 640397247
265541711 287698540
344009673 892733675
95809081 813137031
441813954 766469882
420744496 989952438
245512599 293824096
611001844 735904380
138945410 903259462
568912845 595738960
100388709 742145988
286955418 994282650
292880642 926427622
67035782 324926750
495918267 973852627
297583983 754180626
136970594 957338568
139176545 276442363
202869984 723689702
27749355 52879239
388812872 773582602
136387000 857612162
111264791 745887287
73133684 948791306
413128141 999580057
4760296 8875713
53162131 876500582
225229207 959150529
374232570 828801305
61050010 621739472
419508236 490415337
43456908 82721898
160233915 939578602
156018074 912691167
24273116 474423864
53964398 594435933
212337888 833136614
208055657 885490162
493460742 996405316
213731819 893526274
51999632 704725378
44110474 452493298
928345685 948102300
133526853 905058250
128024119 479503946
373030220 720177668
767684563 771151560
259890707 672200546
141011925 974255943
135475591 894991842
168528231 361022162
112647958 884781163
414731872 450312426
292267716 800228946
455279813 759953577
345225185 928808258
95469595 113442777
496574264 499217193
43976715 107620970
308175031 969095985
109515083 155299697
84107955 447090422
67213674 315744989
331339039 734600514
196371021 880953014
242732271 894776474
314170907 806888465
309452489 950027550
322454728 916418889
77761745 715858288
121567304 323546222
385440417 924847332
397657042 722930792
29730955 88103325
66319992 903400044
145446564 328356832
66721165 275057621
25421816 786304799
530731088 590196563
74483086 131713662
342364222 542089516
361669603 942499360
387132290 735512448
122973774 265070457
134603433 920313039
348771946 944213422
101116045 853253160
520681972 658522063
182117921 271884571
142927518 790179991
293590209 708880985
481710376 998182880
250904483 824923043
139145712 927631167
246982578 826337855
499908019 853937877
119278038 750812501
306872730 739030191
182250967 446018441
519177709 582676560
208315411 795161492
31332833 982960745
121581708 981369501
713161498 875637306
131863753 426363107
149095331 825265633
332511056 908681544
246199575 940020136
469941668 979681709
254074820 714411436
150299822 164261150
417349956 784194340
398574358 908056154
25905515 972360742
264675565 568876236
297358393 909049682
475977469 510039892
363562302 799525499
488858025 780912257
436236190 887432383
73936242 936380155
285592963 686009634
340329719 761570431
33230283 971201054
121013526 845564829
206617019 583210012
81640910 806554821
263983185 856792439
209860969 986289341
299974664 784361682
193067124 511741647
232468596 402928092
350547340 559368751
427634227 706135584
539255676 929537439
237782649 853367708
8213604 975022271
521393795 734168606
178714110 949028021
426508714 868556166
37267337 626392888
33084361 411177483
212721856 653382034
379222298 916271612
204095829 802892066
39379186 741893167
30577374 790961284
151356492 800196365
107026519 186804523
431764332 739494053
23217340 824443615
483860231 719302098
722571803 958540017
257661070 829598321
439231405 560409413
416668566 723512089
152419817 931992681
853349986 907426884
13528292 369116810
142779081 231861021
401606182 868138610
133776372 557096928
612198770 723351925
498892400 535374423
413926754 758656434
112187655 145834198
79334527 300236574
422259125 928917610
51910819 55815454
216603921 997624400
676345614 912678779
315816769 882986736
266754566 336806617
123898870 835685350
188983365 903398194
641466412 943947928
63563684 217695853
131759726 841471072
591448104 843370250
84278707 830694301
178547816 880588512
461151313 551250933
397935896 445427391
392722005 989384000
141313992 743149723
470186175 610063322
13844482 874522765
266691657 768188043
792767857 830847032
19223442 963254422
611443147 664507650
544336030 754324750
40579509 916934355
417606135 478874797
98399069 846626383
78286834 970138862
22690969 730115242
12486186 292813455
61506391 334460157
656518759 820736701
59225130 107637223
288177191 847513665
352682322 891274752
70319534 257531845
95746746 833156194
373989447 980315100
780420538 929584357
412478601 484889788
133521713 248947829
276114972 706526118
62334960 983590117
332327535 777581807
343055731 705210991
95350323 938058390
448437571 827627391
409243426 962428649
321458987 710360407
395322306 745923349
78086367 332616020
421474420 747480856
10298582 814658073
441986733 913314961
171308449 707427513
73223301 345490582
434348982 853315404
275453698 708339754
175654028 673183418
66338393 520335662
344074370 904895500
477930177 853559079
656180225 680269970
14988730 287036765
678898229 792359249
502648472 643141438
175927759 707209888
377213666 841227280
705514629 839318442
86143770 645991072
147883395 701972584
41955920 760113250
144364430 897511794
284482247 786682432
48038338 269205673
53149122 107810868
149508126 262613356
34118893 769070514
450336510 873667623
88145946 447217291
137413646 908178015
30057421 887673372
761340994 843745753
14142619 770057570
126455210 995427365
427444558 882055016
278855016 592459738
62122142 677424195
40611920 795810497
267650639 995773227
71190981 848796874
110566089 810032355
235558192 812917320
96075757 843092313
353985642 735470196
275509192 847751484
338751310 713567214
661967679 814125484
104008758 900580807
580794845 584993219
55807491 603836545
14569789 54126487
28571863 899694824
2110543 894396797
91672076 116017034
99459244 903131025
325359085 836111284
591758660 828582604
56035557 964801553
253488722 496992981
16241449 170934687
76399958 954029817
447769445 862109124
139443803 248709108
438198541 704923004
414478303 619031796
91004267 762012894
52437878 791965678
291276957 877097043
360907548 951597297
561700649 738462602
258612127 810138303
374925945 935457186
30964889 205972866
327011832 971672144
177645009 796664006
414278105 824704931
296233317 433764510
89921919 623245148
405436653 645255691
294436048 495427036
293752253 773217796
402617354 911024601
120116075 791101403
150789133 386910531
40437670 923259258
265291941 838991780
275174026 933804362
73063909 802894603
157244732 741356351
342788513 894196565
100240429 858267303
207127529 829305744
407039817 832067208
109028963 963602282
264827301 483121716
2113177 924634372
155861704 851119455
267921204 890048093
98345132 838075646
326078346 934879783
57524875 452511665
590172914 653165443
45461643 861433977
144497833 187381787
227881690 516744204
207336201 568849806
391802554 412061456
6121487 570397251
71358130 888816965
174624909 824101946
248009026 930458751
12404498 960333009
34406556 998402846
230745617 579216388
268524052 953737319
224416817 949483126
558470398 648439927
162095872 781145748
496712012 626691558
126384802 361126247
285684978 834406942
25301049 802483590
248825209 830908416
300005208 931128747
366595508 881263704
341106431 873800219
887371262 909985048
285720319 998414582
577212615 652315827
402889069 975018416
76202795 814319305
133450203 858992344
460245397 928217718
282037312 884229288
352104686 364161980
30997636 173358227
366553046 809992535
63861044 351277374
182637105 824060579
40738910 367013465
881729079 964403243
226783362 849609233
42900560 964390819
223172136 278884627
400094456 715941118
81740497 789067284
100883548 963469575
100766106 988359409
63898861 723178767
382240760 998155709
364762402 483124307
416593442 926275258
116635543 725534995
20990673 928196771
176864080 765374749
734551113 800079315
549746586 755541785
188116080 943212690
103275879 402824815
237806536 794961877
363679225 944823045
193711733 972613751
78886855 797215577
444693806 905005745
105039459 949480268
558361794 768410768
195720903 644012304
311967578 877719950
120429961 358195662
95262845 934779167
889876770 915697857
72489159 446092879
62937002 485454736
579040715 661637418
335411165 792798211
67125206 947257182
148356269 763555580
417348089 433246393
769587511 967406955
36360178 199354289
146611470 725271499
154537178 839092520
196054389 788094362
93523214 857913992
40825742 67712889
353823009 912687286
102925699 909122595
100636849 529996703
142526227 965464980
82274822 705989019
95614931 862950771
147152938 960322635
193629279 919093385
1953321 806730284
117836898 888429214
25073871 869954917
35939646 942099082
68716861 856762240
224163377 867895810
463957226 533583423
124722435 346477400
97579350 815441761
198442500 763801235
84824447 848487839
19538720 978977555
44223369 815003546
431587628 832327298
98592051 567270804
398764710 842081377
352735970 830076969
115357625 929450990
70932395 870635717
35522372 744980679
104761545 711016192
327374582 842983414
276966084 433532735
407659126 854299511
377926933 835677209
252597223 927069527
338490490 993355168
426887902 747467693
124588866 783271845
344439634 463079355
443083202 729803614
26843274 520114235
265582323 721040526
30609666 42209334
133758422 719106384
239220618 979506564
287438321 731717094
245946837 799941188
256418593 547833988
101206553 245832974
641656874 743714230
96336118 767284387
599307303 716048896
320080606 940749533
42103404 566027443
107432076 727975090
128325429 792862625
503395277 570885102
61155043 457118182
7433606 760146471
89901797 780543667
43630653 914097910
23101936 935981473
352136212 964582883
200134472 359569817
331895149 731341484
91152668 838829444
234573663 788582355
69527650 710728885
230365613 931679161
415751427 841906296
54111492 767887638
127457455 236251234
146745834 854774394
417971169 736764363
29614579 950371987
294617183 443953107
47030215 944115156
40257721 557262532
100543322 909635834
423550322 735767327
308780879 802644960
435821694 871386164
317059619 889410930
313016922 811529610
48672436 185029470
446119376 913199633
100906568 892010512
288414337 729603198
215830509 967172648
28229027 876512367
85004266 984222164
83753433 840306834
194088399 984942220
23726753 815216058
35595362 891514326
520683807 648921910
94230581 302846416
142993837 878491906
90544621 767886230
150532935 876613012
659187115 940412689
608145098 793815810
46247914 754707693
571874717 873759021
323977209 613298780
867490118 989348690
82222983 774273281
408789239 665504519
219758584 833180307
391779892 543735792
385600833 965770583
416017213 921175444
21763403 311315979
128414983 692511507
82926486 193906340
186736590 822307531
255543769 961590393
670175986 743655133
128641000 786982827
560674622 716283371
87255875 759704861
187898309 376478924
49478047 374634899
188741643 721478792
48676947 317382642
110906513 770875201
170673109 972947366
55977609 187615170
95713969 808968131
369565196 773801671
490207863 957512854
309303292 785964084
366333307 984381480
387250442 985674804
16632250 843862090
395888834 403882691
829536893 867306206
398032892 868551644
391568617 894041743
151753915 712230776
637510386 738268493
281718973 422897873
308976710 629927886
777732654 807330566
96248792 161959354
114287547 340333761
361910482 925678524
77525359 959120017
103405784 842140107
89396739 270374554
278879092 711492426
133298711 758388377
164618720 890683531
80325518 92383619
128304022 872074156
113049255 682180285
199815769 825447502
68494677 604281364
449435211 783461883
167574989 959787585
439993494 706246115
25662634 236163910
367139138 684210393
461287898 751168762
287637731 823689114
43596222 711644707
30376948 858307745
327731316 673679327
141303426 794059062
62039671 777225404
345961524 949882331
552465199 621080094
33588538 725318616
262488584 730152795
104417753 391391947
72661413 611019409
71100107 109868729
195106435 438150769
437382625 953758121
85730243 975527432
188978848 973661487
657468243 768868932
385511435 852574677
59536052 409107571
162686047 227839614
34114086 585721861
73135531 649917272
162364127 920995483
357735327 819832369
221726207 839612568
116183316 757097595
144700134 895347634
34318336 745424822
113083576 901258609
748217340 891682936
225938918 960129698
338792327 707881525
429189808 984922375
164361159 763784290
404408885 847398622
371065074 933253905
181860736 202029501
207420555 891381351
441507210 720486521
102056958 854625151
379869633 844153550
198253342 946697588
168087906 279355345
297463070 535828102
127180611 140466425
161117831 227477559
786456326 865537438
70040810 992745692
117173284 177077824
366238591 993003665
37225365 729528742
114540447 255980307
261191574 433589860
363725844 945275411
243424807 960992911
413742224 718277646
493788751 817551397
266570485 383530467
69449132 763663430
437275861 772700125
238171823 717467828
199012796 731960574
263365918 931259422
126809966 605356302
238715452 783427385
68531631 886540715
479806878 671735509
121633596 826925841
289400744 844458363
60391287 818472157
273377035 897922965
155111679 981546952
98823966 894833774
16258842 808279898
241621857 957269287
210507979 826924056
282837913 431925085
104764604 940620073
128365306 795675733
138443846 923198937
428823702 864064502
634983279 918033495
380718195 839576777
240238475 879635423
116560313 529232595
769293880 855421756
169631924 890284891
404680854 752233450
374206171 878422791
341167853 835792530
118996027 771129601
373386690 777930601
662653479 973156621
130624891 789239920
27551517 75539350
166218880 896167777
644794033 699979553
73344792 982227192
433404125 481142114
112408684 382439180
359888661 846363759
118425237 793292785
28248317 31730393
482976827 834876802
244790316 689181151
24315804 500266992
319790256 957789014
374082116 631846467
366548828 736059951
388427989 971568474
244683286 889152699
263579551 887623140
131078155 861510436
230557656 787727938
124599296 786418590
6839128 250116808
388216228 972678518
42644421 120501050
49144108 855717556
241614984 863751861
372342803 581471945
463121676 535842889
290101340 805571448
150301318 728686577
57566118 716384458
299038094 448771827
85961005 897390681
496725768 551300612
19457889 749594291
356164619 851367905
303021045 968974573
609807725 762170243
306888723 481781965
364280885 663053341
299156198 773891694
19761588 419185954
313501318 940017143
97229697 472906392
135959733 607465328
261914471 969613460
333169924 575415788
450859773 905347750
228897845 646819901
72347049 913797399
413133651 878187571
332511133 542630622
106971185 842716491
356452862 909516015
103913582 566776375
77289463 951503072
317113343 851345934
132145849 937004238
63080949 354629871
846672435 911119035
122062920 877836155
415825424 628676507
565789933 577455802
389427236 848538488
239770799 741027417
442544266 729242630
430297469 979987738
93652748 614685878
417065771 521523829
78503477 819905026
380135196 992950484
795599418 919738012
25995325 788007253
163109047 714694696
352879134 550938285
49815112 333923394
262504527 929917370
384239334 562812667
619929507 683171672
180714585 321013066
513809883 906037561
337267358 411085252
227517343 909904574
238028512 464273028
325233592 708067028
810249393 945163098
115249402 487804333
291423060 829914857
23905300 561622209
406982256 758959862
252420976 847352656
672885402 913754725
370046163 436139246
253689135 883133508
406955205 668096823
59073897 840681476
449379273 911120169
229425548 713602334
137376612 336014008
360589678 978430022
31573319 830715397
118941775 260998866
261792925 801325065
362050326 944524814
585713551 758884407
392768740 873972520
62250703 788305085
80212278 656143240
270162704 908444640
275933982 641505917
321308920 681598748
244319436 953629501
182845548 855904001
96461937 834507296
9857588 847161006
141311994 741296942
422666383 874124921
43864210 785560595
231146011 767766537
4773405 835852984
94067096 901153966
389060196 705075941
77632773 417470383
6127282 393362826
466699402 765859000
64025345 972688454
20689236 209876237
45729220 889983257
365628230 818006553
7144930 707290775
111666331 294560894
45755577 804149157
141290509 829137489
96034742 776782515
259988152 269488389
344999390 662128527
236615171 722286793
84776509 134887099
46575990 727152391
141043005 853704393
424780695 739758461
