134 106
23 260
3 202
11 195
6 207
71 77
59 249
20 158
9 251
2 278
26 178
14 242
14 206
2 177
125 206
20 238
8 201
26 280
2 215
16 276
6 229
7 169
98 296
86 151
12 162
18 129
13 211
7 247
149 291
22 216
17 298
8 210
3 256
19 182
20 282
6 261
25 234
27 236
6 189
112 194
1 195
11 250
14 159
23 206
27 177
87 171
14 254
12 277
8 298
122 143
17 165
11 248
5 282
17 254
4 188
13 241
6 280
21 73
5 298
8 270
16 255
25 263
74 110
16 197
15 255
26 161
9 192
27 272
3 173
4 279
27 263
7 287
16 246
20 277
3 216
7 282
6 174
257 292
2 276
10 296
14 276
4 182
136 234
240 271
85 220
15 280
27 207
5 291
7 214
9 236
1 218
14 289
15 261
2 217
3 272
176 232
24 164
17 290
11 226
5 192
12 212
12 169
12 189
16 175
19 239
72 221
8 192
20 250
2 203
241 290
25 225
211 212
25 295
11 222
24 114
7 199
5 298
5 250
8 288
12 248
8 192
4 262
26 202
13 246
64 296
7 179
66 86
3 299
127 130
8 174
2 195
27 202
200 267
13 160
249 284
