160 69
1 123
39 270
46 86
157 182
5 202
194 278
58 238
120 286
23 122
88 283
125 145
22 205
101 278
85 187
207 276
85 292
41 98
164 212
93 293
142 271
125 297
43 295
86 152
174 287
198 286
18 20
63 294
153 236
123 294
45 279
265 280
1 108
130 154
163 296
133 279
87 293
140 283
54 278
226 284
6 139
158 291
15 295
105 282
57 277
123 253
22 217
70 300
55 251
9 81
178 294
31 275
78 137
141 246
77 278
75 283
56 157
169 298
53 271
24 179
162 292
55 270
67 183
120 260
8 274
273 295
169 288
87 285
60 298
102 158
88 279
109 269
69 103
95 117
29 98
252 286
169 219
16 283
165 296
33 134
18 292
14 187
59 277
162 281
147 287
26 284
93 270
5 275
20 127
53 283
186 268
58 137
68 290
91 282
69 192
134 264
70 162
142 245
33 161
118 291
118 203
174 283
176 242
258 295
64 275
195 270
154 278
184 296
34 233
81 277
115 288
41 194
104 273
38 43
195 210
18 296
177 295
188 299
294 299
2 42
209 286
179 283
43 192
124 291
30 211
167 276
64 269
146 295
91 170
13 256
198 295
211 242
22 193
200 244
63 294
49 101
258 296
52 292
199 274
130 298
253 295
247 256
20 174
150 296
52 278
114 300
197 274
120 135
111 267
116 234
116 282
8 62
126 280
202 279
87 275
147 286
23 269
151 155
35 110
195 232
88 208
