78 54
104 200
136 182
20 209
133 273
34 257
33 295
11 217
50 180
74 278
98 292
12 88
107 194
117 220
16 202
81 173
150 281
197 213
120 234
3 296
57 282
117 250
67 119
4 250
24 205
210 298
201 211
100 220
69 290
210 279
136 165
75 263
117 274
5 230
51 270
259 297
27 177
86 163
41 249
116 228
137 178
5 173
153 230
61 245
24 87
80 211
188 253
108 231
51 235
178 294
158 168
125 190
28 252
135 229
97 280
49 164
79 246
74 194
2 256
13 256
34 256
64 249
102 164
114 180
9 192
86 205
73 279
130 136
137 214
16 234
75 274
68 171
154 239
110 169
150 220
36 278
31 253
54 208
133 169
