194 104
39 295
74 141
190 200
203 296
43 195
14 227
94 259
52 132
5 209
26 213
135 284
5 191
102 281
12 121
9 51
39 150
136 156
14 215
107 228
105 198
77 258
73 126
81 255
156 224
122 194
131 212
21 183
15 246
114 260
5 300
148 243
53 231
202 253
23 206
4 256
8 253
35 261
65 199
48 298
146 215
3 181
176 259
121 251
91 232
118 195
161 279
181 206
42 277
193 299
130 226
90 184
87 295
228 257
109 119
99 278
12 275
13 289
106 263
105 222
21 281
102 259
96 131
59 240
17 66
19 261
62 247
126 199
132 187
23 200
4 294
37 207
111 205
75 225
123 178
88 206
102 271
114 257
108 191
118 288
19 63
250 300
115 230
36 204
68 190
126 268
8 167
101 174
209 212
108 251
85 290
112 251
90 212
124 237
66 292
56 224
95 261
69 212
113 286
49 219
84 199
102 249
60 71
58 180
99 219
116 295
11 74
24 62
133 221
18 80
6 286
47 121
70 260
81 187
103 291
130 299
46 285
145 268
12 212
134 237
101 281
62 209
10 25
57 233
192 273
34 270
138 281
63 252
86 224
138 244
11 220
61 96
116 187
262 300
25 249
119 265
184 199
85 211
25 204
18 38
128 135
58 222
42 186
48 80
83 245
103 278
98 245
79 262
56 198
176 257
65 147
15 284
12 223
9 270
121 282
149 222
143 267
44 203
123 222
8 274
190 240
4 274
15 249
143 219
170 278
6 278
108 255
118 274
43 273
137 228
11 194
83 231
23 160
133 284
179 283
5 221
39 143
36 182
76 214
14 258
17 226
66 234
215 224
13 273
27 265
60 155
159 213
5 196
13 218
186 231
106 172
144 171
20 222
187 260
106 246
