2415 1613
139271407 962526856
103860098 956613813
449354020 802706185
141070584 895632884
124112295 876461001
206664111 927932241
117039793 925614043
116839343 987397410
65808851 74357282
272895347 958459650
119267918 958103224
140260851 961737367
102758917 881466513
170108596 592494148
29805973 899933208
176152711 912379319
44944207 994968712
113043624 972611533
114266943 995616969
116832466 947677773
933936041 946837801
197023111 512606933
337734817 351511164
33926 986348532
166813530 940286370
123460868 974751628
175979671 985408777
411104631 563765014
174141257 636117158
877468122 909621620
231686049 964649982
90154145 981093693
260162856 901449717
245281883 892798920
68299784 969776782
99056517 960226781
156525712 983399306
213162957 961246287
71460606 988912832
25885695 928797904
222864205 964313729
197991998 619203852
289492364 888633907
124943841 975683352
264881528 930351734
412088409 462873525
209804023 975393009
217927583 975863360
277258457 799930911
66686455 883932217
117251952 959534098
69043566 975384791
3911528 870742084
102719108 870532848
191398938 469553912
272463092 998257048
230653829 931137958
135776793 896524061
234251269 972666857
19470246 142602195
147020070 959389690
323433705 485681087
150246826 950155061
228609534 918173011
158411851 862238265
141428186 940213109
247778590 858350182
14014858 992207541
57141169 977184757
15669473 943426665
42982093 94037944
121698877 967638750
350567464 746345393
552497937 891328356
141187006 867511818
568788669 854202788
36989462 874799857
166339450 889589718
443051108 777030298
215040886 937129523
13390776 869505825
21266446 987403324
22000084 991925276
105983267 880029570
126462402 885493854
77711974 990398792
425356912 915682547
230461935 896021471
45255168 747625490
205630805 920753262
50925378 978312443
11041427 948839568
45449369 930659388
111571779 910122753
257528127 792415749
153183832 877798410
148955802 889676353
36498128 959606273
147913412 934169039
212730543 971461442
87747099 645101287
281740568 910408642
267110115 922861180
804857368 877034965
129284265 938344148
134039549 982778632
123729792 497012415
123636485 921517335
472553575 986777072
460300404 649693930
72066555 904020980
61220108 891623126
176073583 993390577
71952455 933361252
116126597 900179810
62681357 129430377
282541199 985242141
115639705 981609891
274068082 935276576
176949047 553458676
25553413 964985328
505431228 800494045
174293400 942227691
209149122 644961389
116869165 897886379
37321536 968067879
316550231 752709593
65648716 894915425
163187690 937692142
99044755 288139190
76774221 877421633
111464873 924643918
155252117 920413767
131427755 564943556
48429169 953986137
2756608 939635373
65479838 948943577
115893730 891430555
136214984 866357272
190951276 633764955
127148267 861942531
369971771 561799379
130677946 922548351
124924847 892253792
210983148 975674985
129356421 999809558
21921450 931361058
54555290 887759518
180368170 994326251
152807687 930257836
105684187 877220079
101439137 927020950
375090314 522856829
297368390 544594066
45493376 867483227
131695540 899038825
35388690 863974864
167344945 906906952
39093350 114845134
872176898 976156530
190122445 917508426
288881662 979444169
113823905 977562019
205007052 979071151
163070761 999512209
293417384 942515475
85944415 996198893
189901563 726211907
47426007 950551491
91550143 923785436
50096836 920797364
157165560 866379044
311099666 812032786
717417894 998654857
145304787 951359152
127969402 880426657
918782482 963315204
92442779 901664667
98449162 983916443
20243685 863894417
258735270 841162719
452080927 992030642
268675812 901220959
212261185 982129014
113401954 947092609
67132185 943979703
91468988 962509847
112450518 815341940
225892638 951239028
736509083 814115691
58128086 948102503
288795531 972243925
161512038 997001388
117448673 955755284
228490373 493110342
71626463 942417337
244072757 984425211
90082756 905031336
137568022 898057846
172669304 425326382
96309720 104120940
121033091 211599723
245560962 942160641
234079551 883752646
94365231 990921475
148574167 717934265
134099844 652880067
17230330 784124147
141251001 913173110
169279463 905950886
266299672 796806659
57198133 857590461
289458847 880610072
270109375 940309184
195067678 922716687
4056947 940431357
523082001 902514710
1340435 861858776
141097233 897211555
30448109 885081824
123787142 995835024
288282500 860309673
214950207 876419995
82287220 184971351
79814542 930557088
83567694 886551943
200664241 882320506
233446514 903501125
82368510 989216067
18191776 943565008
135437331 844968355
66543328 959185645
111483085 899207275
787050813 974093927
9776812 955826693
44859938 997597282
450685361 570101962
195192476 968365237
65823902 943015848
76541613 937300588
111111129 886805733
86267757 882285200
133504351 934546202
93477534 921834416
431592463 491035643
223817133 950869963
438134113 546159195
133261138 935093051
152808348 896461198
282212700 893820107
17543079 891374207
90059186 858547332
115783441 891661155
491102754 819717713
34104288 894034295
160074284 960492787
120523904 882873119
112793692 901102650
54889875 986017673
684085121 987612212
135289257 196915754
79342170 895683807
10916980 953726717
116969294 915495302
918346921 923237380
289693826 994605750
263983820 311572770
129150279 893186467
519381967 980382419
54762242 858970620
123546752 877342223
246034335 915949020
54844261 904426360
203349248 899501428
327441546 794456483
171069255 967572586
475658906 935220429
120108059 882305606
282860905 947675924
122518566 888900424
252879552 889440324
1728034 947921246
66415945 206999738
41248244 983967781
108590649 897366066
73703084 959112257
78457141 939896677
230662619 947889635
145148471 988760977
141881144 992282977
249350504 941186830
719016993 824635442
127778480 859282737
17632945 27645256
77079391 926448669
6750166 867456642
39782220 924613421
110736612 273048163
228009021 863557418
774937274 782306896
8672659 930140605
194282278 959334304
240571062 982880676
51289012 897461186
70322963 713778849
322054151 609816698
244349810 882176749
66488489 976189476
71751755 864680560
135286616 903159216
43094587 118009945
147700463 160958983
509582268 616191627
448894343 613640736
153699433 993271573
115033409 931840329
120644883 936999018
225575091 944831085
187826190 861265738
91044466 864074650
13731070 882821256
243797135 875579369
66630067 796038175
310275443 415575081
173180156 933784220
98223092 282919267
11014987 724064393
295191537 971939380
78116574 897414186
294203794 813861046
284673712 937043368
283638524 970740030
218263321 897429179
316864733 608608043
63525685 867738684
27054542 962293918
253939118 895192398
543081134 613862620
128325200 892887732
573146451 856489788
213398677 969860638
9998839 503849917
555747098 700232229
189539311 939200792
82628082 911985613
43551252 993374141
351750153 702363679
216616061 883721439
110744 991219255
223502399 942760413
24222764 981163021
100845146 991932051
70355636 303040335
105891011 457959503
277793860 881607138
577076539 683553739
133167697 909303051
826169759 846727206
181908040 931908566
674036190 887954866
5363581 947584466
126169301 923028812
238533992 934406829
94000091 963923550
262030060 918275779
141347208 970602786
292376966 923065003
126450126 888055590
44988501 942416571
119975946 637793122
293214559 884419349
51190237 914816735
142994190 889084930
176297814 977784791
140200626 895101571
284683462 889431361
559143075 917778268
92242122 956878181
55320377 701384993
213389830 866755806
70208093 554513491
1046141 924586443
196594204 962063820
109891967 895252373
125544421 866522142
74201639 900544436
294053029 979043365
157894709 889022214
190821040 982888379
384873255 978241708
194838668 965304395
674713746 744784793
45559011 989518124
83652942 982309168
165821582 923006637
196351891 920049554
568879326 714723603
212764077 886611683
106428274 979376334
231202023 878272811
274817301 958885898
282773601 896810532
364332108 924748279
249320737 347617796
240033591 872559588
23627595 874497207
176826614 907923734
193442930 989178163
121904833 998410579
8314418 943541558
137550537 916217341
109142515 953597837
204231822 921798199
195536140 881497844
232670666 586596395
307807952 801101341
198102550 871479602
209042330 974828436
378135324 852125195
152551223 861792788
396172051 721154415
228387844 528212476
50427621 922203182
116929960 898679778
23423903 922004637
123871568 857605134
75176896 800547912
127161648 978227282
98855461 941129957
41687030 857927145
115509176 906316165
73015793 861284029
96808695 643922047
50677950 68522140
115417533 870050800
519279655 570842288
17603860 986916545
105900282 893611374
114045191 573658497
108403311 988240744
92802991 993629791
357385855 777442874
285716314 974638928
143027606 861557643
163674422 940824792
142206947 953965728
150403726 897319578
244737495 893885187
83488633 860825815
36947174 887052957
88552383 392390928
71374153 913760350
13011847 962901170
176657078 941900053
65127802 267578185
182063246 930041827
92886453 771631792
147562046 634046769
283104526 961117183
168196595 995024579
250182745 918654982
103750706 899798098
139628560 513737184
329979725 487325098
227967532 928317581
437350735 469296395
36088281 897625914
238592791 958471975
150011579 857296972
171479811 878714632
305890919 843842959
27845354 984766280
715997263 859509718
316912518 857163019
128955851 874890973
686056943 952985801
525214031 655423035
39660600 901303856
239006641 976895257
237129168 900089241
165003070 901318116
122840386 972422791
78969631 575953656
126416013 994471506
234161828 859539690
98891134 614552264
79814824 961029523
44008286 860076968
259093247 971269436
70033125 943459968
108281331 991147476
28013219 910273601
189426303 794104562
207246447 996425591
124813532 283455502
87885239 896145702
78098716 151672964
229387644 979075388
268788178 317272882
22068261 435296237
221697584 858838518
292921594 946221150
277384253 427159457
106219749 707177054
284824989 972720446
279829461 939503164
283130178 940229504
252659875 929383443
591733012 861474214
202233339 628221261
267927110 881798424
61829147 81675619
170790708 928490651
80420033 137630641
542564 443189685
63395745 859413439
340192329 436121208
128141849 966149933
243173554 984115615
252311605 890055564
219708552 867991831
57271005 954944985
276668281 951070871
82574297 490464156
99723368 873729703
50753290 940642218
264173915 895167797
69522477 505639793
228654750 274270861
134215972 972958095
90312501 991952744
60304845 998958355
99809580 881365134
185123455 945796806
147660547 865817835
575185345 936219346
3170226 915653794
20757760 102979805
64737824 986035127
142353853 939752470
12356673 931970889
148956401 881061762
66122845 889274882
44743753 967202758
122142230 926256234
55529964 908365767
136870870 552053292
118607418 999740783
15422896 25160326
898644321 940068122
25884675 939498394
65813860 912303955
831489505 977865103
132080857 919268322
44191204 907624373
63008847 899095095
191417089 950236062
147866728 238177810
227888768 997771913
88466074 287379046
114310515 945732265
70526450 865799154
66728904 867170780
119069236 886959665
57077735 543893272
45227406 862167969
261198283 919700009
3599850 895739839
159181279 975827217
124759086 946674404
143580431 972562014
16202227 906858651
81189306 920585022
386258414 554333736
241682563 986201155
655898954 955214289
86040356 869555263
112622503 867330659
147882944 906325276
200110375 894034752
235770169 947398535
50386981 943147260
113822465 962357830
120050725 989068154
878115464 882896532
142372333 907418387
144580684 419185557
12743848 913102627
867143400 973583726
287825948 992353685
168946899 853159490
121909909 988169440
17680522 974036162
1504254 901106931
250674931 586052188
153019468 865159531
614867306 719727770
93818312 992602951
7676287 958708900
95080906 945494189
263944980 970756602
377073 95973791
27538893 966941203
38389161 645863267
36812132 356597309
109408183 987873183
182923572 949306931
570035702 866781290
247918851 943661673
1335781 905062171
867329884 972904482
4959685 996373756
58595805 998138176
219673567 418576356
67118580 900652245
108219062 478242582
18830322 911028027
44710338 286023225
214095898 959164781
95649325 892627771
46503250 867593106
132495761 973243332
43891780 985743226
73806570 913975721
86312394 883823027
133900935 611627602
105403181 954980043
152619580 906362508
269738801 886025152
231258430 962368203
59652671 102081773
193284750 999627531
133884504 915071325
279753424 970318122
89012250 875329700
309823184 443326774
139436080 909778190
179593802 958345439
303165988 526720132
192878812 893672475
9634369 982637629
504454194 589809681
33504017 872574983
64217724 903573614
29873119 875069541
64741411 937862277
98927202 994031476
493884207 818158242
213839223 897824410
355097764 745631674
673704812 777141834
401988837 825399245
65373525 932008010
206682379 236964155
438748987 443280246
317150147 448916399
170491394 903504372
202094263 885883968
104228679 897471167
270334878 934104593
133042597 876606195
10431588 869037567
104636920 927258639
101059112 932297927
16162046 873546025
82617353 965224522
508683395 918087406
850635181 907420248
293964917 903597673
129768072 936039851
266811529 992550564
899970811 956708776
77594945 887346181
96707664 295698932
99970314 987970189
488485458 637284187
102783959 898772581
277688541 961657916
18245052 870915265
161331167 873149705
188335736 987135546
319464645 931518129
53186664 890888776
262999557 996639817
634993487 900711805
120115643 318513391
188007941 879807970
159119558 980240682
413332854 986788423
187415748 923287596
269918861 808467622
78318904 922318091
139290347 933414662
51855329 871684794
12094319 884858108
123042494 955106865
99311893 994566769
44324286 967965140
138878575 931692688
204711923 974978056
186244432 896242683
232893999 886947346
264763657 893073654
16272090 908511923
86905648 551075005
10216689 961792190
107101178 973819236
288401178 879039973
154158209 999101203
64223859 954844990
97588051 914999979
104009759 974406511
384769543 791245352
188521241 964881614
295031816 967905943
174369126 986985783
10033263 991736701
260985877 995055644
77034934 876721511
31298142 933643732
172404360 938211348
94851411 906541508
99609776 998688769
178723548 869545428
240931435 970415270
45838643 956401742
164464320 881443697
18684580 871703193
200718423 969414822
114167306 386188883
146119317 870327427
193596221 926454408
165537447 912432682
77620032 901675890
91759005 968725237
35006300 716626775
126241572 252811177
116436582 991863963
64081643 995439713
264395176 989283176
18199599 871653623
172150817 771079333
131963099 873129213
17017781 920345027
112704897 982762640
26952159 880048348
285479914 979226768
65760901 892418537
61562731 648832977
140944648 911501021
25618970 937614557
687029120 752898692
75269618 931585199
254143356 820132635
183664446 226739457
75516457 978314364
101303067 930146580
145197950 883254153
119339218 942225634
74475647 919789075
118891599 860997976
143624332 906836315
66134319 115032282
310213287 840970771
335430864 680558859
24965084 874121475
38761563 922108226
217138997 975578359
128069825 907151006
239682938 965344157
201746197 971265114
197432636 918163704
213077283 969764701
138765123 973625001
258174121 898898295
204071213 766476689
29613427 956661037
68465377 861762789
578211858 974737403
161790900 935679574
106410562 982248450
127428925 701067347
6375956 969429466
159764850 505579042
315763924 577380262
2930311 872828209
310885631 453461507
42979070 186603393
60224978 941860777
247838635 955555887
256083438 983238335
56020751 941186684
113584170 180994480
359493685 941874478
282359084 849756528
216374982 961235607
68436806 937680932
235917387 904111922
215768391 921432048
218356703 942895623
81172566 903933204
308466945 447902335
66177286 865665751
58219084 938609739
203668522 987948632
229137295 952305699
286234101 911550919
168059617 881758100
4550104 909412389
221153047 417651895
47597927 529352564
128712720 496075163
272741965 932240163
487314051 623117478
517662705 853304391
187847093 943884048
158512600 915931632
283523182 942621907
720109041 832232851
142663424 962001076
258056350 865232068
91422512 867856161
585604580 964935400
76927624 939345815
145834423 979120097
61630766 477586120
107248496 917022682
146622017 653908009
259621283 957063581
9434802 901002367
104135807 980133724
224949844 899335311
231191989 378824954
229805587 864532772
142970500 878541972
50695479 881163985
187816432 981767595
247103612 865283115
50368724 878656209
39579584 960909338
191508343 913749126
100367043 914917463
211759372 948260735
286618141 935710317
285522345 876527682
71529708 879830783
396315737 657457602
222705991 471719023
248530417 359354910
8958656 110986402
161538594 616779066
67004494 909157760
250328150 932669451
40841481 947075860
84556107 234114161
201698187 627921764
38443222 917102498
10221736 922605338
780244913 874676780
162398570 913354798
750123789 835950601
121652381 891350566
465197616 719703444
56186282 949010740
241214200 967575583
41006316 220368717
159625832 887667097
205312372 761577462
502510615 605621077
48083895 777288721
102895443 962158465
183932330 911781573
869548256 904683137
45703418 919785959
95113372 879552393
531246818 640222931
130400830 866911528
256908878 900226389
5398248 860604661
30260013 940696480
29831417 940512329
98460082 975920069
98853547 939721026
450166109 600951649
180559331 827059383
139798071 892137045
521023152 575025424
223325434 354246013
82709921 892809738
883957234 979198049
264276460 977813662
244472336 990673921
165022828 996038824
33219695 958636832
25162387 913493478
173651192 860611433
144329260 939089334
64709564 319664167
444638881 639180217
268684083 998900642
281364236 678662547
62282939 877875635
472747065 873237454
33852396 885435367
12781854 872038998
159386428 909778293
9896058 161383260
40058747 874932882
92699836 950885386
165687925 907586927
35258582 933020036
216799351 994614879
162487146 705536113
34875553 914964306
246563239 362506778
581584829 669886803
199585106 894716414
143463520 993198890
13494331 897730455
254404858 989350809
50106256 945047449
27605332 618528203
101772209 875305527
231546221 464074652
148324897 901673797
109215389 982942763
935308229 992031171
185495095 985715301
10774158 958576058
247842186 970202795
298483031 516401818
37364385 905606718
125337862 865969223
71071415 282580480
258295435 924484620
152477839 917545781
80697119 878321007
38581123 932069386
424879350 575089220
67647223 883676291
269608421 695065014
28741331 979466860
99644242 453620680
128957369 759905863
61930798 910908939
155220354 994289659
133104581 993091544
114512723 301312948
51845778 378097188
46768764 895918633
176758072 981007879
272230580 880280478
21790642 577986637
258368246 968702133
161760421 905994589
309505192 919841611
93082372 887393745
293850356 579177096
131816861 877853950
87328492 91936935
339119048 889377215
143182730 912668185
73980643 875266960
245993126 965123118
228089210 942670447
803893404 862753449
95661139 880397691
93572550 915047118
58517665 883381670
131349309 893577786
37401653 988503190
47688914 948435669
19357746 773309636
24927282 908658409
180206170 893577865
396827000 911124248
196387882 959561042
111098888 507579455
19065970 946564698
276356102 881952162
567412915 871339683
74254616 986433985
404411671 508349600
278106857 994748969
377310542 845519771
291415700 984066539
576469632 642465805
187370292 917557016
192700382 925655156
229875113 951082140
571186827 735245234
45319540 872726421
79681116 922313040
183614293 911235879
171964337 457181653
100801938 940875667
92327068 929110628
64998688 953721794
23187556 861753076
223215269 895848983
24892035 993516770
104291678 110109005
237440771 914477153
354204277 619670976
951078324 977705840
26219233 896878637
160760417 876947582
163917920 946751817
666672533 842885179
119412456 953333077
154764471 940725612
431643954 685964603
254692402 728213539
13442211 914387543
197068313 569570871
3486394 967540926
202111246 919811198
287935043 910660811
139451560 874783695
205711845 881777839
139632140 929033756
121751791 155558462
647962565 813303629
465835616 484889217
136049017 907546397
312506207 658224052
358453934 434857607
212679133 926716323
120111944 983253245
20220030 265849499
23506259 865324165
131944644 969474088
178660562 874745931
173615608 872309338
119533745 897296588
333346298 509850243
49984311 947755406
153786417 897411380
145952222 524166411
140307914 597294397
68833846 948247559
392333602 898882982
209462518 974574427
106210477 976958412
49330439 996515230
70347349 993826714
96882636 895545404
194244873 994136629
98584355 629912420
155813101 884865830
63148055 864263712
30107073 993017519
179062530 889810818
167674429 927493024
102626239 913861222
256061170 923220597
450666885 752903099
468688767 612060715
173928891 944507973
97296711 907620764
426936764 951498298
90157088 898568310
298049708 836730149
243431077 898080886
120179386 882284601
70478650 916924836
240278893 973685597
288837174 857918089
68789571 679309985
153676416 903710699
182924151 489615432
134898077 881206362
128263141 859076309
251637627 586312933
912591942 972649652
40627834 403997485
50068669 981662884
138664278 905835459
291813105 497888051
98094755 923249496
1136212 399309606
144407346 943404415
123469582 864695881
43013810 930889978
205354744 865844839
2460159 870195650
232952928 866427872
223261587 918112082
92149616 302341682
62314873 992178198
627135267 920681197
60865988 948666085
118116085 993337059
143204550 820557067
153227858 895712948
126150457 451762218
276529768 899940153
41909510 463482758
203798407 457034340
57040722 864795253
98140302 981040369
367908836 604039456
126700666 898918055
252477370 914868876
94931111 939787234
37959773 74172905
265289366 713053532
725747311 885551663
63086806 999177063
2847680 923814376
471345134 560865486
81312756 871178707
654397425 785289111
231800856 937485328
226756372 943300475
53887086 950982180
288924515 957182809
136428090 811402809
15727552 474910849
88872333 95130744
4167385 928681265
131932950 961427922
156242983 931639634
281007956 947280913
522526399 823487537
186268212 961682127
96351615 977154103
388064319 788545020
112096937 654698929
16142247 931489350
160233485 991147219
15647752 858579662
98539846 913722451
169325722 961133230
121076509 927341618
175162791 956406907
112567762 969628343
112699921 960304376
654957 967779454
55546635 209287953
95142095 868744344
782675918 928251332
211415721 981503547
94327336 877914603
170046899 910005048
117738094 935839645
467587578 588903486
46890854 971222936
350270006 495776832
288149588 759304065
205333882 918573032
264111954 975932500
99611753 915766452
47646947 894474715
182771690 977355490
836567135 897101487
422475973 881949980
789628831 913211129
164596989 929706589
782863842 989667311
52947763 866521518
480442272 873917466
43367473 939244573
249036255 930306698
668020254 782848596
43953162 265614672
214977985 414051382
81828931 888378705
204742094 932780855
114201749 890558028
291879271 578067463
183335678 903386570
993658 949090347
195531764 594961204
116522482 860211869
15251181 865675916
798475168 878184826
302985004 385490068
65797815 861407282
84697090 978415219
287414528 954287900
109266078 922110853
5009724 745652874
138023234 902449484
5633492 928272882
81581922 412412401
341536602 883307570
441876634 870107169
212504214 894881121
369797161 406182983
319748076 768028271
209452864 917419777
129030014 456564420
82839560 978499056
324931311 624869186
314649319 373877179
117366832 982967277
397152228 807544906
217263122 994160690
363931866 614415350
228342031 297410069
118794215 869243724
140940162 885728905
196700207 951439246
72210093 917919844
69747314 933558636
258347911 911769754
388792135 835438462
121852343 987436610
370035759 480392684
280123575 859572732
106922003 976382090
1772625 984428038
155525824 734235629
24000941 902098168
3297512 882490105
45676510 928157714
7991481 930766315
202734911 875930680
992284 946927996
42612277 965463321
138454676 959242791
186315064 859822820
195998011 329104568
227864138 926832831
87206068 104150838
48812792 961482280
109525028 869819461
83908928 829108510
538178437 707592880
20364784 890302356
92392134 954590171
32574168 951107529
264678903 953279547
201864690 904977721
101278342 883498154
26937137 927552334
34422276 208874320
120749896 987991258
75663986 374400934
636037871 938660642
115018170 540520139
63955593 995251653
81152206 869565997
115162876 518127931
130700085 950656539
62020961 974218421
151424538 868803222
115016625 859719105
66526089 895108468
114411505 996238032
176921079 863397042
174979374 869511723
44861069 895099773
586003236 768921041
591452386 802890104
133689954 902876051
375099644 836738664
176659611 583458941
24172697 864804512
109009421 547621698
252051400 959949306
143375777 980236450
29889286 857299470
151902448 982417941
17504734 63785631
149765047 914070681
100634218 723163970
106460508 921992297
90182452 987289560
850764381 998101463
94012329 984645205
245862074 888757126
314540127 925604584
243861080 967402805
102861183 928991976
102235228 978079384
60758483 947244915
161679288 925640717
255566322 939320213
366904294 943212917
37570597 877197382
88866186 981209268
16754151 873440666
142888954 662004857
247749715 857434355
119024069 916533923
124123149 938086954
321102526 668580236
58128799 387365182
24889238 147408784
205987619 860477527
82703857 879702082
276000032 861333689
291363024 399186281
100863921 916891958
126692573 969258454
166222507 977011327
93844580 584271084
48788207 976298004
125990078 957333309
161879567 381594351
254545995 980171359
134817592 909405259
223115289 993771068
241847142 939293247
135555012 987980928
252359437 962625461
238643280 934524673
293757426 879978014
175713079 990714735
59506805 478288105
202851056 970789177
111734956 983598909
158375876 548772512
78793415 945175045
362523290 553017577
488220472 824604643
39666816 865529199
15521312 988115878
216436677 432634666
193028654 868668329
15395093 962566214
426266669 820246298
186564003 896480527
92389369 934908106
123470427 963960851
182437356 975561227
334270853 884646245
83369312 972481928
70130744 186655268
278239238 888626554
141495025 918345714
41182228 971594082
25890605 899609975
8109069 585098961
229173847 938123808
60738088 998806183
94611413 930261701
135991381 881145203
19759276 911122693
706234269 973216886
529610247 702981670
45247912 906125779
153210862 864947460
500052891 756526926
171102403 259686588
127510926 968882611
70959207 942459859
629838861 785635741
180395848 421381068
111136874 951253499
174114910 723508721
186772339 982966765
262619585 958088963
136559595 900454535
141751816 897317836
178310189 971766239
175145887 871761006
295619955 752839593
209790168 958517354
234068110 863399286
208627107 939279196
204618902 951677773
94870088 806326674
69630092 877396359
192305239 913159371
74742745 873858001
257155718 865389141
219665231 940013205
20176789 944088598
190340779 966415357
243886086 899666434
100000904 901009602
136141009 978981512
244028725 886903963
46881191 881899544
62207543 898988851
85780057 408189843
116177477 865888096
929801050 987580844
208247209 934215439
231251653 873015165
9573719 959652040
590394276 922194316
448831812 554385670
263991088 858382992
124199382 381743703
184892980 988425670
81094141 905904267
148399445 647243885
159549877 890593542
283936277 902776385
283592109 933562655
268338067 346256486
73821081 933342545
57784298 984038749
394640901 783179396
185676535 864448109
559641107 606454424
158554451 859682137
246260137 997579947
205964491 938780229
33328189 680521714
217940396 874498878
107027050 879360665
420443668 953377950
34630137 74473923
131728571 943633029
162704475 353528597
142235516 269381371
283494986 888629332
10527055 392108855
166847971 356584275
88058850 904536967
52586222 962481031
88784245 937414264
84892089 938930392
182878026 864954719
167105662 904186297
8100523 989831301
167133867 207232648
289539173 987941963
69621567 891349268
186730013 464822876
22553053 996695111
129036624 971160923
288500150 294465489
182002032 990771504
244268421 866573657
566755243 993801832
690502713 702453148
139244293 970348245
220589122 950372022
553649429 874400753
121833810 956490694
183595072 975631775
189172301 873599922
243305453 919558778
183708698 744734471
94185251 261030474
247764186 922818929
248086519 931042432
264511335 936794636
65585533 908826840
21839253 969228386
224669509 946170099
82027199 960577789
119329617 947379282
225445220 915847657
623646032 891232408
38703458 956585968
228642255 719240226
145232399 990872006
72228751 914180772
120069505 897855700
502050729 785770788
187153904 662692243
43714200 980878741
156930281 948996351
144724863 983945630
187139064 268926634
119567347 953147155
294089141 915667459
295788042 895581028
264980344 275106398
3886998 915807252
179881855 993583154
176382393 977372376
373574911 585416266
498690153 553456766
51770612 986482530
90778859 954713117
47014265 939859564
756640684 882815013
142307731 871962867
31580790 714961646
78994339 958099171
69401792 940013330
253100266 873566387
135412198 900999767
46524836 896869074
113358666 919030822
94217375 418534458
86847594 874139931
227527486 930505639
320600108 806540150
50323886 898611995
241602814 927333037
5059747 959043295
882180014 894955562
107334902 921813605
56614013 920265309
265082182 886157756
679143491 921899638
89687911 522233605
64530499 986147594
73259926 916727454
205979679 980797019
766361542 823980002
139920738 333578395
277030829 910249723
254934874 891163944
256993697 998095402
119009787 953066914
255023004 938275064
139984056 928056871
251910804 890932491
138727699 939382873
450107704 582939874
23632652 870845918
205335287 927264436
115398392 885109684
322196087 983069717
142575029 935415403
47052910 867052672
118891888 990497070
505410859 831695210
119721985 906466950
118660774 881454200
66380516 893805765
118337039 951910590
194837085 979808780
48014164 992167744
74382241 971835782
71172752 931231929
103450702 932230768
110790243 359761954
122252510 624436147
596271928 793044255
103841420 758007510
211603662 924717787
134229738 883770692
139345033 987942025
291466705 580108927
122450208 918195882
31069269 943722933
12934874 571652495
412110871 527182633
33749372 897679482
101887627 902857234
97236878 909354214
453502721 833554776
71689237 961179677
104314506 918110298
57037304 864736515
224022806 882226119
80308455 897412578
284610355 938786631
187743857 863827082
49186548 874767234
291678448 971242599
6557668 925794290
96191201 687013216
434743304 919292697
140287643 879669913
254427129 866345281
76418861 956170272
47617092 963486370
93839789 871845204
563288750 945928156
701535938 805968594
123131556 883959069
144634082 883391237
49207277 971733018
322778669 713779817
123190088 659227496
358408848 729094834
193031142 981257223
55723822 100225237
74945268 876978923
667702539 686914351
85055495 865233804
6908934 619931806
159362508 540344696
210641653 951894530
121554030 946752035
184735826 489027622
149008322 949151335
116340366 525188418
391911232 461746343
41216466 934990822
146933208 863374021
83407163 535023349
348811685 561327490
37581038 900022141
63920634 920121561
823007 943714668
184647513 965693401
159475711 883520759
160668724 945915618
259877151 898070995
131737035 931394459
104746513 969426135
238128042 897177613
42750864 914308232
117051291 750347233
115476476 143604054
168833852 961842067
74044872 904892591
113780090 136670092
47787317 993247132
108747416 538958542
295696541 953356915
134159810 699573332
117076163 897473998
92795450 907105037
219159523 986581266
37247480 882649889
93110674 859885212
58654402 960841871
167281461 933882861
220149852 919428638
189374318 942214373
171504185 885245122
272710631 935473089
627534035 686029629
35172676 974605479
8829438 425373496
69926963 902152138
37951664 905977244
872511047 961808482
264793120 874974585
39371406 925178230
47363577 987369122
69966697 550508506
78852732 954253537
1134982 864673562
120743000 998229582
282197576 866273675
62459916 995271017
6596791 973058735
118266693 270670776
142971514 918487783
51708902 929986790
285501636 941188432
414442851 680721923
118741884 892434102
76704120 696882914
442158315 640758581
256055221 541931014
163727871 995928289
445280171 830111213
29129146 543341238
192161495 881598173
152381250 885607494
96976269 824674111
35307538 494206216
47540899 907421957
19596642 126132697
9977949 889834693
212752332 931645113
257619250 913544434
238611059 998335277
240260880 995879593
150154503 994138196
54086083 992753017
259518530 924892692
90436332 917940046
56286139 893019067
40958252 60928849
228876384 949659819
184819322 918435981
108513617 111349550
115570521 949830454
374929315 946316783
34312080 933333245
246223252 992456398
66107357 998543444
131427737 918545554
135146821 988161253
354237439 446779935
30140239 940959308
88312507 974368277
148349751 191752197
64380319 886552681
6566072 932321068
170633145 585307969
914148791 957044417
667363527 693377396
56318880 943381703
293623867 915406555
12318400 785527283
93868408 968385951
33383291 999780257
46956124 951564876
41913486 975242718
121357479 961745772
97598624 793959989
31300879 802215978
210444600 873908916
192500040 927248324
161114074 878926963
75726877 902624521
63107816 623650393
477983550 679713038
145327867 986340281
5930221 963790324
91749496 926963476
23175395 943978592
266753467 974970761
100904459 939044626
114119471 948503915
154381511 919130736
190397034 512481870
65891195 863506475
41105719 914608607
156066848 925648553
49254113 878019941
611823753 665359720
266188870 979411873
837040895 856734540
134050517 977454632
40479722 128071979
540401496 581903751
280327079 978474798
327953070 641073820
226860173 984615417
214396807 936551469
210389796 987967515
77138592 880695239
110378456 352309385
375931156 459104397
372649222 920402995
252921711 904277979
288352837 995352429
139135785 252068497
133742083 942383759
272591110 929170327
182352731 992706450
230671598 303259533
201466753 761252567
353303998 486175980
184143257 859993892
97611177 876137702
289506401 983214443
475760444 948033540
21756565 908613101
28699281 972615093
168261356 929467367
573757321 635211063
15513806 949131786
170917681 901305427
376064049 908807561
145313362 938908711
295969258 922391287
634928770 991269362
203180813 895562348
36566908 85607438
106772357 400003711
163575734 864613536
98533432 864405927
163398947 979368675
44001929 326974680
597322770 961115807
40077847 896913562
105489571 921345116
124007751 268888517
125748739 911851051
151493987 909521107
13134904 889740929
609883874 896440920
187402351 892894179
246988383 948533061
166082651 258199428
38587879 942385801
55633161 919966786
135273718 990833345
102344060 567357923
190058007 875392797
212583228 963015397
96971188 926804007
224726034 881821329
56241124 881497971
131182056 882834624
82409033 980675114
105086043 147694648
259276052 916510407
373236443 390458107
54995545 904340407
144622863 927658849
245492799 944251639
77154193 163272833
448561474 963870668
12304319 193684887
658041323 981277439
539378818 920000307
237716905 968690042
12931027 860253863
61707706 973143229
112592406 941706466
145115281 721439265
218036663 875316114
116945509 991683059
702591326 870068860
79989449 943756137
82738745 490546872
220498807 938131138
212792492 888632781
187941807 921126905
236535919 899797263
296996185 424628749
140955949 603657605
410519190 878414817
288736279 924011899
37539125 973321697
134451208 298531768
227476607 934283227
125060123 720734497
310872520 884047343
16405874 955861192
62928817 954541649
17601945 872706091
80066308 97594903
297520405 981718271
6657663 912863922
541730299 649872479
193963448 971783199
138225828 867303511
117461160 975198564
135153573 566183837
122156779 345464680
291955451 722479138
128856270 884149482
16076185 862122259
133768413 540637175
6607591 908052740
285183708 998993953
88992048 950624764
214277117 962875901
194141907 869434117
18241501 873562030
139149163 914891344
238273194 979521936
625211194 768537746
111198930 891749492
102825539 883580497
101278117 518082499
137398379 874105237
20645686 907741872
471169136 883566660
131155867 952513877
42232557 946845784
572608286 848688303
45993212 918976467
94845681 977254445
25604766 980289976
10158672 974593305
73339842 955870442
185272869 998790852
95430565 990004248
54516677 426408924
14535438 941274807
134981249 950795033
278906482 986768912
139283031 888237329
223239431 941812668
9310952 991378573
209857768 968133637
506133558 712879252
126769932 977196704
20267119 975153950
8642550 963702773
228810163 367292459
529098376 823160991
649561841 701419651
105240018 515357196
396197941 966749859
294731551 911414480
112629634 932889693
91292696 898263612
434771757 908974366
99766995 562356847
78096103 796277346
280030881 609867247
93195893 985106801
16483857 867302698
139012754 927167906
105081880 879289043
204682969 967371286
49191239 889129665
91695128 941628708
10036006 860854689
303416372 749821225
62607087 888138837
147246589 944610608
135282117 985342598
654100883 793263764
26679196 871507921
450885573 643398945
226082965 996690946
71156754 913083150
143174192 945272820
132937429 870643147
77559380 861011804
205315361 865683870
420247790 956569228
123938378 927503527
269556607 929976076
227283645 702675031
124155383 936005485
24742016 920711752
187138548 888521884
99287352 938864972
23926308 955326290
274558216 904341165
107273211 773104243
82006158 967851253
197702720 936805682
425065972 685863383
24699888 989615778
98732594 882926393
22093397 394448889
258803054 899341598
88589664 990580793
32991080 907272519
29647615 997407541
136378262 945292479
140957191 893909726
82274032 911756210
185174920 968990269
17435111 880443488
329935356 405265219
61217422 887224154
269085523 975947463
524517659 601711815
260484446 929991296
976681216 985418202
15269939 912187182
150896083 935129880
449263396 918371836
79929527 965094533
14756650 317600055
293826215 993749038
111938693 790074473
154060295 994637795
97791077 960886765
98952676 960270737
504030482 651820817
86217320 862100659
52448715 876115193
134246863 906625015
211325183 993062162
132123190 871675552
179869014 904983730
143727297 949224529
10303107 971017598
258376756 993136273
753313632 809053101
61595717 907405958
671647215 780816594
252707023 930023971
51220184 295655792
20452919 875304295
106475480 894415220
130779421 345095606
534017418 987172916
41400367 905438156
868053351 947230058
117788681 763588857
134714627 946413211
134860223 929460396
128536426 897536692
685920524 904397744
45604346 106843770
52254877 935071672
640737869 998282543
223642988 927351057
151778727 874768013
27822591 903922046
218634711 877257221
83784332 916969988
69100511 884958662
127202075 991303089
36525561 512050260
250990871 904158990
111567484 578019268
535257799 915479122
184221211 871949958
170746687 955966276
75784027 896241659
90843181 994815385
202360417 922844982
183050154 914586293
10881267 959095662
268776350 939152172
114433288 947839292
63474948 986481375
751159514 933072742
86554651 864308051
142983272 505968022
150582758 993502501
3873779 922225865
93603217 863643643
220583810 891155455
163458315 970379465
30895976 262958547
10838933 965321498
54779973 961002938
297041646 340350442
149068304 918647853
55958282 436616372
277608296 969057977
83329499 824362676
155096751 893213822
178998712 432705047
121263713 855715952
532594979 977316549
143117750 858033708
71005551 71020168
129286513 922588505
789633537 872468714
17225510 995140558
605694129 982070543
3030141 955183312
148574416 984635598
112508915 929785020
234840928 933128434
135390389 987804220
416019094 731579136
185272046 444640558
640222187 933562588
57083243 974592036
62162122 926043186
218005999 887269326
64343837 924556953
125527845 665071090
153464642 896612766
160735455 999469477
233379143 935599919
22391856 804892481
36281616 903238753
132396528 996195289
76757282 908990828
200801059 215331389
255540590 591805893
194129056 878969179
12030097 870395147
51857435 886719482
92375373 947474866
4035843 884278123
199127880 965110598
138402590 922353879
51415799 932412822
60570820 990641824
60507447 902659447
101004539 382663462
77185834 924193305
34675456 997445344
281536375 860937120
136696791 988681780
75277824 995798139
206126922 932757795
75720291 923034299
708308445 892125403
494396088 860687276
129378166 898199372
59521029 962898041
148371061 925974221
214582180 962001317
23150406 923773451
48185474 886345501
231363957 899985843
39131136 619629270
111780527 647978764
184335477 913059613
247407872 956324267
45409343 937949123
488648189 547140420
31415492 972676375
186603714 880566871
94254052 876207410
158295757 931793435
228621077 864198863
44549398 643907549
12864396 937023766
21337162 914118572
221593465 702265876
214651896 912585866
56681868 971546765
589180 987834623
228884766 982433384
82845504 899743057
292615685 861454619
308396959 646501582
260714678 368374310
114891466 928991084
97855981 924719612
33764193 913129733
24444533 876305842
692471519 794969737
265350544 857169225
32374367 644645970
40800181 966620529
112520478 992674875
855628336 940822973
630087476 722002009
20455699 928714289
10945226 895077011
266051093 979045820
12952428 861483324
209596498 912126762
855425757 894816782
608816457 950083305
280154602 947588414
113899729 192422861
2864242 984791374
95241164 992197791
77828903 181091737
260220001 869384804
161280625 857451853
770955001 979492693
147365457 695338375
46995366 254150499
284752139 982524575
274071406 947215980
90089731 941994452
614283199 919372804
239664631 990579264
144252225 874898401
54730455 972168393
83918526 922638750
138594375 892320285
275022726 884951472
42238267 867738481
325893303 607686640
98592548 970348862
260494916 939044640
45533318 946804718
66074159 879383631
233352360 797870134
237062524 957259884
60499500 904555983
96049496 880406355
188334706 878806018
207510255 918557138
210676592 754809293
938029090 982661270
118040387 697501601
259072518 937981772
522126344 559972020
129534025 935277692
204532146 863988031
212408832 704449483
527105597 537304460
125465778 957309419
179344201 968451665
30773853 991115825
262281886 975569849
60968982 340295278
166181001 952199301
34378889 889999811
96632396 872922179
150429191 971873792
12610170 969298693
26489250 908021022
88577277 791794017
50280434 961329807
134560706 933037191
133334822 913614294
454490544 819985136
232920394 942327976
52132063 639081976
77441577 897857256
59255184 744261974
29064250 876647639
17266119 953705423
280955530 944365792
220423676 876854313
195336876 954599922
11265814 932462216
9633312 904175520
128862469 866738128
123454575 998764533
79841935 980851543
10319420 903969819
228539690 987198265
45138556 938308300
21852370 882890631
168125395 304909278
131153383 941962397
276068982 873285009
21412229 858544454
32740291 952352143
39707546 976680762
738771045 778595769
279253892 875035613
12746799 887229153
225424352 926829493
652489550 924301777
124238935 896473494
169836357 984521093
98465980 962561576
571791751 935482271
149143993 864000773
583465454 901682934
257672420 868477003
191962680 883326004
322362898 373026859
87992486 960331636
107132867 964707692
7639599 911222997
72840772 862173781
56503621 906520140
127552467 888569644
404133393 638572124
79306335 947600629
740322374 962507555
260710030 946697054
55004184 867971442
227640991 863797233
24723040 862354326
80422072 957048499
6126163 868428683
51067835 913916437
292519066 908149613
112505535 983233838
442225101 842655401
873180416 892138434
276776083 982855020
131693585 873618622
604564193 790369159
64983342 919972860
1484977 36935198
23536737 899204425
162589835 858708653
39029040 194144343
79247933 915082128
93348767 996576249
226663492 837566148
174597745 948586816
56129868 867001485
6036767 938177854
236728 877123892
103560864 954419005
236779588 916676772
615304631 855358601
281941834 975525584
40756937 953150162
316104866 895807826
268175988 933108802
588077084 787961101
155773997 894647156
8305909 320966399
257566550 339668681
649158132 710154666
286601344 995267390
294154552 909921336
62794810 971548943
108828739 958586195
241014341 999773274
244921658 969292818
26196073 953496724
48114825 630990527
162980967 943311211
109961938 946559099
88943200 915709958
680302518 681559872
581716647 677545048
143758540 650549759
827078944 887717469
178126871 447993001
65795849 938258484
56897333 58145011
138231458 877270818
262876572 905921941
231778277 992863412
213528528 616068613
233005315 936665389
108635776 887409162
183520947 960753864
265485103 961976992
96333719 324724668
169696550 389717284
94183005 287945339
188151853 974734504
174784822 937388521
102219297 979033843
176611471 934446578
204113866 629636491
277371598 933342163
166733725 647845621
427983736 521111835
177944848 915907815
42110976 957447038
23747082 959356621
204722306 958986038
13194319 576737532
214600570 894621019
78881987 588866227
121816885 937156724
190133576 993379741
89724822 888038076
455431305 716012293
209400416 902076367
77168775 972946784
63047501 984961771
135146715 887613198
71019335 968979618
47230556 860832973
116599702 872398517
733231489 933373149
173797792 891506597
45015093 939559221
222207600 980471814
143386436 902577114
173444332 625032655
236631613 730284040
55821677 937734434
263727269 875365999
2475755 971573922
220973352 464836965
209666908 954095191
101808441 887727821
624691798 636234032
4676834 911462365
234764760 914700738
199940162 970665976
49010011 678754784
145705865 954090872
82360983 993164880
294704728 907463672
124520210 969415240
895860246 896543462
183264236 364910344
907060537 909308694
171318000 887518611
133452528 771971231
57457926 997487880
13506304 874632280
4273371 893709158
233473747 903718539
168191507 192813247
116923527 899208882
150162922 927671664
164784077 911279349
238405656 766505060
15528632 583321091
136164511 882695655
192969307 763336179
928769650 957244874
260503753 997244349
290452652 989543958
23433735 986912025
252568282 928150103
215848748 958388437
531403142 713615583
142302589 876532298
247259947 952413559
86070781 938930949
211560191 873901367
248886663 938522706
52285413 910603541
34838240 881647777
7499116 892442268
705892112 751501247
273541801 937831145
119589179 918415218
10763194 973106819
82642487 986224707
147544414 854627423
295165023 942714981
9937059 921028718
26243329 818488243
25461651 940755721
111403874 863059170
91056026 871400265
275949000 944298096
212685790 893834314
902949940 942729060
115364866 909381259
222738377 994501153
743618 891142994
180841096 886600921
279445448 952282348
284634027 911641466
33461423 916959441
153111150 863417365
293298822 878456606
118553371 974197193
115154855 983834990
2496104 203055177
16980194 293691538
112589269 859931263
154884047 841883366
155565284 934782091
126862974 907071513
229777570 974010536
73323439 952034847
261673858 949208661
143110347 932947828
27697991 967439270
426814992 560593559
19774230 565189747
24558020 967994837
654781416 969583093
110261551 166932833
61760380 867047538
15556234 989587268
16021175 872562016
58314407 828505099
31417352 531370440
278371123 934064872
267867297 654821213
527612153 811296035
166612223 875810195
36033559 873839400
196649015 539924806
40844727 749026743
101300210 839356322
197995933 886967592
32176768 964162587
48306030 128073476
600998956 685477734
67737476 951036317
