267 22
89 214
239 250
21 219
69 155
131 211
26 159
72 277
60 180
13 200
130 145
29 143
49 122
59 227
137 266
157 265
28 169
164 225
97 106
215 219
178 243
113 221
91 161
42 202
140 236
38 276
113 183
216 266
31 72
34 268
125 130
124 265
26 267
55 257
44 60
133 240
50 167
259 265
101 135
146 253
32 206
162 256
111 242
83 289
16 41
5 116
175 202
68 114
79 261
52 80
151 209
190 234
4 272
186 290
233 253
115 219
11 199
18 141
47 54
18 168
189 265
126 258
105 290
21 203
44 70
2 275
31 252
63 160
78 171
93 248
28 208
141 183
34 262
166 170
40 107
198 213
203 250
192 280
64 168
90 144
20 216
4 150
8 97
8 10
47 246
43 249
247 286
103 183
135 218
50 224
61 125
92 281
62 230
25 285
47 207
30 89
26 265
36 150
27 243
9 64
205 277
17 227
2 241
134 191
3 59
266 296
6 119
50 72
158 227
153 281
71 299
30 258
141 218
8 153
23 73
143 239
139 195
32 288
254 274
178 280
79 252
104 268
8 246
92 164
9 227
15 250
196 277
33 143
136 254
68 70
70 74
16 143
22 130
80 243
172 232
117 132
32 146
28 256
161 296
12 204
99 269
209 220
49 289
163 272
120 140
148 201
28 126
118 179
49 79
69 90
259 276
102 278
178 264
87 205
89 220
48 296
151 182
44 109
209 276
11 183
50 149
87 138
68 134
7 67
114 241
56 258
221 255
189 262
159 293
156 222
175 205
95 138
27 243
84 247
70 137
72 144
117 222
184 187
76 185
30 95
112 187
166 283
6 147
118 300
220 232
100 262
16 99
6 13
32 99
4 110
41 287
52 174
100 287
80 218
131 279
14 282
207 252
134 240
150 214
141 278
183 186
258 260
34 190
15 215
19 47
7 101
124 238
3 225
9 172
2 203
5 6
155 176
13 234
158 163
35 267
25 232
29 63
24 205
58 252
3 130
88 272
211 226
3 176
142 270
56 219
1 294
57 129
26 130
197 246
166 207
25 255
61 181
120 246
69 289
55 125
6 117
78 159
292 296
203 293
163 184
8 117
50 177
31 292
237 299
190 292
124 181
174 253
91 165
73 254
52 235
104 159
36 244
79 208
214 253
133 190
34 178
29 230
275 295
234 239
180 228
42 285
20 127
104 159
148 249
36 70
181 208
142 230
14 45
