245 37
33 84
90 174
41 290
92 278
46 291
103 192
4 227
126 147
245 287
11 288
189 225
51 72
46 273
21 41
5 142
154 191
115 216
89 200
190 282
201 300
23 231
167 228
173 281
145 240
39 246
231 291
202 221
31 238
10 53
167 213
255 296
60 256
195 217
225 227
61 133
49 255
185 215
71 221
220 297
209 221
29 228
241 253
38 53
86 139
21 177
87 262
235 274
102 214
101 253
6 127
27 130
152 211
197 252
93 213
187 199
25 249
133 284
17 231
117 219
284 292
114 139
147 203
87 240
34 292
18 76
59 126
38 248
157 161
14 232
102 240
41 60
22 263
41 109
57 189
24 218
46 186
32 216
172 218
68 230
7 86
64 117
16 19
32 220
31 171
34 197
170 258
144 195
105 215
45 61
263 298
27 47
98 263
66 140
202 222
28 180
104 268
18 289
79 298
24 75
11 34
99 291
233 279
211 273
120 247
110 224
77 110
20 169
15 182
144 229
29 179
19 243
9 191
33 140
18 163
51 70
27 171
20 91
33 209
41 154
18 54
33 232
69 147
15 192
86 189
63 169
180 252
200 212
33 210
5 245
16 272
27 229
141 241
42 128
187 221
97 186
73 157
84 288
216 285
105 255
86 198
134 272
119 264
64 66
54 217
154 203
154 203
4 87
167 244
34 216
36 204
15 167
69 268
6 87
95 300
188 262
148 274
110 112
27 226
12 122
248 276
41 68
243 250
13 272
24 174
84 214
16 162
50 191
106 235
184 188
71 259
62 206
68 114
190 290
125 252
20 269
77 170
112 178
113 271
36 106
132 193
41 255
44 224
143 166
32 191
224 251
173 279
230 285
2 203
9 216
189 206
64 155
75 134
84 153
103 256
31 87
108 285
225 235
118 210
170 200
11 140
137 141
160 229
67 133
227 291
67 96
241 256
214 234
55 216
203 243
56 160
262 268
88 286
15 278
38 178
88 245
178 230
167 284
226 252
225 232
119 167
9 184
118 154
17 254
149 288
210 280
3 270
106 228
43 185
155 294
92 200
58 234
3 298
225 226
112 239
36 140
179 190
89 257
130 261
1 61
134 186
83 274
142 158
42 247
29 144
21 192
