194 162
7 262
11 274
5 228
4 218
4 255
11 247
87 202
5 215
14 286
1 222
61 253
14 281
10 205
6 274
14 276
13 229
9 234
12 246
5 128
14 297
4 207
4 210
13 258
109 295
13 208
11 255
10 242
3 268
4 240
2 227
13 287
8 229
7 294
1 222
12 292
3 277
113 166
196 264
5 254
6 280
5 206
2 285
8 273
14 298
23 239
15 264
6 292
1 198
7 268
11 269
4 277
27 138
8 223
5 200
14 223
2 231
11 261
1 251
12 254
5 233
2 214
11 231
1 209
4 277
175 260
13 272
15 216
24 111
8 240
6 268
12 198
1 239
14 267
5 254
3 244
10 300
236 278
3 237
14 296
4 253
7 246
98 288
113 225
8 266
14 242
9 240
14 256
13 262
6 268
15 253
14 265
142 226
13 222
8 224
15 268
11 292
12 255
1 285
3 237
269 286
7 250
13 244
4 270
5 272
6 235
4 216
10 233
6 278
14 260
102 243
140 239
10 299
2 251
4 231
10 300
13 237
9 245
11 245
6 238
5 206
14 257
5 227
4 273
1 279
13 236
10 260
14 291
9 226
68 250
6 283
22 285
14 291
13 264
6 214
6 221
157 219
12 241
185 259
1 203
111 185
9 247
15 208
14 210
10 254
15 242
11 198
15 300
15 241
14 285
2 243
10 244
8 235
12 206
13 234
7 221
6 294
65 187
46 290
9 230
11 198
59 70
2 284
12 234
11 252
27 130
8 235
7 226
14 266
6 290
13 267
13 215
7 245
11 232
12 279
9 251
7 220
9 209
11 220
14 251
6 212
43 187
11 198
15 299
156 178
12 255
154 287
13 287
5 206
7 281
39 215
10 212
4 229
98 197
13 285
