4515 1138
59089223 273071528
339015494 663079446
42644018 487964318
127450792 728126120
215750986 897418546
689176171 790001172
200939913 431772077
883105301 963781790
696748326 750558699
143735615 642650089
155899604 951306691
194892927 841906834
69606585 787951985
136043758 538620682
73469292 583503261
701656955 843133516
98213115 899369163
124950496 675881256
111900868 734632560
230065056 991720685
827790971 906789026
145382604 381964278
295194826 705216020
245810301 399201852
114929090 626949209
450940996 624752107
182283951 556113834
397971763 461766653
393420317 848912758
44212902 366645740
225509361 843538488
599394009 890568039
10581961 855106170
124013926 688328254
93988799 306297876
244442087 752784890
87800723 890586144
255286653 848349300
44545145 854680661
68787215 454532002
142860256 486919493
92220734 791040198
82303572 355875429
59335505 335785836
133790040 645186485
281572755 982275439
231270525 984565273
335993593 686595627
115358014 954549979
137222840 680348533
41329329 373381581
228756578 780250376
138551618 933524860
620120486 973591363
134127893 609859677
123808029 292294696
413097958 771688792
176675862 391906556
716542067 939412386
196413335 707610036
301855930 828165086
116698349 523656939
875728999 972618699
320617976 499656432
293615722 889657450
437905322 708682850
87183359 739761251
550424208 919006136
183590771 961182792
374637732 919169211
302744265 695255707
64444336 590610871
347946796 614868543
67457336 385113820
35968448 444044260
339320764 902427361
881871133 943280118
33321205 553463725
772081513 875704681
129088749 808049960
319748940 349544393
104488105 634920925
454866173 481103245
31258225 681081823
600601965 859764667
598474454 782675931
188656007 733616501
191351685 476809956
232333488 486560665
8505378 237053112
68429536 513332550
87004634 428446226
201420266 774222274
443112929 985355061
74924525 590776456
27410334 170811813
128686229 426843337
342126895 513928043
542449618 992940995
91508287 251488195
251705 292928553
130799965 778327499
82847248 560787007
16456967 44075498
120915294 723593841
284380847 920468105
664144651 946714844
58598606 617194719
9129540 501690736
139467186 155005090
121176683 251331175
398797625 653087471
133163687 372229270
179722078 550514716
283876616 553443332
407341942 916594033
193357081 499795870
45437813 422554743
374402590 981479023
92695481 997321383
376992324 790785458
6019167 966801261
117247784 794668769
222874649 674381837
632357677 899809309
59766957 143776849
117066500 492311089
489632472 500122040
610687889 754310818
116408528 993236151
324161242 865052953
492279166 547035891
391951142 490189793
242515453 606185342
76155209 974995619
53463251 171187013
327785100 929144457
359217433 976694275
414149369 559164280
41012209 838550086
319270823 697592513
42895235 630163436
611128445 680098526
867217649 910199857
82575769 195998908
146483709 471162835
56411405 115554444
481538061 736249672
352055391 729616421
59276501 137609838
588823225 914918208
479812873 990809549
119617686 359491632
278091900 402400940
322538434 734209975
451581669 804076495
322975998 656153411
646279601 975032491
2203410 490605440
167800901 482016283
333931340 831732145
141956380 492244724
609318113 820985548
284462475 550259001
149280701 256757960
36057228 709228958
43761592 236244102
53490647 965023726
429733329 617868766
606868373 862434379
348364805 361697486
221786403 907211109
724751187 999435202
265525633 867319164
121074916 547775313
564018572 650357371
45939625 830101550
227519967 525172444
401780097 668400470
66184221 241584808
723237908 945216382
448090104 862566585
154249341 757879307
197422765 602373702
19667667 457069576
144150037 667895997
425775304 667273298
351104694 866272511
682454106 946537845
403607420 422456682
176235236 914151763
129870645 423174762
37265214 388611326
38077460 653769905
525393050 830266778
98310933 216812898
26063516 817824994
118614590 421043192
450525896 504052309
789780523 868036961
101244015 317999671
84667785 699523443
73809576 961885408
119895582 172120508
31214657 145959098
334813405 418889116
680161951 904466202
696368366 764829735
60435299 855182731
144811535 820255683
35904850 374599394
140628069 554542267
143341553 866562780
93678525 451086848
818587922 871050656
215613858 329974729
121356557 972367824
123946 902240533
921111059 928103564
189769548 745637792
107626656 611339004
18397622 950987480
111532775 468062451
199145824 877315695
233303816 569414336
725749303 868790060
149370881 863272563
38326653 98871546
125230235 388002608
194482067 385699634
629229280 799165618
662438180 993222912
92094458 116520617
790753661 920798050
182757480 204751121
263514230 500861135
228133917 352616628
74297952 449233105
12897579 547665164
195770394 658343959
540875502 725104155
113517227 240448107
488179142 535512987
31647228 970700875
62800404 882374330
282555845 803055725
161231839 909433361
149881468 859075961
107856653 613816221
166201127 499833850
237107672 610322175
180554505 931566476
193933507 930190027
166900782 355165345
482430761 842021207
247241945 467856119
250991036 306800621
57284702 733421796
148821827 159190967
346668594 830905607
91322438 956193219
234079862 372443472
133979174 608356609
6052594 755173335
341111482 664428844
25766488 421713206
755680751 854960250
13650232 764210657
136654128 158821733
68496395 947184948
209024217 810125559
433750441 713206516
18931956 439803034
51484168 430701293
734266476 929767007
399920591 633790323
135322715 768502479
126724338 196863283
431144389 560474778
277812 230966000
40457331 593648539
375931897 491566634
635711499 749999509
137170967 353033551
174389667 257713121
16267269 84459465
560305816 869061432
77512275 208399147
548635077 864148059
688155657 924566973
208231044 510375744
39740514 886758403
92308305 551857539
6954216 66360686
176590158 728950003
118319699 736895974
17600913 600419162
693192061 955343389
97600747 513586974
116563422 986298760
60099893 293153579
30049552 165776547
142158084 832566916
184899602 465060430
39335269 747170457
151766406 833510008
45164713 719531519
11929599 927730617
354695384 431641024
370162100 430626907
854744654 909102338
118493402 347687662
55592249 441496780
265803238 691039962
295567448 611247183
330778701 589685663
350368601 870406240
39672485 744247165
564820051 811001556
18283097 127839332
39599166 335553908
185882343 635220982
118021176 132579418
218152244 876672061
64742321 542294302
169581332 977799401
40369776 788280915
262489785 800635171
90197021 439231790
129368931 313582580
654506554 687283524
250901220 280285742
80920912 204011267
295567328 684338489
405777241 489005566
248696834 856404406
36908285 518347293
185762356 780725300
94307879 379259083
227649220 587265301
60500840 841925021
135473478 897917275
153367597 990404639
566283934 892389394
179020172 531017675
594573186 876961496
29726392 793319381
412882802 879604928
653713442 703334771
114409473 659597390
404503135 484023878
82507382 533494090
410455585 763990001
632036493 894608330
137123386 719736671
82778909 244027545
649553030 891739609
8693314 140282454
385631083 898181041
225854497 396808094
27863404 957159880
234721024 954415322
815220451 848822398
464283909 829256966
73284511 466950718
291318777 846908974
231992036 947048385
138866389 235170808
98833629 609300452
138087394 876626986
125951431 706939515
173618122 961216436
216695857 998979338
104974681 195163640
156380075 910923253
686931947 924528183
9476552 485662627
113461658 970228074
417334049 588169663
26069218 405916030
246489355 903386984
93473747 596143439
90704426 908335409
7393111 72817933
106824204 154341931
124143648 451775984
207679319 936781734
626018782 727022259
6746334 658449096
30029655 725837125
700355962 818699677
21129690 236266915
189511916 916165402
933726 282985662
133872880 716273379
233833142 359359720
1952951 141517710
516855638 582626204
109397948 463649642
494350941 951784093
529232595 654116495
59656350 841851276
2519495 369970535
86243914 147105927
758765568 940971577
23573826 663819091
184171663 642923460
63224939 123190289
496106235 674506859
645968200 886633275
19448702 742769125
824418401 904110660
97857415 272910657
643808464 675432592
457460041 519898642
191768034 641631704
15338453 107509325
2251406 289693302
241673971 252648085
658009638 907664519
17990984 813746495
134603317 842409384
439113315 804694060
775832094 820664212
122853472 930619541
3877403 700236405
55349925 667884032
387030664 967553308
219321930 685531660
26107682 908267500
691403393 816108911
85111597 576212114
2979375 451056194
429023853 904545630
32401353 668570869
191749715 487403520
66908915 955311141
441814381 807973886
899268165 921963310
100350305 314728131
121252171 433659897
120829377 757428243
300773363 440657839
22816923 678972668
792887653 956776470
197639797 547740117
761927265 901340765
123777889 390515940
115581000 597755604
207700199 693769873
85953349 737628111
60600677 680906877
37195685 453597188
147367060 151934522
327929355 372625952
379672106 589130045
156018040 798988391
311718110 451024914
513906083 563898499
17495686 245377882
397312403 681476059
390005049 576751845
18398241 631580354
394999896 731433284
522930797 802222200
729204554 984129764
548028262 759842240
5220121 852791810
534267868 825424443
447617949 850198960
434148595 526546297
246152131 964570269
164371705 404965169
68742665 564916318
17323761 567987770
273295931 418376011
130109108 807563798
96316805 814426179
96079722 543934753
221877299 615270353
314190328 465788423
9010612 727482450
676741980 957606686
123933555 193883470
145173554 779086740
473900041 974793401
318352853 410591049
136904964 198043196
612037864 768070609
60358997 473564827
348069410 737100977
82221731 834010403
369516972 835551655
192937557 820140996
28976298 489054156
488647194 829171881
11238472 516991083
314308051 599639344
532895138 775723213
11759035 373164136
75509676 552739353
41793508 698275873
56468306 551745885
767857548 920223129
218214692 488802850
425869353 957456660
134588247 634463431
7627566 820997617
83092360 658736294
441918072 856862030
128766481 517754475
405505373 724942121
147373079 405278404
125867602 462655421
182104898 347238630
140534723 738961095
810036503 886863449
100388640 702671305
141370566 934199692
527499858 784956668
347201547 562121108
132195297 540486183
166044860 909677217
150398060 976081362
215355450 418099791
193563082 931984539
830208829 853123474
11508451 746834971
509546941 594443545
123696998 903313798
131979996 619178740
37278531 445444138
151083964 848377489
184074422 894000336
232488738 755049600
53010090 641705848
53072953 847268488
7556258 77874933
374482645 738155268
325721422 796093161
13179617 946210087
409403158 516348160
403711451 641891895
325654262 410822114
271228875 929611050
142004039 996557161
259895626 664457901
860416986 971507948
328844133 690513662
161953054 929467119
10509881 10620974
197775050 830914546
145877731 392076088
29556860 899369149
826336184 992484001
136771626 370226224
165551131 367054924
161835610 901893459
119234840 279281791
75919063 826781880
664692635 745145544
306819174 968695414
43843828 576251424
204167406 924828164
182292889 426721758
128319266 846985524
48806149 753493112
8500330 182326640
278559819 945612033
29768860 951573131
78214853 486411606
141654940 908075795
601027659 874921731
349633148 743521760
22258478 233785758
121011253 787406800
87921302 788359501
132209859 828493124
607206600 860906568
210696077 923495947
330906755 990005633
11155503 143979465
317748918 523394135
319965963 449958776
351887258 927172563
163381695 866603177
553582735 652558547
858155799 894250276
38074722 54521178
285213247 372894352
264096578 565144461
2081111 172257923
29451304 555663845
559015759 816977517
289136145 450202410
491781315 578625198
68069734 420205581
323749468 332166311
461035828 619437012
115137895 578067025
352960492 956990832
115374095 844741807
638845304 967527267
116690182 610879158
507904171 939232681
16341020 926938512
66559669 272061724
113717481 714827320
144795253 959387417
351867542 770324369
128806820 321074075
233719878 476573153
121224652 462950028
954742078 990082023
250912310 917232035
129682472 249285492
15295678 728298619
110561752 724515781
824214923 927190914
578531135 732034996
621178240 732742045
574593331 798690060
905612596 977817337
282719776 534554266
297973931 893083726
632617909 896590078
178091368 477343576
61593081 75381008
170160886 764494030
155725083 991005506
90898113 603408314
805826562 941072645
32291716 547523270
529934845 759040793
600391 331179306
663881237 783537440
184217013 468863415
232273910 410074665
147040901 514384116
61907385 760605171
643406113 915024128
9387131 462304590
403882456 728390950
491859746 671550969
555916289 854190854
172583044 365831074
135788175 833776826
34713822 311959094
694408663 929973959
172927833 763434736
81632903 762287521
68472657 520939344
3035816 910515102
74990547 676493098
10205900 833500192
206955887 724676236
26202997 52154664
155395219 410425295
53487715 925940546
9172412 850147011
56097075 903244380
31179081 904782308
102277654 838618522
194766237 302445868
79738891 410237033
400298146 814023144
429386777 435665461
61773800 487593375
552953987 922452122
142210913 493278304
462920454 556614519
81500499 150327708
220250529 283572865
108721845 502153657
32126895 730784591
482327146 526689937
590635692 963132555
15980244 943765096
78143291 432253058
493704856 733583996
694598848 971469160
80641984 495669129
405461255 574685184
469633407 503334314
921566319 951960552
30024251 512202010
308483458 845752748
49298263 494736579
342693201 534144474
603986750 810719707
746283929 878762682
18362644 70007701
69544410 340512402
573342014 843627080
292472953 455882616
206919814 516828898
32430295 778480799
194310597 488933396
73475389 925984074
2935338 684343249
316194141 438722936
69720086 686303615
163647663 981731886
202490203 618624009
47583057 223521854
546901783 704595336
85002962 680677064
293939745 849846232
282167308 610133886
40629795 924732748
770953 494670098
209391804 356524887
504346569 942578627
399712806 914189319
356707708 633211697
466261046 608506838
1391486 141069428
168980740 605081737
21316925 484875832
92901551 991171159
116655296 907468884
225877933 615744241
182210317 533862427
138944164 275099386
688583240 922475048
226187819 652369806
324142570 412801015
316215449 402536855
455719617 685027322
254827109 989980749
316220262 656093218
60962534 840375528
90508352 332068607
134928509 345335460
322049355 451148771
1428677 368253863
758829547 785137631
103041610 841501723
121354596 982624239
675516118 770193249
272454935 633725364
841921536 912613244
472996217 944605316
861007520 997294390
149692341 951515871
296851330 503928703
788450341 975224175
167184964 808281343
761807323 842701082
799391852 801939013
464431594 981112750
61896390 613799276
485041452 650182361
37480895 595980527
128034531 453488779
578973400 918461827
312578415 745116961
192300290 803766356
682593049 899701500
245026431 966982067
77587503 525735693
825344139 953136339
1950850 466979140
78948659 853823788
159681610 421538560
192763052 477651094
154071759 965375193
172184039 723746518
587633538 829774182
22473726 179752383
601290942 827560874
124457151 253597897
731248990 750616467
66449619 465733972
54686155 247049275
64940819 969157363
527118165 808766872
214164471 398549977
143770852 667971764
152338967 894679258
15753015 376097925
300228191 356344117
151052206 515866002
374927314 556290844
226890531 317860897
19323582 242643545
197942302 994187011
27312339 78930588
186788420 710374551
218179564 561715733
119181746 778368519
90996787 510296042
688556374 891949207
62326456 791220567
10606800 756285276
114718728 949502818
81412903 783606135
45532568 955442809
192586925 802821602
266550561 674275358
111468388 812571891
46350296 882193678
21202894 711584440
5329580 411935955
86211312 711003350
453209481 483719622
33011820 719477551
384565794 482605914
74341378 152993248
164984447 802250093
21655868 503497612
60630796 474865348
42952625 107330114
164709260 427518418
229441358 701997044
5549316 920465501
640443058 848677328
47470116 678343781
645020784 722337702
801054824 893738014
51707932 806604139
666719867 672049720
97223723 792151325
413777188 919207984
30294905 990925397
484395181 831349728
204834377 438383995
193632990 512562225
8357081 85797848
100511984 105580803
60921016 480984220
385876399 716885179
208573890 521455692
136248142 416240456
563452 704046826
37547397 989900604
20094198 431080571
436109520 720098054
721888943 953700693
164390409 486695476
443764396 948733387
217490194 784712712
136575714 821514400
767973732 831509201
31942452 49305968
704628653 753831394
606231174 717449879
56661707 771394911
63745132 500426102
572644649 700410744
80438638 790134842
464165593 888869688
438520687 700786797
47477176 90935625
131435968 653708349
129362635 865047209
137777343 471914854
25218002 63610554
7062530 706810399
726403525 815448033
84867517 855766160
288648860 564872202
2593907 113709566
176485016 959604316
714788542 799725373
581253577 705082237
133896617 149374579
110578341 561787400
121114150 948473280
292817563 410662419
90145154 585299931
660130242 671398730
290382167 784286820
651618430 959696683
18194701 465992926
91989930 688192979
544061075 775909784
783798301 908878969
22640615 189272906
70361614 979361398
765344802 812330975
519334325 709851083
80653089 330356606
271036763 513447138
73196301 575580729
162276418 223583327
515466902 561844994
226692320 769960021
8564575 979643479
199228942 279601337
493090617 672356458
417566371 702564101
64993202 273441214
115604867 481730766
461374244 720253745
129605431 774577112
616167359 859829453
131762284 584288578
194076570 652787087
225557183 817261499
314948377 323200088
557434792 984660611
92267934 473345137
100438601 810923455
737504322 808702754
636262903 963061504
478480604 951211280
138777943 888431747
788388242 977187305
456763507 832945216
172715478 655952141
544383887 757954861
100605332 105110084
679779061 862633808
469313425 789510725
106812876 642028902
218398704 383702305
628274998 741547673
458397124 728880329
86479292 855428291
156408763 551034831
193061907 903215053
267751088 638524771
333404226 371477956
168509155 313787849
117653561 305955201
542173857 852256202
160687007 526872247
137761594 280954446
17913370 822388844
46383151 523253359
86441568 608423693
334219108 599365480
108258132 915193212
149739752 572556647
109890188 208255296
209365752 742603785
264257455 682358316
47836055 838891662
162966481 943556791
209415674 489473761
715458981 963066264
79499088 397274883
19883638 761609040
117558304 363236011
54644024 91277749
244315488 553728215
71689416 417304115
213370291 806029332
169265342 269256385
201355655 223909366
38739031 223066580
605047933 877721171
594740404 886502605
310046595 733782928
72162225 503508063
317853283 985814931
65908765 494422837
278896107 747170991
103195406 535676248
445002248 728476204
566807487 640699159
286489932 793035114
257679129 890705309
237644498 452889347
188867459 674768894
183046409 942907001
207677599 554953878
99621817 994315947
151864571 241592817
14599574 25674001
457542726 647043440
884155667 982707123
264473938 707397168
261909961 472151536
295580114 470848404
349038757 443668279
99571404 755593212
145473131 761719886
589542317 858853320
72901448 866454398
189819154 983087750
383693951 538857910
426756028 506137926
778902731 788932305
86124627 371023696
40711914 502585790
771738152 911244687
22710314 435099597
478506993 910405543
87341864 403924793
629376292 810294186
77872881 395214328
103654443 306726847
28214692 745286217
135274876 766198891
318582867 823364859
15566014 781893037
57525981 839668594
584519062 818112300
28192480 692482148
201404853 807935722
320882390 426962665
907135226 914563435
109828336 765569049
332731174 894789408
287104843 971406106
30408562 652099946
95047898 582660415
150687260 821616473
816142630 976569997
620593639 691011815
116341251 525457948
30074245 944162124
38982620 824519643
15472060 120275308
39022640 131813311
131079474 675807499
118761969 605154718
824449401 840524329
153074930 350798136
27834130 238496873
214358135 683635394
766369372 766879086
8095640 123328220
96119879 684049019
7897361 594369486
122693336 829927183
449164256 776139328
33060745 216301897
144155002 398693196
342306069 821120754
91733876 495380998
24435241 794178065
32674937 901796680
588421116 651560661
521192118 596516755
472600805 576041462
170410947 561432729
69243610 424420656
887035717 914847727
385209976 911470957
6773488 69672384
151918383 567610553
162996344 975032233
742396311 842649507
455704588 594775932
84523205 136884423
443126043 698355044
146124129 595044425
118481949 309120472
127513098 528497625
132460494 651236820
5460666 158937322
319957563 382331532
186877736 940820832
156348192 759216972
120850062 219419019
346675081 859148640
4752714 204652098
18085961 694891250
423626116 511721049
18707433 743583678
746568932 771647215
463254930 559876667
73576421 777010014
402699646 992947931
604681254 919514838
125547084 977658287
167940473 937533551
164049540 741805078
619045900 852195303
466433839 704513112
446778735 502031810
285488023 961075548
523946932 642926232
135138125 225761909
100671634 272847634
14652711 237921724
509486970 779373172
751800112 794974992
735285565 891213136
872150461 941256123
19689193 423649841
237598352 416182888
191747862 530220128
495414197 524342299
90565055 461537480
301956341 415428521
225397937 893969675
130790919 449409166
729420761 861858373
129803245 306074775
58055338 821397957
62006494 652750947
124886260 497976958
84132311 550877047
100832869 666069424
240753464 460534565
216452971 897676789
702290085 786939799
436761183 827176345
137433108 705244376
29976893 529379739
83613119 413796467
79865890 100542838
119124677 482345118
110071281 608508646
152471518 153146957
77525770 289904626
574426212 576434356
71916128 675493875
198611195 824776122
238130340 670949048
728866490 951495069
205183569 819813330
114276799 456283796
94921284 616176066
139641466 503290114
137063043 366541485
38871166 847065836
113649571 970552563
523674500 554070037
137688547 941239371
750003809 954985903
31056902 356698029
378224737 760275680
47141275 884862283
35700735 446739825
146208768 595505882
151203072 669883267
121702319 673372431
120112255 614744849
137144467 460033909
412723296 600783456
171297049 793583452
255045886 477951686
23601911 500784487
133716803 719122461
172422268 287781765
38213896 499292851
37576456 764634240
691007384 896129895
827369065 862304433
192772470 418347961
435715788 907564192
239439097 631107640
9924871 225672251
202746452 331862917
619644681 662842596
279993188 681318086
567523589 971000571
685821355 972194030
182340306 878593825
107360713 454114943
88302386 346799810
564976060 947664727
411988693 844969247
481499164 979512281
668486169 911463496
35761090 908330117
248091883 300266134
605815715 729591047
61493339 910893437
136483769 378719526
160515558 363707767
364745763 503869615
264716084 912226806
553289338 723048150
136934766 511635484
160263007 254167201
276378642 713552344
399136448 679598087
77345214 433289349
517992771 916614559
101123401 679086875
147616568 210125722
375560855 715755853
1561553 114451706
92701735 583699057
340833293 676722746
440153809 992222851
60837593 389770361
452412434 830740111
136162531 925771565
163323075 358199508
941898564 972339456
14970080 855701459
794002717 983119542
46386866 293947878
37518392 47249871
405449379 502199061
8257905 935691584
96895614 907161123
229639461 722063587
57942897 449747202
71094404 384997765
381647643 452564816
7254967 92485859
81797975 868029223
28177442 178693588
234738235 630728377
82747892 468434615
73774939 400401728
122535791 949982243
129579550 708511164
665264503 752596206
286072110 399621310
661927364 984077102
656473124 909603377
212254695 951660886
579588048 946820000
112300975 554640190
896802243 920903396
851204668 894010116
499122673 720249364
640443365 785194782
119870674 441705303
90744077 372618449
14757618 155515123
176795686 887802679
14898019 756383733
834622678 979715345
230309281 613768647
55473949 801071671
512020 553156019
156408489 477478659
651098638 824456277
27152582 651492716
116017772 864163276
269835646 424192363
25360571 717138864
165121023 538792046
26018131 668736012
363248322 622036898
131165761 242917256
107080531 111311384
68746026 229432528
535503746 686597319
403736183 575739258
632744830 940093338
437906112 880735259
127900482 175083477
593809579 867776355
117148447 532781338
207022147 553743598
577474363 742525893
8422913 496593450
430772612 493684094
289203140 721195075
137396327 759004391
64232613 753973394
139523335 366233388
54472757 591806801
165518227 993051250
673317519 730545496
206184656 716580818
197399766 916085365
736950106 963515312
112277612 902468332
33814730 490098978
702296253 861485107
57128648 379829225
636395197 963895149
252718080 498007805
109038454 450117845
414093170 845988559
266149509 378887133
600973242 927748773
108177272 843308045
86821065 563154129
359699096 641633670
72252082 678786143
27834972 693161081
7679861 475806542
74563895 367378956
168618180 368322168
47108310 57444579
127193499 881045001
36575370 585488436
319049788 342533138
493458818 626129901
161663508 337545579
169299378 799112096
682947921 897606243
366468668 651245167
791543081 994513162
216583078 871710131
95982149 340144498
191034035 672057328
98053022 427466375
767610872 913055848
615871424 652184230
55898458 897639548
792799846 904402729
184385455 333267345
98839544 981206150
6985305 406422207
140309264 713555917
138126792 976249473
111592430 160930020
510514532 617839505
399123177 611025835
95435859 807171684
553206495 567159680
135154780 160509377
235206392 410091812
300932109 445956859
189927468 969977001
22913881 285363326
93435651 285645408
38717676 409586102
880643571 958909302
266669314 816984965
683800114 981011117
477548843 984732223
279484327 519992662
129524333 813843577
356486413 934880320
150308367 823160931
191616215 672689275
490518869 892974820
106002377 782406457
83734922 459167497
70528768 700759554
110549318 913005500
229117663 930280641
464166432 574940304
116831558 982750427
266655149 673750928
823596637 915422833
43221116 796790419
814771270 900011868
207716659 522257578
265765755 732402029
258669309 763761814
81204131 756779599
585603917 847256929
166947556 313415939
2299345 827762412
502665355 998507863
209326764 366864929
399586169 614284551
356752348 672351605
124981919 700787863
46650553 492516345
223020502 430507551
61478664 960646999
193175038 558517502
274450467 728743816
210150298 787970064
47791240 983235759
83807038 528419912
312379655 997802053
341583262 918143781
298583145 703441230
178855500 662966446
74000299 266831184
640742427 915541702
117688209 694593927
200727995 892112102
595553332 985311042
14793937 186947718
453778901 703116709
4335936 762098634
35114470 767898966
58105142 576550725
570391270 662775189
609028497 912379285
7415703 415484039
264206776 455485386
53659577 650975012
140377673 318670031
194467374 690935159
28307265 764858644
206226699 739958555
652337840 740094298
83255586 769060967
195579683 336567018
50569265 350084479
577488399 748148167
166052085 631147975
251639530 306429757
758186298 996801731
427921057 786493562
614176726 634147755
6247570 471489766
83805694 729323044
815584208 898722452
917707492 944586388
21650771 676177237
73844540 969849661
234800250 493613035
34261200 363258927
165579020 253309677
191594838 479965580
238413865 265439377
128122314 854020647
20152693 729794345
93053271 748876367
275406525 604013772
32319488 440985544
709839800 770581262
177456243 889146959
108448201 773595967
479594350 904525402
614594227 641584047
29323361 104519070
222020315 440430659
553081291 910429897
146484309 520121857
204188841 986852427
214111861 414298722
121026906 243435221
38142169 369480783
76860561 762486485
403445166 941440669
134131244 973149545
26242915 435470775
89989565 563090511
6828272 794376482
428946641 474984451
534115365 799876565
638032176 819899828
32410726 904274755
154403167 679267376
52823651 735780926
151387788 588913815
248391945 418848240
18244143 425187799
626820850 975461980
222772440 531304965
413590772 771258521
496166442 693706500
94647248 802506243
133823532 441171646
609411683 650569285
4123018 87063689
134092750 605016825
713320795 895531972
98624953 160398395
173670526 412950467
79396695 349355919
151862161 410168253
60737537 463821544
550885232 774977878
44733173 142426340
234060166 674649074
24004992 785391960
48076565 955232740
26191007 674972218
265092745 945152399
95410363 499152910
133784866 975770308
5550151 927563092
905010686 947233131
76115693 428717253
47834181 597737948
337692931 380198771
199619971 428960993
257247653 725686368
275058850 530606113
366259413 799851828
80317697 452854235
134328352 910457623
251033060 839291965
140732457 450653030
120769310 928997910
594031560 782259478
919786156 922273111
30323539 136136104
257947044 482441201
519296569 810450746
457467946 599614265
24650994 62727309
4913435 822707761
53179472 491172975
906975209 936019363
43372235 667833775
181575337 196838997
84131177 543942013
169272980 665416878
453952592 717211224
93686791 577445858
162580007 627439023
695270855 918674733
91297291 876846191
115513729 777809517
321751529 426096889
163036502 365992189
827944918 879369723
46955558 415436904
458646938 752262202
670936935 763788710
541598226 549656169
543644624 715866106
59406965 772299527
22798587 508429536
697704551 850743505
240315610 690305581
48166199 177127961
300203233 720657617
183562104 823656519
315139886 878560903
616498605 858784509
69583892 103745299
78589168 337770528
340884330 710758985
30264429 459822794
836074464 974174698
154736150 674137149
209904385 714715861
52486389 464195739
27471076 762646941
133771508 354994058
29131206 645342139
55418641 91551942
212574351 379852770
215980513 724035936
173066693 703434462
138817782 383737412
690139429 797833835
381408246 834747784
109190379 344578347
188825192 722668736
200913640 563978230
62415705 345756590
97684620 683681595
665393519 741379878
421315895 448436484
91733694 802724140
283184267 906644165
75310375 864753156
102293526 264135566
177780182 625295712
266129094 599096076
73732195 210379139
874652499 921957870
161501948 167107093
162142711 162389455
25721439 554954714
505556979 752890289
92888275 514231058
85988505 907094945
45190048 744425032
128618561 961126493
202060942 519149209
32191746 294949217
33380267 555133477
58729798 426673468
483938473 720093871
588060840 824528208
217720590 889205237
107211133 924248013
58844076 380940351
837848292 963041655
556870279 693799030
161296711 355734826
477610488 883681252
201996708 631087672
140966722 581629254
40693727 765267780
204477434 811907659
65916524 894439143
78098793 430450691
124902548 403480253
57153572 326899255
310069724 915033669
190387614 768328334
75389453 927046046
106461652 466993770
611461356 880528599
75752130 774047431
49557800 432832876
192390539 605539810
138934409 321847078
106248729 626519628
130732719 501140845
933973721 958509792
95449049 262913460
559172381 608256516
21641983 817188991
4267896 640277588
702512213 790757968
50237527 461329507
508421181 755922473
125310904 324964585
90118666 952239341
150909798 470383164
133147033 366701571
85213288 966578491
433655 18616697
107519843 943068672
688018567 982186052
235218785 763610831
299218658 822098512
101641739 382223534
89902001 251396175
716687883 923945388
77578311 989947478
82269751 794340292
175873060 677045582
4638470 272011052
523407227 801622182
523362680 867329278
881462748 954416938
132505966 307450302
208239283 820425370
274484243 931126774
142530471 404719340
705267725 784410576
529248743 837773690
9759168 629848568
378263132 569626813
121491330 632007780
405002412 650740072
322297821 349379641
501996152 563523219
130171428 805155796
287520715 936781781
562073760 674156847
418566080 667885263
156888653 882087107
566568630 927549437
198244038 896545408
129270750 577672768
240455143 941457328
83821349 947728077
11162669 240710001
74652125 858149352
559092313 925079380
200174053 264008329
39057989 534645700
431191107 923038636
465562335 989985394
77885742 730944049
98260245 429214525
139880228 654401155
918409484 989566088
802925882 841816743
209908764 989137853
30247644 720657880
2388756 598846267
72979736 706986384
13650694 729285531
190697198 367191715
165383100 419863299
334435597 786908511
137821857 259931684
493894894 710582915
123575984 330817272
273571973 331554212
190228965 551866555
516293153 965410903
77858938 206396730
217214275 574582844
376868535 528762114
411225337 650440507
9036163 50545290
202091699 640011470
457938724 688640451
77532563 535797662
110380505 523504768
150118675 900370652
450812390 901607820
132180893 659366329
726973629 991791692
10066988 872481879
58869174 434102989
255631192 600928662
164124991 820070622
170771281 660752957
385751188 783855933
22959771 994821031
99588046 847547692
487629235 769765474
134214469 719302124
680966611 900003525
19915747 644909394
57696113 649929464
383135792 391778419
485158 760524316
161261825 969308265
135629050 391540546
266151717 902904257
147199027 267010034
142562792 763975506
73677760 622673770
622833234 804556383
219669206 809670221
259214130 980224424
401091654 457948841
234146347 595625688
750922779 780971093
77601488 891864096
416581176 914138334
106398691 334828200
217292886 447496211
445713014 715371699
213541099 862294189
49638740 810964348
149272965 682085474
220014746 961984009
191295773 893579473
560853843 610546542
607570589 780868588
149663635 644943926
229665416 365112651
155747606 827274655
142677219 400690397
66345281 581504639
441031506 869885398
537817675 691269193
37146917 888689818
97599536 650303022
344410138 555783673
619785381 785441644
329227188 968619498
90013152 218890456
485702787 816144487
205684684 284822477
454513187 614695807
18900500 577976857
80796230 590840873
130157769 533610033
8707809 72687272
387194313 422088894
375542103 694223851
850949702 908201552
24701587 544144184
100037200 927870312
622094162 668416076
429133979 824298354
220958889 785423225
554127163 833411720
76335325 883894412
99312708 121572818
130890391 990006804
160748253 843065368
82999995 522714308
305118564 532477103
320516010 363110145
642704193 891080204
74232034 879295488
770949456 823496846
191655668 523141399
830838742 892118333
499152315 722075050
309853081 659900567
122495975 353173115
224391305 280130891
287993188 346503870
106795179 345738164
97104948 314954451
697490319 797868699
226532654 281846182
37144555 851716394
384433158 468456125
730606437 758284326
416267284 567348150
94583534 281834578
589932029 886252132
180897164 816464682
20614665 495818952
231248047 632734714
50454608 961854484
391019039 466721891
381718985 637274104
220660554 681741021
165132836 957001951
142968697 910048326
21997548 585417077
92314114 451248530
67215413 428616843
31350565 424415651
266252732 814347311
36013999 773320093
101010218 473331296
227416872 746208653
159466667 502753813
28745999 531117157
21329874 479439096
23213173 661029912
286866356 335024976
19882949 650394809
123726104 294809765
621448853 879084838
262718346 598141813
564302151 765354275
393097979 959079331
328054674 759491949
396351993 878281511
43819726 483884803
25919720 258696267
251174054 512332737
627071886 710112178
395832450 435162926
146315599 205167350
5683239 510051602
22384338 749142840
96581676 902795411
337380836 756174111
177063931 883756380
511178328 816023469
178591422 562848805
58596164 124797646
122610665 164691406
112984168 780969022
85565449 619947129
114050976 725095120
287943924 922674310
198650861 452451919
31308422 257247024
429765917 839347914
31059416 552376581
185861955 942121119
102472425 920890150
695384619 727389233
419253498 953233438
70446638 566300434
705550034 884636365
109820709 249638807
623751350 981545131
469342727 726223775
902435280 935618866
178421674 375236240
52389664 861879107
49408310 420253712
107255381 853776751
52985874 656851567
736953329 896664433
283727081 679635211
365089721 538608220
130527430 332281215
112798426 400541229
297109330 495852635
377017208 410212864
116505966 657893407
407074191 610670996
63258268 962270595
585002863 687061810
20578902 853583743
100849046 385668622
116344918 175517466
142381193 597504952
17597252 435355827
347716672 588063440
128667447 816641073
66001366 432909196
35896289 980692122
170272244 632612253
32318987 91501907
135485933 945117868
45446766 426893772
657795120 730060347
134736936 622842999
499257924 508221765
309336700 441801512
134714368 436025922
647223011 889559252
86096171 471714154
116009692 395432870
913515665 941764146
162093385 706551332
103193131 835636378
10575559 710611208
620393386 729896171
288963855 312375826
169322227 677885184
68213801 615589292
748610304 950165736
540272877 715596778
21615107 383816111
250297127 873081398
500948775 972472828
502874364 652513451
10256343 131931660
850658514 967254056
137257906 980085113
142071339 315974756
209814140 723194839
555796303 641306941
49340250 755568172
597706179 789605370
872899126 935799771
400781717 800737109
44536967 489621591
65332781 293475389
453939502 621129084
436182128 902905611
146777803 882427061
136778167 249045942
234492977 443234020
68420026 866869657
24417511 913685236
246223723 718133865
512984979 929380218
545249153 581405004
160837853 340425394
132579640 427965456
297460690 360075462
8608224 285632716
97743207 177132459
116674623 324500767
195876115 931533325
54284449 310836250
12578600 418325360
355306561 923791794
607895711 686880356
215494128 641614238
51294553 984822284
107885089 204629823
128421617 358921068
143552518 435239683
349004520 679993374
157619871 787692646
216063600 526221876
452972476 686989853
27626743 647624907
16895539 646352350
468643576 892570886
304561934 857300655
494380163 520625533
75063095 662368348
615874045 926529061
134896011 633009045
477012186 711835147
7232355 657691035
292091722 795906093
234221052 937529435
423054831 633306649
52293250 813730050
15912257 799733701
309941088 806889834
676305256 959434772
220215602 977707773
206689737 488052647
773161626 972146740
46296505 604453837
185444244 648781786
77017463 758456573
120132755 358559605
185687183 968225693
35606145 843379767
181278661 712112342
485726258 782374827
785679082 830404161
476113901 876031777
117575727 880280214
542796859 775650001
109611986 568121546
19554293 391811843
25206903 425873268
221434204 546901974
111530667 280927416
37604042 897209748
111331576 929125085
657673213 927904146
109146140 255854283
153247566 788434818
119976692 348489337
128909834 798986981
117663986 345478795
53732996 452405193
118877918 200023253
202939895 648298421
288998317 356187460
289249591 511417148
547039067 827410507
28416195 176428845
2214719 157326029
547177101 635166158
282687549 461498701
437630797 530474817
325547599 726880387
41891964 872586665
406807246 592092221
392118775 435223440
592549468 596453241
173408928 688651289
658011427 889564864
945360244 983559025
468961602 839768559
856145690 875768847
347630661 756058106
464274948 523517676
150531464 906481063
120411645 323940392
89219154 930872176
376470973 797881195
751178362 970149660
231173276 474670754
147261044 711430662
58892226 490572457
124126222 477671229
441897830 850333987
398318020 673071105
177521092 326575374
73552032 175709521
425528154 787576038
10664320 982290887
659465265 693143720
96188325 679996845
6572218 858511611
65571549 941312303
53200778 444845627
718555042 738852140
23468863 195275967
198527825 955338779
147836330 760547739
39197463 776464759
649471440 717350567
96714767 351479111
299971420 424727390
342293826 382657439
589181466 998221651
470171760 589534147
611285741 692921402
790571253 816679106
445660216 489316319
59183237 759365301
185304545 501861290
645477335 980739159
36662709 91137550
38785556 381755065
771731561 821511289
99686230 707666456
210865988 479781109
202287299 369541454
638780993 870563534
292285126 377725552
153649623 548129784
50624222 364515610
27910892 740107600
109649053 861392267
101610183 327231418
310521650 386407118
787053253 922530922
898420371 909924612
471759140 712817429
94815609 805464855
132696273 946794085
80799510 282543574
438541841 720369114
9289529 990560997
95635125 687021619
272714886 567394264
225375471 626896126
211909697 653243558
101040193 650451537
24873541 635347513
145109475 532087258
12545353 357019172
7470708 411459838
124732936 630183670
25438469 561142399
262186160 482494448
692552387 777524104
289762413 589631945
84404764 116875831
128001033 749080678
15957268 273110508
133684288 881018972
582991291 971853803
120300407 460946111
36901466 488509297
595187884 783050424
119247090 723188916
532131101 987720709
116545839 272854484
586316947 778259607
232975095 359615274
28714295 79104403
361986533 623902178
199607445 246802278
173987034 195906868
463619966 791398158
88191991 696775048
56390321 659962448
252787840 270893205
214261294 631146563
531895288 979395311
286908873 990009594
33961910 333519590
71723924 984160486
615307049 855687098
117896880 141696677
272082670 683115586
16635175 991134238
92288774 919353709
749971461 949815917
108376848 754556707
795690797 849858536
213309874 437251068
151552037 349856672
136765032 430169311
137959941 371503303
777921828 824267010
902891962 991231701
114034430 906960350
193604725 540046849
358412020 540947237
294913029 987923269
330129527 769640265
323164671 561653856
109511807 499224532
176007894 370095595
129572296 777302762
74701738 122958948
777749247 983844728
59540142 222998621
53012263 604040351
804472000 883101433
137794852 965776375
88735322 913783765
2322567 472563552
50877937 632588165
150802176 505039782
185751041 327222993
879465883 924189537
90192933 206450290
26306627 948285492
574123501 950425600
13298432 515375175
64305681 971410686
11189567 339009529
121130143 756425453
473305276 925005270
533352396 778453625
84597759 107475896
113517187 463306147
267809547 306700084
385982248 449586213
178093737 343303546
103190634 466321475
96287080 223516532
625537910 680541591
652185205 978455362
428041575 766655349
144718986 598087468
39149084 708895104
626849306 927699563
439524040 611392352
204955003 849319343
487203974 910225898
97066720 417434151
564300224 715814277
825718590 898916140
611706701 731300262
129742063 388995346
90831040 873450184
97439314 187897760
143400686 661739537
903712036 969119276
413172028 445822216
472156878 519821594
134901774 554241202
108335097 520456103
310385699 374010610
288999765 639746879
221391971 542153674
130248275 936059329
369865515 988627007
238850038 594569205
57394635 212104267
322023878 737022567
302990288 429685401
42540484 376899858
113922424 600355936
93001315 435274698
487849323 998082463
85272130 627961112
82464077 761622097
381854805 593594046
357347925 689787090
66686947 770871789
223744076 298381998
135301514 789442949
194732277 497593183
5789374 719260601
569859415 738374280
121599808 652323491
13963715 734367532
177529676 534183163
160731330 820383026
317976208 919931655
74724207 823594710
1939816 766998069
101553821 868419882
353881953 409015178
654561472 946847333
80717919 419647729
239951533 622035402
113681996 622600905
174781873 750299764
833349332 883990963
123309814 641345971
61363899 925892917
193290055 852362283
501450238 783574327
467493956 822747574
492051808 947763757
166974442 987722720
175355117 421795544
535507480 963087821
189273647 359316281
73538275 533841806
159596389 846090854
649983983 715461930
256830302 444416648
225644152 857937196
874122406 958541535
281345198 357466917
673804835 857618153
162149070 863078481
249436638 376530821
319962298 628492986
180280917 545606450
31540901 571493949
395640203 455282052
181477776 516087761
167091485 501440074
144580746 347372402
254292076 256227210
184726250 804967868
517112508 983860773
67789844 687989392
139703788 885613513
28542371 750188630
29997840 290386388
95354256 329131594
17120985 903547292
125334091 503320688
290108649 496847212
387346929 735104206
191541494 438448142
39119080 48137635
57780263 899141238
464389043 906653350
263499229 719833358
75670397 206129525
44287163 778265166
69229659 533628252
95831441 396552265
155721967 221019519
132570193 893546650
99676174 298888341
426535985 655169261
185798307 817454222
170946828 664949045
151464969 729358360
96954199 108985260
40455031 803448044
311133657 982093318
64695139 732680974
250146370 961725992
700015361 917742562
124439124 333542279
89922056 910028536
769849856 930181656
32543828 418661219
249689023 343677484
119331584 152561637
114287628 962236973
105863865 814302988
361619 350640381
211239785 915778608
38385714 958935695
411714214 444510057
33446352 526001841
60367726 786974946
659290386 851157115
357791965 550192451
206706357 585958403
308502389 718513094
289631870 666294353
121221897 952241031
288316882 968440756
74922996 336178622
246190257 721280557
141498215 352370725
8896668 386047625
577815725 936336015
814533221 820932855
563571573 783020174
330381816 650697295
133024145 770652235
422623506 525037519
60474458 128423105
102474448 530398961
12495411 456986591
731407407 863913629
273676021 842150468
109439917 186666831
733489777 937400960
133060854 688480576
467799920 838176242
17534732 799981961
25609157 143727105
182910287 317738704
903563767 916400063
120186634 626210141
144753634 480736663
10444567 659890405
483831980 914008333
15307143 513815125
50965291 860101184
37539563 86052482
151942557 500741494
104998666 149212542
172091683 310974627
285875658 889833041
163413273 519586984
464568370 706839338
232599724 378611448
36357048 599755367
69034752 575147231
123341868 854697992
134003098 547029849
402447133 970993691
856570087 961664740
208141108 870718956
205396646 993796299
623927 602319470
251761992 737339784
362431447 459903099
460575091 669573272
161874675 662047603
99733659 614316440
17884517 66950139
55658719 693518557
508571713 879377256
346880768 392443442
238825891 292236462
222435180 960514522
26583773 671730675
49250065 574508681
770504848 788480878
191948558 730710749
72985440 830684611
113884744 473473459
444084604 984245040
83600679 430677110
156288411 703616541
15471933 600373014
237178091 487876421
123109804 441577570
179724774 922975746
92512133 871321046
582443377 788465263
69156653 431041357
305646496 815212422
164548090 268500900
204143530 690790509
479255772 632783571
318839404 557082711
400773080 544411864
168443642 209170718
41525838 117774144
401331852 985123219
352254835 706978347
1390261 683004314
140124398 241810601
264684288 393972601
79450172 616939122
454313145 610533094
148193625 817953900
313983777 617819909
190338814 523298453
769787405 995022355
71962223 723254704
727324518 910736972
12715257 406383164
169636487 842483713
22289401 860293240
62155715 904574545
111325720 787499055
117243520 596575480
232571532 286880006
138351095 569032149
18123980 831935208
308895123 939032106
637829406 650082471
219022033 393913432
53425534 403586504
362934773 812271617
920382583 950804444
77933174 458374911
71273370 476321507
485684770 674668018
93731872 759424412
542903271 700567687
162311635 904130056
22091247 966320086
787206535 804553536
109751165 518703587
163452928 652654435
71787625 767165579
138174482 328555187
765293199 879077746
559761278 787384446
733265413 993072128
129640755 353814398
234478295 769363641
158367933 443129554
116171102 872427219
2957545 635027620
64703643 780917234
137721522 597785388
6512299 996928145
90795038 956896471
144387178 336854109
326684223 398797197
488552398 729481448
100966127 654329374
533681980 959994777
503773871 949208779
332774388 769510790
148361257 542487714
349817130 846071494
129133001 303299608
352917220 515331332
115810736 856691090
69182325 367957553
221186449 782882354
138806355 520105070
20383317 670191365
110651965 949024003
328754004 394736428
554869413 747445093
229015235 741916001
264623718 917983656
255177343 366132300
498355605 791706453
203950187 892263145
469661057 761987538
433611899 702040199
34108913 254474171
80992707 605711598
261230517 866432678
145483854 239931363
406415385 708338101
86495716 840027284
94501454 699881903
262407234 567624275
173335872 320246825
333375537 523826965
202737939 637953285
420637908 463968455
163296692 423196512
3447384 802750015
179093331 957553390
18369351 977938013
90573005 577947639
102963915 521850207
98359963 266260607
688489035 781614035
303353656 950744746
28559650 995961163
12534614 827903519
114988497 511972343
444698770 722320299
76039691 806428236
6107121 680334377
354583770 694596155
314464763 657937425
23444282 162423546
4856972 990949130
96312924 541486654
281333168 680933933
213784661 599002718
109456494 184926397
547834613 599750819
385947424 633144223
107177899 847808151
285049678 436393733
606034057 809111207
211213024 715490550
183878335 394388568
119896882 654360181
140020755 946666657
206168808 480101564
574430789 679107687
51351691 191093378
686139026 878426456
87469570 635068084
189521872 227490324
8227573 365834012
357466033 694366599
96776819 231523011
316793012 551752367
23438799 189582575
448327036 804435334
92589750 544262038
775785048 983382943
678713751 945094412
134676986 835978697
534574047 986322648
19113454 326684217
434437690 447594938
291813423 699227460
468018289 733546163
425983198 802297942
183506475 371089300
412972219 974861379
191775105 567938460
395316190 665985760
146773804 821100683
122971056 554778385
107112740 353729383
174415188 304426917
287986248 805538243
3197825 880377615
389666347 718094424
234745990 670895896
294941832 375248590
328950490 567682659
72388407 695243097
100700025 589099315
247628749 250374667
346787531 953591176
68079778 933053047
154855798 855686618
643242752 929878651
450893296 908153714
244850868 698522044
158528380 591638398
71939270 714736233
570576466 684791730
543891346 949828946
149324291 515522160
575525208 792567042
95988125 798957929
13524565 193355344
784993741 854625894
146386429 727457418
59967882 569479246
264765500 456375579
7639073 29856459
545378618 786705180
79458104 150111390
544309545 858828016
6207888 915537668
290478212 756981196
211221412 289380992
554327145 735203944
111404632 943988325
459960777 601668334
23778106 246767128
654362099 954900409
78396479 283117690
294415951 329184812
698204398 709675582
371137152 734974142
49123819 516167183
349100691 756118586
157451338 400423543
698107346 855655735
468642776 622899427
536092475 664175675
141947718 737709517
420294260 772138776
130375269 449478690
171825230 560038622
46697595 329276567
37448653 775593993
8367130 924339439
256821764 991258751
226334480 428646993
17837014 795372211
209995475 605800700
37103316 535011210
138564671 377843024
107191558 226805714
103859590 522748752
447088190 744334432
172981424 359815545
43138268 397289108
476611173 691338050
577095786 580470763
39630364 834440660
72328641 906980440
96860760 797344561
313719079 573471933
341198963 890814864
6459047 555285764
68977106 616882553
52888534 108607470
303839564 618952436
140264387 219791082
126771521 195980203
506853105 714058143
140046427 673955659
81757774 519326715
111858701 292565183
222535673 911583980
66783091 836676147
129641646 384219135
24198786 600943598
107428899 298143774
11352631 948670870
198192027 533486558
23595455 455639641
839858776 878537002
752592480 759490046
11878013 958878743
666949600 790737991
565058794 662708372
42359959 760593321
216232961 677302781
71708865 908608088
408356134 824301345
154431185 409773298
175746840 701412110
73499054 857588726
9326158 455220076
291665180 668081861
7781966 915015366
100766845 754460898
62205755 471273990
594722038 838424306
135257342 730170923
31866205 964582876
38084970 957881611
29305170 565944806
23570981 982588366
172922055 201833158
157747010 626533236
44994393 541033341
22156896 217916448
742866498 904373256
165054555 295337330
112555728 604328838
23567781 666054264
486284383 766434278
422943872 503855289
61771608 976771946
87321940 209334511
150317585 922598495
441169110 940958135
63942111 416913125
460605868 641205546
100235932 397946961
133597427 741154446
222612799 751231590
124775548 785288536
31107872 426268105
296773119 472276981
41422666 517072365
754240431 860675176
4253420 67362651
501880721 957005703
97249692 849770530
686580998 736112707
360700431 951184954
170050227 678526393
439179452 720726727
218965153 678405539
20962835 209807171
325424737 586858770
56095625 549551679
257840357 609093036
311379918 532298287
209550163 288692850
92394155 893118602
101293337 531573606
209979145 487324514
530065659 949967031
257558426 499698861
632675 442608994
583818196 981484526
485466133 676212350
72764834 351665210
22542760 521627459
209580332 469702315
606047751 960284357
218094615 459196778
255409703 329027118
233412176 899752590
80171654 597362120
374223625 926195658
773440134 783429376
197779343 784565940
133484219 520487836
600619936 620606930
112699736 503628900
519090482 981256638
828245113 893314106
93415222 95913039
30137254 496831881
84224392 807717746
174958499 985309376
292395789 579051012
24501850 760738416
889036858 922635547
707553880 982452079
510855181 698362775
455465049 793663961
218058867 837955317
451210084 742635282
536901172 901515437
452394563 975447330
47872638 985809493
18386182 911430214
38493979 837062502
254417378 892092403
79623218 705627461
163439220 496449085
110072994 444594426
316502762 707303118
152976044 618508463
114957548 644547343
451040927 511679336
57559451 561113920
868716872 894636137
206610520 609579671
375030409 558166003
257730719 899577578
213278764 565044750
239711843 922545914
837441812 944554377
69314059 629602555
116967842 797341865
292020178 971691013
21377691 825051864
510809742 615844011
24598672 977194067
72906000 515593020
397772153 693307879
155014071 502167566
60779338 319606199
735988026 927179413
56067448 829795831
165493712 983192688
241628280 928468492
228019091 909278123
843907211 973157514
397262945 486336711
888782536 949905113
100399401 854380755
24497729 683302594
30271526 329650919
109560921 662693249
598743115 747691425
103552183 189328542
294361713 848670612
107809752 735300032
58175322 923797380
89671958 888177489
331002194 688415072
364076223 627080167
123495062 467628405
94410250 996739004
152211866 888210055
143373092 335730412
429141479 631758357
450635206 891390831
134856184 187396057
538062487 998256255
150682828 913801703
132248511 408952254
561537825 661920171
26076509 731652851
114420260 591517239
610024926 652482746
442289845 760707753
418800800 756831849
18300455 394219973
56140143 976373017
114239470 353718545
57547244 992832330
85371395 396345315
153083020 301298954
185778590 204724541
24144688 381279431
138111280 503438624
588766364 806315090
312445176 354205150
560440047 623374621
272033327 498327793
19719935 425116346
20723537 345175068
20279253 451304990
110136431 948198082
815767118 823447456
79915430 376207164
22300967 442728105
61397033 475470566
454079273 615043427
66348416 410904219
211618652 604203963
86656840 700435033
237519333 522719674
590117114 801807439
128682316 623212214
628688997 917119160
799697059 840307648
373839474 504662064
7658616 468467831
391016269 904008502
461821106 549403697
106766790 118270249
36705175 955553702
276537884 977424607
79929392 859652262
98427002 204799013
148637105 566199956
56438244 610458210
115603652 163205033
581244810 997880969
36717558 384358699
338612548 763632659
719186361 776901638
124714216 995724244
261958972 445809313
192485817 428412728
804097483 962732686
232092979 809951786
529450229 944185641
187404155 721936046
225114720 405659737
34976439 970768771
662564149 848106444
51135100 714202095
441265520 561843832
127032374 917219270
185269641 979397722
158402584 222568791
63856048 209537683
771381514 787234872
65386941 404343287
117988332 998521545
575844899 889369845
266832268 567579496
53801476 568631675
532442838 726330543
133593779 605491972
211432403 985697237
327417289 865344631
133399652 766277160
140757827 403071472
61071233 350666766
956158737 967939278
183956481 973570835
316734320 602249597
367446797 861732479
94689155 185670725
202941749 492496226
840550808 955846092
117487596 633918123
304338618 496561695
752018416 997405777
304924138 655203559
584256680 614822125
735307713 996107763
355164353 896260346
91350473 593361792
131100591 466299860
124812998 869450628
663993883 664668977
266864476 574424478
84247196 417923761
535514773 590177677
362943678 846931449
547980093 928515756
218313847 698841990
158491281 855099493
606854989 746018680
66652827 555132791
171161153 694788120
59623010 695468610
133271093 218114290
403084454 740126081
848355860 883302148
99001911 383526469
2944273 410783697
430956797 843849358
109047578 684238862
415506954 437384156
291202159 807441287
115811808 816139774
98924939 214813718
52182594 315780508
120182970 251768762
87894980 363641424
158836406 379097138
23599062 427556226
370495317 856583138
71396855 476717214
637717114 900139216
393251728 504543401
22075947 996094499
227707988 508974090
64188431 917774716
482250209 701905545
127964409 994378277
131898100 980908736
291354191 614148309
535330632 961784474
398852546 947321246
68775046 717095831
23646028 587694440
35387070 278783991
22140705 790137492
147395356 752142168
153953331 473802626
485535207 733056785
81396896 603303622
131435227 331136127
82420980 710232769
359150181 705464459
341474495 441606484
135720440 931167532
330284466 945196579
655429347 752665887
102068640 372866958
71783575 250336979
118657669 630915531
198423163 712680178
61619303 714671029
57869177 688456560
221698520 369331551
113280377 498077136
102158258 487483523
54670903 557060542
217848643 752286207
153461629 250801402
122740372 841299729
191893216 999989146
253815682 773450310
416435620 937546819
21422738 331850064
157650036 843499821
193296399 948119929
196938854 898572447
36657028 388832069
14798730 196545042
538381455 851106718
197488785 536390109
379889930 796400486
223494994 517379392
88615753 901390903
33000949 591200562
458789439 784078892
177211238 577310683
167790987 404236364
163164763 756928011
323398753 414542265
259302696 286393867
370404651 906843979
163596694 588677815
313543259 595503025
724371918 780766118
214494677 637319703
383407773 834524567
403655812 559322878
101583184 210813029
178187386 683856195
187441075 730635641
419378408 701556080
203378549 867481505
90674441 688536054
630130707 631666920
61589159 445664394
63572010 392946090
53791695 279347723
112003316 563147898
68822075 203180282
161385926 293228349
461805018 987073074
43123311 547247362
144457869 351718913
207195503 691378928
231458045 314605650
60246971 756026906
702424986 791123596
715410804 909620488
335018875 799385200
76742489 893208150
28839318 714984861
25313604 525492177
119022391 702439523
36432127 654831174
216345342 338654537
199933206 931756145
100791376 534952080
585940372 666125419
221081293 631885307
20099789 110029772
286716480 342518319
58659613 146799821
157475350 661316552
573335832 653521637
121634988 209565383
62331247 337980330
122252826 501527647
87016769 596113071
179635181 630564568
523562860 899920698
191400936 388457193
122509417 905991444
540708190 709955810
820618536 896895898
726784587 760151657
137470559 816482452
24353881 783502719
1340654 445849067
579483149 674475541
287143549 688270284
21318709 66893651
138321603 929597462
598596266 685794825
196982134 475466498
28454007 728528798
598056137 843427105
370418998 427221618
41356077 510078898
40455022 377883068
212348827 295000161
340982614 409330960
622983010 662796508
38055386 399103849
19688331 636111523
95047306 251648633
28075478 604603429
164643016 440816065
14365341 493683912
1109819 649688347
520771255 549984715
78820484 481763119
562885083 617391088
4924539 122121741
72015323 464064068
65811974 574944120
462245903 483823766
101560112 432246127
381576072 652893461
27250199 357289548
464044938 744753428
193835651 967757140
124414250 659903879
311903081 843909015
628406632 957926728
65777027 396815493
245409064 545855867
106862615 743227170
95524549 846204828
159454183 586418796
133261476 447294739
180148439 529711514
394953939 928766494
325581986 991198693
42797295 843840176
120322243 767537511
303224111 831941778
31525494 554928041
364736071 574086849
726263467 794509412
283439254 547990419
108782382 828619684
379348332 668387018
622945593 783764242
552576833 743267835
403818104 855800943
427725964 734918687
108816563 780044459
230733504 326068986
206647659 956996971
120578397 889211924
821475769 920697295
845118280 957431374
5288134 429986446
182736936 573835407
169619594 961289871
165914198 809221557
151159488 456016159
154712469 978331232
818237549 969836691
546004291 615575240
192262622 458455435
788004061 875533014
269981247 970869199
107528314 421140734
426885357 849581438
70149974 667679209
138682922 744394918
145445145 565568278
657387020 874254076
247990095 802310486
9665562 671116324
290892451 470170327
353291281 965669409
231503918 807614445
133483131 868370522
56342960 570962709
6793041 807859045
680636058 924269487
252709252 508291680
235096011 397524202
319953401 571105461
144117842 655206958
684484168 943381887
522853329 635798480
412584318 527421668
97011118 172811658
536567 320053738
243322816 309735067
360153337 766176144
417987264 429471489
779191857 896372320
177123637 344543099
252341897 480430372
103318413 609163702
58986858 355660309
89594073 429052627
499161403 722481725
479848024 923338565
598692191 840378488
661318786 917705812
492516963 609334418
290596416 816216784
770033382 808517291
516269853 581947907
446225759 458380277
11000534 797903513
180862001 490848557
67817953 348200490
255306641 874479147
145630439 771576493
42889313 847052242
97461982 768555008
29754486 675927740
63069722 980146305
38469015 436169786
271034771 575780767
553554520 934343617
244331608 448960184
70031543 663666696
870237680 974932242
36487756 517700471
4002714 592092730
522277537 557557233
174655782 395431050
6791472 677209838
127486969 151411209
164276116 578545074
114734541 672099949
24217929 141906674
67530998 411453238
123145444 869981619
111425382 127073609
804283447 894320995
222452353 339083836
26786475 791024481
513522451 908449060
329565657 723861935
76315316 509699592
848783427 914308320
132400898 530594963
190904189 716717691
94769885 234670261
47581748 493433459
62573450 693659620
60712156 629185526
441005336 752456547
890407479 899640943
696708672 837693716
345271436 408614148
570268875 584693916
18748977 632842324
278353535 477834283
455010872 673162309
113232327 862684334
122782964 475626052
72487404 109610519
300860058 673419566
612889716 661892457
195959801 375015724
237700057 775183195
335652961 582086267
442712744 889367359
230718697 743572801
415303276 843608412
575898635 689866360
202124123 360101841
602446362 644836867
101985551 833165058
240926019 369805179
679912193 726478251
938265769 950172337
150351425 733503452
131734313 404981050
774786228 959518590
59201544 465136212
5589902 404272943
730327998 868174143
91726674 329643154
74190513 538853104
168970576 193146801
112508765 983964739
471762952 610515021
56600966 271466173
6035183 168469912
525276053 907766610
193547551 766352466
309794407 877355707
136616680 781557358
39639287 450294143
112336075 283492377
75513381 664585013
114879156 997761422
133770150 406877581
220738942 565276832
117806696 418937253
234987367 361923201
212200974 865907144
134630807 198487476
14501450 735236630
119531216 924766662
227178243 392315939
132652761 990942550
138095882 723971546
185190806 865350137
327862625 442929956
30682937 799617128
107835299 878238213
138965453 733260517
90467262 837295457
286722827 455348896
199817337 277335060
31836793 385008142
142685196 781186690
14780134 150201897
233328548 850423820
650040947 941070467
84830274 330865194
656589827 830415726
386351332 616941477
327987485 589764886
141010967 649628652
68834168 846718672
599656026 939907405
225749024 548179988
126545660 321177394
252198839 566780914
413499585 964071966
113456763 132856846
806191892 916192935
54799950 84841958
383838596 397070743
82301587 136895044
15911872 744209304
636000425 742118660
424405020 476583728
263270506 660759968
133786601 617838983
97967037 869005329
641684579 955844033
331336228 747703866
212060136 954717375
526259170 559471432
50899431 405496550
127018230 612270819
67653064 509299878
346006017 867522920
121654165 302202277
75089989 373227326
281168 140578510
502539560 536467860
33853682 701061928
256507131 674832720
380388244 989652883
334652514 645415200
842795537 988641702
345146693 598747747
219931062 678597933
379659860 887621720
159914043 545920873
168571210 791028632
531166703 580839429
558479481 696782390
46497732 748532250
52287261 505511559
54810300 219158408
267137434 807473152
164448247 792944704
101761345 962362331
291323094 484366376
109737242 429827094
772791242 990148951
86948351 150929532
112881929 553781678
384643671 623980126
551943330 553593778
102935114 716000179
726996974 842556123
134485819 349139259
173689558 956572727
347973939 658865946
213226631 546352867
762876886 957078154
73664801 553474370
133325271 940910104
87762275 851790888
43576215 437268732
386935389 678820977
351243340 518477199
4858687 765072052
456664124 953893298
217371516 442505746
747319753 807953734
47767882 504113384
355904271 910572617
425315240 557107701
35760531 821459486
566417471 634745579
134066597 503789558
310199208 882337378
33236466 57518960
690291112 933520699
172892835 199398799
179677018 937257660
89581532 324316000
387188238 496581369
223644054 491176873
324420979 423279550
265252848 742601557
170818743 784145308
613236975 643748168
152039449 890654811
358155978 922650947
95982791 165683381
943126848 991100660
478908966 611136072
125923118 141232271
417028172 831571567
45462005 587846914
615716874 723726354
219990873 682563303
286350505 372030321
425734466 497022834
147197619 248016262
348807491 425579481
140923644 922688178
122488782 467685565
43928270 723280157
258359811 958542711
488465814 684094276
308081896 635663432
69717881 819351906
430741012 513497094
80297978 571664655
38830836 737033559
174067409 577388029
552428234 710731557
57878470 940646748
116840840 463415440
630718607 765047688
222279011 443723456
96483465 318813457
275030607 485113905
265724031 636590408
201018955 213064429
870307360 980451138
135599486 780702181
773614237 879579882
54559870 302346502
142598599 512455180
683784988 722844815
614596039 935000452
767967941 896132967
118121931 394098529
518150899 573340534
260481562 348435915
231951074 759335507
371523049 679765282
33313667 136591594
631781738 955967736
166964493 527975090
741023267 931185049
387042959 972974340
52646468 673598763
89930185 743008626
70707804 574228275
551492713 861915374
23790194 372623386
331724696 824055689
817384127 836980669
70542868 336290872
25697918 940691793
85076866 774331106
124164839 497473527
61554312 257699972
81755660 226192125
414999349 532655469
879508925 963546975
401186572 440714535
153168015 281119231
621913909 855119499
81434739 524429732
57054637 335190505
218879420 918470156
202416321 665105086
9231388 110383008
147213987 316379985
213998594 256644371
114973815 666367156
99899786 930073222
186717592 560881233
166880766 967791693
134355213 557185413
706850092 783592885
37442578 877739643
146080228 675532557
5622216 571261298
128446711 212212036
197126883 965545826
148833725 447193788
637293848 729465145
22518304 596089698
129382902 959252249
274982544 363992961
464782808 661409628
7461381 463407584
460294766 644755229
45389080 335329421
93361278 843377583
212209680 425092651
82918786 842110054
694086511 800965002
146411613 724862371
697293524 786374278
125303449 587917588
13010238 312586878
196952807 744501594
7996171 638690279
645587906 862219846
716158799 840331305
106334057 715086763
417710027 803627580
244061519 909697235
74800464 370828364
46038921 668623151
325765816 990642690
5328171 315561905
30648667 237994909
633524736 864384029
522282077 800018674
140907478 781212984
110414227 979939906
163260401 730736736
217082315 649301488
278638407 442115369
94650394 247680471
49325911 573566759
126012760 875971967
610395833 876290508
207377044 938223354
364306464 611399485
42605793 731581297
288904128 653001626
655330296 953341323
145215945 403534497
89365003 825795314
225846788 455240491
23081099 569487889
1934961 283803506
691114288 751949187
62901001 862533097
76557698 328188388
825435450 943583924
210187288 927093628
63413485 191853291
54386387 490865925
558853770 652213902
129529383 582922581
108694161 192942867
774775872 777798298
171773704 681678610
268664222 950320701
259335852 444699756
54292339 712464786
535923524 738194236
111152835 229871161
171268387 235683914
132255826 552644166
80163742 832049991
960216882 986972432
500203754 836319502
235334423 847218968
229676384 406602809
82902881 652791167
161141396 803538716
24851239 146129941
588573050 957531332
211022636 741179257
440914576 636324178
124542067 605150260
6590858 963993995
192844154 447405013
94519630 945077783
73921640 895690558
6172123 462515214
56449328 643942157
581192494 686234185
281447895 367533140
85421810 650260320
75174306 388582896
463067312 596792492
147034943 646327699
230262930 413058427
851635673 946355911
68910649 706580323
7694117 385802779
469576894 905400773
116174107 409738805
50594234 622354155
121203456 604334200
185399731 230773257
62354366 598993909
137741364 613645955
528982733 529213209
915015987 918931704
147110325 473119119
8270810 115800784
223869036 641481637
242819060 409268767
724771245 869459643
367005970 813251071
62147333 252504493
264348789 885512261
499158216 794424690
783819712 948513025
183617891 698835699
24471169 580748241
446528998 759845444
329746771 819323531
398330304 553615806
4103737 590202740
179679698 714331760
753047828 901043272
306422549 529708151
26339795 646025986
158538709 945961219
33066558 372429338
157296276 607213402
622620075 990369940
130298840 424836567
129479336 392483899
106815659 533806330
63514481 629362591
422322147 950142382
939359307 963102820
149931245 561979381
102837201 936287950
189464500 232316537
181288201 970223002
504029332 604194225
86073167 974935540
760022515 862392105
942180288 958836228
575980513 926630984
536973700 765445012
11463872 718261900
12190090 475682477
741869618 885978310
312022129 403290953
214643533 824102847
408585408 614714054
20169846 674038579
136135459 788691035
116889863 452403534
186302912 711275832
338381843 498325041
114566784 338690907
162793753 459931975
119834360 766043935
233274341 519466661
46021592 171722062
132419384 466663901
320022152 871937043
583212874 812085081
4650104 550296010
150775987 609693912
69625886 851857037
145919090 463015397
882290432 965265901
284446153 423515925
36009519 604468305
147969320 657196405
110793368 731182193
321797837 967959823
133994554 472573823
126248399 803183773
118715522 712591910
464108168 605969331
119737211 346398599
423751583 640722307
213624766 708197736
64238232 249634284
96451933 929900649
26417988 366308497
22008621 761944611
327052872 741458393
583675494 856783324
234854864 957485755
109308541 901272037
55270145 293217940
42075825 680144181
621881968 624458523
250073852 866006274
303293154 602420524
64421545 710541105
133341096 629851752
174390951 842883542
110121481 840111672
487660273 651201464
42968482 523099161
947162819 996990677
148468482 966763034
211024162 702281322
326526461 763371631
81724660 680912368
136752826 932999312
9527820 882221225
385371318 817340895
81747191 166453060
383451888 785170287
104765659 533054706
125705383 861908429
272030978 361673622
499595067 723361025
256415730 372686669
336997434 373289122
629563740 732341753
102815002 678000970
195837089 761131157
152309232 593424263
141927414 905857483
509479778 660196444
206336190 846477211
33485566 688416281
431335315 988816919
372339179 825050196
613998693 861439358
114421227 809835781
99817972 738850245
110866268 470041304
131240854 568132829
828400775 933609792
483606666 676367649
561518592 853829998
172466625 672384859
22388732 961277788
32446580 711899841
94702552 477453567
303077739 884504520
422947764 568750217
652353149 853821934
9637923 201466669
294553095 355186341
168980481 520409957
5199493 548632730
737378581 827312699
13099325 606157041
865730195 875253600
660140061 878055685
594210632 702215852
78918475 763191112
75142160 812792845
63522725 722199313
687102695 851067870
65794973 505828011
263335277 931410650
111985051 129065471
11149401 73889981
73583847 703764343
231489344 521898744
96614409 790402502
533494343 783717103
142061465 757322000
159345681 616525504
158768547 825480822
27483518 138597206
286451994 638730104
8830883 786369621
30757693 801761679
184038687 926033885
57907816 409492114
187609716 281399985
118055845 830089754
425460872 825938288
191516273 259508271
79208366 428699120
19861117 266818081
84684648 220669476
107476862 128717272
75138101 959506737
31438556 142905992
362873354 585559696
192496767 987131223
211652648 407886472
425207270 560963053
126232800 941739680
12580019 868332497
276218968 955453220
785195718 978703509
99952008 567846643
95120552 673841418
792691523 845554467
80599968 562573294
124085458 826902327
85356349 518249233
123009562 401409639
292592454 625758396
412750537 744401153
209107196 839181079
172811662 471874675
433656377 458626862
45018693 118422378
213476141 470621141
266361882 941452323
474811618 997897097
80624444 597821180
251823088 373216898
76095927 664573624
117618050 285203122
41762720 920333820
38756197 575839332
114820439 753730682
227900903 501044303
195499508 613873950
189662317 806591863
83190433 719813425
326060458 341702249
135482064 217510613
77961312 975851900
432850799 565389828
595512076 784289493
91574541 643527935
250679794 775393684
61351800 608042927
493611892 760070335
479883759 999688838
229572903 566152959
366967061 480252696
194062994 428318860
88295622 964604102
84333081 819858393
390778977 664676940
206059147 211196559
372511088 615693799
78462262 970959373
753815984 789967060
513904470 739499092
229402661 932537194
358712069 786499468
431716212 920330063
388540213 588640673
231124084 880854312
186369517 745028553
137110333 805040151
810864965 839276720
145848941 341888253
330074522 501248774
193041845 758397484
15549222 671334383
157743240 639650004
305836031 816474851
24894344 982663128
41993729 709120537
91206435 187842670
51008789 709009745
722231823 834054065
212982397 634142828
195668924 324365135
428375010 798785026
142377737 533706910
372181562 544298621
89528974 998632727
104571887 461825889
138880203 531213917
184038792 545086562
746066009 791740142
732658364 734210445
29636894 727552453
120433706 254334808
524304919 755462120
27374368 486931705
32018266 434331114
50830541 777061428
223505312 927278130
410087608 608001296
94933000 418118610
353907838 979467618
151126775 679912017
39261829 996134230
17347976 721372353
349438756 712781769
140231165 201888478
132925807 750096667
73491829 882605844
74434040 740287538
421550024 490680814
157356185 956654973
391896307 762399595
355203485 886770947
144911175 811373613
46780188 694488216
617330960 911228060
39051955 707454499
49742307 726812859
176434593 438213793
195444803 615612928
212539324 799098579
462988543 969886004
733630415 796023373
640290352 783372722
142052769 541340478
230787664 651401951
707346881 874526844
37876798 902791684
456041110 945654874
423747506 598093879
339511703 702096523
156880132 558070633
228047951 387667795
209472584 935394831
438084622 770284701
65838766 795804544
102774485 521879876
81134865 831465465
50277244 754188970
465183343 773406296
122402851 432720682
437215995 560487472
55521734 922820403
571141298 672273394
51311736 468246832
98604537 984962952
152228648 906983698
75494299 394281096
146603570 249713244
135306613 196880813
970287108 978821415
391825238 941248722
35356209 961324147
62609221 606497506
486113892 558365947
26612778 722735460
52609753 230093159
486741041 875413212
61430925 224984381
135432666 305772515
166233102 170788874
90860051 768453636
226779201 995986155
871399367 912494071
70782937 957254074
30137257 190395949
38612747 659939987
197191114 890542753
54480078 803469396
18220330 644063718
502559279 568428597
266259869 573342215
137618499 762995919
16846354 881251709
715744969 767513704
357578912 547765897
138513108 346909868
220825565 902251270
616237988 882195380
167144987 563903474
457438834 928863140
561276426 775741393
63135209 757339787
95793022 949490351
187177345 509585799
408369384 589718449
520781433 609410922
152683358 268295929
221496703 498055496
132004918 758010925
183940516 675339046
37441196 387157025
526340152 853079008
295313808 415137062
35026775 540140885
441202599 838004136
60106647 814500383
82796311 521428112
114974057 647306098
74891831 464117255
31604664 601003744
48034191 77213540
58135078 557528530
122103720 946698299
267354491 684869677
360143972 846661910
88556849 895732749
2106943 244400171
43614821 581348255
661596690 868292082
272026990 984124154
35065558 412017246
51646796 650254101
541208308 992719997
250265043 253126495
229853508 497679455
232015243 663889129
555339326 959383264
212936709 887489408
625712217 861699682
494326153 560036435
36027365 902181830
371936050 388832773
38128209 584872758
128838532 663840426
299088791 662207445
198596731 867065154
549186618 834706018
82557431 925895061
161912211 763412201
175964987 746547183
410936544 547901036
132499780 468445514
222933772 294411990
84374066 785969943
515684350 793530231
342180973 481105879
77909165 121123255
185507551 495332374
105658527 703758622
238112025 328592299
114562241 653853666
40862431 755287394
167902402 901564325
106326209 694848060
121484859 292895155
534599324 588566045
64429124 969940816
66038746 518236317
21059999 808183258
437975493 590839842
85434951 978582691
15808824 44277511
248612210 713183730
9326084 370097069
6078884 569214580
86750442 861843197
232595865 702697898
146054091 146758435
6916353 822254205
124518072 946183146
536613753 806155970
361370219 470010186
144813677 507424309
616768620 999255659
24629820 597890250
418635445 439557370
276668191 726531868
436423481 729477694
274770796 973037234
594763202 602036586
401302369 739576879
591348889 814099231
158721475 790799617
197633299 971658230
319216530 815727707
41256828 740599506
534891812 555388253
182873445 756418524
32053812 992810264
580760445 819374566
4937159 423006014
499407343 589278492
144666744 396027223
395711787 850876409
562568217 578585231
125751557 991140545
247301954 354360572
184111262 926633445
72181217 803810706
104357359 246839165
83728889 948906419
43293689 675331360
140623781 539656298
215230513 577780683
108405529 352124056
361661921 453807402
4516673 880453541
234874361 865654084
33063146 484560005
217080099 408167995
5706369 650442967
23125757 875151460
125614344 544673784
159893861 950036113
156450575 188227859
66521225 542167403
414170894 691999343
464021890 712396946
311101886 546907619
19514427 612372646
756768235 919525316
9662182 186592003
582945627 733269565
50744680 961627863
208629645 613771695
287038205 519731530
13195665 750564818
215453815 726410069
259054093 561059195
224009158 954643005
49373453 195890792
486533734 541135946
234296214 389794765
355280161 442925858
3566459 642318365
111505139 929941822
624457893 770526960
628549737 700983402
20712066 680244001
18310590 790859949
2040170 581158615
177909373 478238371
136536924 654883617
248765330 617603012
355867018 826451645
306027765 313607794
98288607 326739830
80017049 545258568
200142184 562083913
241051909 406849695
466078323 547079673
93186137 576551556
2626903 559343346
27426912 692412373
268569779 340540056
262126732 924543962
60682465 651664188
68547469 510956061
87507616 999427331
70352362 90134519
635063243 864252902
6927493 446857259
150258820 267450500
853233312 870117286
274946209 849721937
112196262 576915382
87871442 123803464
123230794 265346047
215641671 605609521
52466779 401545894
342536015 678467248
820374491 950526569
28869495 526124154
228362443 344593909
57287767 685444439
517627499 536402478
101417266 459364575
485947996 774577471
882451703 900914160
256588443 480024700
38090672 435266029
51627300 524038667
62359852 667323929
47368334 973317159
305858210 540940210
322865688 323843700
565721040 741539700
55169037 837567731
142702072 534848283
152001096 653392446
173232726 266109906
239427064 740919327
82106891 545285273
134375888 404972579
212105999 960625440
226735345 706288130
310972487 318678760
299723808 393079378
134196622 649596937
214940069 524377630
31499478 872200336
283080046 629111083
460792043 964532197
199551872 974275086
44273557 979978004
265530 357581951
141450854 531596416
305316544 938477406
91062940 521261307
427592876 675693049
75110208 765081830
454677082 950168418
109251737 522056427
268850052 414568280
313050184 841052984
853793065 895781138
461102247 797372357
142701939 893778056
790931360 795365495
287427942 702695275
6007566 836105224
78497741 750495894
25321689 455711333
95609744 865256804
92760108 579095709
105528805 525991661
143036855 542812009
594428231 784916347
502689502 978077127
911898225 920805282
260783786 789129644
187358521 692622567
42597072 326078654
121579953 601185838
37524415 767672742
51982526 176274195
31621441 569593852
92525787 153201393
109247114 535537836
970836352 985059506
518104388 744226838
416881754 798979139
71348707 356865535
559942612 908246316
237701012 908803008
334389774 507289336
67396411 425050979
47832592 890749115
410110484 418453331
487492304 679508589
69948821 266944714
315885378 329245598
549244520 875827989
90008266 786945532
56805701 512575659
260916292 693953049
68666038 761742652
160585060 415597171
236815408 515121610
619246362 659382801
222521463 961448507
510192523 902789723
345523797 426065185
182655466 598411291
24247535 343240526
14008461 597423849
235448696 666166865
70996290 840833068
360891113 748070785
53320982 596339808
166846629 624322611
50853246 337995202
63772782 381806082
292845757 811324077
228278405 348912825
382980091 441685869
96983609 436301072
38025677 216253962
91415993 718793257
147829047 516816177
670309672 815228962
80221441 560851700
31482923 458383470
153037745 535390516
480390431 626998914
131703315 557635747
116417062 745489580
72759798 449323844
18418390 744672893
61388107 395037493
140527072 479423434
332161716 365531916
143140401 939398700
217339104 726648871
54393853 837291003
268822266 608541137
627397605 651708573
54605162 872182453
111078741 867138597
92580390 690207617
139082861 396444417
882972415 984488150
41715687 277482507
58454304 331699452
13238574 83823660
443294051 847415599
318764163 946626368
302531522 429842903
120050519 657880529
58087048 242501599
91606724 626724452
309818567 380726605
101628061 436810451
650911139 991298703
89373866 505113190
204590003 251708784
138433634 859625207
57410593 949407664
616387322 778099991
171400200 510663341
222804899 364545024
29170807 454870682
541774390 828442982
141768829 637895748
45530358 536059571
466338729 871754756
205807148 773441561
58494294 799905213
35727594 733736750
61915032 770593420
116016216 992129250
32427881 524785101
322450621 460303022
304948623 430195954
63065247 844910160
204143376 708271019
584266720 628490029
921581 564935783
43747183 507258549
164230157 348695805
318578160 641240850
278334551 381643406
338667361 482477926
110967954 791468199
49727961 792834584
40830128 729719511
294655293 607093085
122375415 845451642
466390250 882928768
456859599 743695319
15061229 735194149
125338724 353728589
70188426 920285852
223688034 474260354
433392055 472464740
8659760 780510665
376722335 620371544
53229858 354577411
157091013 839133663
444234192 748361680
452709627 796119131
122895837 557925943
30390682 591648995
602627301 727953625
536265481 969021166
657652196 865891120
662010250 781038514
491792186 784906086
191480809 434931475
26580470 649780523
312688382 702235752
130684998 749792491
71772034 891389674
229790967 581940581
174572705 739896031
568144287 801870960
91929940 492432672
74373252 303057778
35533647 897304901
367646127 940924984
14725526 961830853
443414843 526183408
285646767 689925168
116700805 683984311
72637044 666082338
26768145 947781590
805620047 999780494
196446178 617245868
297234395 482092944
166077254 232324430
32622372 693774743
589150987 782438111
853231892 883384589
658512708 838286860
736709013 997157591
400071862 659258779
212862473 669265448
571996629 894544005
408795212 879167664
13511907 574872465
111492093 946045795
36371992 389447447
576629639 756288183
2714880 789492112
278069983 732970971
744242873 875379593
47923517 635951855
434514001 968607832
30509385 640148054
272419669 828311877
70275675 536993128
35747356 426491996
35296531 735680461
321167783 998628330
41262457 980841021
167384183 516218757
4686963 250199438
79756011 439200964
71323622 88318787
48222358 835526886
131945256 928671587
516868400 554805688
185641002 838036182
671393554 720818199
675935164 868398260
48929468 401378449
42238988 949668178
85760697 350597974
16552248 609670602
71416172 464707165
35406328 712574773
163632980 390206429
477751991 865241122
780423019 931867261
54543201 681868838
185762061 949298540
10581647 884203765
449294889 620980520
135605111 625995149
272990701 465873453
250257065 250812174
286761757 376228536
608633120 749395753
2823150 651205749
659464085 865921148
4896640 339241055
124147183 205007352
411093329 687866406
86149901 697855085
64094941 547299372
299767189 755029448
21027837 794161061
547947845 785453310
49415267 941692455
29173614 800857413
140098467 459000398
91593956 551191795
146866803 177743856
288200067 724948594
723936503 836147911
264254209 871793294
245411787 612413083
227749665 970455014
13743502 898773560
73602795 570180611
147645556 405001856
50467123 363080162
142748599 503585829
593073201 715352501
118558341 547952529
117099705 537505055
120141018 388500722
29649636 113261283
328409288 381006063
9365022 631398016
197715365 471391362
82691516 596548101
743690098 899757346
532954402 555139430
161570593 424604169
444652419 650228650
356308533 410141910
493436972 964225983
46079668 523086607
175382042 985931780
296987729 791589899
18595206 508341672
871392687 876998527
31660746 649275397
718166532 828409798
65980803 176462764
10629604 890341989
8068091 541255176
697712295 753578322
769901219 994700023
735008244 798116759
785302148 963888020
497889043 531660570
422002559 851905243
368259578 780110137
96294182 697979712
67447268 533123617
165548741 799951026
597371372 929475135
103238000 425436350
99316426 528152192
330062115 517305764
481272894 740016896
233542929 335142717
139223111 875498524
517067535 542473562
621680469 968774128
545658987 853598601
152964000 347159215
230982946 252280425
875311407 936423687
165067914 822010691
412458682 555433585
547471199 720319276
176391733 686694309
448334151 545975620
105830177 516389103
33890347 981141583
305329141 991234262
628903733 646066939
468077629 716128622
197918221 328444654
83510707 716017218
34906786 395957176
112085797 439395828
74020257 78637418
133010178 195531850
34819455 397590431
91424367 118330161
212378696 453112016
119793765 391254041
422166913 643266050
268357374 781853273
21674231 222688716
143155232 336605735
642234103 872066553
68028007 930868853
174639246 674904918
101940187 890496954
42460592 779082237
376686516 464627504
92578456 863404187
169598335 332618252
71454465 811832437
204684805 816998599
178674005 876142886
36995715 771368669
7742425 79456306
544083809 825315544
121854412 749721784
48889257 712230854
90209240 780111310
169724448 954603387
72738925 743661389
811993719 993947582
43185370 268363444
729881491 863791827
87365540 691901500
92794099 988771149
256648705 468147772
12031169 423634045
56261706 816674059
454838689 696532722
62924547 151392259
682980890 958626268
478416446 614816338
39358316 468135006
28123706 719941585
493396689 651917502
200966575 360858694
17212342 669549349
865141661 932653240
33546642 905495268
319053066 699608994
204042847 621704629
74558770 700221335
415583414 748016728
693746739 766877869
430625929 920892276
86992212 469157587
151798631 851608486
117304370 923970094
623216679 628887514
247272458 471488730
64006392 780018919
685817350 830941421
129296696 705157713
111740888 947049567
420713957 623288119
40875266 747264053
689702886 729826860
236933344 411604022
115728859 943658469
564670141 788435098
711431439 808284338
428977611 627954182
311411954 369929639
36662555 440708650
232687317 856356914
477562448 663234840
546204057 903842179
495340330 835395618
230401772 727789929
126753360 637082456
324623438 565352496
73061946 820429817
117968784 935573960
22180326 697809732
174156717 693851293
125347645 144865364
372560270 769143542
36033641 188871285
72369075 816715064
594718203 792341349
89313114 919341640
210210196 654442204
329168746 484435957
157382125 496183810
798128273 812754532
205615075 972284989
531098258 695541325
140211665 978332813
35045177 138649779
634833588 871426799
54981614 425407794
