2277 1608
39914592 407624078
10552773 479975593
26147637 679944583
87568660 116433198
899326746 950637785
35407734 593144825
22724681 878559275
1213834 824557545
365104291 941298845
49919070 328967245
5039702 812643564
49502902 995683833
2048571 477808336
742366 276928456
765699976 887066796
358731817 957384623
21459666 944705762
26433792 842700013
39949742 533748402
444331465 865182042
580424091 777768557
40794536 820879688
55607197 475216368
24727001 772860408
109475035 284883817
8432209 347847528
9110467 864171133
14506682 396242954
506430 287719490
4406974 741233911
58491093 679537819
10078090 638483638
36609629 667027782
58321782 199401022
35331607 401343157
16419458 795438136
39378790 754979539
16442389 577138059
30733328 267473803
246759 693711361
59082052 623041901
61549794 207036947
141090527 598199436
18098758 910243599
6596570 421495017
300862176 938857745
344537715 372009477
13442529 899520826
5174257 403765458
59106037 308281718
48820415 510314674
9307007 609535907
31889140 437297460
9326703 500432886
660284081 959244060
44393422 768337994
131169020 391692038
1227945 641165558
17107781 844149958
16179756 545142048
25218072 269595640
1457290 798535611
428328220 632487013
34587928 567011055
26320232 570371623
2318243 769611663
502403862 730279928
145219583 828339862
25687358 287401245
57012908 129290608
41200373 249688266
61033610 681737211
24377230 364489320
2383952 598699456
57604190 973146048
35461604 55271410
17240626 154967561
55656081 724894961
120862017 139750073
45894733 380161991
122599760 674460951
319398926 428442908
13435408 649607431
47874507 513145401
4645669 756282780
29883971 579644733
14891606 938037573
6527268 499428644
77254830 667143122
16849720 675069617
22167536 591123703
25077616 733522566
55519519 660094932
19452185 606699542
27516103 972372345
61678534 998484687
33949787 448703892
5186947 682107481
18649675 969422642
19691089 709856749
34483685 117057315
294515782 970091160
499876730 562088144
22398071 518951812
57419791 858865664
19656113 213578168
40565703 135090773
36108960 601278987
13081579 813567624
46335114 910901516
55933992 386372384
12656928 805548854
47575309 889079535
28582549 803418012
692497546 939207847
21671925 360803997
15445041 125171772
3471210 741794902
31904183 301184515
43338673 388256126
568465341 717464916
144149592 858595795
41272700 802735042
49391592 151051223
38987887 736382825
46618420 826072231
48311228 995140352
59067093 624193496
742261931 892924724
51247731 583809586
437784577 698859447
28831357 957367930
68217040 477153290
46768442 765122684
11237845 164868454
22268184 941388041
71924293 256965906
57534198 673542559
20185857 516213188
44221482 352244765
26112579 907024426
24822459 436957305
45955216 545159656
20009464 835598406
510963808 880681415
19779605 99748320
10959148 158093997
108721019 395366662
34446585 476363302
13737225 799597999
25222315 690466063
38118100 575625982
47128097 527450012
94680898 471982895
438145538 810410855
21957382 119598748
11934803 190360730
20037207 433293788
15830946 337025497
40620424 367088406
10603392 651592937
27773132 824516208
44120965 388403482
31832593 650177367
32156027 240382612
42177356 683312323
19665485 438559316
720483603 778711178
16944982 959365815
32013936 371061578
605742083 657196706
27989838 574856241
43015987 296736277
11621090 161960327
22325673 351550951
51739340 460831674
18903468 469447180
433490651 980202489
128213689 915907518
30148362 282104151
103570179 316155364
22736111 984693034
17076131 988038554
26404114 864376786
37384651 128474681
4889583 768386804
513458873 919852952
24087864 856639337
378867344 599745064
47034376 454875800
50483637 940938983
111513211 509424394
62494364 174402313
32661996 915851194
27854224 962596414
17271974 746169051
14654574 975117936
34410415 669870406
60343487 755240826
38539427 736039849
687841977 701082879
20349243 175184956
42067256 103345296
130816461 676291624
46403521 595407205
646025816 769541349
211047107 518902831
22283664 794970950
176387044 962184839
18381336 752571325
14319123 933792999
7638175 501496572
34036774 884627196
38944538 660755779
38537583 241797477
39240202 139798534
26533170 440809105
42400732 113990568
12073854 414792555
11932537 670154744
36475587 522647180
38775963 378278563
19496505 539473397
46280168 430070347
172290503 483985396
22860054 957506860
105503582 176062207
24079118 138631073
12100633 888503953
755510983 976626856
424460973 427797952
27349061 220861134
6803411 883842032
59114318 513454419
51733066 352005953
30889054 650269112
18733423 421207469
57957353 156028577
27953584 182165536
56169395 188777727
33234132 600363542
16512140 247664766
9408673 500266100
25782010 331667649
375479911 395909367
17140002 274709939
36583908 504636966
205430912 702657580
56158302 963913100
667629748 945258561
47565648 652242040
324222499 777416217
26777084 793646429
309993173 943411125
51278048 359147906
45961074 777039439
36309367 517431776
46278522 888465784
4582668 633447989
3396116 550716213
5343524 989200278
55126684 855887021
73446099 251497092
50855125 753648191
125543726 147988318
46516400 130887249
137188595 587530404
13880638 611436101
41456738 549090354
24889015 152594422
31364596 723755898
14911861 856240057
283319648 518610199
410643280 814927642
464706399 586418410
597812995 678223638
42150894 687373188
45194360 653492691
37250794 910726066
373579022 869410857
43697314 663141221
59955093 737602869
17418816 868592444
7096809 604005294
15103031 137600288
47102525 680973338
49938887 202984816
71397999 328323687
30884272 846466594
18499016 141775958
25416608 407166714
926767 873854933
14035689 463172063
474226690 857052198
42797401 104577875
8532586 723912168
448248077 751440144
668546678 714650755
428233303 599228100
45793185 604749516
19593021 927743615
4495269 759830978
62867290 982059054
46696611 274917458
139234511 914439384
59981148 881668447
289485326 607647346
36186818 701926382
191594957 630692390
45696838 366540944
21091385 428104785
725766808 909794555
54745161 828846457
43824549 839977221
50193604 627767009
45982033 443277090
47761959 416503414
44270422 554273997
145288692 423897732
32689687 484457734
53988747 528153359
33437190 129939977
54656582 700459855
835647478 942591230
48470608 239015457
49958257 920627312
116512353 563694009
46754581 614797110
376381799 402933836
802026765 826979437
30428232 386653372
103132367 829721217
9810605 508081748
20427442 534195606
23851298 289531926
58779740 579892364
6966538 593766124
42645751 997624752
802997209 964964101
6782661 940858091
3533887 296435910
16751229 761010166
61821026 953222084
51147755 323739850
21864051 539544817
476997521 983065819
2875231 992432757
4282310 109250126
36099539 344678335
1678344 173763988
148040304 557960542
41602678 888211376
58111682 996917797
57722148 485261034
32036933 490235245
2809773 726207513
3337889 623751584
23161909 481774195
717227551 975497047
26767779 361528788
116100158 993893616
17289695 108593738
23021120 195371381
4997313 319752770
671153837 675058348
44126750 332347674
9824818 617602623
33606375 135179851
22186477 995831857
7847812 379110444
43167487 928298920
54465 388705389
8778575 472545532
15578739 905263267
4097132 527692317
123059532 848873146
50603343 458781258
30645168 746567789
6429437 96450171
33905289 569907641
131385802 799508478
31985337 601413598
36234746 249986256
46756863 70140034
8691059 541942485
454658468 520339005
25294617 854471987
48765464 299057732
46810819 672917998
28571753 289424974
4202972 881224872
551725584 851003336
54995562 319931567
22751252 113319123
980171049 985878929
8281117 691954401
41746154 840968517
50980330 353553258
45507658 712445457
32191358 649211795
102697600 477866722
190671026 717289232
39997946 947565746
5389066 792315935
369353935 529388214
46911753 738751989
2086025 315918015
13506533 719022159
170816938 492973873
36314624 612799174
8885534 125361991
44127106 803655624
59946806 92133572
41113183 741396801
44055405 952858463
41375542 933544284
381099368 464352216
34377508 705260857
31364927 468467317
52825762 342875488
39183036 865439913
47332063 465726383
32983521 931213342
21119499 232315048
69611961 130045432
33363444 808551033
4908424 673360816
23807419 304827645
35822940 608343369
23283288 851712009
16709662 443594901
61524134 785198829
207760224 711380183
365945144 400602657
473253606 537941252
541277895 807199781
42762211 663451594
14264863 775074146
2954435 813195924
10209049 930243657
41611268 595873608
2328310 455638658
61193189 613400818
51780241 983476322
35222268 374517370
59697425 921263630
6111770 539218121
41023390 755831623
4426758 106840920
48813657 470918136
676958947 905756766
29312618 724269327
1969799 220047731
1645239 240462934
460510664 546664714
12807807 704403874
28086892 679702125
11486501 142095194
23849245 946139414
61420851 985711244
3117344 240551500
705674432 742604754
52177905 575014469
42011934 913992148
64042285 173654316
523759149 899503232
44952728 378715894
12139086 97130632
5467891 837806867
19794950 782262825
640218176 854089457
613294651 769421069
14136107 965474356
35543527 141537215
16363188 913899270
25213799 222775824
35933479 125416043
224949387 777692601
652518574 676591308
48303883 920861930
39535783 177941480
35234051 135514547
103961866 500756100
33059766 120282403
85739065 366320423
204766004 944039866
157826916 299409238
27912766 654165664
37377920 333506694
57828420 339960306
19461907 298065868
53819464 531195371
172860484 627772646
54836172 190421321
278956457 535516927
38568334 272976352
257378786 474553736
14918335 107191020
9893419 782761101
22239737 756017125
61820753 469305537
33261549 271171427
479913905 867837634
51634431 551988426
6618683 670584498
15343879 388577953
59682449 758340057
47736278 634231588
44678179 269079520
344114453 879534158
61815758 161607009
24853912 296074873
23327951 524242000
55243908 493140219
36003768 245855871
46552704 891005924
78624752 924358251
6275285 142167230
1579577 994498007
10783373 560852280
10439617 141118711
46100484 615903855
51035923 921514052
40433361 836633206
20370564 561512414
649386823 960859457
51829180 291004631
17408086 361299869
24249798 939372201
47224316 466642085
1696827 100348892
351140516 738366162
12759395 164628843
424872882 820881129
50947433 699725984
208452223 556607427
21803401 62665401
6930271 365128869
4913845 428858070
54782568 108230833
26476145 897289611
48827197 979383586
17457203 279473468
4095169 693345808
34072285 631295519
15285779 917265857
195849458 836604753
48406589 718419236
15623188 460275360
42950709 501022893
26746646 607830778
35837410 689062755
49843833 870055123
15190962 325015785
54158472 215092630
123533149 686125154
35816415 268963284
52112569 130924880
53273411 167236850
11655139 703836534
49527871 319856011
399403711 885658605
28380139 874187876
289288340 293006669
14870451 914444208
53596609 267844438
473500960 859131817
35633839 154732201
13864017 267565399
16517558 648539578
22287055 379677169
17708403 791136166
32997476 175961959
556015599 907800882
116872194 296967445
54224084 611505025
73481265 924448839
255157542 712087849
43978511 696092727
55490950 762526219
7845393 425409065
42592697 214223630
14754969 925860005
544606245 900474610
47047076 916939835
17649023 143830878
59545587 137769863
7478603 523402090
492022294 597429019
48388368 733322984
13733152 507717137
36514822 130182732
46503228 448412578
13015915 200234539
175460181 518337650
288440088 651866388
786389796 847147349
459172331 908708536
19127125 725459154
100942335 330815807
19917810 694308289
34655674 254648403
13801365 424926137
60563742 821889914
40824100 823127844
13997447 809480283
47647330 299963035
54305750 227569167
52550618 778751875
53552303 307677903
35375191 112540211
54128919 590166730
36081658 977041955
4517846 795388294
24579250 329482502
274458543 922747447
55588946 967053606
1319793 973253330
55067485 586864904
299142087 336504771
822659666 881095167
965010 705715390
53533685 593979661
85408822 257695346
243979732 969408407
37146991 743232919
2396033 676780424
23339871 620619526
56565334 687129636
60059665 243411363
878426699 935915887
512457253 984214738
22197896 618295394
33692170 527113472
21445206 489134813
20362085 395903876
37587572 312009893
28196929 230828415
39795641 761598331
22920007 523376052
43227845 700787234
59652646 199311607
51356912 473669592
51950639 563162739
31534527 767618905
64417906 300037766
68754068 986697570
31168815 652937776
39994796 900562047
224083439 589451370
15695486 758496364
19793622 708990369
10758788 567219611
504118911 709533166
38745814 108691581
19543332 845995788
8604870 256982057
80700672 963218565
6249198 114544045
39838015 493040402
20344488 587895951
60396714 722453107
39599705 262396572
12848811 782436479
24717650 937765241
33010628 252662811
57362727 357740172
58295442 179195057
256733724 432996781
19067625 135949399
37025164 609340429
33118056 340646913
6637562 422580419
271016669 557313294
1261628 993018287
29219013 729636329
60000025 674443917
33798532 184825340
23737731 349522473
274009857 388836112
46858351 158389337
281919792 500008961
51757839 587504942
43347532 587359112
25629988 947861893
13413830 485469368
438172 613366799
8898935 771202753
56640924 534996543
36110305 898086140
7968186 505067525
56827472 460159177
116814850 848257291
49434922 263925906
78943966 478628079
40842040 438366570
46950873 455888927
52066716 625137393
20004626 163535244
39754974 922307201
9952899 130370625
19952817 578987672
36538768 217038163
49523044 402683966
52436997 157308300
292255846 924906166
58376313 738109980
37513772 357225627
311325873 346742215
21135585 437063981
32670302 770554738
45866778 911792841
144325788 365627750
61110501 491639861
126648164 708245162
73962502 818058886
212185290 543039896
49503857 221253230
51537890 510242251
36813864 290285712
50767802 314481785
19830564 667805916
43396000 446961023
8717195 113892092
359982035 552424686
2631584 291734959
43245736 148746715
36546847 793979163
273991625 449202163
573156492 923524465
28240952 473737862
518547048 563991962
1839666 915484685
28697102 130091364
24269362 875439463
26183720 300119986
55693694 981655445
1145221 866844108
55443631 511507532
26578506 338714227
11833023 755543754
437439547 565752244
50568556 511630052
14207021 791243733
56147904 374490968
58964671 818908641
40205646 316523221
146277224 488805240
52335900 130393195
50300649 663214421
342858617 783786168
497585797 844019539
34014287 794505069
108637205 842655259
944250137 948392990
233911549 786164531
96294505 244678732
3696643 579336965
20771800 697655955
61000145 720997968
28859007 185200008
3338852 589088055
20468782 732057707
19236305 274802645
51776346 473748566
7643599 584861121
53582779 745984295
2288569 305225405
36731501 782689623
41451758 399531449
20776920 315752810
7766999 847567811
32333438 851114990
49961217 208076648
44705649 564294739
267604769 954448635
62723216 67536868
20661839 204712889
98790006 724105958
495943030 653121059
51812975 747480898
11435460 362320900
54844641 324528812
12643165 649150453
57929434 429516888
6497170 789162265
59075239 586619833
54471664 729375384
4177437 184766296
59543127 589964996
48467688 900316706
289825051 537896467
651501588 998924275
36206923 167363200
13067946 598397042
471648808 531062452
893886449 909928877
140233162 794870488
32250459 164764393
4998926 346668712
14875524 600804594
48484209 134029207
21568683 330081256
123557905 586231582
18734315 720489289
53620862 199837356
1530361 386468716
521793559 844596671
40267372 103606542
16589383 377071434
35037443 201806037
60199251 609531738
52409539 122377944
37594620 248281279
30472980 677817272
40703789 956539977
583842165 923693120
31062470 829165255
99887532 744852580
42521390 127892614
7622820 478879906
41602566 530771874
25268292 174407008
205517031 620093778
14426623 596807504
10187720 555852668
24243698 789742411
55470297 697305666
43054097 760922630
26400217 106891477
194991563 787697240
132341 822199880
8849795 702139950
11502990 105779126
10596695 219047055
38451078 833450524
792957721 831334941
14465407 744230573
53439644 421000073
33920044 369485842
31186481 175954485
181503912 861773179
24993277 427387904
14725543 765020707
1363951 151358847
14531893 900593955
55225565 573117689
1736237 740035807
103597150 241013475
1361444 542677027
6250263 678592822
8231028 883730425
476282583 677876256
103497091 289211809
48656649 385482867
17421417 967103430
957254144 966819609
56701827 648520855
39361159 790127388
38537885 927522116
2796012 694945644
6846285 764099305
14661776 355092688
11879509 903858986
11478976 691765058
47990439 771609666
41582394 143548937
11144135 992189437
18115336 529014037
363464903 588576962
1224480 964178070
21232760 102010861
183551124 547512071
527239221 872630712
698207314 875591909
549687854 813043111
55986402 240215539
15997034 951779474
42199608 582592526
5391799 643630089
36030673 298576580
58288709 907643109
9555835 807326328
181218019 948823894
43780679 762726615
305740078 750418484
30511482 438430502
558079 277268177
455786812 584224490
261847408 855932234
8810757 386900299
176554013 514170145
37808401 474179079
59584839 122299631
55981627 310749537
399639934 635279039
49124091 993621349
17379266 809831073
12891212 975881327
44093061 371840619
57179465 443732995
61006760 128997052
28592658 389167792
279894177 888228666
30105459 374416681
11218611 257769416
239282819 714875543
2252448 842541565
16937274 781775647
254902614 403656920
39288637 462811458
57675612 312040515
25328981 544291217
6401387 83004592
32485191 631183704
48590222 853810030
262156520 436232303
463623 377955139
118468235 281168412
45475814 397530381
58530529 933890550
31119333 633232813
58298582 904610477
30097660 944720058
49881399 974510965
36074845 421543636
50009449 871668225
1755583 169608430
443622054 875676708
124341393 703147685
8926458 321723019
45501756 962638823
39978996 880575348
10506526 322699428
44103084 801700806
66234362 757215475
53013478 676723045
84806108 343435095
4879756 786747455
36951257 581187292
48227589 164369827
780871491 815367519
275700767 634498033
57660499 149640123
34454706 509843691
539013894 878604943
28745362 752064947
169343740 417164753
27264364 410383837
6016443 349739772
55324901 215959045
18074923 295726506
566731902 976518593
50358734 956852722
34885400 886700869
25095477 373756468
55417043 281128010
203589789 842729751
42767114 288020493
42846907 242418178
274699593 325612505
38274185 350572014
56467315 172284673
73465664 122845410
43944457 711734422
3771026 591145961
9687229 214651131
20671966 221869560
23670343 862444982
23366001 779591581
399119564 895627817
34466491 636806952
817973273 892726132
23062818 739447982
43158059 103739908
59606389 455245640
1474847 710508566
419978142 655741230
12546345 819119640
9477256 309913184
57431141 918435161
61568269 149029082
33379046 216348695
279420237 431007864
27942608 346724875
125877489 679371215
856352685 946287090
20314373 720488643
22213447 962378128
23131862 979724637
49806921 287478227
8268719 555451995
14617329 715900295
24752957 555894397
14573672 206745870
5519788 827291830
7532870 533098002
37251485 132780481
9782206 895287624
60310905 336603449
11727728 270201675
437008552 823215634
31680719 803392768
13208043 961133948
48735048 605586792
42281632 160049566
389473794 448245425
48283445 846079054
26315118 826510059
40324457 475912132
10603783 625730667
42798331 562053528
353201538 646426547
392836360 752384753
483324239 965253393
5735033 467028315
53075887 868106742
381097775 862159082
47723357 665188097
33705848 987396956
11370611 500614862
331436498 527214755
34347887 814623333
54396541 968864192
22567081 107562678
54703735 744394708
9070845 130502239
17793552 895169816
18731022 368115848
31690505 464674756
59869388 234909677
3487644 821516162
29687996 694187675
42821239 594488363
17165170 731372845
3587174 307468762
37600456 271196745
60968938 967752475
35197965 389760234
3227327 134580937
46531707 131876297
13980324 301561681
397427817 837723803
602394798 876344670
371451300 404240165
36908845 161423769
60338983 963724169
8722808 934801742
34653065 555220550
76723867 360711857
93609955 343784864
7684116 665045246
21127699 883128724
4919069 201931422
24856593 419211583
36399581 539131762
26883470 736165753
20825166 805647663
18314795 846279710
43261797 847695008
46668429 828705925
7058258 755920115
152369808 796812084
28421420 349918734
32184431 224143397
54707798 241876905
21307132 601545352
472740312 690472853
659460629 689268237
22342714 176822617
25023669 330832036
26036387 648163813
6707130 233231882
18211609 285485764
32921308 878626340
99950185 259468086
7972803 651698659
92139310 889258669
36662265 496152115
912294705 977138682
44956412 865929095
106645609 473087975
32198014 72310044
7869460 807216688
7529746 532813726
29452371 365015814
52451754 656568923
9543187 726144515
13085287 429658247
60291666 535294195
2048183 738873430
21048029 446102013
129447790 471518648
963618975 991758125
165484003 407613552
496824877 558259007
713667667 728036144
40127740 122029778
6605463 455865319
57705100 396287417
54189579 503958171
49364645 592240158
23093854 882208724
36209807 680155573
59458579 826479527
43770800 735976981
30253847 645590407
25751415 485114968
40704277 733570246
98450795 224948979
55724000 501165084
17048648 284574810
28299421 428002976
34495026 865132429
37720682 396100077
3787374 298871131
178967554 703789705
2184209 791724232
48326382 888389483
9003720 868442308
53069618 616407760
42239804 698392093
10041995 583876307
8443749 907946877
857013303 865403295
46091799 952792311
5089757 797498048
175073446 822905371
32343993 631953731
59892035 724181975
9783918 527240578
30806069 534802253
45420773 854778044
755105593 970037960
771181927 966276537
9295157 358478520
11738497 103960374
48736154 514319035
23643052 592004972
5367693 990906755
32915571 661346529
48412207 558974192
42982709 362429568
298340647 858750693
34534037 111532203
52092022 836926269
2430333 511154718
103111784 145478218
45111935 725695737
109600518 518307662
34898051 325805534
17256996 401363229
72542367 823676136
4703474 599064166
26975918 649096814
27545862 990432911
26432270 926759294
43697060 633935368
264441764 369129324
44459172 440882296
17268385 318768194
58896707 869121418
48680875 146863760
83875233 458291442
61224589 230692626
40556444 770181432
57596762 603726224
59200432 598502761
147630575 611458805
756633691 887256215
11074606 703169310
28089913 338910598
10109142 876728546
12195815 689693437
23437939 514923957
40480998 474724982
37442104 490732909
7985843 726840964
363560133 572772647
15071111 115767359
143208019 535639293
28701179 845912249
749956735 889203373
346528120 495933756
29937370 184546744
34655577 819883346
34748395 475701232
44335138 569899831
24855397 812547930
43591779 912926783
49136075 317530708
30450674 389452035
5816970 759337259
671292078 993969310
8349003 510447561
108367811 354237479
915839762 943727975
674354 345943034
61237271 445835349
42458638 217121611
192785104 661206147
10997013 859907213
22544754 372281377
22407606 466181442
53013736 418321127
24117105 191226782
704284947 849543159
11085972 801148938
7526829 264252174
555474217 579144380
53862346 206942996
8063202 450702033
58799536 982569152
37873949 299366470
35427479 110745736
44295145 480434457
46035538 641577739
117032891 832094929
58300985 196179452
242494196 247769128
6785879 565150441
48549976 326905071
50585888 570357765
903146770 911984608
404817712 802705744
112146247 182299343
141666655 896329398
37683434 209797357
12918559 335304488
44484931 209855298
389082 550687953
4017152 377160250
48573327 440617442
32004403 394996296
21821171 237757069
39524948 229126664
24941589 645872992
5977015 986179532
55985677 85238208
21642887 692031997
26671458 233731771
470762244 765235791
57257287 998805283
278225403 293997737
5360307 724017895
29780345 754035202
110527738 884023736
29978592 552260182
40715457 125361925
346927826 793292334
12532755 276511264
36620298 784815316
69923932 523335179
84080068 110639388
5311555 547813638
697373227 930469054
146278191 485086867
208722968 562476340
28681961 489618926
8594497 157216764
37961289 293910643
144713322 765868218
40898839 338130911
9593390 338814995
468878 894474750
25363373 364991014
47223246 514270388
17219258 991611259
1676579 139271720
55668805 769928678
57130550 808087341
15266462 165519476
247603544 988302339
47966027 744027265
197467236 706002915
45730758 242711109
24800570 906138456
16899411 189824783
2377247 497142083
56210525 143913564
54419157 95766109
38731539 333376896
262582669 819115998
4941194 431264260
17269855 376049981
32655571 296951037
49747022 876139233
34465932 218780164
4383118 448439973
18217074 466650238
56769548 993540014
8950749 954324213
29431958 805472761
55234354 285307359
39935658 178653517
188250410 385593780
683229435 825359768
26264772 548892809
623946406 692196409
10378185 603751229
23757856 476602777
25495585 137355480
2521591 236933231
188918361 626467996
781645991 806163294
18592614 945405430
49201161 457530172
44282814 958724859
8609382 411124810
303599394 446495821
467613955 762693719
754575619 860694948
55654 416144907
861451781 994698782
43465981 419776467
15060005 772337011
16295644 275257229
9162121 835397120
356686246 745298224
4607202 617917388
448332268 953985023
5646641 484094373
815826691 990596287
176916990 999997614
550027929 647751171
60144737 460654017
5092662 141959292
17845478 336253137
145574355 324026140
52891003 221795204
22342096 549463614
35564180 254605397
601874067 708460666
17823027 96533290
29772793 260538819
37381465 830335254
31461489 925461996
84940650 966775940
139054337 524484840
5504319 991522856
10528246 872854300
263290682 273932014
47729874 577988533
20632588 705769839
650732165 960933982
32426097 496079652
53905638 668204405
41782016 643225473
50334556 432731311
36300875 465331926
47205504 958839152
641501310 681498751
49675592 313578288
32815147 669462087
39435210 431123998
289281677 506785008
42301277 631371671
56592790 665070244
3229882 512205163
32019555 101821590
6796054 623408097
220091514 891331960
28886425 336919066
23580712 616011485
21176356 141663440
1849884 362988707
52101662 898394912
33151967 464864934
39821851 389714087
35108475 227544798
3526354 528310294
17875978 736961876
60668254 831884691
29132208 629682593
438300582 501567023
51629503 166111423
54619912 465000089
50980493 168807784
872942433 955079144
50537976 141192470
56197512 621064775
23278483 279368469
9060747 593813573
751325265 893856940
763704260 876354719
8686052 95046408
59848349 603032260
30696874 568658149
3891447 146952944
557898854 565941662
511625037 782016786
247536850 735461643
7986850 767508834
31322433 889118099
54825348 440987141
14482150 343214984
39570682 541954542
39123739 543819582
19531355 791023869
18365937 307676446
61040795 700600563
31272735 685521105
8662804 975803594
40241441 335945442
32161329 929318037
61468273 930295155
670057158 970331398
53993966 869398473
33940398 874042271
58943672 507253023
31222098 566673647
52794763 172503666
916575 109737761
2870337 793659898
121374006 296255627
37482083 927902771
52297152 155826679
174737497 905730078
118080791 779529927
34715612 114988531
41162685 591020514
696622517 698164396
20171855 917650089
53784634 128661373
1680429 772982874
170897686 721776957
34115463 483147873
135472726 290593608
2371461 455492435
39608966 868105326
56172347 343349312
32572864 507011403
528667531 588277450
57866005 341318107
62336015 601154758
309603976 456472751
44338340 279873680
10507265 129193376
41213276 306950076
6121562 378434322
421247037 781310801
103056826 959131922
49934960 715257825
28648613 717147347
345378998 876827591
10383145 208391889
223319533 566531352
34558599 253626437
3013622 240957940
1394079 480178850
44420461 190049682
521657012 574584182
16397019 822572245
54017786 362214740
21604742 114474759
60804429 808447573
13485894 927457632
233264642 715880858
79474851 185605345
76616174 824408182
5499853 311552365
29279315 559410814
24340983 99590501
20979142 574048822
11514581 330524448
21722217 178492421
30327263 155828081
11967931 230185334
18058025 329562105
27679089 216022786
899526839 922764903
299122 372763416
30094315 944074279
56946919 998623120
46346072 951604247
12647501 177621851
4472330 367263612
780050838 960575651
26051142 524448357
563586257 796560577
54851851 285785288
9857910 778247267
54720320 123767925
56995517 266840606
2823176 873044699
176900452 623109306
3255133 771978784
30454943 650732030
13686320 411986217
60216252 601976006
30802404 147107234
40325380 763929695
30620202 704958516
559846467 808153371
44895021 438462607
40438613 209542570
44051883 447588427
47283844 949479905
543239068 992636286
240778 809528869
18110185 784293763
184428372 536052717
427879312 744884518
42774367 154289400
34115121 870927089
50673337 569118149
52121162 834109376
53375675 598142572
22714227 214623710
47906982 929307833
50683094 651136648
12834536 578118229
34386644 114302405
11214917 944180931
11899565 724135900
47456081 200839912
30534542 843598363
282738378 831776367
181294088 379350216
41764797 529715613
18980642 704068616
47340087 494550170
15630010 905849444
42514910 509414604
29317316 154306995
54687183 567990916
427934811 922833545
48033134 368871621
4497881 809869712
31469104 275267401
50953688 469783233
24631761 578190168
47973400 131779408
32849477 404850308
21922471 436602371
39644254 980220523
1247003 298508895
28700304 430969856
225335468 942027573
31567754 34387428
14924276 809190757
569332030 718129714
45904108 315570000
196403141 612803640
49588877 653919573
40353264 577655592
85689691 269822553
14346471 736681939
47025179 649264269
52764509 808830279
24921172 334987002
4403056 813718758
564490170 583607849
11861809 649184269
42463988 739510901
729667002 865926779
61159915 844815099
191895532 735258411
327285663 501735240
43762040 313418063
43425701 961971251
1623591 651253143
40864664 284467935
21493467 708581605
74583661 384199871
13881418 615724570
22423461 301984532
51650334 367093072
1876997 155853270
12408847 306887853
21048504 47320797
392409633 774971807
19425048 144366534
375510427 725383709
34008649 518035174
6144562 562641058
61050306 932007467
647574733 716445880
4487038 345773457
638670 990195793
7731392 325894233
33493595 863319445
136907145 539134138
110782346 253206988
12521953 585750414
52180723 447336397
21596312 778523555
11482252 187521708
3954749 339353379
12714704 823598738
123451486 928037817
23327641 281731371
11931110 389508313
50360191 105758729
11077808 983347720
21229376 630696773
52926190 556683978
97095199 972072424
53373088 340094238
60926365 850442785
282365308 592230891
152694133 740282390
44852471 455196804
1330319 751233525
57964622 676535058
31683456 819685359
39450204 121786510
699301452 967151979
35628718 333394210
29364558 131411020
317321581 853335594
247829759 664660074
35793833 821763621
318760771 464895009
2183520 656718967
52360137 962464387
46709628 785352634
45106284 612404791
27248314 602264180
45237350 707078647
11294509 619946585
17330957 161285038
46606222 995764033
42689507 503524247
17780178 622317812
34998092 717966186
4472732 146030767
48934228 530314709
50917034 404215569
47114547 623811020
568250338 826204101
53896069 595352026
2656577 250188986
10957816 732803906
137350682 986050905
13449697 193438276
160789416 315404340
35948747 540525631
60676976 601489813
162938698 603097530
33983183 505416724
22276391 124838969
36633366 194020579
73818063 403421076
31564171 959621529
295550079 422647770
100431643 143527101
7297997 292783547
39442025 570436315
42158182 169279987
6040468 741484800
57277915 826239654
22119111 629651944
8269903 250849979
18979906 143339069
86950640 143675008
45767767 560177738
53879315 338417594
22896723 183125669
45395613 294375053
19098594 680913178
56685286 783991110
26269235 672556719
33065930 943993714
52149626 537879954
29759618 898999463
44361306 678100686
23041970 274607528
54076631 551392998
50221407 246596385
698377034 724335498
40095515 917563388
26764824 227902762
5491184 747495058
17591974 927542947
72467040 538018892
43227229 638067123
12924115 485095776
12206239 896115123
26819101 60031873
609165277 824432560
49659583 621292466
39004065 887537767
599568028 662988342
634513867 961595876
55604749 749495696
36037144 292092590
54534502 992317335
284861611 516704736
35214021 280373321
14484977 571596344
635361902 974892426
19439587 738230000
60224222 410510468
18397447 937091856
45616226 612532488
431874533 700331310
54911889 979471495
43902637 855516639
12328000 839273925
89822956 558479205
313992505 986241944
266512195 934673949
73345787 103676906
3089187 337823448
19618967 912206863
60891213 365887282
58749958 809938313
28341946 382951309
23372581 633717113
19400138 860264728
27694531 685481924
140586942 993941952
13311137 443680372
53906465 769519683
71937417 980829434
19524245 239694944
9214626 801457057
31667084 677828303
46795246 102890753
32623128 913024322
41457411 764162650
36814939 104875791
39516566 696416495
910760298 923962363
36326065 171304504
127647340 151346539
124945562 802410996
39360002 798889873
208212757 928202418
55207212 818278256
172562718 815351467
29792206 510109461
22805388 548368222
54730468 480057477
4120478 335983404
768876803 911367298
38868722 546635252
102917488 851524010
49712457 546464974
12275560 974774136
850780333 989438325
39863007 636754571
30527880 767454873
29638839 212463800
3091022 107203586
22961876 971632556
161852750 504252718
8084858 814721321
45245359 160359605
11001381 523138074
15509411 337836642
48117468 202196400
42113978 820452208
18709174 959043350
21489975 183826755
186146317 820480163
139160011 784445427
47071719 327393170
51747559 434637629
184212781 753601068
46944934 282819875
35243932 374668691
55483455 609785401
26772682 306228822
227376168 278294589
50286162 329785734
37420696 925570119
37824508 622802965
18223515 634611963
39272776 962093835
279189897 597565899
13859337 455726897
60335011 564149445
43769176 150062663
455320154 984797515
47649751 647096517
51715641 392432379
39074894 878146163
1347787 268720673
59448467 486167360
15360561 189049113
7600912 168233468
49068129 371843218
45076908 389463234
57980293 107084514
20967871 320455599
46287784 418947547
333187467 672077901
23628926 428088119
65989165 799928635
34348170 987895752
29652498 953813899
286640729 425840261
23604396 295450371
12954768 193324607
7192529 895661639
55188488 789910206
58401465 842316849
5350417 289207947
41813930 502549289
120863310 738168252
38869547 481384493
33754789 398440943
617152741 649035978
13421544 94012946
11508119 782990068
9929705 120827166
15611596 397930579
129134529 273884773
43673563 195591436
53796750 131962580
24406731 610702139
32995923 347782294
55688533 466949478
171066435 233767111
8012160 840726433
41025078 854800537
128998929 226269626
9514883 698703738
525605137 631175276
27479050 152255045
112595322 720247601
357746498 539885077
339390 350926376
290004904 443090506
45057759 696110325
561715709 758088862
47365714 762802906
20216054 905919747
290772104 555115768
57456330 700175030
25339793 268588330
357769883 417019889
12977776 840025061
15446008 115571643
14184622 693605078
56362300 134271438
339770697 390169541
36853874 323838231
16542515 221219924
57930612 105182937
34919173 686672036
156364528 429525614
19227227 776521380
50302824 603143498
13235541 923887873
28138122 469278720
18186049 173961748
46346184 910612560
54179540 918089762
56102181 508461351
396029511 448268823
465460065 769779122
24633806 898844186
747985226 834402118
182208404 686845583
41738910 746793278
59532137 573082253
542055179 807517362
9288480 363268814
3884483 273550244
31032116 625668899
41391347 642304111
32360394 450054206
404943319 926268092
31165620 508993294
13959694 589772571
25305394 542867524
22348513 575149144
28489146 348702542
20515818 120003542
51750465 379051665
48480372 260972230
7886301 123703974
127894647 626265613
551188628 822033707
53137771 702660791
57402685 204445933
51413571 300282787
1307330 428334913
42437466 292074563
25934653 423812857
6295516 612220446
10222752 273259392
350072555 392450356
31119198 530050492
39066133 223095293
7074294 582759751
160957201 668323617
314319849 876245757
103497359 423626259
146278365 788346580
439460221 687263287
32965742 543208575
28653725 996437867
762509979 969401085
28161578 713633047
27715144 995947472
27375550 125865558
27745608 878828750
198545163 438261107
44338810 527244687
251689557 420161778
40560011 193209775
35813638 649205786
111541936 605689272
10186512 775615117
47877785 234518280
137960844 358235975
12195086 663129202
225335046 591265137
1872003 729961897
7961004 593468467
46463773 199699743
25388040 231626734
40453918 716050076
16081400 648011585
56317664 798707236
50962688 294596474
13744014 578655681
105339909 514263579
26506043 161564490
40285605 204949418
55012204 141668516
36269773 583907823
128061456 993276422
2450125 452337711
35621835 444532948
50019826 249114534
34448084 932456682
27610707 235755578
439551824 508700073
41222805 619267856
115769096 497632310
26466267 310445543
23351464 147316818
23219899 308582973
54337906 504134049
277161323 427096580
58715365 732495233
43300901 334786390
392398405 883316420
34284697 234368246
195464948 955350054
20679293 163986229
17224150 518861066
24766144 828070949
32816574 420674876
22215814 764575596
271069801 754236768
6073681 438023094
31850275 805838567
96378012 904892492
115124607 563021697
19644477 772255660
32679111 240437813
9678234 824458816
163418679 377178206
10528058 297719360
14701542 669278094
41680080 120900713
47212041 199170470
59645378 649784294
721533603 731622529
7007503 373805469
29244911 585410064
58025379 981310332
8905112 614342201
26952366 718925125
48801818 540177623
43199834 586904198
5611134 979168451
44975282 361939681
30972636 797232764
53200226 328178823
11501143 164286844
59991788 130639652
758304688 859837194
98631376 905607064
47481078 351968318
10603161 865435244
165617968 739104395
11105597 276608376
79716025 967016534
27803687 656931791
38844451 190422213
34798409 792247019
12778118 170015551
8440450 418157991
291570271 989036930
14688994 299982962
716472940 867806176
25864728 828225613
37258964 132470498
741978092 907998917
35297230 583407824
10894393 200249558
55650413 860065320
37139557 213998676
7036696 367072553
55170325 256582121
46677318 532173834
56481737 686870001
33864952 128721531
45772787 376807351
52275909 188126805
19501024 697990059
31158382 486881314
14627167 580241478
49858504 758172643
32564707 194370202
24948238 600957636
643423001 982264166
19836070 119509725
442546729 697624359
47950013 163247095
28232525 596872598
497713263 885639537
54985602 218693176
41590319 192934254
393686610 707262196
42949758 456540648
194352550 490640087
58763897 270427002
51414120 408508649
774916038 810375171
3309424 340987301
25454695 847907057
18192037 547982832
844912166 999541801
42817374 123551647
185489801 514886545
33190195 387084927
43643741 527396763
44872382 816302184
12932744 143509917
30196145 764173284
697125879 734921043
18085255 259132808
644359769 993547606
6944918 285255832
3094914 983366532
31528265 411489677
47634016 222982803
14029568 695814543
3134562 678859028
1140316 603205343
530452832 926551537
1430266 502407122
5716447 134221303
60772839 371601780
268020192 661866248
53705256 646172955
729111835 733639806
60661203 450687917
48949722 641646125
43855554 565003105
59733186 573999588
89641979 889202634
59474062 708436139
37981534 997633653
38674626 203580830
57793870 155761566
110367699 152325957
61187317 429013060
18739580 354859661
581847946 957823868
106730421 518099600
34955313 958040074
52755009 769818529
58198690 285357368
170077570 312459141
104762391 854942777
9065137 840559152
46704140 311762215
11842461 681076806
37354804 989789422
30917544 248170911
27315252 835420710
46691847 583931132
60728121 843375050
19300156 900472023
20693226 491842838
44122991 250329063
139440918 917332568
28968238 581694528
31545190 128260984
39969705 351998302
889723129 984944379
464362411 823250776
5870301 571606282
56021459 292052885
236565874 793940543
255616804 818763053
32724918 579440678
59024640 371628979
19258565 590733437
12919203 301457550
36115638 951736589
4487837 420556355
56139694 334880322
43454584 107314291
33038559 372175881
53048895 126608214
45108936 313423114
21209458 543521837
21364469 998938569
20362655 466047469
126246259 230961565
198677318 999972068
18819523 252545736
24015916 311744851
52195553 275623276
43564660 351908398
23420109 353442408
24163577 166331163
40305160 666270885
17266710 765847246
31196299 797134509
308814183 385793943
110157222 511567006
27914289 505161799
218359464 685473406
28921123 431044987
219973009 567318965
24191015 673703216
8699386 854877313
49335952 615095720
24180511 686028721
61419577 285198748
39457942 273948045
19826025 585592161
10846163 711781275
53455259 303455874
4852240 482071848
47779168 612704050
666469687 997946787
46036163 199570644
5665037 499560482
20627869 437952681
868757202 950490243
22948254 380278645
213659719 381494101
78567529 631909176
17151611 844813546
27680472 241116154
193489732 866018884
10633004 250217383
52870241 688935705
7443345 749745874
25307742 432681261
20220323 242694127
407072242 442612722
11753037 668299880
468926334 700587377
5602890 482315571
157658374 749207014
24027517 231963792
37524756 755819472
10420249 774182710
2086064 312282674
60230268 821702629
46176279 574536447
7674890 211970682
36724796 510184856
38672138 426304704
24284028 428358800
34194843 735756611
868014984 986268173
675786670 869433964
3230733 124235773
183348282 846298582
512709428 895349141
220964743 713496429
176916660 282387753
56882364 644231141
27440049 869207840
34621190 426059332
74397492 831226295
286641893 962255644
25957250 836121129
386390510 398502941
19189202 645868433
49716581 862074286
22061085 545581863
660477253 924294017
39570337 408862414
33109674 571838484
235925728 452928805
39277323 768592525
42341194 390283270
147050801 859374813
49720558 459210230
55217233 100878048
187834959 438655094
577514377 829822449
30470563 810319241
58136886 463920244
36899130 997676651
9727922 177115013
19457610 118277302
14544252 835507908
33371861 876987438
11542317 613951310
20785436 761416428
29902227 915669611
6685413 733096844
8402285 376082787
28323485 764995160
46761684 265214039
46569371 428784998
649034980 933490232
131204119 182217247
155739326 915984512
648145946 879403750
60707991 279486882
11949162 675875275
37248308 591879596
36476542 721109179
28980073 983204941
39552730 334685178
36391418 949078243
62492044 939046192
28207498 901273158
10705301 621707459
4895414 905489196
754945 433223499
41383977 761494717
23127145 609463346
43799306 316204108
31177369 727758862
421313118 693423382
448590147 531191986
475250246 932855855
43486779 271118656
47930704 738317278
6951850 542352254
33903744 889462749
23119232 796206957
20811788 373559480
417764495 948191524
591814080 690635880
33202095 464676588
295678472 506809328
347264020 486754033
38169579 300903987
423033538 913943066
449209975 485650443
96666215 383786829
656767318 664436904
26218679 371216553
78513500 959511784
780491420 816801372
3742651 709337754
736388144 799741369
23474274 231291757
43319892 496037586
36729379 829947674
15868147 936518055
55869183 975293725
46062245 535007315
21463100 902321247
244345068 757851244
1298198 712498101
155137044 922588634
161261110 784929476
215499068 223488670
52401238 212881432
60270038 511732964
54614671 128131475
27574022 766975374
3444049 159838173
45958239 199701923
13528701 944911028
55357072 175232120
20275688 704411800
