1476 931
326815793 586875969
51882356 438938156
50709062 409063702
60118010 969243383
99333901 397538920
48857929 332056167
13634154 596004571
66760909 709023769
234022918 433950060
28841805 593831465
37047545 571586874
12876762 467139018
78025356 697703742
76646693 672914114
69315731 575533070
820223550 925861137
20172289 954113320
88420635 725064895
17175187 738351246
36466518 837398736
97473815 492565389
70205506 957057136
677055544 708541281
64391913 869078511
80710394 859356330
380209883 868266787
45435252 711494908
433089770 923492973
16114381 587826881
51573595 821886139
385897399 523905266
59352361 818987168
65475863 627289144
88156285 677310693
92742814 330133096
100314122 459055039
143441620 332519210
707448860 803730169
56394492 748662708
3840609 947588971
3799037 660806485
506556668 793233791
103152031 798259900
252301712 959508991
68096141 733055597
73934471 571671038
65516216 999437198
775577657 991698573
21167265 450500862
47959278 793560937
55905050 999634564
31375391 650496998
26520337 549573455
631032683 689163489
472607932 675326386
417935639 656448422
450009358 741792166
318045832 333901100
65847654 256074750
48707669 711130913
99375330 764084451
33040735 956501164
57419926 604348156
89052100 853217459
99369808 746266899
104307620 476466709
534456237 847448019
16805081 554626108
37006559 174234514
17806384 521357295
24676553 809321693
83364608 414479775
52235681 840987403
561499587 888308239
558728613 932207739
146945830 618003777
93303467 810691951
30491415 904621868
81606667 938311823
15643954 174910133
63829674 827503722
94315142 620807927
75177251 578659008
34888334 421557804
128033768 497726293
6677958 963549376
47532415 595809680
93535972 565537427
72462327 123798690
81755010 910161311
266485141 366106269
69340247 799864972
121647748 990351631
113858878 324029410
83296814 525036140
115126823 669093493
280460924 865422399
238656891 918882938
518059669 667941626
92576510 792605157
19469651 991344968
71611379 776323744
102630414 429010871
17075906 795411435
129147589 787716466
77185311 699471172
19855689 395516023
739460232 999178386
90988811 932058757
37646961 431726831
46065477 451900787
3037321 692224634
59913181 510482629
96551762 817241469
17673524 779158619
72408832 485784295
3246631 877185789
22207792 80079686
542323876 555310146
59157079 540841463
461254973 544356191
92321470 820800279
105671172 938775370
15416223 631322649
47942905 435617359
41235004 461713636
563573 584792052
26379394 780656128
144432255 835185948
101385157 767923211
62040792 568074058
72357459 887403394
102039213 416455617
91955846 825804701
1982137 875270329
63601337 412072612
826306888 920484073
550231576 560018509
100947368 621597046
3046908 540505087
171280507 381638821
272508490 529842607
56505433 565667459
92140101 868869026
185411925 894966717
369080115 842499213
365071562 991515785
56680459 650309764
31948585 124127815
60670977 416945462
105736494 282267443
111961026 323324407
126299579 397488638
102081020 842142582
165466989 913433194
245341727 287869966
25826557 243748384
15926419 540406553
69389818 908880863
86599462 615502357
195591516 303840637
73738191 648793135
15196178 555735660
81958072 360988094
47836468 677622939
42213539 705014519
15792439 842905702
114961502 227976397
302147679 668370597
236975869 630748086
39349354 912277444
27148483 689009244
68327318 612563926
82943956 624327382
43515560 508385518
7837419 615915636
185419478 525992273
80832362 510840678
8057375 815556625
87211659 824988394
78697018 677216675
10830564 471438456
6696441 847852251
29503371 602869190
629104857 956381162
5801784 804730484
214811359 993974453
98873114 634366846
31962264 572282106
100971933 955789887
175053210 179649366
104015266 782204020
3226297 865389164
79764894 511704624
77127902 706137900
90778916 989709279
39341538 411268441
89189064 471562524
20584804 657082357
30432703 744581105
5065054 741134141
717066427 949885026
530232571 727973699
528296879 863064138
76293373 502904567
227284197 421910981
32741587 559522204
27525281 971820642
94647577 715355263
529463908 571539758
699217430 715708907
5765177 945256542
13203886 620363729
34626703 145315833
64753980 566646393
31217810 687106524
80340964 679080020
85565421 964075125
21399808 913787266
7577239 808668288
8363265 120247575
32276227 395191429
46739593 578718019
86091713 869596130
53667947 504923096
67300078 844216648
396952310 495839178
190683292 819284101
14680695 588956665
754992041 759026326
16583928 743708743
1673334 918965993
527879023 707964908
8546722 521659265
56079396 397314294
28349646 482431675
265791698 380657178
47004655 848778035
65152763 520196141
49919240 846217415
79955223 629714021
50946568 144009766
89840415 677555112
50571426 755918582
100346267 197209739
929919054 951464334
86935014 437376597
96450638 497922429
104325927 796823372
897586370 944119870
78891528 454827492
31751005 904114450
220963430 519467017
50927204 837955292
89236423 747302062
102739511 614071821
348081064 439218360
361974135 700897873
34113245 661513465
84539387 987904054
12218110 654312495
81369333 441188807
306492405 585203326
228947893 973046937
456432663 896571023
54743893 479733686
35395499 986514733
169628733 188969371
341248333 841282186
47632197 432737862
85651794 817925739
51438306 734366103
470770507 523093571
60482571 669936880
6384476 899089736
29420564 36886472
4178566 539920049
77118401 423699860
10652989 592051256
69751532 510515122
238079140 643305531
802796552 851430563
15684040 576462547
507806883 529206137
55538258 691818627
426836762 556746970
102596247 964538730
47967107 960671624
36187448 986428914
352116455 707948448
12053728 823610715
62317242 638705360
39804014 728058036
52483260 652730715
37643358 539724776
555387930 929963723
41859739 852765067
42388580 443922093
100259042 985563399
76316097 550706776
67536061 437064399
439136027 822721750
68679255 815273311
84682712 404160519
6248242 949476045
41132845 979207442
55835356 453402982
18436786 492000652
94911704 569167272
91446693 764565609
59895162 412092724
83855036 889120162
67922876 461618898
98899825 846865416
81831343 705395486
56026115 703598686
60962678 440512714
19828667 892741541
65279283 748110475
31724154 710128257
39046550 435982907
24964653 952525579
90840670 494855024
6602252 709732705
877519411 880730262
87180648 822279091
81868348 458387783
700860273 913984346
84035374 402947010
81453710 543827319
341781221 660780850
313584897 337065931
614294575 893796994
52470982 731061807
271961129 887957352
70827255 927685613
95094820 840294526
29138546 890016501
484235909 704797907
5905614 867041740
7690032 584201106
5969690 450374023
34575128 498280326
89887454 729620569
84571716 448862840
426137173 933518992
49918088 573454149
59215928 500865072
18125153 127043482
49736315 646903436
95655362 339111234
6299722 470372786
50463044 493938857
37206709 56762765
609402483 925997145
93779230 842383112
33652045 827006702
63836954 421392968
331896915 963023658
697129595 827279014
661865394 767080124
15596200 967503768
102805042 422613815
38068164 665741962
209344995 214117256
9260757 439100148
32535755 522604224
206791923 717055423
20151534 556721583
54864404 557271059
25832334 927532289
113992642 625990026
358007913 741030827
60824345 493481548
259429863 418832257
234512375 434051949
96137138 916456053
2459768 596166973
103444830 464827375
678770145 972469673
91199305 964480898
52246979 859008845
75769089 583533475
77872178 697069718
375147741 378073679
82680331 973713864
62534511 402305324
56098336 505971939
93149891 665511640
524263269 607183902
9631223 743656503
71296398 923813183
223025141 879522934
87187773 987808970
95639802 523566344
21527902 963146064
116187259 300546372
28791997 822325929
31984403 777073048
19912326 929154676
98788161 617283708
51388962 424837155
86062627 939118842
72226511 731456845
76075895 995826408
89271442 991386467
9401217 608858346
646893252 996266171
523669020 968415227
28853848 622913997
79064528 829915017
51705147 524581003
65056136 631629290
48245579 751300013
58727025 773414059
3106324 781814556
108719918 964349240
77529420 911020694
37939404 695356461
48264991 707583095
39022784 51371315
104192895 987859096
6365630 772704080
53766384 502808333
62907779 498883422
5919040 404821781
499142475 874155946
714531393 999208727
84584991 934090989
74491766 436243817
64391187 551883000
11031185 752755593
9133808 469918011
223073523 310680375
156793898 944219873
95704187 610242846
36113728 746770582
78312535 711397716
73884517 971262785
37011216 505100941
93989245 872108351
41786514 908972059
89886633 961152488
74410049 562353523
110419715 536711778
74838645 484775175
713437245 764921379
212234673 286036453
227095665 872756924
5389957 555711442
280984718 831756828
61684838 711626737
12321745 839352618
141039103 341805063
32119207 971102104
82426103 703329944
394310896 653138948
648432153 787255363
58210248 635007276
24606296 865133757
199841676 382664703
56454830 111848930
222829449 849866265
23197710 553536390
23789935 475747739
19046527 975779345
601660844 938427212
82510459 676098396
87752699 608070791
38642871 618052642
75810998 445547626
16336710 597564583
627864679 949407342
166582778 947415559
30925521 101339416
41223304 676923690
36103574 848674935
35102283 437717763
251215114 838018256
198158650 879079792
290166934 574962258
187102209 877537156
83139585 745376095
86945333 815832256
7387830 922902524
85883929 758577891
18362232 428093083
28141748 610242000
19223942 774496734
27875814 593505340
531150166 804638716
531910619 999561124
273447374 909142915
527379847 776801775
72890798 555521594
239560126 275763988
661404715 932423692
17805255 968567302
407008882 668808139
55175270 657751403
94657668 749213712
56124808 403398582
44755809 729181434
68226488 965452494
93217322 750232404
40826947 473040403
74861661 423560667
49149558 800364738
66273340 983271845
209793787 577472333
6719932 861271771
2480848 752632563
13474368 614788055
66028584 709976066
88184163 706852302
75415639 806221358
100618574 946205379
365634941 748837157
165940405 443075656
404856700 615112992
59130738 444475776
249008555 283192242
17014669 615612520
72794115 97757947
57720019 730801841
319863257 559528849
43615325 859793734
552219265 691497084
78095860 726803518
109389193 121711185
439113603 514124809
103307554 760079867
56737745 812300393
628251510 909035208
12019363 929574123
64523626 434590892
24489550 407373824
24012289 65887687
30835196 914800443
83378279 470251854
51374740 630681877
60567132 803085046
97432325 682445239
102017135 836083545
691131810 735370718
75124646 694857655
48594109 511613871
17209510 729135179
67724528 901006096
33355905 404412585
90196759 487217192
56098739 419606481
577112144 591151464
37435732 406375647
599711448 923307988
185207645 394570515
9792029 973423591
829391179 969297638
52191721 478455761
327647144 875537995
31889995 593140750
4573274 542639887
67435086 685780155
544688695 598288772
108060294 850746936
12074176 856796263
28442515 449906674
63630659 769382057
19168893 886026216
50687020 788046351
53484765 654940559
730649773 881104404
8018460 619098539
27399884 855297689
368885506 611400720
549799464 724885916
36497624 710888222
376377815 927812389
7204645 583183841
7522237 690527358
451404486 629036032
39281499 831414012
33314241 487585078
32471392 503382341
259535022 647109336
56527458 546831676
115415348 677938439
6486052 409141161
338250409 893111881
99925670 607754470
20391502 980950627
33312727 773770305
356891978 605766824
443114069 937949154
90104055 898094465
353158942 848237623
338431286 693701636
131605445 795179667
741705682 830844615
739492113 933687929
67846993 372858714
598908856 996621205
34953688 656773774
357527748 897770157
29907695 693999151
22197517 875887196
465222784 666004707
14468272 708347037
345027924 693022098
26082015 782258220
25848363 835379946
39559962 975722787
92020640 863001374
38826529 665803188
91238932 446023256
142483417 465804909
65368368 605115504
14695995 560562577
56551415 852071867
97024316 854230992
16002561 223562124
40275240 678402798
96435415 929543427
71863480 561122098
78884397 938642385
574380100 603329841
103472083 511743114
94083646 618874695
71450810 763897653
81789391 842499858
75043940 158641619
393203692 739425278
314378243 882549910
100803759 655900310
498400168 966478132
46267471 891603859
68593110 657514997
100072527 477528881
61264503 643106090
14044221 738638777
30024309 996262908
448328173 823663472
24332080 724562933
43134572 388705623
375897082 498807760
52300141 565285549
44117204 669420121
47167040 641381305
505341426 979809374
916323096 968302289
85793455 913894423
283735380 550064813
19744886 784598655
29501176 516559403
394428779 933368044
26119172 720073848
82796734 426514420
67202034 878067332
157098103 235875130
11373122 215318405
121599555 701873328
171974215 569967057
5289981 815351643
35489765 897467950
31320522 412943436
157034571 609282337
96080178 861277918
222978012 387947610
116497573 486249319
6878507 904457468
28966714 985805704
366340588 912803587
58851263 511789549
432590444 823405808
79367155 505159202
87893681 924165617
50964298 606003429
60155170 418355768
42408756 592784191
8384057 631434926
66762607 762645761
120411826 357646904
75393641 938641998
103683457 735591431
73969702 440706135
92777442 826314665
99588729 567290607
387710856 853754652
76147208 417329649
82977202 448252363
83397145 773615064
684335101 908067605
70268849 620702884
580199353 688230053
96812856 566904321
93308659 812575990
8520431 521112713
57432759 768463401
197126155 887957115
451264814 965891342
52112546 624368561
3011944 799679050
20523892 872490085
15599307 647241957
74526694 853409920
28358970 516059968
21839880 899861929
53688007 795623978
27126689 537976370
97729187 540104447
35391362 714631500
90569727 711757382
83092548 978585542
93161500 413850612
62221948 929151140
96693719 996183698
61575147 680451613
79467564 755333429
40192992 408391121
92020459 568715685
318295698 936001302
35674065 846798881
48209485 743390935
286693157 366505183
100579108 176432687
6846974 460649233
15865744 921521030
97953716 853819491
53935723 454619528
8999264 768777637
518152026 949405443
1864513 34218276
20172810 688539400
79060596 453061773
99452052 574671988
5651713 618972835
343385161 380506899
32609397 586076822
69936532 208981501
8098113 624592698
40654895 592416721
899962670 925780644
42568659 758810174
235919224 499250036
100084720 587450092
98150749 715433681
534611951 750270454
95644610 795923642
67012917 948823462
83178162 425696069
62471489 458947576
12665416 599358803
516456309 927653256
43003954 912942517
412546332 953478854
128983838 218213854
528328556 889149737
94827940 372873482
76015339 886181274
63050304 670141055
102318333 609445035
36672959 515787400
81791868 633429106
81983132 658163627
66455904 548691584
25373926 904768981
69105326 598491433
16619528 720615276
102626081 528810628
28588880 836092817
36550410 983731312
69948923 771022174
220598582 927789474
66934536 805495444
46475141 481610085
104386059 674485004
315698469 366301969
701340274 999556370
5506596 475001238
474557607 485676423
43856495 318281825
85631019 401562607
688606469 763353885
63187012 270261275
27162423 602011204
30950785 867298280
468540425 966343025
94062258 943905572
59285852 835908449
69119479 798905690
71963750 616225155
98523903 832949247
18103648 421704415
62615669 767232445
21587587 753703271
218830728 610732097
100995618 608119317
638902266 928813327
15763302 486825234
3225304 742601560
75794903 485290984
26713389 422686201
92382816 602835602
59343677 515399546
83805206 944907895
73746179 489864542
67632552 786762338
38706391 726864482
275870790 845182816
11131781 465193985
103871754 941297997
49222065 705301079
88175747 541592001
87792841 407725371
47993647 571425965
105022006 750711606
20061450 193197752
40143025 623894918
73692455 398403447
424539 840526576
114364 864944976
448363912 958695034
14957690 819797354
18131526 639479987
92613635 811604682
64120157 760482405
11138037 568445454
486611403 573823344
23837424 524622913
4808838 643764704
460989456 854434451
84430711 880635028
70360599 882443319
731488450 956517673
103952809 823598118
857748060 905587137
84533272 722074685
21607383 820122554
343852325 705348969
101922824 577973568
18772209 699936273
89376927 937908345
5971476 440385058
77374683 539787884
86494112 519299207
800393949 935984567
234480163 329524153
67390814 839326945
24637686 651153531
291741174 474450136
199785548 915639005
70102063 953025510
127120402 414431382
2315216 396223175
68858330 990913392
48221172 195371284
269703218 862095934
98158856 472124055
103564517 730894500
555767293 578783221
78860157 590775340
230983156 815653402
2884808 914194726
4924379 472065428
56307047 488104081
69195208 436335834
84266078 740214818
17762994 897778847
823631861 839954709
31089859 567997303
64115088 778304116
3954579 644045127
75563563 822843529
14044794 795539880
19076831 972703574
25077690 928524471
46634242 734644776
264181145 471620920
20962501 841509052
199512980 401403619
95272140 543191836
145826929 556830396
56311509 429747225
404084322 687930200
71772739 730874768
8974074 563859268
646782336 834683308
348707793 647904296
25535093 443444963
378659626 750263452
32318791 465311065
300875318 721977203
18274204 793269446
219544459 900674009
87899382 581734843
8693438 649068139
531995618 533325784
71188432 830127552
156195111 389602339
306669529 773818337
740476705 951181268
59915761 848095804
29846619 786289878
606384639 921455828
78175408 518816752
206693338 462082678
82760430 794053952
97628180 670415684
41832902 860005927
74450322 832576425
89600321 110700884
367321911 567654540
297988262 752580302
335562176 611940671
43772477 952632842
453012507 657117038
158636383 751000768
262213692 864108037
6215324 751735173
48910471 504976977
46968576 583117823
6770631 915292694
2820565 623693569
330864921 379247474
60966398 321364970
31153843 800580942
9408574 751378532
159720831 350088752
86290561 697629886
45045249 848312847
151210837 654446601
207445280 816274579
26718362 503563224
67442572 483160712
38240846 678565218
5996253 846434964
436038370 812355205
31516931 817080143
132006896 502042965
753234829 915354604
72787015 729661851
43531123 683895248
181573574 765751994
6134325 610096818
4735405 524215641
26896585 972008184
30619068 873087073
7268128 939684368
74879251 763941721
42458156 823496376
800666234 978007680
98234012 807934361
50675956 520221504
2215376 950522324
118970745 738192419
65335496 517966221
11661632 941006062
93310913 781381421
61468533 703390841
798744366 909287890
43288223 551063119
12688485 570354518
71979426 649564692
75071503 507822294
10953198 404963766
3100600 145880406
22091188 762282960
12207987 992797827
44922034 875677536
250277945 900538986
32582251 875296997
100434467 446955777
61755088 720078286
49879689 607075034
254059047 636360383
364173731 371056286
51491514 993618137
64688537 835955051
49615119 840343181
554411923 888649364
98394173 726988060
10442740 469508685
24439283 677619828
34683957 410130563
19401524 573631072
241551992 372694486
60151796 416405544
174024988 282340246
832111892 979188982
92589338 740278701
85125587 636548601
619879736 721573547
75152907 640460693
62355711 847267935
259850551 996373202
26575933 501562396
72822690 875253227
614642770 740292156
637746087 641218702
423196635 853985150
57371075 529349456
2573811 523551149
98239238 429856909
30788205 551577210
2127763 441938522
8620499 772907565
7297812 589694640
25761329 895192527
797123029 886898179
575676218 652244135
100679282 472083776
45052044 518278555
50118019 583439259
7566051 919975394
178567899 891266867
419914007 811796440
541497774 600805282
85759176 475947404
10775274 542678325
99140647 414583465
59477657 717786226
27386314 405798921
8380086 789558679
29871456 547123107
348559060 903339517
9771497 579849198
553964481 635361315
35000773 289592731
45448599 417729612
24477795 793863813
389601757 627402916
803309634 805801374
1993900 495231128
195518280 688408243
3229156 585120036
87307072 969383846
93333768 973968783
61550059 674501477
592465731 891272142
267017999 493684895
662759140 816318911
103600679 662454205
37033107 979990054
883756119 993150137
20932471 822422206
99282072 619381883
190345101 558806217
20055332 942939533
39157940 412883183
29304483 564661719
52405037 520381424
40601157 869489017
21018961 651650744
29853824 584327972
13899801 868643405
42294181 856514270
486641439 970791550
36908946 767962935
43573434 457653114
71799806 654291980
22904540 416869758
16858406 829055829
199834006 585582992
818690393 910585730
38313554 680100972
4125157 536268400
48960197 931323326
573139822 962231827
93741042 523488792
90659063 586723684
94515815 776763803
15352914 713550916
28615927 900422477
43662229 737155542
22907924 481806737
194841490 790562087
23304321 607397417
293590339 627537308
15899576 985572906
795896837 982915096
461932545 990738326
115362862 311018253
93355086 657739675
70070662 606890017
240877646 989629673
55295374 690424525
200680552 751275856
7057577 632314087
8787740 463977043
34494243 794269245
650110299 682763443
24377109 612272063
60370435 646391240
208445505 499874957
80819857 538724213
101595500 790317407
41881632 610064977
12473538 654643348
767856162 777875517
62510706 448991031
210845638 290573544
9472466 870749310
72495322 847466178
26750627 804564806
29176918 990689811
73426870 863930387
50310871 895031376
35176200 702464472
40215527 547030273
19556937 371107122
34884547 698532450
163807467 980561573
26867370 974583448
69708221 798048131
132455287 407533181
354704710 956826652
59345018 402208499
666560900 713114419
11026736 815096005
96471291 439975612
573963431 715743397
386100984 525142925
366070056 681016955
94405616 554016672
85604158 677520043
304091433 522761936
76778607 216661999
3090782 724611218
85887210 396088571
721230438 941494343
62428803 526352766
598523946 636175592
27853725 689961728
459185017 463163540
37595839 584520514
143512791 282354955
413164242 955040674
29236889 995540132
9729946 427590340
512224448 877406456
59156471 809619801
92530245 828273597
99710783 469687033
65939399 693199982
50178464 942451896
54212797 465262141
38023243 994527837
90719200 803855529
47111550 888479100
25673699 411381695
23020351 857122546
15691346 984908551
248806597 861980792
35340862 972346278
12237954 645813473
65950360 471327259
185824403 311258337
14130152 556663723
126488667 233021240
242471065 481941036
288027754 716228258
82605349 477790075
38390571 588717570
434385960 738408354
103684812 651774983
40854544 475040278
33794428 508040160
2507538 689470739
90532851 630747623
14704300 712984034
94952467 846945903
30735572 532285632
81963961 760869161
536058816 590297506
66246983 452910025
7560719 493446924
68638737 990882972
77273806 909614334
30858697 636835740
79649597 278735236
875454837 915630919
676436620 728031574
79839292 968973632
69085052 965268361
78354421 447837225
29991606 587896334
94322457 784895273
61201139 966195985
95502767 644616731
67656561 709320028
31819942 991264977
103633640 911170884
31008603 990467315
63704179 704530410
27932466 116341980
40361686 618339588
49485043 523468579
70894873 507421112
264864324 782631077
57977489 571146603
31339657 591257242
41044416 769658838
24205740 594015776
248370703 660979983
290686209 986542312
58006754 776068890
408473429 975435347
167038306 835287140
86992033 409580628
10471837 979438936
37837173 710192285
33208195 858431378
28759984 470976291
48267248 728375574
2063437 774834963
64378189 877236470
33414235 772345584
45984606 545557954
77328993 535294117
313385032 937845842
43076282 831647193
60381870 681471767
598919916 966701897
30419880 145159676
90471552 807019851
391039681 845931647
445874575 886979730
584144510 659411578
48328423 573448724
13320937 700241304
84807648 758346374
59303145 438565796
49428522 531762381
31655715 788975547
67811480 655731938
20367510 441276993
421866612 508479430
368127490 733123113
10415458 489660984
30085907 710140800
223193513 703319214
49441775 746973678
79767193 726526865
469504329 974972553
22536117 879149671
43903558 291138945
93484738 704496640
22348292 865994273
157133217 763750770
75687888 829618180
2819546 847511693
4637730 398765965
92909977 174738370
14715362 579725930
203228471 923815117
548214440 702210317
11992999 824163433
50991057 643920780
63036412 640553888
358055032 916202706
74403216 786580224
38694032 540221110
453536269 777232778
60915724 894427877
105757753 183778405
96848033 886580088
68329464 762320014
535776390 860667986
285718285 533828033
59242937 72886097
54228398 626569366
11539452 625944755
71843734 411932932
291738574 674451202
81092220 412781519
224997350 256584675
50318923 803161413
47204326 925677365
2080015 700288297
88013989 797069845
26891297 654308850
71476320 213983771
110859917 706906596
71888082 436902166
76731688 995880753
55423816 514775452
236517799 833641956
98277424 960481316
33553084 422296384
302338199 673397651
64688054 697079998
91618972 680869881
24142832 562786171
822608 652717062
74055215 982463849
42404616 900228407
503328386 635360092
20608549 427979488
243454579 487011046
10348566 909397924
70343139 807628671
78139196 448584186
247552348 931929082
96327847 833503028
60383995 499714678
346070196 387594161
530253765 838886058
97032260 438583864
481658098 667643947
5029190 901064424
3093764 813394369
375046259 600212060
25280798 824890749
99313531 703109865
80019665 584784138
629737237 680306858
46523113 605824421
69351346 776537535
358078823 430688282
51763987 480692842
39712056 871842921
373835168 421768893
256758817 508198430
66651531 497798725
65064872 970160736
142479313 487819234
18501489 415261257
14723707 595223597
45992247 312880504
2120613 709229847
35750902 980657264
97358604 438690295
84087436 810723680
82983082 755082760
28531156 852961170
22812209 508632097
50896840 469819193
59603069 633154902
380994659 794737508
314414215 995853115
85166560 796224974
546211005 835711075
34579705 246194293
23167838 933806071
3666367 960850749
25691248 718256429
71499726 912167557
280672907 728388759
568080121 570282760
14986680 596490598
361174506 591832504
5162932 763611997
41664757 959637706
37223029 905059843
29483389 705400602
71693377 454374797
349407708 605050726
51861186 412296303
74773739 733161168
87755909 639954511
2892204 426047314
48161323 784990210
565360413 878351380
343730805 394493866
213283398 924934613
16237863 921312896
33156334 737319894
45596370 605829163
331554507 472516242
632311316 839468586
126018975 577096600
100530181 484291547
23885543 424079476
51790536 292605970
5699454 448244251
2347793 421135281
86384420 975024985
10069571 737897690
30503659 944901851
78809341 821092113
85316567 744087756
52881434 914585259
52563223 652109401
120234444 168718259
210234278 672927504
2934846 467126944
90430566 583686759
74715601 561126855
61637886 165146166
5833473 938522467
20230090 706430038
25738683 943978323
17746093 615539011
556228098 902297857
49339177 481315808
38805171 498500308
490047264 940660699
76457348 624714361
637240063 774561029
32242749 623605427
18198769 592135564
89889539 460489192
29331105 525767096
81627082 911419784
77433329 492232740
72107887 937185850
632393685 831467432
40749270 665574214
99274746 483061061
633201024 850804940
287740265 692714410
77024339 102440010
594901427 941599251
410933757 436182590
35896877 615728354
55540263 490167809
35465324 442350778
32246774 656506722
21852197 986089200
37832956 689715778
19400944 407288713
10877052 41253141
124225303 945812684
72846293 438315214
46792275 497148231
685018495 755587058
93541871 679137457
16366769 511010180
25991651 852433291
228625078 907217906
60717541 727151373
21181155 747316567
62461196 445629573
637964065 769605578
76791649 623308726
48407359 396986622
64199369 849606092
91081240 386752333
60843952 805143466
16495986 531439450
75794129 702030142
72129879 624626163
132721346 518741918
289877201 911762242
35804568 705965500
21547916 439375495
748768365 930151907
70636810 837381462
81852056 610262186
69607431 760933040
60116838 468584470
99543508 533740208
12104926 792667025
239932883 318749606
49457542 677956417
1453630 618758778
13593932 494175136
532359331 617915157
31769383 498064313
41709112 605609536
120405609 249306891
69678216 550160284
37656890 508220400
55301622 923230098
79065345 861652349
84212131 524579341
738066811 909702773
17119916 657158724
27142994 408300307
32121185 476167682
36536509 553956381
85568300 569317716
8724337 853703317
373458852 741268761
435062432 504465229
144046682 968740454
