281 190
105 295
62 299
44 299
141 295
252 281
33 300
210 290
187 299
122 300
177 297
135 300
104 297
53 290
166 300
46 208
191 255
122 300
84 90
69 73
6 140
168 224
262 299
20 253
196 276
12 66
148 300
26 298
245 268
180 298
34 38
186 298
231 239
21 147
159 221
27 297
49 299
181 295
130 300
49 299
147 153
89 297
181 297
82 295
10 295
5 139
173 295
117 298
3 300
102 296
155 194
130 300
83 295
135 297
14 300
11 297
86 295
88 297
89 295
57 295
9 298
269 299
122 298
28 298
134 181
198 211
46 298
129 295
9 272
133 296
41 295
87 297
164 297
173 295
24 197
25 297
72 295
13 110
124 297
23 300
35 196
20 245
3 299
156 296
80 154
172 297
51 164
17 298
81 300
128 261
67 73
78 300
98 299
35 298
43 298
68 299
41 262
82 300
57 297
181 295
90 300
81 295
143 296
204 264
118 295
170 298
182 300
114 299
31 298
101 298
179 300
63 79
56 236
69 141
62 300
64 296
12 233
24 300
27 167
144 296
219 275
102 296
189 296
129 190
53 297
69 297
2 212
102 295
22 297
174 298
96 291
22 295
74 297
53 295
74 299
47 254
119 300
148 162
78 120
105 297
166 184
172 299
75 296
10 297
135 299
42 300
20 299
143 183
28 160
156 162
113 295
173 246
80 296
70 297
85 88
103 124
165 298
3 295
236 291
177 296
2 299
57 299
37 295
150 298
104 298
152 297
129 237
63 297
126 297
104 295
170 295
57 300
138 296
108 298
77 298
187 298
24 298
35 295
66 220
118 153
220 248
165 299
119 300
111 297
169 295
161 295
168 297
12 252
106 300
151 295
168 295
105 229
17 72
17 298
77 299
13 224
185 265
111 297
227 294
36 296
172 297
41 248
42 235
49 298
213 264
169 280
6 128
55 298
27 297
99 162
150 295
154 298
138 296
220 284
137 300
149 298
81 299
147 297
210 291
93 298
40 298
157 300
124 297
146 299
172 300
26 296
151 295
81 300
175 299
115 298
182 296
61 299
109 157
42 295
21 291
2 205
22 298
56 297
68 105
75 298
104 296
108 155
219 286
143 298
74 295
88 112
140 151
155 297
43 296
103 299
149 298
12 300
176 295
16 299
70 248
41 190
6 299
28 295
80 296
31 299
127 296
2 297
43 300
30 298
159 299
151 297
25 300
88 299
130 298
123 298
80 195
59 296
183 210
53 300
68 146
133 278
83 298
174 295
87 298
80 298
178 202
33 209
