1059 113
173908097 284959310
25055868 593608653
410860107 734460267
668685558 920639118
441892327 462442555
178440771 197526719
415050032 504913784
804969118 938136071
274658948 331339471
211990334 448567044
468815132 767113279
80847618 323815332
223954227 605525302
1351713 410117808
270501940 853030858
210402 358895078
228772993 780624182
643661373 706490429
509910031 625537849
2446033 191036449
113379429 723928033
1034769 704338807
496540177 771138705
2182024 773983679
350545443 630736828
2233421 552851873
212488421 957704822
661566509 913153947
177836977 476959680
276457710 376670575
327602742 553718446
436548120 673180500
266116336 355920989
2028090 622118983
101276582 565626257
26923326 45047687
328653478 948641166
483809136 544550025
36814290 338353577
166669007 783469405
143333103 660773811
120084543 980156479
257393157 888674520
196391604 385004690
102403509 124724259
214666948 837758281
156172513 421512494
14691468 972305661
23450529 944648765
226879451 809689087
47210129 269090542
357495898 929137462
7046979 798543721
122124264 766913048
258776902 803613174
86276346 273468369
628435186 918929806
260760730 433413676
8976423 136727611
511643278 846143177
120172743 716561557
708115157 799867568
132124425 646907854
73335937 760559610
46489637 427330434
128150630 879862287
596423843 669206370
17827015 147361961
820408891 951982145
37392555 174279527
230867140 782398850
100723615 156719428
343332446 441964447
788946749 847183505
47005706 757363602
267761509 417063210
101411833 157670415
591342736 994596086
448411846 819537126
444346322 627725172
237605125 785760281
1855008 662112332
387410769 469631394
41209528 203642639
2828976 209919581
8223290 472178884
89174648 346160279
104940115 589048126
444879835 918110952
2335721 146638949
94713736 265964625
344557464 545897683
255345381 751969059
433703602 541293099
22773983 75256290
286464142 850770672
560509046 858281089
360590647 770630389
152088201 458380253
457535553 874596049
86341932 340463510
391053015 430899395
900573 212447655
69924 559179201
146081297 275651927
376105029 914897406
784099154 810621074
25535186 119817597
347012026 887990936
2790913 894117048
81634175 196689566
735848 180959264
31732847 421074183
720502427 733064378
451048 837733465
340338208 407153252
141311514 541004860
372671903 748455575
283713747 365947428
7847234 414318287
463352065 910081616
35649952 133653979
763392 349541075
313323627 975884133
33701397 39706043
571544500 621075863
313891934 553654536
400764727 885797833
976336120 998882634
65994636 977099511
805499996 819517005
10547 216440907
672090340 803511365
777234068 958045056
250590686 801028282
330852698 664646888
2259579 629450599
43269 894279291
787245663 913248841
123943564 729963750
157113712 322880312
426260383 608362069
101529803 104311418
89290106 490721224
897865896 966989915
823027 473553464
6006776 611279823
193616628 311484320
433589792 759419976
494549 124375521
705862663 971463190
53857524 896240136
1897546 823714922
142356102 799180547
476314689 760763722
2920459 522968350
669691893 894522143
2955700 153540278
452072330 560302753
3048816 947208306
230163079 364393143
329046859 815382588
594923097 903054088
56594365 662001995
222304747 357136220
2430198 434759003
126317518 839721464
268371060 615232683
2075850 714953821
177890607 292799771
79646512 599919613
84250440 111916913
92991525 181784404
664156925 781038199
215797201 722703009
358824937 890239133
503821519 627195996
355124826 772696262
225132226 480031489
399204602 956580306
367763566 395895597
62482719 585327473
949143030 996409310
198667450 304267856
591555545 846754149
187988976 646731867
352961099 919727648
235223941 720724664
315623245 604754214
42598038 224242135
56752119 669035723
517961384 552336294
162679355 992099659
691370159 778813834
410260724 934209475
391480040 459060023
657275424 950734226
423967981 714027542
472286300 777636825
572439041 842764036
182489471 587634748
194385998 378750204
578487519 661104989
211682527 636236579
286882039 932649190
113576310 759168338
454448725 745291837
126166450 141828770
376539544 525940273
14693203 588859237
2283862 303562806
173411607 757567932
363832677 640538782
557892132 614586108
54455359 735279802
66922096 440372109
343845836 380141356
146130887 627893067
658244384 734287106
86040876 963078582
333524518 702981642
446465672 506936124
1147377 296291789
171663880 577069154
2077021 953069710
15736071 810355969
182486630 561069394
2288174 272705918
82446074 395097197
134818065 648353628
1135883 136794639
453677705 498313041
195159315 943681488
73800547 687842864
127408107 242142496
391170933 792951847
395143826 944720008
106175210 483329300
917398361 945439228
477580602 593045912
275075217 672739916
213099131 342131730
133944334 233635613
280816513 641051694
477876301 543117966
113294370 250427368
1440489 559208792
292612071 661971876
679759007 800001512
418719084 596501376
381183598 982266529
130710732 234498697
46082450 513330036
133777990 180164132
2779283 781014793
532704837 680327891
549914100 781701119
123322339 399669564
349689559 363645414
49166114 171402166
603015822 681758400
410324637 445504548
222567576 948693233
100482389 360518035
1359772 735566201
377307851 475815468
172275043 729256678
41618123 66555397
196601709 472000433
768113718 921831741
195450831 634063249
181171348 824188717
77177517 465957761
117386007 454485367
3134978 260549519
381776836 721277671
18593269 427047356
1821470 585802543
356200887 837171883
143497413 628274030
426236883 910471968
225021847 655559091
8900128 258094460
122951542 765455675
501528 684561513
596421172 971170028
2015411 761407369
181588960 604842557
40629924 138739160
179725220 249948476
186932253 859116167
1177540 930197840
696311953 985311158
44242165 578373398
316820982 595492906
28156954 807720749
206009485 892027939
593335583 659046954
143228628 951115076
676205784 996922519
78597041 393652003
53889103 985866835
401922299 624039901
301347447 546148016
93097568 781264591
85765065 318725284
672981049 773031445
193836070 241619104
253002242 314728727
274460307 503018211
30597960 476462573
671382428 832427378
656470468 700034290
9403038 850306537
17551615 155015370
40679097 659182482
232148158 380011015
20690380 723072180
78606743 694090550
444957886 890137673
269874249 287935239
249391695 926344716
629167605 634655625
226232716 646719219
158418053 874335503
520312947 656924825
17757349 379852660
122506684 897563928
431571898 697588085
480307214 678525555
127217705 961991170
165697531 205966772
461226741 955368524
1676525 816831422
180902959 773477030
278560420 756576805
411493984 782412487
99528630 901295822
269715736 653320251
661048266 743597272
211366332 506159382
241255927 765572979
399496752 455672007
357530246 939175477
6711999 211723122
2410227 826560778
328612813 514359280
133923121 821610991
406474210 571476652
465599113 997551349
84143269 185493888
347086301 857087429
239681097 907802542
81176769 641057956
212534607 441788280
60004836 998388590
630048041 996664456
36398830 358556637
246675425 791072009
1085913 512358862
29208021 43136170
140162514 324480704
1840605 477289287
317231658 649691955
5026973 241475559
73329644 851187430
563680204 848155877
362771170 517162744
872892047 904563476
547046385 851126188
503501342 645405851
122695137 548095011
3057260 595055346
498309753 572153048
615348598 747346158
7798128 528570341
1610518 450249392
88101812 446091462
6210414 967337574
13669476 114583239
573902189 950206618
106235555 173911874
764571626 816240624
94633949 905784118
104229010 378906209
71207477 943364569
326313735 937393305
57947807 900215923
74127796 990143786
235149890 691215773
39511829 114560694
493466903 503382334
127367179 339156985
282521553 640271648
393003923 581116937
1251847 536161776
120087725 987796403
618722257 850461125
84754126 471340619
134056940 982497949
394032137 703107271
968107 361655504
327113558 885701787
36228618 512923073
107412988 504745673
629159983 945074068
445381169 775534478
241416649 258654852
287146001 575670213
111852717 962994919
508234304 829347929
567566067 618244686
131167758 391874148
36171164 525700204
535746755 979073916
1435313 753623965
240954392 696308280
149890468 225745645
233357404 856642745
319462629 826436888
535328977 758880089
555390 922077389
420665279 543843400
299836224 633052139
2929673 400060303
45631330 250778463
199815619 667080199
720968627 833175591
31557091 690954007
8808185 810459832
1003894 410262047
119864001 149888378
453086486 549756176
205916481 823994786
637560851 997350383
1447128 975273017
113037705 629814255
497796190 747747637
688959850 859313406
48462961 322990931
97544153 216820221
405803048 487236511
201311665 228409464
137222575 205277874
164991195 487535116
248985688 714971690
668548008 913874965
145501721 538615247
25851757 634039385
492661909 983049831
396836204 750595069
806509829 889768657
465827265 744557543
293544851 559932765
94653317 703363074
336218656 422791729
831378 334744783
190099009 598611689
351839434 823546095
477822429 616859083
183620 564869685
167098663 900064790
230096076 829567983
55306930 269427041
37372416 536565663
287441396 932461739
639741196 931206583
1412841 698382910
249504376 851643714
327421006 513077790
842285470 872456938
11586793 864554272
47768689 625057534
134147299 230712894
592476854 643443844
845520903 911690999
62293123 270158107
450104994 610151497
3066289 292908686
386800482 806886045
179010823 387103834
129841789 287343751
90311133 291279379
899543403 964697992
448004721 491955166
259824326 552977380
1639108 270397490
118255760 722664197
145968758 924942301
281031762 984105516
526947810 632612524
60109167 334226673
599368288 863584799
93792470 385530173
134658782 218779819
378061890 546807230
121987778 594390833
2940235 600122890
144927522 333708592
496020516 648172816
626134544 626593560
387422525 403897838
251742656 503947883
30592188 622981737
146086315 266682457
891656145 992059355
101894939 328709730
445345049 580545834
350911390 575500950
109839926 517465203
97687563 863347735
222119317 706344799
237404474 324014255
35054528 682749522
53280282 550715729
119099185 163120207
54233123 628766772
58304538 276352440
187627922 295709012
268958732 728351090
209634213 708206225
3915236 904943691
324977287 687406473
197666717 845988795
416536242 722774393
263207844 933764875
2793316 178261887
392044646 451395437
303613628 673369941
317156551 592311521
690080253 777805175
416098459 425579806
70640542 629807923
252279803 350129180
782475407 973596018
2336690 924256125
1479419 950216893
129869729 492974451
2283634 640369313
271508889 383189089
487233971 542731831
349923351 438454742
487836407 875915700
139825828 460298263
753303561 862842908
2963916 631872695
157607239 470877587
55599848 327117300
187757668 228642139
94971854 588332194
576328796 687514878
103935646 189522589
44392135 106899561
821395283 891155984
235577918 644123962
115001548 358390978
291144534 946022637
183645123 799619101
754531 463511435
157286536 539560886
167979499 587715179
113121082 420808278
200091218 545559208
40731714 242167904
443669277 519863013
505452859 831798075
22628689 364556558
603218 332849101
567201634 992427499
77011135 686951443
285314921 484858066
225858942 564201776
164120308 973965511
523781428 539297354
8363896 231858033
126076756 692355250
365141179 898533883
175150501 591000120
417481982 618996160
463587150 940968133
516545372 992553344
987073 949908381
632831534 982934972
517982083 947892106
583952345 785184979
215837579 358064009
170707526 372645182
212544818 553008012
145972915 534816334
101041513 369375812
204827135 366391275
534281504 788779479
4092605 769343404
255353 175741868
446512215 990395394
1630530 391586913
341498846 424912691
337539701 987934020
196881989 295685171
637690333 830423812
101743386 505431930
466326539 748811142
879232 832151403
730153930 811005350
27691565 812389397
349907537 856746652
747199013 799958677
23818602 795726356
972147 419366655
256758481 563374618
160661007 553737350
312800 628283377
661839543 723657805
81137940 208385987
2067862 618416705
11397229 331596200
33979726 560340622
313432052 747380420
172766622 770142476
97757160 524288915
26667528 638313635
311875797 953320622
103169724 228440255
1346319 956788484
114259680 521726768
2146061 704392063
183517735 639113607
246974809 560320869
387743467 514042005
368846363 908270054
701094108 859235701
171611755 181106415
257407849 966211985
22718587 481178577
119466924 846717545
750969898 837860961
597091988 753115959
394769376 633126074
244745917 994143234
676958175 774484459
241781410 923932984
187321679 676116181
16584858 575065145
42674538 791517254
96053286 411520900
552303659 649663746
123272952 723915414
542643750 853488746
218461584 599773712
90208311 688214707
88864565 277529989
749483027 801164771
303344868 646831979
25702099 134115027
2978521 813953029
945106859 984709020
525908314 666680414
86571592 998857027
33254146 95270286
483181215 585504973
499498225 713029240
245453467 481881903
686631122 808219847
78831 904990520
1505055 957302707
61192930 591068693
75272503 490061642
26477875 208151905
513307296 765999499
62526244 262746572
599511784 818375893
3058916 910527409
483015040 697355251
306423423 894400238
12139858 71370214
333854827 524440010
412050869 880205565
751981845 858533456
213306025 301222039
87580904 620297531
170169133 382462383
665958838 988253628
79910617 87690468
178452202 455318018
123312756 930434046
166367825 336618781
84172436 931090087
447381985 574073101
369478637 974048297
50665655 646341256
2688530 891004807
69203250 143452620
441092443 524329078
282336973 496225501
920472577 948102705
672418886 770043389
448103070 953179323
36853109 450791599
276996332 887853013
419637157 500270771
222736770 435709838
1103605 209293066
506803695 747754272
169729291 883300928
576814779 861178848
276827576 394802437
183578551 435408435
594359929 907720426
789431090 906546056
10638576 261533877
301923542 885965102
583415661 853632014
127245237 975564655
964015614 990400165
237098531 349453329
147623652 765485416
387460451 536295331
210339479 229822639
128031418 273784412
331253970 445572140
289729637 295269583
288488656 379344519
163171206 245547764
186827289 888079759
385908044 798348856
210578246 366455813
1714449 719410366
107135557 746092279
650052590 939369527
223369699 662556203
434506591 470545768
270925776 411560759
58197143 725953339
46651983 122380427
899554878 900882783
29968071 591141696
17913607 601379164
116451719 839967668
2984836 603956365
32740321 706466770
68215281 243384243
497592606 749951893
817686171 935431102
576427508 654631154
252058107 881185598
15995883 255042942
337658314 901252555
576049682 683829680
266446314 279827666
114957079 885649510
385760396 538544445
26611712 881791822
505510178 790469906
121400550 175712700
830343854 830475465
284046358 698856088
85518407 621704672
452624994 899544470
185640082 660775942
25781128 49604559
247702808 993254559
384315355 814382132
1687394 985322666
688579308 853356672
86934007 910058671
2304813 224735238
42231648 440716017
456663864 642117810
2445063 697024785
317395365 413147856
122867966 172216530
300019 776508760
65938289 906009929
333734059 795425917
96655 907044769
513595277 894073797
113140417 351954038
3161389 861742679
57409725 571188039
244923732 407164185
397175690 440662044
559991276 789883999
455271871 922786296
192044510 454396688
456186835 850038024
489624263 701015326
786215 179616466
86939321 266162237
828950296 915009098
2112977 202420317
251883195 377667776
777346503 794292440
545739218 707155889
9845687 312022961
144839856 205866465
77215353 613797930
134208097 217274589
354362873 884434597
261234962 356475849
86854913 513895389
237124092 264109439
704014709 759546070
319218310 438540343
1724015 474540864
31087633 824163588
258214146 948001184
697928261 985108707
277544019 706072224
192673781 393003065
262409249 442594824
767279 255761552
219626745 907618311
124829262 394108245
309144409 789040381
775381479 947061465
123707528 633110903
1010695 588835939
98418148 254503936
2730441 590138328
78235445 175316800
329637842 964588055
354062812 413956506
323269275 817252839
378804611 926081119
145214244 297183656
84004022 694427995
788477472 988451714
118228810 789488166
1617105 653259573
711072339 775716773
248056380 732418714
456034366 540723181
238503162 454138676
162621502 661609352
1960198 295120990
30450073 113161554
333217431 776655457
286451542 683374761
655951883 885692310
353562363 660621083
415417409 726477694
317129 923990026
67270734 798670978
621232256 676204655
642044015 657932877
170763382 392809243
599298010 994102166
807304042 901035564
210860887 888623811
34250407 86341227
929877171 998991158
622418519 828815172
91375043 221158043
370540174 891808486
375316648 541303555
137134080 974614658
2472867 860657727
557510131 949445499
2153054 125454972
66182663 133105302
2732479 804708159
97587008 551228187
95228894 825254004
57750669 859507834
79732824 317091447
556269248 727157890
639440714 668732824
595359014 881647059
102914989 175506861
195311304 848367512
617624720 946670746
105449789 505348970
2117371 718652368
132177959 616827914
495949661 938604461
88679487 842908041
65423978 883838306
122421212 751681985
486157336 538436223
885538293 942080115
59901023 524743571
111114476 471581138
262701950 531777325
9603338 72704172
312298711 451890114
37660730 841586807
445785143 816974078
82516676 694972621
34781859 197734977
122955500 908906872
632754352 745833256
699885276 963571094
772241871 958000602
611733351 820248751
134105696 546385344
404683813 491295369
102755859 940444337
1398912 316947533
81392273 594872206
258634111 387146325
166894004 978698743
193930 751484008
129228553 369084030
270780446 825282496
727331815 950550218
689819963 815485573
217943588 705144916
215331230 218137517
309145275 708258268
86911464 763791707
78894435 697223752
66307781 80367240
296926314 768069910
370773329 946714835
415723737 691113069
191829586 420193063
33207298 131257401
36501122 112101732
25257423 747305285
122300779 174700089
367891547 711695425
594923199 813760303
28421886 965696527
12487849 351975651
342872358 428211586
59266552 804855656
145152038 251096137
8516082 20751193
303274106 339909878
44094355 655756443
78960 258056018
298800787 358185529
78573464 239367776
305115644 563352110
827013842 959806501
32026593 624412811
8225664 56936179
288448320 536012524
1482532 558399145
407701241 741205278
321861857 756950744
1630 922451359
456824171 960093108
410669627 784486707
161236181 504460800
43219728 988975621
652970361 787957396
313190054 495151698
345456754 594020506
182323496 401870432
643506202 786844186
324636876 940950585
8330350 948148962
759189212 784512593
270805877 605072212
465431478 468778982
51609070 835143885
57374273 676212882
78083314 956330089
2059074 187470601
336833684 966831177
1695379 771473301
352856732 649277671
125046236 427563707
836070285 932526144
430930478 533139288
358808801 634704330
626994348 817626385
144365590 209884058
256784276 772901225
2309118 453499976
70873626 913211598
571762458 772867099
264497481 457060417
509356094 957385841
760267392 901040075
106469488 108748485
540436682 726628545
116587311 542745799
32644872 564278883
817487937 830521739
42543030 216272470
20300282 232288412
145500010 665331670
2495794 645628270
393810840 610325557
153423029 900699852
505378096 598767606
115973145 186971356
292919903 731217479
276196530 782129505
796863208 983966059
290169353 895872298
394016920 654034867
146207553 388882556
698430880 852050440
704641292 959337071
358682334 938505186
83686684 884814232
125457580 544226443
284770531 385225002
627604651 949138715
489388252 537754079
57816016 359031804
43724489 539572231
490158958 588146985
664368954 993103041
51513209 207171144
133513898 190189823
356290135 527781402
689982680 761190593
120222396 674606999
431206525 520338566
13481485 426071969
140865137 457006105
258124490 571826406
451808644 614414624
952124160 994307675
228121568 583006670
110130020 439542703
191403504 580938308
101276873 997887631
570988413 862979887
2038523 812592322
508148 677013167
535642 745046399
82114965 635232290
165598562 853122995
194102390 257318464
21144814 800487377
711113927 727782295
84498991 102491719
2340006 660727835
429731194 990191673
142250144 773278593
160174967 614767822
227377203 416210457
182338567 229717208
90434519 384590698
537627628 754388712
107852660 126311309
11384777 896469071
522264016 855455611
959353 697316438
45994271 229979996
1954648 836640233
356791 964532849
205796868 958580432
658686631 938170283
337192050 958543600
163966147 502698637
17026058 616557681
38921475 301937786
485013943 838635632
119667496 165821118
164476610 706758423
176592556 370273477
517855206 835279186
15660919 635353899
