576 60
357363782 973648556
21461572 30497620
133564186 563923395
66352785 793396575
472418945 489317429
92804183 804504164
365377158 983957885
499149838 693257281
125623783 684638824
317522254 951396908
44243714 542651367
131159201 886725561
25460585 495484757
572568688 925536394
10566190 953271009
469649221 936362233
29189667 893564602
755192005 780421107
90854269 203199505
279857564 288825760
393939796 440819572
65830367 155483444
108754452 837466646
12758789 515106141
69728686 494606289
299335705 954106622
587044080 724609109
110243566 303301152
437637199 981719037
475716287 787199740
267883775 747790083
416891134 982591123
125814203 814849158
752819937 993201929
71449703 496875238
400508621 550049690
375824968 594981975
805964861 813462166
429217363 672104686
12900648 965410586
22805095 422635742
365011612 965203005
583447106 991825656
37139914 910585728
99962612 922336871
79260250 928584684
126946611 683756069
24096190 299384084
133135927 949750208
90835912 578244217
414064144 526799370
39110211 954052507
546431666 742094824
443541176 552542830
471321404 804683063
356776650 441002015
292046658 413349262
96570463 348238552
478790920 609157640
779033750 781319677
529824937 867895734
104831819 998305768
308573431 485856935
748254507 837769981
195353626 488810182
53162964 541415608
747571214 755076131
378735874 985776160
364177641 393538574
29443569 969056597
23660743 812707289
141739559 996292875
120012728 181595236
541456148 667781185
122105165 985866999
247437479 400880054
121994362 520902826
470807131 535505275
273329043 500250699
165474339 351334134
145799012 711618115
905921654 949482912
49719810 953805026
17096478 297157288
42058023 482315304
602986731 925104100
233349239 334867552
631835478 696518547
311532107 681555287
39237147 873090972
50737279 400133689
13383146 973328184
638040638 654179613
304762818 507816117
228158895 964295635
189440521 708406304
300240517 625987000
28776088 516054512
351822219 992694832
368323752 880008596
136222740 260600330
403889703 909181238
393856103 995881990
37319895 414459366
493524065 625262635
184286815 450977897
374921686 997253205
38491839 193572942
557425442 565937050
222730416 977785862
591467096 991091399
373473613 982041647
62872675 843449712
145613258 814195402
92165377 763850246
529470576 712970584
642010559 871150871
560865076 678884362
68769385 673026809
138209060 345671616
526922714 563134411
411196461 525052324
257671017 997590715
360314421 500390504
236085668 955087260
539480637 893586753
61447860 365610516
101211030 786005324
63388575 259115173
2769624 419884566
106728851 982909566
477845492 601680038
227622759 443276198
176680026 730915181
432926455 761168537
267638596 425241541
541752159 586051768
677410177 731082662
189427569 698115968
404595674 667273061
152312357 632218433
110549258 328992382
215649965 395992064
69340327 359977321
16944281 115069302
512997102 547049490
389518743 954044495
537643508 867569784
265819709 968562958
390171500 817681293
164736500 841357855
51495180 996221135
124845185 985889606
751491397 820823749
34545655 802986576
669561235 975801915
164405146 450285357
426011505 955649340
154843994 678071258
231417244 962059680
13586397 977347022
685349387 937157537
697623006 769282982
751733568 800995314
790834691 974246484
83611333 964041952
257756136 941003399
178831221 380998400
69725657 304395968
208260443 988890896
94854485 109318130
79497414 992647948
51019597 383632837
392910599 933311895
122092294 990234577
145561738 687406107
22868785 266786700
162144119 425000375
71375719 222842289
51613597 655355838
130415150 877223845
697644507 998678479
755132864 862630949
445119341 562566361
636454219 829303861
389717719 989587952
842655450 915348938
729153302 850884165
28760338 950892318
7925814 449610162
354021052 687473755
436563861 514605376
67290669 712562770
107324530 611663229
134820568 688994184
315063745 599980089
297087736 732752738
141836586 611532765
151522871 276962854
862979364 901448908
141298445 930270032
149741662 426368911
115363094 837033196
99295553 782686331
367955420 458642059
199761118 971562371
435611487 837313532
114276385 405467408
188253791 955111293
18397404 337995453
233996555 540366855
229916402 507099999
15832343 628202369
392916169 833255740
39821797 411313572
23767544 273818351
5941575 430670484
75225050 785139923
337458522 751539602
105269343 493146200
364759541 398157846
637692388 711729337
820982780 983745286
624362871 844750324
257563637 428559649
491075548 733257986
462672829 497017123
163928469 390414230
134673397 501386990
93802381 127589175
581600300 584011120
719221808 783242001
237471262 877067274
462841612 982894429
78080284 626770080
10245475 827722962
158058598 839261739
53697348 284437010
67679010 188703058
18156446 539699000
269282625 948070259
689207220 732124236
524568538 695319361
19807050 535143487
387097451 395690899
156459 125167697
297354595 771590827
729711967 871274923
397026333 649907329
409044901 950124253
161354343 250302691
260196706 772018547
884573 247774769
57466971 144777403
532707427 967022573
18382199 541431358
126120860 394410675
181310642 955581074
802708883 915868116
102036032 581691322
148692312 719938177
435366610 947431914
530176531 735608522
787119644 848427963
40353625 601393273
348464064 618627464
306023446 826654109
525105697 741390056
679427836 879360589
338214971 411815715
82801384 552613347
171240810 243370445
70024554 992597079
71170663 549143280
98395436 634627318
38554316 69991113
34003924 962241330
619134392 984915711
546047656 804589577
95119831 143523373
260637335 449935760
128442925 895264367
374749531 946794337
16785449 389395656
228061527 635919840
226827718 677446525
887815442 932929435
83153169 286379450
324205465 832638842
576011683 584842799
165132190 991028456
355774640 957678632
294742215 571320713
133376255 971183903
501152545 515621809
75765191 964988401
16029374 986018484
413283622 535801584
53329819 81826089
456043073 811442372
93073482 177385245
648403930 793795742
480285997 516949656
234466463 559316640
500823531 949702152
7802904 170491908
584606173 933634531
35677259 725229691
442270431 507761311
727828518 922556427
187772136 999807709
581493869 624894660
350124350 774401533
99399520 446986709
20400050 153664160
806744266 850766683
633725722 827671503
623315775 825778209
89296522 803978746
320160992 670790390
345471674 951323546
435354004 472091881
244654121 348847309
269219543 659945112
95636152 670955320
395083478 504381222
436667725 497348263
215819659 957059273
528154985 977463700
7081454 56016715
280209556 811597978
193691851 972724803
504928415 538409076
129195227 373787780
391351279 523821275
702836301 919506264
353801327 503976702
368664282 692297530
746467184 782318731
50321074 942432287
149349663 527737342
277824566 471939080
501955391 782752981
10348155 285749064
131898815 992059733
295272708 869682334
718866197 808966730
34846253 642579658
182258558 256026887
187393539 684367733
193169346 786377074
466686463 941909782
110485582 369523889
114470510 953134802
613766211 763126479
51271122 522073258
228864317 929745330
5554826 961683061
719670976 808919897
626886840 988283511
79785501 586314450
106744017 451978285
302953084 788939650
530830943 697292403
8673740 718950840
276092373 488076931
464678811 777819841
464924297 905580620
416760611 837574080
294789003 989776969
78470218 182460768
72406101 138972415
25049346 615590798
218395409 663565622
147157392 982985904
266726293 965207170
182038382 453824921
285150170 983241871
35476154 630328688
750113916 923810883
12425571 548538066
16198324 679594619
476604290 572122095
18117373 517520965
109990093 449832832
215605427 751068448
4826316 865641539
404751035 829055275
81148671 863705176
313538008 599377966
794723563 843021830
10087682 98575233
320269089 358574260
308326828 635941014
45888238 241991851
352162542 429660777
285646965 665700549
326711276 959102807
381687726 885485669
110933870 624215603
782875443 870734664
417634375 972399168
565994047 887608490
576417208 899831987
620452920 925275047
64543040 994112100
644497110 939932065
64157877 430835922
137820656 838246883
670528103 948637278
77474997 309184222
63962187 171280336
396490790 708459296
63033034 391945285
82708519 610790367
166405760 288075541
300453467 858630397
138087471 480010182
495422250 497711095
551081136 980840388
211400818 793962979
117023796 446232634
400269376 487219679
51191428 304810991
460133607 485869489
810997576 955555856
542486183 767567124
33657401 378814117
381547810 418571878
93212237 504193767
388334940 582003353
457936950 930120627
70789223 707610227
19056933 104446623
86424343 320605015
283883191 467972153
739176892 909552391
74391258 949438511
300380360 999978837
73265710 313923104
410240075 619201721
15365232 793897617
72700111 947656247
13195000 150565337
154706097 287255018
84300492 160701241
36992228 237197203
13196430 601537881
729852768 952887547
42634798 803118477
119327002 965703576
92147661 529567076
437421649 831871937
478285905 848591879
105475831 491480904
431583513 951677414
26757490 121698106
282399346 561781671
200771535 295595775
15835903 930624302
362795078 378301871
471931859 841080982
123456726 976459780
17048166 962716106
43167208 988076887
79144502 199336365
14857355 65401067
145962812 156391605
107069707 604351062
69036274 724978615
228006100 261300260
166791268 764242107
90683604 492599444
33224977 66656681
321575575 540872497
503588602 975142036
235482891 546755809
96351127 894879775
55700098 962535153
748714215 763446600
7433348 473642941
4917637 579287283
189386049 501172439
134097183 277532769
363538129 900579319
710478129 989992502
922246537 956551672
228873714 830462986
771603176 977587928
446425937 631552875
127821263 308664856
58709817 888321493
373449475 626148229
444036040 602323188
312914770 961251438
366887632 745342237
182039663 891379144
335888941 815403872
86731423 247226893
348395676 767768619
749181200 833021433
607641993 709044137
112152275 827045976
306902725 681473567
351475142 999164952
737563020 869689837
80464920 586342650
143450862 319658609
343823807 819387334
14539380 954735131
80270068 996814274
768550650 880482276
514232396 807516409
907988894 922588330
767616136 862477291
465763094 670708297
438611585 798218538
334609629 959634426
517826942 742693658
358225731 958813245
270124793 555774585
238090455 495490860
147273597 457375057
32578442 991638794
203460285 650799039
374425756 737700424
698863127 732651487
54864096 368494984
479655997 575935488
510791541 749780789
97788000 131500021
58773404 130366441
425874434 908548988
98453965 722095540
217970499 565996323
550012695 819102870
409816014 872569049
333744857 637812809
84820661 432198822
212424700 220838023
370240376 988328500
76916097 978157934
219567499 987356856
32825047 895957452
12220787 984920673
608924707 808332330
16701601 798404819
75141886 530171079
178926605 383041875
330015666 741541424
196556635 228882403
374527081 472673118
117639971 989806882
71205636 102003564
359299675 426289082
94912034 733826756
97073855 380435970
223467788 665190116
399788213 904131664
310864786 517428183
684141140 817660532
287571574 995969598
448841352 828037278
31113646 467087783
114424946 980703852
700040104 947564837
97206175 197175781
427786097 969215422
505382475 719575942
599527609 821095722
397172399 766605867
493405703 903074144
155035630 243672151
11573226 686561516
379625586 761113016
404736003 624957759
