111 40
10 231
54 118
17 233
197 278
131 136
79 202
5 12
20 108
10 238
8 243
32 145
35 60
29 250
26 234
64 180
233 281
19 255
126 128
56 286
18 126
5 106
49 230
18 184
56 218
236 283
25 209
52 191
18 262
114 161
3 213
15 31
100 196
15 188
213 289
24 280
129 279
18 231
24 87
26 218
5 239
13 112
150 198
137 281
123 281
20 206
24 192
31 173
183 277
248 257
9 299
190 215
13 156
76 117
3 167
26 91
133 270
228 282
196 260
47 227
2 220
179 197
179 225
65 261
63 155
129 188
10 269
163 207
113 299
6 257
25 192
64 244
143 288
15 222
182 225
144 271
19 120
1 4
17 163
19 31
5 129
105 190
3 248
3 85
116 145
18 118
161 254
96 149
13 289
4 285
19 285
7 190
2 297
178 279
64 213
3 276
18 118
180 196
18 229
8 259
69 107
96 102
27 33
163 265
63 156
22 200
82 289
247 283
136 273
20 262
20 136
6 289
