11 15 1
84 50 151 12 58 125 162 69 168 179 65 94 55 150 37 
161 104 129 7 98 166 17 129 116 145 93 104 90 125 19 
94 27 69 147 121 28 90 102 96 77 1 62 170 139 30 
108 20 36 55 26 35 122 42 164 139 88 75 61 177 101 
80 90 30 50 138 150 77 46 70 75 122 154 136 13 111 
68 120 130 5 77 155 122 17 98 104 156 4 81 35 82 
181 16 73 29 148 29 81 44 75 52 20 98 24 57 110 
36 26 132 165 30 27 40 152 126 137 157 100 42 56 37 
124 139 135 98 69 102 127 149 145 103 20 66 19 43 122 
31 79 148 64 145 79 90 87 132 34 125 108 36 167 65 
72 11 22 25 108 91 28 136 141 74 57 160 139 159 105 
