14 13 4
32 3 52 3 7 7 56 27 57 53 55 53 32 
35 55 39 38 22 2 16 53 7 6 52 45 25 
39 7 26 30 30 57 32 18 60 38 24 51 64 
17 40 54 5 7 24 59 45 61 16 47 13 4 
53 18 56 33 42 30 40 3 59 5 60 26 22 
55 63 46 41 62 62 16 51 2 22 11 61 3 
7 12 49 19 16 37 36 7 6 13 36 45 16 
30 49 11 55 7 1 53 52 41 50 49 57 36 
50 14 46 46 16 53 58 64 7 9 37 43 15 
42 55 50 22 6 15 6 16 5 12 16 57 63 
57 42 47 49 13 33 62 59 14 14 47 7 13 
53 15 49 31 29 26 22 14 47 27 28 53 43 
32 64 58 24 63 50 1 45 34 14 13 32 8 
27 45 54 33 57 42 48 42 9 12 3 30 26 
