15 14 7
6 20 17 4 5 23 9 25 6 24 16 2 38 21 
2 18 29 21 31 15 21 10 32 8 20 27 28 3 
26 11 34 31 30 28 13 13 13 21 15 34 6 30 
35 5 28 15 1 18 35 31 33 17 19 4 3 16 
8 8 18 11 18 13 20 25 3 32 37 31 14 29 
26 20 36 22 2 25 14 2 21 11 33 15 5 29 
34 7 6 19 14 1 29 9 14 10 34 32 19 10 
24 33 1 11 30 14 10 31 1 24 11 21 12 5 
13 16 33 24 1 16 4 30 16 10 1 7 36 12 
38 16 21 1 26 37 11 33 13 37 4 29 38 14 
27 27 34 17 20 6 2 20 21 21 28 14 8 6 
21 5 17 36 37 15 37 24 30 25 35 20 1 38 
10 38 29 14 26 24 30 8 29 9 5 27 29 10 
2 36 15 38 19 9 36 17 2 12 18 31 36 14 
12 37 29 37 36 19 12 2 20 19 25 10 27 29 
