13 14 10
102 66 33 75 142 142 112 38 125 137 84 45 100 120 
119 59 122 10 75 140 85 103 92 59 134 46 143 72 
98 66 36 125 131 153 41 39 135 78 3 100 140 12 
145 80 131 104 64 93 113 64 158 124 92 17 23 66 
62 6 64 85 156 99 50 127 92 16 6 152 93 93 
92 73 104 3 79 75 106 68 94 145 132 92 35 64 
34 57 56 95 147 119 20 143 143 155 110 1 11 41 
152 30 134 10 28 4 13 106 79 44 100 98 114 72 
115 148 135 149 130 31 84 117 75 30 100 58 25 135 
143 120 102 135 149 2 145 103 5 157 134 9 41 74 
106 81 145 62 69 47 51 40 77 60 156 78 89 23 
135 113 83 119 74 110 20 148 37 90 91 42 13 151 
50 139 65 82 60 136 143 128 23 119 93 25 19 16 
