14 15 5
69 142 62 154 117 181 186 58 82 125 106 103 173 158 13 
65 167 171 122 84 172 40 100 119 65 84 141 43 183 92 
107 3 186 169 109 102 101 94 159 182 19 17 37 191 126 
49 55 44 171 129 127 143 168 178 13 184 13 105 26 148 
197 85 150 182 5 58 35 105 104 146 39 122 114 75 64 
191 123 71 34 46 151 112 188 70 41 152 53 54 56 30 
1 4 114 102 185 118 112 172 175 15 117 13 136 30 87 
151 20 161 173 5 6 123 116 145 192 108 96 44 161 152 
74 113 155 139 15 92 57 78 63 183 92 131 195 179 160 
81 129 131 193 102 87 199 24 154 95 168 61 191 11 174 
94 36 86 200 175 52 91 183 129 105 165 20 35 159 150 
146 191 79 28 135 132 66 85 107 19 180 74 80 170 37 
53 63 72 90 14 198 94 57 180 174 161 96 194 148 6 
95 45 148 173 25 83 56 90 167 163 109 146 36 140 67 
