15 13 7
63 84 38 12 18 102 47 74 42 34 97 44 3 
53 75 55 52 96 57 84 66 102 43 59 37 109 
30 100 106 85 25 40 41 46 51 58 20 82 19 
61 3 3 88 5 40 50 43 75 17 99 31 66 
72 73 13 92 53 26 63 46 110 87 70 38 5 
8 96 24 89 98 84 91 85 44 79 12 93 9 
70 94 91 100 47 34 45 59 110 97 84 60 15 
66 19 84 87 23 91 54 46 52 40 1 30 12 
44 93 7 9 85 76 102 48 48 20 65 92 79 
62 60 34 10 58 83 12 29 58 34 104 95 79 
43 22 63 56 17 91 36 23 83 9 83 72 40 
18 75 104 93 41 54 24 59 47 82 13 58 110 
54 91 85 37 41 111 42 87 55 59 65 74 81 
35 66 51 90 105 52 53 97 16 77 38 40 7 
84 9 20 13 102 73 103 75 93 15 73 23 101 
