14 15 3
6 43 21 43 10 64 6 14 34 45 65 49 17 56 34 
63 55 29 40 33 29 15 33 41 39 18 25 64 21 44 
50 24 19 4 66 26 66 3 37 31 48 36 13 64 23 
44 59 11 5 32 41 33 47 7 5 17 25 27 12 43 
5 62 66 23 63 63 46 62 65 16 24 44 49 35 40 
6 12 32 16 16 63 57 46 41 61 51 57 17 11 1 
57 13 62 54 33 58 50 12 52 47 28 9 24 10 43 
63 13 53 26 29 66 23 17 46 61 9 28 50 24 36 
50 14 47 45 2 13 34 49 23 19 27 48 26 49 55 
2 43 2 52 3 28 52 23 44 29 17 50 54 66 7 
21 47 19 1 23 18 12 57 64 34 7 25 13 32 7 
1 32 49 66 17 49 27 66 5 2 28 22 52 13 19 
56 34 64 6 34 20 23 43 8 21 8 15 43 20 44 
47 19 9 27 18 24 10 45 23 14 44 49 33 27 61 
