55 9 4
1486 1361 5867 3594 9280 5431 2943 727 5575 
6566 9560 3880 1070 5626 2368 1519 8790 4407 
4371 4672 9604 1027 1714 526 5481 3194 5916 
4311 3437 1322 6758 4922 5125 5093 984 4431 
550 3926 7599 6124 518 7185 2473 4029 2838 
7282 7990 4096 1715 2387 1236 3787 5855 2949 
4313 1362 8584 2697 8115 2047 4019 7341 9410 
1612 2460 420 8484 3010 6787 6109 1602 9747 
3320 6516 6244 8599 3825 4260 5163 7981 6646 
6398 1795 2528 1815 8549 6331 425 1272 4472 
4913 7732 1839 4349 9343 4299 7210 7853 9750 
6466 3988 3820 6239 9750 363 2509 844 6629 
6769 6007 4636 5883 4873 6430 879 6688 5005 
7210 9554 8719 4150 4494 6477 8431 1311 8289 
2756 990 8610 4974 7455 2625 8793 6162 4843 
9155 1139 8128 8252 376 4161 2915 6259 1503 
1813 9579 8190 9260 9257 239 8005 3434 7174 
6950 1891 8485 5265 7088 1943 3902 2088 1866 
8968 3349 8027 6279 2531 9165 4433 809 9541 
1063 6165 8268 2565 7978 7873 3223 7264 9599 
3461 7737 3059 3104 4713 7391 1615 2447 6947 
5999 8790 9034 7864 7784 2409 8359 6531 7381 
19 3432 659 9559 6936 6823 322 9500 7269 
664 5191 4559 289 1121 2322 5789 4224 9477 
5648 8280 1950 2621 4305 766 4123 4637 1018 
8973 3022 17 8823 3040 3448 9481 5068 411 
8772 7831 2379 8510 8494 39 5537 1251 1159 
328 9481 5382 9804 5155 6130 4222 244 2903 
4987 4366 7539 8446 5808 3029 8462 4657 8510 
1936 6606 3604 4788 5404 3904 9609 6382 2424 
9647 1946 6117 832 2273 5624 8655 2103 3248 
4811 6324 3491 7713 3779 7857 7720 2251 3691 
775 3181 816 1753 7558 7421 5357 2373 5293 
1729 2008 1702 4152 4123 3647 2737 4954 5919 
8361 6077 490 1635 3356 9255 7567 3537 3060 
5450 1283 7752 1609 4499 959 2424 6251 985 
9844 4076 3357 5164 5804 7806 9307 2425 4397 
2980 7603 9350 1367 5990 7895 1856 93 1277 
3579 129 4813 6638 5578 8537 6858 9629 5504 
7816 4521 4224 8800 6834 8299 4626 4466 6572 
4900 3799 1465 9297 9220 9067 1142 613 7526 
1506 4910 87 2782 8488 215 64 7594 8235 
8600 4478 7890 6573 4762 4879 823 6030 4181 
9121 3124 8646 8161 8024 4913 9625 9789 4159 
8719 3399 7213 6271 4904 2149 6357 7686 3105 
6572 218 725 4833 1286 5202 5191 7858 2432 
2538 8680 8462 6719 297 1612 7833 8457 2104 
2773 578 4361 9373 9296 7760 6613 8035 2690 
1230 4418 2844 4335 3458 3061 7501 759 6789 
5172 8391 4673 7603 956 3380 6091 7674 6118 
172 5533 7043 2275 774 7620 6636 174 6942 
6864 6786 5003 9553 484 1890 4866 4818 7789 
395 4788 8548 7183 9959 9407 4325 7588 389 
7704 6148 531 6290 6319 8506 3359 1062 9279 
1006 166 1921 416 7029 1175 7861 9051 1659 
