43 28 5
51101 51314 54216 40510 57533 64011 30853 57374 21369 22490 28876 48400 3246 46464 12891 39949 49285 44538 1025 52009 39782 14776 30998 19263 28732 23018 21558 45459 
53291 21450 48 34532 54776 54263 57053 24461 30426 18047 11975 51795 40536 40851 30335 25793 69326 25238 65742 30763 51787 66766 64784 3721 11682 25922 22984 22425 
30951 26553 49896 14382 30015 49943 30926 14931 16359 18119 39391 46784 36165 33378 28719 58712 56240 41066 14646 37718 66303 10528 68480 30242 59305 63404 33962 52999 
1479 38957 5564 32429 65510 55459 46811 25665 35543 59748 40595 33913 8007 61997 10837 26184 7527 21568 15036 63766 62633 11693 13636 41088 22220 12257 1470 11666 
57672 35431 64664 41162 56400 52239 3732 52050 37839 32554 7855 55393 22442 30461 19446 12460 4610 12294 20655 12137 33861 35691 57914 26634 47383 1691 49733 51615 
65818 51202 45292 53630 68645 22108 24933 55185 4487 10676 19387 24337 43229 27241 61741 47682 39713 63198 42153 44322 5633 62808 38470 21505 10651 26525 48139 40045 
28215 10024 21800 24173 61226 49103 7943 42023 1351 14887 9360 57709 7574 28746 64057 32814 37998 55939 10636 7851 31289 52789 34184 36921 27749 2795 40438 38399 
29319 729 8584 57533 10752 30384 11846 2118 61498 1800 26152 62849 68558 35511 32710 6272 64256 26907 39086 32394 64857 31733 40244 8299 66533 56440 45219 24422 
59234 67668 62820 18693 68396 53416 6366 9289 65811 223 11406 57449 2022 19570 32450 52591 55080 65159 58863 49477 4219 10101 63882 51087 23845 16279 59385 20519 
2859 16757 26952 62092 14565 1925 10925 13102 55340 69161 22390 51291 69383 15807 20892 53416 35376 53342 36148 2609 30653 7163 34097 34871 69134 28119 67970 23119 
26409 39507 25649 29267 56263 34613 3511 52840 36537 66306 65941 4029 47619 483 37331 29154 68160 58222 12711 15689 41704 30870 18297 2498 20044 34405 19380 19318 
44535 69361 24448 1085 39009 32109 12363 25412 66721 67745 60263 15410 64191 38356 1450 41951 38838 38780 1245 19151 9154 65826 34839 32870 8848 35147 17379 28891 
51563 36758 30220 26238 18272 54668 9334 57280 16917 21697 64703 65649 19582 55107 11199 65784 23603 12648 19887 44453 33439 3144 45615 42592 68969 62465 5602 59829 
9764 4992 18860 61326 23762 31092 17704 42033 67771 27038 29453 66699 30746 6308 62488 32339 43426 55698 28263 49041 68345 30162 5646 13936 33305 51260 38539 14426 
43865 26153 4395 53628 31144 5267 45094 54905 36358 44809 27078 34269 53858 38542 31108 66615 26862 23736 29094 428 9574 39369 49468 59930 69530 55113 55877 14987 
18525 24556 29412 62389 50708 33807 28169 63864 39073 55274 48909 57442 30224 57999 21851 66093 8693 52958 62849 35554 58705 4095 17994 50290 43463 67461 22372 25145 
34727 8389 40131 53251 32944 69543 45781 65664 15502 55961 59668 36586 41376 20729 24168 53611 60739 28030 31856 69432 11128 24845 17138 51844 10952 35131 32274 54414 
32733 54645 61571 49471 63033 31842 32862 8129 13537 60654 55804 11050 46756 27624 29647 284 48353 53814 35906 21244 11984 67761 20816 5123 4759 37954 56966 15710 
55096 1392 264 69840 38048 43846 49451 13233 57700 64325 21362 1377 55119 59177 64298 14027 16942 24085 66181 47306 59911 32227 68549 53906 12141 1518 41041 16899 
21483 28147 32608 6719 11551 14883 58571 49598 58729 38162 62831 46569 14639 66204 29957 69758 55521 24395 65796 54474 30492 44130 13932 20543 58368 12622 4589 649 
66010 45629 17547 17633 55788 50154 6363 49350 65037 64933 29088 53906 15248 4071 12627 29886 52286 42583 11796 37948 48990 59604 4574 9622 33874 18506 12176 22382 
13139 68635 23031 9289 26417 40577 8933 12345 2884 67166 43706 67920 62240 54805 33978 59499 58876 28616 19525 41302 1339 13333 61261 50328 3077 47847 41961 18962 
66352 54136 41343 9631 52912 46385 931 9469 68974 61734 3825 53869 59040 29542 33941 33432 14487 67918 23071 55374 26674 24608 8829 10024 19952 230 42364 23028 
48076 66336 41989 26580 50613 65343 18222 15677 23881 19152 7157 5007 62897 62852 58875 52078 22534 22956 15650 37020 3026 20733 22535 11711 27352 13375 21734 47303 
13604 46109 471 43692 42586 24471 52283 5351 1966 646 21027 7858 1809 10195 12864 64706 3187 1879 28936 25720 6846 26597 44751 9871 47329 49297 21581 4821 
62671 25327 52123 58287 53447 34605 32119 26173 41087 66413 31523 25065 67058 34561 32922 50879 26767 45786 27737 29953 29676 56672 37684 18534 13409 12576 28404 42750 
61872 31997 47570 54684 57323 11846 43111 40910 28462 57241 49095 69549 35806 62629 24754 33005 9343 39687 65895 36109 67484 23772 48074 9313 62455 15898 27846 57875 
10485 56249 30765 2498 398 60347 39193 57720 54204 64315 10783 12806 33708 41889 64366 69513 34658 1272 14670 44000 40959 10705 62121 38583 16488 40335 47895 60954 
56232 57752 48970 66717 44142 61746 51226 26551 52233 2571 14412 36577 66885 7206 31395 12745 49094 25901 12398 65763 27173 9080 39904 50143 1796 32165 18866 18284 
54511 48773 61249 40883 18677 22371 19752 44830 14258 1118 1522 66490 3688 67804 15220 52584 5150 46614 65328 36255 54526 59738 32158 11839 68817 54073 61981 753 
68249 62859 1048 52900 23784 62297 5936 42460 14808 25687 69302 29065 26805 964 7708 12504 68767 4939 65088 55928 33564 42568 22323 18230 32446 36492 12081 31403 
2718 56073 14168 1107 49072 15215 36019 54867 7652 41954 9480 4472 67640 8922 33536 6597 9885 23255 1113 60663 10205 48212 46731 43768 20920 51065 44010 35378 
17697 56090 48792 20414 42303 62959 3533 3528 8315 39551 58394 15966 63516 49885 2449 43308 40818 35985 49905 32714 41251 33029 23517 51456 11381 52259 7376 14312 
33464 51385 49689 33173 37615 28622 53586 61930 21721 39130 65457 30035 60692 36003 28013 54348 16029 30461 27797 38858 48457 59713 1713 1861 4894 25229 35328 16274 
7629 24715 30585 23104 6241 62286 56276 25867 21048 22015 17937 24780 61144 65405 36827 33989 31549 64839 18477 29589 7452 28285 68446 37921 150 299 21793 5043 
7540 57120 21316 67039 11975 33913 20283 227 26339 58571 8106 29398 62597 8054 54177 35893 3600 21144 22 17160 67994 18499 46748 57458 28795 27346 25519 28945 
9657 29323 33987 17196 16583 37315 66246 10569 1368 68540 62667 9718 39263 913 39115 32000 8966 23432 67893 64436 44576 67914 11736 24722 68424 58483 12320 27360 
67841 19850 56304 7638 49172 2443 6845 47766 39757 55102 40347 41124 53782 33154 50841 23186 16078 2108 55185 25043 25540 53218 19620 52127 33285 31355 6989 31849 
1991 1321 59208 51843 21170 27664 59480 483 30107 48336 48248 4 33578 18735 23140 17500 33900 4121 22697 49977 6229 8023 5161 13780 43252 6792 47918 6677 
20158 54906 20538 22148 56226 9886 4131 7537 37550 45622 59890 67656 24098 38278 49671 57675 39025 2951 57187 3065 58943 10024 53042 47183 58 40214 60962 25322 
47005 39020 14010 67162 6078 34547 1463 44316 26445 57464 33864 63994 15239 23894 43802 39336 44183 5625 9164 65219 8576 48362 68284 67518 40397 33478 44841 40455 
3832 17955 47788 32848 38986 43809 12162 45063 8497 65495 1531 34941 53100 35394 11087 50350 41299 36900 1838 67494 42524 11001 62853 33111 41374 43289 30769 11912 
6907 57621 34378 62609 57587 12306 25597 26713 56114 19771 53788 46622 15406 55318 63574 50517 2865 4801 31007 44163 23712 32845 41797 66236 25857 16803 11499 67231 
