51 94 49
54894 5587 38742 55185 65602 67748 7611 2959 6917 39133 1666 4679 75082 34339 64129 69482 25185 44278 360 46289 13148 75589 60800 63903 4133 63035 45871 52972 45013 6575 65738 57907 12161 23660 32273 77762 49408 78703 38722 14326 75837 79207 19004 70099 32726 41133 16763 15911 4591 17122 62199 17738 50712 181 39642 54844 21216 4693 26997 66229 11267 11915 1317 62248 74394 33589 17191 984 31473 55912 15309 65310 54299 34312 54589 45026 33445 29352 60936 38036 4475 317 13774 55186 497 11416 29210 21712 54928 14207 45941 24196 26121 47258 
5624 58516 38847 61634 17500 28320 36727 32808 12810 49026 25120 25400 13232 58564 54751 32169 54600 17226 32485 26375 72411 32981 37790 59622 12693 50719 31829 16635 74914 57950 21893 38538 74466 60739 19352 11146 8240 14079 1954 21049 63105 27073 46448 34337 43637 59200 66505 17418 76425 18170 43792 26018 9151 39582 43640 60664 48301 75468 35299 42395 10599 57191 38933 43065 37110 58285 54210 45349 72363 56163 24399 12649 41236 28847 46986 4054 7227 71491 21471 41653 47662 23263 25671 14813 20845 69310 75476 69146 21959 68775 69541 32558 45146 27655 
75622 1437 43940 7014 4786 74303 21177 68004 44953 62413 54852 11119 66466 20079 40610 45937 61731 7452 27200 45402 22265 6045 33892 55741 33191 13852 43697 21913 46409 46843 7568 80031 6280 51507 45045 49886 2991 66222 37070 47943 47815 49922 17062 33461 70001 57672 37398 50912 23124 64597 15495 3389 28642 7387 59130 61833 21238 60827 41746 25647 65670 49313 63679 71950 58820 27904 41016 19811 13306 36086 67754 61120 5189 42816 52581 75189 19668 47979 3282 793 70576 57596 4181 18399 22984 21311 38232 2222 1318 79977 66689 24989 6471 49548 
16119 65290 77451 15135 43101 48758 9221 30035 67878 53229 30852 78460 47598 50519 45619 8881 51311 35376 24477 13493 11775 47460 34803 50006 7683 36121 7164 74371 19110 13634 43099 35228 36924 78550 8363 80024 4489 17583 68060 72367 70812 18092 28008 76410 26611 31627 43291 35923 25003 67768 49415 36777 73228 3398 44783 91 78338 51946 74461 16628 65579 75560 9856 21683 73291 18218 59708 35780 35801 46948 66147 64613 23040 13335 60203 49650 44962 22675 4753 69964 9623 54167 64742 40851 15566 28705 40942 13084 80651 73403 29712 23411 68144 39567 
3095 18616 57785 62802 54395 51586 28930 39723 35379 9970 11058 14762 59619 56019 76256 64372 3165 43879 76539 67906 3911 11285 54611 2853 24369 54442 76255 12081 35854 21580 9648 38948 79015 67432 20930 52591 77018 7860 50314 31577 17829 19372 4340 77447 33392 38596 19000 36556 1656 53540 62462 5566 22825 36253 47238 5194 48696 674 17274 3730 22254 26922 42677 20449 52354 21607 31040 6554 29466 39354 76950 5295 58726 470 40742 11298 39066 17743 5854 79541 71282 26316 43107 52107 62568 9525 57301 69264 10198 32575 72993 71271 17497 73670 
10901 27852 14457 41940 34405 1923 39295 30535 46037 56021 69825 5960 67318 66891 62522 31172 65612 52984 57487 27899 63091 78055 76243 39572 66500 5621 30148 16674 76892 47644 9525 45793 75495 62801 45733 67900 22725 4208 17616 68761 60228 45441 32721 4727 31512 14423 74718 16304 25407 51385 2203 7679 6622 78445 5251 73121 42066 74218 8975 76958 41043 57319 41931 74538 78121 45665 61619 20026 49872 37235 46787 68101 1856 37509 30828 33367 51931 24727 7671 35339 34112 9873 1018 40733 46318 6268 71854 46384 38487 38830 42523 79529 15329 42454 
31248 12630 7299 12047 71475 15172 7282 76263 41273 9137 32952 72100 504 42883 54827 8174 36222 8120 56866 37239 6853 61184 1508 78707 26749 39994 75537 27272 38703 10046 27726 69950 61496 35025 39998 10152 8197 47279 44415 7470 14417 77366 37570 53740 78250 11578 19915 33652 58517 34781 70891 23370 15146 30399 21257 80714 70392 54794 27166 67095 64840 54891 14226 3517 47916 54223 52488 14113 59503 16084 21582 31920 51450 59152 4840 48880 28730 24754 40533 6427 59535 69424 29796 32681 19003 9054 32575 8575 63847 59740 75669 5868 72631 9075 
48204 39728 21299 19873 11841 38802 35956 33423 70721 45406 50575 33561 52287 79304 58315 12000 4911 75850 39424 73526 27711 58426 1760 60285 25001 23608 78025 58670 68295 27837 25745 35680 25565 47043 55552 37406 5025 49508 28829 33746 14094 79403 67307 24381 77887 2803 36380 40798 78652 75803 33504 64363 11410 74084 1829 36410 55692 37854 53080 43167 65690 78825 36847 10436 45048 11579 5842 8074 19087 34670 80639 72001 33253 67126 15562 30320 69928 9943 29118 25761 43746 62621 9304 13157 13886 11132 49566 27578 48985 21827 70745 33856 58652 26772 
2292 22880 77171 8133 69773 54258 42802 69593 45439 76054 55899 19002 64374 3009 28944 12672 28769 30690 33293 38073 43846 5180 7205 51413 32757 56190 31240 61502 48046 9072 7455 50337 70771 42626 16470 59725 16064 59271 6499 19504 12506 20398 77325 34880 23406 64269 47551 10176 14139 38844 6249 57985 44023 13453 67398 76780 69642 17818 57462 75688 26889 22917 3206 16840 23543 19675 34565 39607 36946 41063 17111 7452 61461 13616 42331 42867 77884 47882 53042 50023 44727 59290 27188 7930 72743 52586 42710 19566 70403 58173 14435 55292 39090 56460 
30133 62633 34136 64697 60240 71081 63761 35351 36534 44402 48966 36865 6449 4031 42748 59491 54053 6655 76781 39242 53404 68704 11008 54115 46271 39412 31468 18706 13884 28558 75165 44016 49191 28481 66714 28611 57563 49655 21962 13277 13237 28928 50141 58505 32958 12069 75996 45012 57543 71958 3434 30128 17843 53261 3423 64113 11853 73710 1999 64557 60268 35165 66573 28640 63645 52467 15251 40388 60122 37213 11665 73358 66140 19807 9045 57099 70695 4221 21291 47419 34179 63544 77546 10023 74805 38969 74135 44659 70679 34135 28396 50127 69299 52969 
78766 52124 24617 13198 50513 3919 8411 62177 35278 74550 1164 2323 8830 71859 45363 68940 77278 37543 51664 32005 47565 45650 70973 40880 48309 18833 33015 76704 68959 60314 6854 66906 31619 70290 38104 40132 32210 46514 60309 25488 79064 61473 27810 7075 10513 31173 76014 6971 68715 4860 77795 35460 8510 25949 34341 56818 44781 67355 10703 32920 46850 17556 57826 36469 7027 15110 34601 39236 19624 14090 64723 17869 33563 50533 63763 44075 886 16958 9046 69601 60637 44841 63061 69146 70789 16582 3145 34750 41938 52667 67670 46788 70223 2677 
41257 35250 17787 75857 32486 76230 9127 55209 52099 42690 24922 73862 44765 64627 10001 11812 11409 70637 56652 74470 16965 46622 10232 58929 39372 52169 30777 26222 18137 20180 67719 17394 13430 43506 12431 3916 38916 21558 59124 10196 22248 42046 3238 25013 25853 52058 36824 37262 80696 12657 69732 16841 17279 79963 33770 56650 9314 64546 40873 66270 42726 27772 2845 56155 71277 15275 18071 68193 75652 77194 78388 55900 77240 39627 94 61094 10865 36917 56356 10741 7574 45268 66401 24852 44411 19352 39503 11725 41898 80375 77995 3805 27327 20 
17960 56604 54114 36031 43977 48947 71225 80366 24027 67646 39173 24120 47920 8038 19038 62276 57599 26611 26724 1181 9464 29135 59352 48966 40860 20431 48521 76855 63055 33848 76874 195 48452 8169 36225 50429 57115 26631 7976 39143 52277 47148 21263 58197 13187 79120 39653 28786 24912 24377 29966 73195 11512 47319 41341 10372 25750 47862 6407 7985 39710 41281 8179 46162 49450 2405 15771 64565 67855 23747 61708 39312 28895 2152 55509 82 452 14342 28867 64183 77538 16834 56558 8230 64152 55899 18602 9082 61761 63828 17066 59471 24290 64064 
24813 31740 66468 79404 15485 53503 61151 77193 50815 48046 37345 25504 48128 37796 78665 34995 59980 75383 51828 74538 41614 73980 49618 18216 2242 69379 1224 58127 48031 64333 80192 72843 15253 65840 29428 69558 77344 9759 65931 5340 57805 61276 69664 63933 57072 67509 18108 36232 20074 69936 29951 19688 63096 37569 37903 23339 64948 77946 39466 32159 61460 38838 63003 34713 62679 11611 23451 17204 60190 47382 61363 37175 27838 50207 59108 4091 75717 77215 79142 14971 66331 67093 73478 6609 23842 30561 68767 7971 66507 27413 78949 47147 24252 61132 
39861 44931 30744 63311 62134 48934 29874 42677 44109 15712 50885 22397 58622 45782 18792 56945 18753 43124 43218 11411 7733 25061 80791 76499 71851 66478 61912 69980 71626 44164 8294 30667 8275 77857 13158 70408 45971 1032 71086 48080 16744 41151 70476 75365 44933 8448 9491 63685 9572 52709 33096 17304 35770 33067 51803 26801 18725 32896 54781 48351 77059 21075 79017 4515 56932 11356 32923 60903 51207 62009 28163 25951 61160 17819 20497 25273 65087 68807 46958 32659 79516 80053 49963 34466 32300 20946 19267 9026 11842 32049 57376 46902 11124 13575 
9417 68056 24930 340 6140 34137 62349 34303 60088 42689 10122 38585 67962 33209 26572 72920 65868 25269 72154 73831 59734 62454 13957 37002 29480 64619 69050 44857 69521 80173 58431 78937 25410 41361 79276 31550 75497 60805 23853 54765 61495 72794 12530 6638 64004 77922 79557 49052 22371 28892 42063 40105 10527 14020 77106 78826 36639 23337 42863 25340 22691 20474 23457 6101 61834 60734 76470 14513 79539 58323 27278 60214 50298 78628 24852 72302 75730 62410 40534 56101 10482 40597 15386 21008 12617 11673 57835 49256 35009 19878 74595 15700 40352 56053 
60621 60186 74787 56271 32699 73506 72595 59977 10902 74 15786 74573 72375 10696 56163 70909 66796 66645 30686 40182 45653 43302 51854 22668 50558 44864 42546 44334 18564 40898 58387 37185 59084 10355 12637 49784 41861 43232 67761 52762 43305 2727 4517 73680 52242 60679 63769 77038 4505 13635 36400 50158 14937 46255 30826 65495 49119 31372 67829 25683 30270 45396 62868 47355 13751 33505 16319 55611 76736 42080 27554 78041 44806 70890 70901 55048 50749 53850 51266 55254 67484 45666 63412 1601 11101 52238 67095 18220 2791 12105 43903 71880 57500 25951 
38415 71250 59455 12734 46042 55371 54813 31596 52592 57619 21666 42673 70667 30415 54523 79933 43669 41187 44780 65081 788 13881 36500 25884 32101 78110 37988 34004 69170 53489 59954 65586 1920 38589 36320 5962 51960 49134 76377 62552 25933 56043 63225 54601 5639 36928 53714 7308 36115 17674 72389 75722 70375 28069 59606 21656 25359 55595 55659 52529 28264 73613 37295 69003 70202 73615 74965 41342 41929 28523 61894 25862 3747 44299 80462 48205 39227 11358 55512 33342 29031 47081 28244 18586 75149 7031 79061 58508 20626 11901 30218 48889 4694 67512 
75892 74895 18308 28038 74237 18237 56561 55311 2100 18308 57610 40562 66512 16017 51919 80024 49358 38951 46286 35603 57536 79435 42633 13779 57124 21259 25679 45342 70147 69193 70854 23220 63268 8343 51258 14687 26579 65819 69997 67498 3307 46788 27241 27819 62804 79159 27023 70163 37290 31309 24946 52827 29925 25579 66605 45049 46837 50284 9571 74984 77477 80424 17384 17927 46767 26642 32613 31347 11641 21790 18025 53767 26578 45265 766 47383 43605 66609 36726 38895 17098 61671 10902 5023 45250 35507 8072 11267 43792 17642 5431 40449 56067 61634 
58375 22014 7457 10168 53360 57917 31958 71385 30865 16536 35830 70450 63918 37435 14240 19824 76330 70158 39495 6412 75180 3925 80739 2433 15191 43711 58894 59441 3340 34141 40256 61715 56155 5713 71882 28695 63629 61840 58080 13674 78376 51911 42125 61474 8526 56364 39299 4036 45702 36794 49268 78883 40719 49187 39316 13910 50898 17390 31352 54237 9532 71607 35132 23687 35320 65015 10382 18129 4036 68462 70623 1592 39553 70748 21067 6079 46292 18366 48935 49995 55159 17383 48058 15058 24570 45374 67788 75467 20764 18320 6885 30295 47927 18 
11982 2427 65032 22364 59375 69067 48826 49178 28660 7559 39106 7727 52457 43399 26092 20572 12574 431 37954 18632 54309 20524 22006 80097 53991 42769 17597 60876 31065 65523 60893 43046 25950 3106 65409 4505 30173 72235 53683 58832 37794 50789 66558 9432 13368 50650 30003 64761 9082 25958 41393 21391 46481 63398 20668 58473 25348 38264 77349 14413 61787 57422 57458 6917 18528 49 11421 48700 72283 23104 65533 29258 31894 9272 38689 3262 59922 26692 68023 27004 52649 67416 48394 57131 49995 69061 34784 33343 65325 31313 47755 4293 46735 63213 
11209 23263 21262 61449 71962 12726 42554 56675 80803 74447 23948 77492 77708 3050 23364 22912 30053 34014 9509 36447 10325 17504 24688 45108 8847 48013 34421 56601 52305 39156 77814 21514 62418 18257 40963 53560 69802 2697 68236 69785 35144 50184 24458 70853 53233 5822 51765 41286 39835 19274 77732 50159 36777 60420 53267 45623 27613 6868 60224 37918 4024 57219 59431 66441 33476 19574 78002 22458 61091 23419 50243 15415 73602 74700 5448 4016 80521 57213 3302 78357 76486 39034 47696 71264 18634 58964 74887 4247 23832 12293 165 27856 69511 59595 
13477 60987 37169 49479 2625 17440 72897 52867 32855 23680 4748 77122 27695 43269 11516 69816 40806 46003 28030 46503 36447 4664 24647 69334 8910 48478 807 47894 34334 28318 26669 5812 8485 63838 55290 49929 39278 5369 60796 72132 29048 65543 26436 14744 66813 37951 3740 65619 41954 31770 31302 36401 36433 13949 24916 3344 20428 25722 51237 54761 54040 35907 60572 20525 57745 35043 70454 16203 79231 50430 46336 66279 73974 72771 203 17968 68722 42763 2767 29857 32533 72889 66257 26966 6018 49173 30309 26445 32896 39547 39207 44936 33454 18959 
65460 10379 12002 13095 65401 49233 63525 30917 34693 14680 61688 34895 32647 7592 35658 35413 76268 68190 27482 19706 14337 72320 68879 2646 56765 20955 193 15152 65890 33646 72931 8531 2025 42933 21626 67426 11347 43151 56343 46039 57830 76032 38934 9657 2804 74592 3070 37072 61962 69372 56777 76298 60872 2837 36945 36817 23791 37137 9970 47681 28784 2081 56212 30808 45013 35838 56234 56359 78988 70578 60398 55998 65790 18513 23655 26594 12285 26724 63665 74246 15276 78442 27726 34148 460 64670 28966 63070 59807 38935 68752 7771 79835 2145 
77399 44028 37982 52813 58388 36150 42571 76786 50148 66361 14479 31803 12135 26763 16527 33800 59010 70623 31423 44736 23951 70702 67406 52916 10953 46393 49851 79704 12165 48866 1029 8744 50895 77830 61556 67283 71980 62128 63249 80128 47669 77728 31111 17805 62491 47638 51604 79501 37441 41027 43417 61391 69729 68823 72308 80682 73217 41339 37567 4562 9386 77416 13305 60280 74426 32861 46743 65587 14169 67992 22896 19839 64900 54007 37643 4573 59645 47247 42074 16266 46275 4672 35657 74004 31495 65965 73866 23892 26485 69434 28453 74690 66030 80577 
12151 59636 32619 16894 2404 4788 4066 25300 24626 26967 37307 20269 70359 16132 67516 31613 71217 71791 75104 26054 64975 25780 11200 16023 49671 76504 4637 36125 70374 70666 35882 40525 7483 26501 57418 48707 31289 19484 32007 55914 46450 69313 76183 35989 43445 20880 67602 33842 50671 61886 17896 34826 45666 67915 8849 14518 63599 13485 8643 11154 42151 44524 9679 7635 71025 67096 56341 21494 5761 7528 35408 10211 34841 69591 46200 78285 48471 71802 70127 18322 10869 7203 53148 56535 75118 19997 29053 15898 33482 37695 65872 33633 1399 75550 
41267 30424 61827 16788 9918 25588 63135 3327 35798 17156 72917 39998 53441 79389 69800 42748 16891 80669 7952 28039 14385 41070 48036 43437 56967 39518 312 42019 73150 40530 36750 33598 28955 56577 8386 38872 40165 71521 199 33963 46677 31117 31962 19299 29686 20942 20047 46576 59611 66818 32616 31996 27068 38652 75432 3216 78169 33744 3235 70499 32275 78804 62097 61229 12562 70483 58101 52726 61184 58300 44690 27041 8597 76651 4340 77102 55593 63207 859 73205 49205 33474 24381 76273 72125 18994 37489 27475 10738 40723 17155 43012 77528 79251 
23421 9270 68914 703 19997 7279 17003 22687 73140 64419 18518 77479 60701 32111 59866 61559 24496 28252 53034 6878 62525 2340 64691 19194 68635 75428 17917 4970 37621 53445 42221 19042 62715 69136 58564 40712 34415 75566 63398 26735 17166 39916 23395 35867 30027 41261 55427 12524 27513 27641 19401 9218 68800 3272 67231 56615 78699 43149 19585 74320 15774 19807 12543 36489 46943 29107 35201 538 23854 17779 27273 79839 15695 8668 34887 45722 49928 9494 58245 35442 75954 35646 2660 63934 38917 69891 78550 75616 71040 17315 69117 5994 37121 39660 
42483 42064 68766 35684 42602 50620 11464 69874 49640 27158 36542 42527 30880 44470 52020 47125 79911 47154 1951 1752 69088 79687 29643 66818 74484 19863 42134 20782 25856 37255 60441 26339 79319 6388 62023 41101 57008 73486 68975 64648 58644 24697 26355 47525 27167 36375 52650 26259 41529 54601 66830 68617 11469 15653 12617 43953 35515 54750 64734 19371 11185 2356 3711 9684 8744 23734 8785 23752 16400 35760 46400 33044 18457 30755 80568 45624 67129 52399 71882 66658 65000 57892 54455 34469 31545 25072 78422 67059 79821 20337 44430 49007 22693 48140 
16691 70256 71873 25476 13188 46273 19236 59587 37318 37693 9522 37066 2497 34651 47465 32379 59309 70465 48271 71764 62935 79815 16017 60537 24055 15018 54 68484 64024 61566 74625 38716 51002 23679 22192 64189 69952 41427 957 26450 79119 49298 21516 39616 41949 26982 71994 20438 55447 78265 11383 37562 35261 27399 56099 59315 417 14154 4981 22442 75719 37606 61157 45902 61284 2529 68091 8417 1956 69048 34866 256 76346 14383 39871 37476 80184 69866 57913 12812 25312 27296 50374 60573 54694 64473 77888 13112 78626 40869 74373 31527 78474 54710 
35429 58939 15239 22700 67355 56014 49748 60222 56269 45275 32605 54141 1931 31969 1188 17844 44780 26499 45140 53154 45072 57834 75628 42141 28946 31435 2190 22499 62961 80664 35209 17570 16784 50447 79090 42139 64462 6019 21541 39911 51293 12146 52052 11224 44114 11240 67888 46895 76559 32208 58049 40811 48042 52857 2132 76988 3473 43142 18667 24434 987 53876 5 56590 62323 79094 17909 45965 4293 78270 43877 13587 9596 53929 63630 11711 65169 50698 16606 60908 40906 74654 20899 8129 4693 61851 43117 8165 62993 61783 71418 63979 73659 71422 
39749 55163 69696 57657 59128 31990 13108 22185 3577 22704 76114 25207 73234 18464 75905 9020 79371 74811 41674 19450 2120 46366 39301 45236 12531 21474 65020 3130 4633 57859 74551 2382 71022 21429 18040 49331 11419 31147 29516 14995 11851 63630 40201 43085 1274 74106 10105 38645 68098 51779 58095 28218 17325 55396 31455 29856 76870 15655 71805 39503 31514 65536 80705 21717 6145 17925 29048 17563 7072 16564 71377 57743 80194 30759 20008 39468 62865 30113 78113 8144 1072 13389 36362 57216 68784 25817 45072 22835 80291 36057 20339 30985 59594 20224 
10702 65738 38148 78569 41302 45219 14314 31859 22142 52508 20618 151 49976 2664 30263 47269 49627 70154 18658 5169 4551 6623 30985 7624 68277 30456 43680 7796 19442 22454 28019 68963 46193 24167 66713 6675 69386 39027 77353 49528 10715 55972 7679 60690 58635 76761 65960 27442 66095 3798 71431 28647 49240 60416 36270 36698 48873 37950 2494 68314 18405 30513 56457 22598 54679 351 29272 1246 39377 64625 8775 8092 39777 16453 68782 56412 12395 11923 41855 36490 15720 32466 65136 64960 50882 59406 59658 18935 16537 62151 45249 73761 50664 59707 
15539 24524 60057 2811 64589 57435 67435 73363 65526 65213 47817 53488 40805 60211 23411 1840 54701 39131 73125 77838 62091 1189 56424 79749 20123 30961 61080 23373 23902 69745 2260 39440 13449 62316 42250 78037 77751 67686 28582 62458 52079 76398 73946 12064 55789 16538 52724 68490 55668 3030 65508 75759 4218 41113 74688 63161 30074 12949 5714 53976 1874 7973 12596 54142 28289 12847 9361 25221 80532 37942 45679 51791 33520 38805 21855 47309 55342 32579 34979 69010 35609 19668 63949 78646 18781 15818 60987 48854 28767 66700 60830 69460 32673 31427 
42783 18963 44273 52143 2184 1986 9265 47862 11777 785 5847 72451 48093 19190 24211 41072 7380 17820 18740 71329 15646 76340 45147 76633 44375 73913 20514 63205 62554 11188 13812 63337 68970 16085 34660 71153 56890 1925 77015 26667 2709 2042 18299 8802 21231 510 49873 28611 18329 68613 57940 72794 64133 22267 26608 66508 54181 5123 6895 74735 16310 59526 57252 43280 75611 49912 33613 9682 9837 29808 36349 51365 70669 12648 18167 49901 13157 68039 36512 70305 13833 52452 62279 35967 74718 8068 60475 6080 13190 67369 80814 68319 46076 15247 
30779 79687 23159 22392 8549 71815 52199 2898 361 49 15545 18527 49949 67521 44567 5641 57006 58399 58092 77286 52366 9992 4534 32022 54891 56543 57391 12887 2043 61467 66953 32821 18335 48113 55212 65704 39108 65411 68601 39469 23460 42147 15996 31410 67668 60562 37050 1856 38142 53143 79141 48508 21135 41675 38530 76025 56218 53922 8092 58260 34569 33046 10261 52904 339 23473 37788 39446 46884 64389 36915 70343 64536 52911 20933 51385 32653 15984 53240 28795 27127 51561 35304 6262 51236 73833 1467 26634 46935 48379 4074 39505 39425 53154 
50409 39763 76626 46197 37209 691 29766 74124 29034 13483 4216 7968 22868 75688 62771 76107 23664 9078 4849 58967 15339 56084 9981 55625 1898 56916 62004 44791 15601 20609 17125 66009 60371 51751 70206 55581 52441 19152 48885 39475 71454 53100 47442 52322 5969 29393 47609 29632 77290 10458 46599 11809 24542 56580 25435 65259 71496 45439 29230 45097 24049 4355 69106 42420 56105 58492 17181 66546 35644 24066 25202 26279 35166 72643 78600 41135 60037 3391 70766 56507 52668 75366 26317 77210 51126 9752 19650 80622 55190 48880 44899 37239 53234 33185 
79659 67340 10857 54840 53066 46500 78906 36268 30779 33252 28092 67380 74386 46129 28771 64333 21816 619 16880 48132 35829 26006 15884 55479 25808 71074 62359 70706 66313 34773 61891 65152 60113 30748 39173 71180 35248 37259 26628 66027 28511 12720 10588 22078 58848 78178 44411 38665 78796 61290 5977 72626 6476 60681 47285 32283 8936 28824 60989 75248 21597 42060 17582 39711 72807 56754 30071 27235 52013 56698 51262 80523 69418 19850 60601 47446 17208 24192 5291 54005 4662 50088 45811 11137 68769 51096 1420 77704 37920 62408 72132 17517 23648 8894 
57227 54455 23648 6478 39691 33661 63176 48953 72185 9775 26804 51966 15221 44011 76158 59332 56016 38820 67420 21007 49957 55369 30103 9377 52253 68022 71785 1566 4720 53433 10460 61946 27069 72927 26425 24760 25769 8781 73712 55954 57375 19696 27100 72595 21708 61258 51107 77723 58079 37707 56731 27216 51076 6014 75412 22509 74036 66377 24075 36756 38991 73354 17882 24060 65461 44306 48819 49230 11087 80531 24364 26462 19408 9465 18238 79935 28723 27345 76838 5982 23053 52749 72017 74128 58763 66610 54638 9980 10168 36713 46735 7159 29247 22617 
31218 52708 24924 38037 59939 74830 37749 42303 20473 15157 9768 38710 14272 38491 24055 49110 2473 47107 21040 32491 79236 37803 57101 53054 5783 67268 47767 52517 74427 35014 33134 63645 6902 58057 20863 24841 52068 16612 67144 30541 70588 76911 27251 42860 73402 51305 11150 33876 56413 71009 66366 54829 27992 42647 65883 33774 67915 32830 44291 19523 67843 77425 2349 32745 12663 62031 57586 22731 36643 43910 53271 26411 78821 80521 69270 29405 51007 38420 63280 26600 28610 6827 39429 56601 49473 24492 48376 75388 57321 50667 14092 2345 5273 55260 
35089 17936 36471 50675 40666 31114 13765 13118 15525 50587 12819 3975 79991 21826 42394 20452 48425 29004 27278 7034 43606 34751 31525 11162 29319 46846 19829 1411 7191 25102 56670 42280 43037 51141 12135 41703 1435 64720 54820 16959 73307 25640 59753 30479 47465 60148 50930 15071 8332 36208 60924 51937 70958 50450 21099 58277 55296 40928 59688 62487 24030 74358 62767 25067 44680 74901 66769 46114 16802 40770 21074 48109 24410 7 78587 71874 60154 6698 44945 26487 42905 25050 36424 71863 33500 57523 49321 7976 56451 67009 70462 80480 60547 10410 
24727 24407 43312 49496 28522 60113 48266 49595 66223 72675 7602 63990 63730 67756 70688 66675 52243 32773 49725 7847 62637 2405 23370 31138 49201 79820 17327 38843 37481 77873 49253 20208 60281 11745 69704 7983 29858 37150 57577 15261 29006 65178 37252 50736 10115 27120 36591 20358 17893 5497 28205 80529 46721 51574 69667 15102 8576 44994 11946 4057 42048 19199 24265 60329 69763 13149 68311 18801 8299 3069 72882 76124 68246 29314 46040 36362 14434 40632 56719 71146 46128 42924 28857 12029 52499 56524 65951 61074 20699 77896 65130 20747 16275 47395 
256 5218 18544 68566 24018 26843 71634 54900 22147 17061 42214 26188 53422 14648 66819 68142 43795 70947 30246 30652 40976 1925 6356 26107 20999 27054 23183 44130 5801 39457 10705 6056 2675 29249 32622 26693 14092 62256 39593 75058 37318 39808 20426 48740 54455 45245 36062 17430 74192 24309 6082 73169 26233 12438 18456 5233 78311 80459 49362 3293 77916 18067 48168 80591 5316 80790 65284 19407 20227 62877 13646 57544 21865 72891 25465 34321 76137 61526 51750 69509 5015 15833 61858 70068 28270 38315 33301 25761 76774 40663 67873 31871 58729 35222 
70462 64045 74012 12927 2632 13419 75804 55097 70963 55669 5170 15608 9170 487 35134 18921 27996 78969 34753 9035 26218 63022 5350 59518 46783 40124 19361 33837 29995 78089 27059 19638 19315 20251 71384 21947 33669 66368 35044 62632 41218 40213 78239 8388 40699 32554 27308 68695 30703 62060 35730 14921 2263 79899 74438 49046 78023 12979 40883 27198 49068 67941 4836 68383 46192 76220 48330 79860 19769 2554 61673 60986 42767 17093 27375 41466 7647 54682 29341 77169 35923 23071 11270 38185 22150 4888 45231 58173 56686 5294 4552 24935 31235 9387 
51318 77426 43607 18828 34468 63376 21381 15321 1543 22148 71233 28917 63614 78880 2780 50955 75229 77522 32027 5680 73707 12177 49387 38119 70350 25254 1413 74901 8189 32648 42288 59506 68074 5076 78333 21722 26452 57714 75862 27994 79862 66276 56911 20657 64336 17691 29612 16746 14393 61638 61245 7280 73815 29813 45398 63345 55066 4812 15427 63254 37459 15715 80760 63533 59610 78273 4436 5242 13168 80297 33236 12210 23754 48147 71686 46090 65837 20479 62836 80229 40117 43261 6689 33112 73073 10088 54457 5320 14899 27884 26574 10358 43599 26514 
73890 22389 62787 36326 27631 75955 35804 18867 46165 17558 67013 37032 63648 52030 15511 45664 51439 13628 8105 16128 4741 39179 65035 59197 2499 79933 6262 29073 48291 7861 13587 41362 30249 76374 77687 57879 29510 71491 76745 75674 8230 20939 70706 71877 72968 44217 75541 1588 57845 2826 17716 62585 5 1931 79782 2504 39865 44044 70396 7336 51904 3163 6698 1334 37537 42386 17213 25047 71877 51959 19902 80106 72897 48608 29164 23047 12006 23885 24634 27851 65531 350 48436 23536 2281 47398 26039 146 10623 54435 46301 20527 15599 52999 
21860 11136 53385 77893 36183 44442 49032 14085 1730 79929 62692 30893 22156 32698 12779 46790 18549 36310 47139 66984 59845 7420 33563 43885 46385 2186 17500 11867 22712 71918 22866 2573 2235 76250 80465 38417 39872 6678 52501 41601 5787 73193 30495 27943 25072 1274 32733 43620 37583 37872 29785 55428 3293 21348 18493 49677 23533 74813 19544 4245 65911 42409 6817 68145 37839 45282 64562 35712 51959 75063 35313 15747 67437 65807 1690 50509 67080 34422 52129 62663 30294 39914 37272 33586 61261 55764 2444 42794 7758 21987 5040 31670 22397 11856 
57815 60235 57138 41558 15127 67097 35801 8441 2024 61238 74247 3713 30927 18509 76954 2237 352 26429 42150 76443 60014 61412 9389 20458 62206 17146 42445 67245 48815 22842 37102 25811 2257 52240 25369 56204 38517 19170 64644 40541 80408 16072 2254 69335 73400 79208 71571 31753 24817 71722 27376 4011 10315 36764 63289 72520 11911 63734 16947 18726 5756 54048 44536 8012 25468 27905 22216 21985 47075 44860 62525 4664 18933 22780 73998 11513 21168 64750 43265 3985 13653 28642 46815 62787 65405 29284 54487 35316 12198 29434 54042 17953 2662 56578 
64785 66949 3664 6181 8115 8739 9042 28640 13402 27974 51419 6580 39486 30587 29330 40752 34571 983 69393 567 63769 11979 29850 76257 47295 42048 24871 20517 18001 27533 77094 1966 52482 38758 8147 60596 47496 56008 8417 18898 3162 17836 25478 648 48423 12808 80219 2174 13791 68792 41560 35560 38772 29411 30997 5247 29459 55868 64583 47459 41401 18858 49425 13063 57616 15572 73659 63112 71579 40076 1191 32741 57911 65488 33388 25514 78295 32788 66508 50086 59580 66068 4827 17532 14659 35823 61598 44117 49691 45361 10757 49092 64219 18182 
62155 79835 33753 12995 62127 63332 53070 63317 15253 68981 47985 6641 52496 45461 78248 77004 53547 15010 62252 58373 71361 76911 52197 52140 79028 21068 16681 47785 70160 38900 65966 9496 37915 57719 61310 58043 79051 72380 40540 13484 60541 46526 58945 32217 49987 14374 28401 22714 68203 48654 268 58745 2746 10465 30065 954 70352 4746 48739 17693 1647 72705 27188 39561 7606 46498 16784 5837 38058 15325 58141 17780 61850 36266 7997 31017 8640 75218 53730 76843 1053 11998 54768 3798 22462 42833 4751 11995 47578 11490 68507 7225 42196 14876 
4787 49801 19374 21570 55637 57432 75714 32958 33212 56744 27224 41208 45761 74684 74426 57492 70707 75478 69489 2656 79275 49952 45488 42027 19947 51066 11517 7634 58291 53712 61329 21078 61513 80703 42647 75151 15316 76362 27289 48527 10287 12514 8915 56048 6378 41342 71540 35085 74820 60209 37740 73276 68161 41228 73303 7288 50294 4000 53742 66585 15713 73071 6843 77225 30955 7491 71556 46270 3033 56846 13977 52139 27360 61712 66187 72557 22234 56907 26822 16234 75117 22562 47510 62458 21790 78813 27747 30084 40814 39489 15850 56526 31740 61512 
