48 59 8
26064 37949 48817 38321 32117 43749 23342 34416 45567 48800 15366 22512 50430 39562 36928 36143 49189 22486 27586 33098 34239 38236 36580 34903 42048 16723 3077 44981 30182 1904 44289 3686 11826 12520 13980 43942 3709 9295 25798 49275 30068 13137 43761 27938 24672 103 36054 21301 22589 35614 1839 4268 21290 10392 11145 35312 27115 38754 27733 
29270 12632 43996 4929 24457 28489 18908 15840 32198 177 13611 887 30244 26748 44647 30156 51419 44750 38183 44694 39312 21237 46532 43579 42527 4365 26697 49812 3453 37425 49518 32722 50056 40954 37650 21953 41417 28531 9766 45588 28707 23377 46474 30925 22098 10536 8521 45490 27259 46703 37624 14011 39914 31597 29563 29881 7935 3701 27133 
11387 41125 48624 16082 10595 8993 1172 4521 50409 1676 14287 43437 2357 9637 37351 33281 3708 47886 13775 49197 47118 32451 34262 8569 19805 13299 38132 21659 45766 13806 20765 29126 26904 16830 45207 37498 25822 18352 13992 23671 20027 28278 39081 22383 9888 23872 3104 13595 43732 41411 10233 38290 21303 44494 46859 13081 29766 4405 34740 
47505 42743 27478 24071 17087 44307 41251 26558 42102 7043 40549 13213 27069 40801 52293 21426 22662 48139 49062 36257 11285 37914 18463 49574 31190 34930 15847 16244 36669 44784 50983 3588 34967 50435 52191 24027 42182 40882 22558 3699 47924 35081 41444 46966 47855 13152 15832 17957 8731 36868 26187 44548 22222 16623 41562 25385 51552 29383 41628 
7635 46140 12026 11222 522 9901 10853 49081 24056 51734 19080 27754 19072 26134 16639 38012 21429 29790 25817 39385 10494 10125 37546 2482 4320 1609 16017 29704 25135 17373 18773 32769 10954 30798 15965 36008 12672 51350 32529 36727 22499 51608 36455 13544 25182 534 51555 18584 2297 49346 29943 12790 31444 14929 15271 35764 41070 3261 37441 
13645 20634 3654 18388 3561 6425 34352 39568 43629 5116 19537 27797 27614 18586 36225 41158 15741 36758 12127 34325 39054 8913 11708 23817 40357 51169 11061 23561 39679 14321 8442 25298 34954 36629 43685 38514 15027 50010 25522 6097 2566 17033 5867 30180 7592 42091 43311 23332 50822 2878 29630 9290 11791 13311 5080 52147 36453 16140 47681 
23573 30460 28096 48870 37388 36698 11969 47875 51725 9419 20838 29795 36517 9844 7635 38670 17435 21699 29421 40766 44494 32299 42370 1224 16063 27654 6303 40183 11548 46975 35304 7094 24875 35373 27937 34236 19512 39905 29552 43210 21297 22363 20445 29787 32206 53 15898 49640 21751 17292 9820 13685 21564 24163 39441 37626 51817 17717 25249 
35338 12132 32526 42431 8980 39873 17808 43216 6825 29686 44741 50034 50982 14544 42452 28209 18723 42504 16080 40336 11695 33372 50155 49912 2376 46292 36793 11976 45549 26483 37224 301 38614 41724 42731 19567 29037 32512 10223 7835 34171 26937 5309 32593 41480 47760 32775 32176 9678 20829 19952 45905 1641 17548 43257 28549 11280 52023 40524 
28802 25946 49722 29102 36533 10860 43806 3540 39896 48291 38296 47730 29902 12673 25012 34468 26127 44745 14683 5743 1863 7485 50228 47767 9125 39749 10438 9648 23002 9901 50171 51803 7820 19307 319 44352 30166 16098 19865 42035 11829 5601 37205 41730 42807 34190 23638 16374 26375 10294 46649 211 17779 44317 47977 51436 31506 5855 33057 
1948 40288 30669 25724 20081 21949 50575 36406 52115 14113 3712 41590 50474 9312 50769 11618 24092 32399 7229 40465 30748 17523 6529 30958 7275 22819 50909 30684 26299 28737 11182 220 40999 13824 25944 8520 7746 48492 44926 7301 34579 48637 20865 32493 29922 19074 16085 1455 23446 23313 13893 26167 12809 44954 29099 44616 15214 27448 47274 
41512 28158 5896 41731 16597 44252 39648 25117 23971 35581 42016 31272 42133 38093 52136 46599 39988 43183 10124 13416 38602 33437 27309 12210 46245 19703 13282 10276 34916 40729 4990 48401 16327 35418 37573 4898 27110 24661 1988 23054 32215 44003 1766 21788 29536 25875 40361 41497 41031 50484 2354 27074 3335 29662 11257 49580 21338 24538 7296 
28228 37240 36818 24069 25540 19676 33615 30437 18759 30250 32424 41812 34438 23867 43578 28200 25376 41426 16001 38847 29898 13925 41200 28945 17260 42835 40201 38813 11613 36712 18082 11814 21392 2340 7857 46931 22015 41471 49342 40773 19161 29206 30025 1040 25047 45576 29239 22396 34443 45239 8683 36314 31137 49882 12699 48396 12131 24873 6623 
23744 9025 24704 7531 2390 27043 15387 49320 21031 4299 18076 9244 47992 47282 11243 21005 44302 4259 50243 14138 10675 14896 22821 18962 18007 44676 3634 13843 4248 28506 44999 52524 9504 17143 32028 11893 16160 47415 33187 9164 23687 51262 18408 19119 17958 1624 40124 9700 30415 9781 48371 41090 49210 43165 32025 14657 7255 35659 473 
11502 36138 45471 35999 45642 34588 15468 29508 22721 34856 34668 31884 5983 5345 22265 49634 47835 23888 9172 4976 26277 18953 25320 39340 40136 15925 18805 26766 23179 1904 27238 6655 38042 44683 14627 3098 51244 30094 4579 21405 12390 39247 25262 42905 16565 19501 39980 11840 15362 49151 16815 41638 40077 14108 28418 27653 2006 47223 26392 
25185 21100 1071 3813 31115 17727 18439 6186 40944 20507 10765 34322 4870 50011 7024 47775 14016 26524 35195 50388 41886 31786 39177 30964 43837 725 31356 18930 2731 50552 45322 52448 19092 18366 3701 22181 8066 46672 28366 49009 14619 39130 30771 19489 8555 9768 14704 47103 36292 21872 44932 50151 25631 31549 529 16908 4247 31884 35838 
6977 1850 574 6865 45475 43472 35098 15096 51537 1185 43461 19960 15803 2006 22704 7265 35093 32471 21968 29637 40736 15813 46542 38327 41444 25531 10830 5792 29777 14687 41629 8728 16537 14176 40125 9452 29621 22664 49080 572 23848 39981 20531 11624 13960 43234 18889 49053 47679 12830 26130 7829 28643 44645 18130 17527 17616 28959 47851 
19366 43645 8895 67 32155 23070 40192 41606 132 34829 38126 703 30650 50081 45767 42273 11481 8415 33135 32507 3534 17939 30610 11363 46581 22695 29492 36081 12284 30424 31372 3624 46042 12240 3690 25638 35310 43881 14684 7415 26150 24784 32650 28773 46838 25857 43020 30292 6246 23595 10240 34312 41533 12823 17648 7528 35518 47139 15582 
47801 49536 18928 23398 43019 31167 27088 16097 38450 42942 2754 45864 16533 52070 50488 17279 46348 48318 7739 24081 2004 31334 6294 36316 44840 19116 1404 24342 26607 20517 39923 46382 17493 6291 17220 32485 9432 44307 48581 47881 34690 23309 41186 23196 22819 11088 12448 41141 6846 20187 37195 8850 23494 15462 17139 40307 34577 18542 12089 
33158 11032 52012 26980 28525 30276 44199 32983 39707 7921 29005 35029 14584 24287 48188 9753 47105 6716 22200 7660 13561 42386 44854 46943 13320 7756 11522 1068 14307 2038 37689 47464 13069 37141 46417 13567 39391 10030 46550 26538 17950 47528 33540 4507 19255 1142 14259 38333 7857 36459 45993 45951 50818 10261 12308 36112 18017 23830 9153 
4297 50400 46841 23734 10909 3397 17591 24476 42787 27620 42999 41298 17544 37967 22279 22050 4662 47953 8283 42994 3251 44741 8401 21175 42999 18662 33482 26551 8652 29285 35703 37481 27125 1959 8655 10008 5355 50778 6457 48141 50371 49455 36879 15355 34862 31131 9379 39523 26525 42194 1931 1749 6349 10332 47456 21321 967 352 19846 
9618 1611 27522 47098 709 29480 27726 10716 34834 25944 17172 2389 23755 38600 11242 11084 20902 42372 44995 32398 40870 34629 34329 14592 12951 16634 9488 34271 42133 34373 1557 51750 35983 29079 18262 36691 5999 17961 19381 40833 43904 8526 43221 39632 47126 1903 22689 15468 16249 39657 47866 29092 46259 1609 43684 6650 42775 25145 40921 
32348 6958 42477 3512 14914 18996 46306 51605 24995 11707 18426 37801 27584 51484 436 14656 46050 26872 37345 8959 15094 24442 28798 44185 42675 2380 7283 49324 17128 32428 37685 49475 11359 27603 24960 26273 18572 18706 49851 15540 30412 40250 25314 29969 39174 25750 44624 32665 24595 1383 13597 39688 50358 14368 3287 40473 16747 10570 37237 
33874 14971 46896 2763 50862 46472 52255 49108 12484 18401 46399 28024 20786 34089 25311 50754 20704 51060 14792 25342 47628 40708 38938 34756 38506 746 38043 50952 42025 20586 7603 47872 7530 1939 50634 5832 48410 50329 2381 8335 40703 20753 8332 33462 26816 33642 31656 47519 4117 18421 44834 51744 6569 31212 5915 45074 3931 15931 15440 
45955 36516 23043 13241 16019 24981 35848 46383 45365 5591 20737 1140 46293 41490 34004 27195 15746 39619 30824 35238 43735 49244 27512 14894 3254 30697 20808 20301 6601 8712 35741 24529 45227 6224 37769 33219 3178 21057 27042 48542 26647 19753 21655 44913 8683 3099 44081 48961 14692 22345 31639 30400 43562 31124 45293 46815 33794 38074 39090 
40394 46785 22271 36896 11426 468 22105 16618 28178 15135 43660 24161 13755 10853 45815 6108 44068 20888 22162 40469 7553 44506 44081 37952 7482 47178 2660 26271 28412 12707 12801 40779 31466 7045 25115 42891 32045 19193 31483 7663 34327 47116 31823 20055 29942 49612 50695 21450 42473 20297 33892 50025 36776 49946 7391 44257 16538 10050 17968 
44949 47290 2742 5142 26196 9786 2230 41060 41830 45955 19983 21467 27722 14539 730 19750 44480 22315 17885 37903 12228 38181 43768 34226 22397 41154 41617 14094 5132 51666 4036 22054 46396 6777 51728 44565 16563 1398 33066 30366 47352 489 51832 47047 39561 24536 38770 31481 46850 4095 41358 6519 42275 32566 12718 12112 21161 1775 50739 
50825 882 2215 20320 19251 8991 44021 11257 50086 45419 16296 27893 12185 16784 51698 31206 3785 23674 17416 7240 17965 46044 48597 49016 35759 28603 9174 19845 21737 10949 18024 20003 36363 44771 12296 27587 25735 3757 10817 23262 21149 27112 23128 5308 15870 22266 8487 19654 45940 50435 51426 35878 43919 19437 32334 27119 20014 13481 18937 
41750 48962 8934 33726 4739 1145 17995 32326 26879 46285 15116 50140 14874 42228 45241 44714 5538 14948 641 49724 8328 51076 20565 16179 42435 40001 48512 41527 7455 33966 7904 21179 2343 16837 2345 7081 42514 20340 11380 16834 38598 26496 38947 25445 40697 31629 17600 18208 18550 42773 39905 26877 13263 7910 15029 3139 47911 10981 16639 
2806 16920 24543 23984 19262 13353 50862 50876 3308 43175 9696 44674 29213 8165 3035 2098 20835 6637 44230 39042 25186 34444 26388 24036 47706 6271 39064 22818 1622 22018 39457 28961 10912 35973 24918 30173 21299 23220 463 24606 38368 34692 41253 15021 42856 44288 41652 35665 22898 33322 46680 48084 39739 45041 44093 6860 51312 2572 29677 
24907 24589 41107 1308 35500 49053 50759 37647 17793 21419 38109 14372 31761 44774 3066 18755 7045 19327 7847 42709 14198 13143 36829 34255 24855 29311 25789 31714 37 28360 8832 24943 24922 49938 50784 7863 46432 48983 17483 36198 42375 27565 50569 21576 19780 25608 40331 26824 44934 20151 41506 6573 5267 25775 40827 30122 27059 38589 9276 
51628 14389 18107 24012 39311 40019 22236 19147 5865 18659 8603 42062 8474 36167 40071 2024 27920 13120 14328 2184 30027 34478 15663 8573 39745 13412 21374 17307 12444 7403 51115 11513 46325 16663 35524 5050 28655 29733 48729 34519 20365 4772 48554 812 12912 8039 2835 40832 45691 17162 14989 23159 23614 30652 3705 10799 44063 25078 79 
3947 4455 51193 15459 50779 39829 22956 3269 15924 24662 23971 22416 45026 28742 18410 17812 41653 50982 20646 1899 44113 9782 16888 39245 33395 19513 42950 16167 11016 40001 40778 39495 44455 11385 26928 42674 51214 21857 17916 39111 46519 41886 33501 10959 42601 23884 28770 3669 22306 21390 5567 13860 31171 22454 25078 36539 41966 15468 24679 
24955 27443 12897 36424 19338 24281 10792 33986 47468 4622 51901 5994 51140 13202 39494 34073 27776 10818 34816 31444 33124 3646 37011 18957 6790 31438 44034 15302 45378 31476 39980 17773 6359 24850 1637 50229 21105 36961 31655 16013 41583 2971 22006 12137 40705 33473 46209 15921 44291 28466 19339 49388 4085 3790 15785 10875 35227 31792 50709 
28045 35241 38130 17792 13573 34953 43961 11243 3498 28363 14871 19511 17386 42374 13490 1496 30519 46963 47705 18414 10668 48144 37752 7496 52228 13515 47813 35076 20715 27045 5200 48760 34260 43329 38525 47832 25722 29926 31048 29220 5729 17893 20704 47647 7707 6167 49143 10200 25103 16262 28613 35770 11846 38338 43265 36047 51852 38518 43097 
20007 37537 48296 40740 19237 11039 26705 39042 8734 28605 42064 9927 34333 7397 30630 1395 39636 8771 50537 49835 33873 14239 50421 17084 50617 8173 32322 34104 7465 42814 49174 52005 52324 44910 12159 43534 27922 10838 30016 36656 39442 44053 46582 21215 51449 49186 22609 38526 5397 45119 7775 11243 31331 5637 28326 29388 13809 32622 35466 
45807 47409 4054 17226 47173 48964 29384 38147 24326 40221 40136 8422 27103 31630 26978 20292 2493 23604 14874 41018 29000 31967 20767 12216 10738 26403 40542 12100 12185 45137 47565 29965 39986 51618 47190 34599 19996 24015 44719 16296 36209 32295 49250 35286 11365 23668 3018 38391 19245 42424 51382 20218 21831 19589 32434 32569 45991 44949 44668 
30150 37526 11647 7555 49485 35238 2186 31524 27208 50733 48216 15477 6356 27951 12167 41641 11290 7809 16632 49680 27053 6497 48502 47271 28327 15532 27145 32869 33496 19534 24977 35619 29033 8597 43174 25958 15809 17333 29455 14990 40039 25111 30466 46394 25035 42632 7450 36324 50440 24081 5418 24934 30577 25894 44178 30878 41425 18763 11187 
46894 10270 8138 1928 39302 16734 17075 12700 4516 6381 14128 19505 46419 39238 49970 12227 11713 12017 44209 20011 9897 15731 25428 6804 18281 51321 50981 49158 12160 41717 7786 31028 23960 15923 32955 10702 4630 50029 47934 33679 28383 9502 624 22242 20713 22568 6442 4400 34584 50651 24410 16454 38355 49837 23258 4076 20573 46212 25208 
4706 7344 4967 7707 31303 45422 40661 13979 50051 10104 33886 3144 38486 15362 3768 32701 36074 50868 11117 40473 32892 33741 36856 49345 19536 6108 44576 48144 26680 10203 45325 3359 42079 50291 11066 20822 43153 23700 6774 12619 5778 40660 15762 44263 27995 44062 48938 36042 42370 32028 23956 22702 13209 32785 44021 4718 38892 8011 24835 
37545 18213 17601 40904 7732 39865 51969 528 2433 47642 7301 15051 860 19934 2786 17097 19902 46848 38008 3385 8632 17476 51873 3308 2658 32098 47328 7375 18431 2779 4183 3416 45525 46316 16293 697 33622 40235 25757 8028 35318 5032 23078 36177 49498 25863 714 16841 44684 38721 20225 757 28170 19538 4064 30827 51635 23365 10175 
42039 50676 14358 45455 43641 32647 33721 16312 38242 21397 42068 46269 4155 19073 16787 40331 16012 14624 13019 32852 6748 23713 517 32037 51883 44587 8074 30150 15636 31438 40325 5116 1529 26656 22544 45169 6743 3705 33454 44985 25101 47496 38694 29255 14009 27455 41560 30020 42078 26552 34845 20799 50264 7335 24810 49587 51921 32883 27178 
14998 36295 39476 20113 37823 13572 42656 30432 44847 18334 35860 37272 43435 30796 47940 44663 16778 47368 33663 18772 8860 7655 1057 29658 5360 32925 26441 26920 32286 6765 1538 19257 43059 12987 11343 28322 51091 25972 30727 43379 44306 14027 65 35181 16796 48004 27284 5548 42812 32921 24319 51671 12549 49908 744 17908 30273 27184 44828 
34533 5922 18339 1230 20954 3300 37106 49275 1831 10518 51976 45209 26797 37976 45274 33951 26746 12692 33209 32293 2945 13570 28585 26589 50651 25933 51865 16000 3647 51023 32801 38179 4385 23113 11382 25339 26412 20461 46587 28243 2953 17977 45425 29749 27927 38139 35674 2113 50831 16323 34405 25749 1866 10430 52337 52516 8336 23617 40489 
11982 22080 20730 22134 26464 15817 5490 23776 14202 50483 17804 42444 876 7754 35310 30625 35680 45422 13739 37792 43693 2035 44170 41415 3900 26573 13167 3856 6883 36783 16319 18864 6303 9022 12972 32766 24838 42994 28516 39040 40917 18293 898 41793 26046 8181 44391 9167 1044 30103 18932 16710 32137 35076 30099 8010 9089 43265 36398 
40504 27488 157 6809 33790 9179 44313 38529 34016 6721 14485 45029 19611 32777 45927 33377 30797 1548 25208 11937 27124 2751 30868 15808 6861 13384 45906 14870 47006 36611 51268 34950 11539 51424 13732 17302 8043 30018 27804 14033 8712 14263 6502 28323 19013 24402 9140 49809 25950 6322 9186 25047 33605 12028 40854 40466 49944 34200 27309 
16364 42784 26017 51314 26296 49415 37019 15571 29431 39011 43375 15437 47722 29611 46472 23485 48623 18314 4599 17847 16237 10920 51565 41284 44524 11033 1552 4404 8418 7726 31713 24781 50509 29703 48068 48779 51091 4502 11790 52496 43512 27138 15373 10648 4189 9285 34133 24786 27599 10705 42632 43835 21624 41637 4533 38121 24644 6085 42525 
5035 38343 46211 1789 36292 23354 21831 4485 21886 26332 16275 21822 17284 15386 9168 52464 19575 18453 6011 16334 18025 16715 6406 9300 10312 20016 38366 48433 16633 16424 10372 21667 2207 4023 47989 10472 27376 17260 14957 21235 43591 3205 15030 32848 18590 24198 32752 38164 14624 38763 1938 32648 2918 32876 13921 37763 24866 52286 33636 
41498 40683 44007 35139 42889 48029 30568 802 47378 47827 15758 40587 38858 18962 3057 43679 9525 51787 23871 47689 38384 10074 21600 18472 37525 26450 4367 22728 51315 28626 28337 12227 16750 44317 47365 7079 11760 25373 32413 31111 20640 20144 19138 31471 11079 46728 22590 20604 17929 46461 40266 3754 28508 33839 46758 38006 7729 51124 32707 
