16 25 14
36702 10837 58066 57977 33720 45419 41161 28771 54155 23736 25348 50344 51515 17962 59216 53447 26203 21541 44681 57970 28828 27443 684 13019 39537 
29149 49985 24791 13900 13213 26797 7960 41901 42221 5443 15127 44998 46603 43897 38659 9846 26603 28510 18719 44565 45084 11672 28126 23983 13712 
43454 10170 59006 44137 41040 38049 30644 30531 20198 44543 1102 46994 9861 43002 28721 15304 15487 31077 19265 59384 9243 46962 43345 55604 23039 
45268 58046 52563 12900 21536 5781 13713 49557 4293 15208 30103 42341 45852 141 2046 47753 19094 6398 57614 1603 52971 30276 17089 23554 49540 
33831 32796 53861 16683 27906 16406 1457 25459 8475 32209 4353 14255 3280 53909 36399 18487 23518 18247 3845 41510 38144 51598 17963 44541 6077 
37417 37018 36352 11864 17931 43250 45695 50726 36617 19736 35991 10382 39044 18808 18856 28611 23160 50963 31890 34427 26868 50377 15303 2473 11580 
14172 40616 2684 32134 42516 26612 9057 19040 2470 20920 36970 3079 23973 45055 39695 43708 38404 50076 22259 57211 26291 8228 37729 16760 40118 
11662 986 30001 44816 3459 41580 58987 44074 1623 30627 26096 28234 57535 2495 48556 17962 57316 51634 41934 59729 48687 43001 37639 38270 22618 
34356 21919 30845 11591 56530 10469 41104 57515 58321 25427 480 39408 41772 1913 41030 29758 45860 26622 26799 5713 32536 2119 2536 23676 1412 
19623 11870 44412 57262 7498 24388 31124 47268 55232 74 43304 23060 59029 40325 20887 23962 58657 60294 23093 17928 58682 52850 3294 42663 19155 
9007 14705 21274 29394 38381 40537 49016 7609 24455 45784 32958 48842 34267 19732 939 52192 20394 23998 50727 225 44885 32048 16240 2044 55140 
34167 233 47496 55313 254 24009 3826 14958 2641 51071 10697 43177 57445 36157 24990 95 26473 13338 52213 3563 32129 43911 23956 56126 34144 
42033 40517 5698 58272 60413 344 31946 18004 5198 26765 18257 29207 48442 33214 49699 56871 1270 32383 11181 37426 57372 11275 3406 28069 20846 
6968 60197 4263 30924 13188 38407 12463 11064 1463 28093 10983 19659 17397 28986 24856 1520 47242 11421 7320 37814 627 21549 39083 50861 32730 
16016 5098 1363 37273 51018 22209 44240 8080 26471 32522 21268 22236 2343 32331 23699 30436 43313 43357 5191 29657 25571 24563 34257 36992 31882 
11577 55470 53431 50660 45837 25667 24034 8293 44881 813 59311 6596 2411 6897 33067 34933 46016 12661 55127 17853 36359 42921 18524 37074 48112 
