59 13 8
53811 983 22203 44298 24359 50390 18391 44662 36263 33138 36919 77134 437 
70701 25143 1734 24467 60287 9709 51539 48296 32155 949 34324 57006 27540 
38964 44456 52806 55425 30766 28790 25577 22138 42258 49936 41698 60648 16771 
134 62955 22859 46437 32561 15734 40749 34294 40200 70205 44003 60908 40674 
76157 61856 44167 24506 58565 5305 38131 33544 29899 68896 31504 55476 60203 
42931 27585 24074 25752 13525 71203 57876 36384 39814 12610 21287 49732 46903 
30656 42111 60075 13737 51954 27575 75593 18295 52080 56331 23599 12384 59045 
22667 50449 59718 316 32826 24822 74896 56899 19743 57591 50276 77618 63144 
59259 12401 6604 334 28473 37259 11614 57718 20165 63568 7466 17931 51032 
28716 43432 43800 41099 24650 66466 60718 53537 35952 62713 47528 2191 41785 
67270 59781 61230 36231 45098 11832 17801 20871 12166 46273 27299 23779 73160 
47464 56516 2800 34564 29721 31515 169 73520 41783 71814 62160 24674 47524 
67281 56556 17225 69471 20515 53664 20596 50914 12068 34863 62746 29868 55734 
44081 45311 52202 37029 40644 21839 15719 12613 56403 45439 44127 25741 10303 
55080 19729 41632 1927 36422 31086 27653 53647 69726 48167 76480 12495 68250 
10722 47358 22339 40589 72261 35589 55069 46636 72618 17887 37645 10510 30499 
16221 25118 43796 41961 4590 21049 30859 46221 69971 67281 46476 19797 43101 
38376 37133 10924 20040 74553 21645 67397 19065 31404 31001 54654 8646 77637 
49445 73528 37455 29124 73197 22845 23411 8336 33975 74997 29384 64834 12561 
68524 54288 59037 57491 66558 66582 16797 77481 55791 13523 21300 14532 1758 
21873 45532 25581 77514 45342 44195 73216 51966 73318 37756 74810 65898 46091 
30959 63068 44644 17966 75629 4511 72253 26009 62001 30154 61760 47968 29808 
39724 61490 20277 54255 32417 42149 21961 57997 41837 36472 24365 6396 10612 
66852 44151 54591 24094 59411 7723 56331 73224 72684 54133 77734 36280 49311 
61909 66433 33244 32050 18415 72968 62709 38691 18566 17300 50010 40526 44466 
14020 46168 68831 67411 56779 27026 33735 33543 51119 62315 10436 29624 57712 
5293 52926 57619 41573 24411 41701 30179 26824 42920 17763 68961 27803 25624 
9701 14272 75633 19396 58737 58822 34733 18911 48406 13685 45937 51310 16398 
19229 35798 73829 18022 62679 1295 70948 42471 12037 64528 53342 11386 13525 
18435 29148 51656 15407 54771 30526 29678 21747 19091 57585 2742 53824 76495 
20317 36678 44605 71626 22245 33004 76593 18247 51025 61445 66538 13316 73086 
748 17 48601 12133 60538 36205 10451 34367 51612 65221 34062 50459 56138 
53152 30217 28049 29149 28886 48366 65827 42660 11335 57241 75663 57098 75488 
18032 40716 64199 31347 5145 64946 31364 53745 46249 61071 59120 56699 64607 
2075 13263 20842 52533 69400 73993 51920 66619 72312 49975 37158 29482 14808 
17662 8896 12645 74759 6557 77672 6819 39925 31192 11963 27045 31725 34878 
42463 14969 16171 21335 1749 18245 34597 22590 39947 73167 65753 61036 61959 
29408 33184 68286 58889 47992 8121 36954 29806 52050 12681 29651 58868 52605 
30012 70830 48819 61737 27881 13455 76705 13221 34789 47624 635 38556 39383 
9752 3066 27309 70787 65024 25886 26145 55483 6948 74136 32773 13072 73111 
6996 25752 24935 35033 530 54946 28037 18519 8026 25087 31973 6905 38308 
35932 54528 8112 43657 16084 17863 46722 12563 10824 33919 38448 6138 58571 
14566 49443 60513 74633 44727 36679 22558 38831 71711 70083 62946 21921 10775 
70972 16178 11918 47046 23655 47849 70743 31766 13679 55996 18799 29570 37728 
76618 63488 45346 4929 13402 29081 54371 43084 25887 68267 1936 17614 76267 
73647 9870 30556 64737 67641 70697 50084 48728 39916 73738 18750 2002 74674 
1598 57998 15646 31167 17899 14437 63824 32414 19365 46395 61494 42905 11652 
9554 2515 60584 74163 955 56404 6207 31510 12484 43017 24381 62568 13918 
33466 27649 1837 35468 24496 50430 62635 40141 50766 49703 54577 5933 4291 
43111 52327 65784 8189 33148 44508 57699 15905 40844 58653 41478 16220 59333 
23132 28406 5887 7873 11493 8522 35521 13329 43989 60017 32928 75793 69327 
5867 47670 46078 11799 51960 58358 33295 9087 35717 35613 22764 15589 51517 
63608 74242 62165 48997 24918 7470 77403 30804 62338 11069 8495 20032 71394 
52484 49218 26495 50450 40719 1532 67289 55966 13330 41422 36497 15795 19679 
41383 51407 42442 56972 72093 75219 22557 25601 15560 47474 33070 62132 451 
64577 42370 55941 6783 35937 30598 25170 31602 50218 35058 33133 39680 60193 
15632 50272 65860 596 39120 29416 21172 3735 8561 15439 48124 31117 10209 
63683 764 43279 47988 48210 30029 12531 26325 5981 17638 26092 321 49239 
45479 4548 51541 54329 64741 67172 73770 21944 67768 35063 51359 11113 7967 
