16 93 14
7618 6120 3381 7435 9383 10968 10581 16568 9539 6753 13053 1094 4159 11359 330 11705 15432 6680 2603 5775 11568 16136 4272 13170 9190 3891 11598 859 2124 12084 17041 9741 716 2934 7076 17485 3802 169 16566 13340 14308 2031 4333 8366 3289 12049 2583 1233 1242 5185 7007 2709 3833 1178 15878 2922 5068 17375 11168 7192 1871 10721 6832 9973 3554 3807 9970 7355 3976 16435 3207 796 978 14927 9162 4266 9488 11744 5498 629 6829 2404 3337 10661 3582 9114 13583 16036 9001 14650 13127 10871 7883 
2472 3356 11436 13665 3226 1304 153 2173 11897 8336 10538 16723 7397 14803 8724 9040 10201 16739 15868 2504 2589 16429 13472 1602 2424 12021 10603 17073 7660 11373 7468 31 14729 8803 13696 7854 6 3748 10026 1803 12083 10463 1038 9379 15166 17148 932 7879 6300 6699 282 8888 5640 13754 10489 15450 15674 10991 15035 5846 4877 12402 13264 9505 3718 9472 17358 11110 3119 17283 12912 5102 10259 3850 14480 7937 3510 5311 5715 9809 12010 13383 8596 7549 17036 8985 12899 15222 9875 10446 10968 14751 12748 
6744 14155 6365 6115 14025 17474 16620 13821 2799 4234 13979 6648 1227 11815 57 6537 7429 9866 8446 3324 8361 5895 2873 7245 1306 607 17120 1651 1474 4283 4298 8217 951 10662 4231 14975 10649 3364 1208 13447 7597 5086 9994 16210 16900 10050 12647 6841 9815 10992 65 689 16886 2937 15320 8091 10930 14952 17129 12404 1748 3939 10520 10085 14601 4651 14959 15149 15401 6067 1008 5510 11152 11001 11620 465 3563 14166 14692 3278 7670 14756 3966 14456 7592 1798 5059 8422 6650 12087 3338 15784 16026 
3757 8381 3039 8407 13239 700 6320 1818 9094 1730 2870 2607 3249 3334 13556 17414 7925 16833 7596 5194 10698 4564 2685 2396 17010 11106 9045 11609 4343 7341 47 8100 5621 3085 6406 1372 11171 2626 3190 2777 11742 13446 5383 14990 16779 8839 4816 7216 15571 12411 2309 8782 6875 4994 1077 13784 16099 10121 15292 10342 7361 5239 954 12981 8323 7359 4252 2007 17371 14828 4783 11625 10786 66 16514 10077 16291 3842 7193 14374 6153 9501 13055 2927 4394 14131 16710 10393 14151 4414 3247 4024 9652 
11587 6904 7875 1458 11156 9881 8729 8496 4563 2866 9182 12015 9280 1771 10818 13121 16350 15092 1786 15751 559 12099 2657 14690 11321 13049 11353 5635 6195 5277 15286 294 12180 5673 9139 13235 5453 380 11631 17403 10632 3325 11930 2424 12482 12648 5445 11345 10252 7230 9608 10810 9229 2164 15399 3062 5113 16652 16083 11307 4441 3782 11601 6520 16841 3252 2268 4807 11018 13898 12109 11549 17222 6551 13973 12216 1711 1930 13460 11962 16546 5580 12672 8287 7744 10583 1249 12856 9747 17331 14062 4087 3625 
8175 10607 10366 1326 12874 15172 2243 16671 9793 13792 16405 6243 177 1033 15341 9493 14493 17202 8551 9972 12386 6738 7615 12869 15373 2983 5128 5116 6945 9215 16128 5019 9721 9006 6345 5107 14077 15974 11677 13769 12278 494 2524 2354 1526 377 11846 5918 92 10297 15890 2377 17034 6017 15245 4819 16387 10273 9934 5844 9387 8574 10862 1620 92 7106 14113 4068 12980 8302 349 15157 8795 2873 24 220 10636 11869 6138 627 4678 11927 10391 11611 456 8148 16429 6742 8320 16263 12585 219 14736 
13347 1838 14828 10352 15950 8795 5844 14151 9144 3514 5458 12016 3537 13065 12551 5305 1715 3078 17370 13641 13468 11493 3996 4128 335 10738 12448 16597 13222 2566 13845 16468 4404 1085 9333 10253 9880 15176 6917 1536 8589 2274 3451 2025 15338 5901 7330 6952 8978 7212 10492 4958 8604 14488 16473 8938 15125 1333 15434 10859 3898 1692 9840 15688 2776 9072 8454 2555 14147 5270 11477 5249 14930 4827 7273 2681 628 4502 9632 9605 11713 2637 4463 2830 7024 3448 1667 4661 12167 7001 15519 16064 8692 
15258 14265 1367 6842 12618 11309 3502 400 5298 16137 5229 25 13309 7909 652 324 54 156 1936 10077 4618 12152 17100 15452 3719 11660 10131 10719 9691 16095 1923 14849 2772 3289 11590 15389 14597 4991 5688 9795 3640 10916 9819 6849 8725 370 7172 8778 525 16494 8754 5143 11159 15753 10494 14877 9925 3138 15495 9515 9132 17417 14263 11903 10605 8366 17191 7715 13356 12778 7409 6896 6206 7127 13744 4830 7496 3428 13607 8020 9821 12260 3062 3492 425 13556 8268 249 6593 6275 9764 15724 13591 
13926 39 6709 4804 17229 4323 8060 2419 11731 14955 16011 1370 11211 3354 16252 4538 16960 6784 14358 1633 17233 7750 2057 13301 5917 2306 9793 2092 1969 15416 15682 5794 15454 12290 10598 5095 16612 8557 7513 755 6024 6036 9511 17234 9389 8275 11671 16249 4959 8541 7781 4704 16290 17224 7904 12107 9429 7596 14198 1297 5524 2292 7091 10877 14582 7588 15971 3606 16144 13383 4361 4680 1931 3771 11813 1220 12046 5996 7368 6904 4436 15148 1507 10626 14884 16797 5245 6826 6905 9342 8122 12428 11633 
15212 5817 8727 5312 11687 12333 11355 7582 6593 16034 16899 10363 259 631 12308 13641 7998 1724 590 13045 10617 1115 10442 9926 13746 17267 16830 5600 15288 1670 17232 13013 14873 8472 8224 16459 3317 2092 6553 17296 8025 13352 10171 8284 3882 12379 4437 1780 14102 12413 14824 14619 3427 15165 7057 17172 14944 13787 5284 2645 5356 5029 15657 2742 13500 13780 1713 6716 15871 15653 13911 6409 1417 6594 4592 5298 1485 16415 7077 5487 1241 11801 10005 4667 9478 17061 4352 14322 3260 17022 16966 8616 4563 
5035 1257 7962 1327 10356 4577 17198 15908 1000 13506 17324 14981 7997 5135 6365 6924 2111 1751 15551 3811 11755 2731 13289 11329 14469 23 4488 14003 16988 13103 1079 4535 4259 16427 5861 14615 3517 12958 13035 4516 16363 12872 9396 6872 7906 15761 3696 17403 24 1759 3727 11779 4489 6915 13007 8857 6937 7 5373 6437 3010 13838 871 7268 12777 6731 11782 16293 9589 7330 10709 8464 10101 2617 15336 519 890 8931 7821 8301 10689 1447 2592 5078 8361 5498 13934 5197 5504 9206 11633 15900 5556 
12503 5681 846 9134 17462 7038 1235 14691 7646 17085 7304 10263 4833 15209 1052 13763 12930 9352 6965 14376 1843 1942 5250 7340 5775 10446 2744 14981 11979 1156 3049 14381 14223 11281 13414 4098 832 4548 1301 15864 4146 15992 8639 8978 13713 17078 5254 9155 16329 2118 13431 8072 11446 1193 15411 17220 1538 8054 14713 3416 9210 7662 7697 5945 1455 3623 17429 9673 8171 1243 8050 12316 17234 6588 11193 3359 6178 6346 2414 12407 15850 15844 2991 9808 6936 8301 9541 15860 16355 6766 1789 15464 4327 
9485 11308 5782 3007 11250 15454 11177 2392 6016 13392 9525 2504 7098 12883 8681 13443 5196 10987 11806 3552 3877 11513 387 12178 3566 16247 945 232 7935 6308 4558 7319 128 239 10325 1277 15693 4015 3668 11608 7306 13192 14111 14403 15975 12692 259 3683 13578 1964 14622 17455 13476 15008 2045 6942 3667 10376 7173 1501 16683 1630 8819 6710 1869 1657 15374 7461 13058 1554 8968 2876 4646 12979 7179 10520 8183 14824 4102 11660 16787 1236 11627 2675 6144 13671 9616 17197 13946 6688 1211 13141 8318 
10029 2364 86 1585 7637 7546 4542 9190 16513 14805 3735 12004 11883 4154 10086 9219 8256 4259 15905 16878 5785 1092 5534 9356 10708 12631 5814 17395 13841 1468 8225 13769 11218 8310 5254 1367 5755 17182 456 12168 4399 11578 6684 16281 15731 6670 8012 13886 828 6429 13277 6612 14908 8710 15967 8128 3853 4294 8035 7593 13148 6160 11262 14265 4369 16515 5531 10124 6109 13373 12191 10508 7463 8774 9301 13094 15443 7213 9492 16270 3541 12668 5395 961 11278 11261 9088 5030 5454 7023 12623 1114 13182 
6397 5278 7450 12811 10808 7473 1432 6694 2176 11939 14156 10950 11140 17149 8905 865 16541 15075 11792 11721 10369 12753 5511 4142 11740 441 9596 8662 13063 10709 11743 9359 15987 1706 12069 16694 9178 3400 5900 1254 15339 9956 12203 16378 9617 11007 7142 16057 8594 1446 10291 8862 4098 5701 13004 5738 6141 5112 14399 9103 5720 8655 8361 11606 10360 2942 10813 9437 6342 6612 10690 11580 6467 12792 10470 16084 13699 7511 14653 12192 8956 14843 3567 2954 10444 16570 8691 6484 11581 12989 15587 7200 4156 
13847 8706 4415 16789 9418 3752 13030 16029 4341 7122 5009 7033 7491 10992 3244 15001 15544 15435 13856 2800 8901 6709 13243 7983 15399 9626 9463 801 7725 16663 4956 4085 7881 16758 10773 7198 10409 6315 5739 14749 3336 647 4294 10826 11638 7537 15726 17082 12872 1994 2394 4285 8703 5536 2168 14001 15161 11630 14801 12786 705 9657 6770 15972 16314 55 5682 9235 13756 1321 6496 17091 1967 690 329 3505 8226 5954 3099 10997 7947 12879 15282 6549 927 17449 10450 5987 1491 15150 1285 9583 14706 
