29 13 2
3346 15198 50755 20844 67214 56321 30980 1184 29064 39767 34100 10804 49863 
64513 56813 59471 12221 9783 42290 69794 51389 69115 58665 18692 67103 47742 
25895 37249 57091 56247 16377 60437 28186 23872 38021 52140 36933 69000 53323 
22738 65507 44163 33541 45029 38334 47094 34158 50555 13617 6106 6748 21746 
31962 22153 40438 28723 69895 66332 22712 13385 8978 66170 30562 64245 46783 
68582 46043 13374 23981 29024 36111 19147 29928 26393 64175 68261 30227 55073 
5215 43844 61179 11962 22330 49881 34115 62767 35344 60750 15498 58056 30875 
51558 53884 18178 45461 57407 16418 48245 27522 67481 34009 63632 16286 63936 
46765 10119 61856 6651 65191 67070 7235 12769 35773 56646 19390 26628 49072 
54734 44118 21310 42448 4651 29608 53072 22828 4728 67220 66328 9713 24400 
63467 43721 44772 9411 37316 21196 46611 55912 54928 68542 9381 18903 10970 
1894 5207 57441 28521 11019 41833 2297 59411 41021 6948 18677 50834 56857 
50486 47712 52843 60198 1770 2709 60660 46541 12119 54716 24477 58729 67368 
9063 13671 6407 55047 51722 8301 16995 38821 63903 28013 37395 66200 44164 
8074 29888 62841 58907 43485 70067 63359 25987 16665 65128 55777 6983 68410 
67896 18439 22545 13024 15465 58690 26694 21871 136 8074 57253 17130 3636 
7556 1884 41030 30496 46047 49103 60383 65628 64751 60608 22095 14509 16253 
38759 36378 1689 2482 34446 26325 20920 13731 66430 36384 29161 49865 14995 
29297 57938 28989 46426 18314 36544 5050 59343 67039 7838 65187 13821 30206 
16337 4087 52300 30845 47422 47799 67222 5851 50280 58408 59257 858 1798 
55345 64323 30958 34868 36059 16995 49547 65047 20162 24601 58331 25211 13603 
11769 60130 35530 52671 19995 8607 13498 29035 39451 17660 6493 63414 23510 
56772 51480 39507 14371 10018 51593 8352 68058 43201 1151 14711 49488 66197 
34872 3748 10927 60083 44432 49777 49871 36702 32106 26606 45308 45604 55641 
41499 63263 62133 61653 43514 5304 69874 39761 19674 9550 21012 55108 7266 
20954 56258 21977 100 8855 13589 30929 46863 3330 5019 26299 9942 41720 
58404 63629 43768 60748 48928 14926 10411 67801 6237 10665 2764 5769 50425 
49519 42401 28178 34285 6407 49131 47284 55465 49230 12879 69054 9818 59741 
29124 41918 42780 39065 40379 57925 59435 13805 48331 38021 55812 15482 35481 
