92 24 21
2956 20509 6572 29328 22046 20702 28776 16019 12558 23200 31877 13651 3754 4122 16179 8645 7663 16829 30989 15370 13474 24550 8780 23777 
16794 20459 21662 12526 12109 9594 10328 15064 30102 25921 10894 18650 13125 6173 10193 25683 4897 8572 14858 17672 21715 31036 26316 29377 
23389 23808 11250 3365 23882 29051 2667 16200 16013 24328 28725 3646 424 5556 18709 6051 7001 29602 225 20126 11299 19440 12311 16196 
28011 2693 370 16229 9253 2211 21130 32641 1543 7904 11531 25424 3458 14197 8126 28492 14049 12375 32137 23494 26952 26370 29544 456 
22474 5294 20581 9298 24733 8416 1018 28268 11108 10409 10999 20360 21641 7654 28525 23183 15557 6558 24131 28036 29776 7781 23030 10327 
20156 30691 324 13610 23563 5392 14065 21562 19707 10170 6384 10942 27607 7401 14735 5217 26831 1258 1101 14975 8911 5151 13682 24468 
11708 4316 19006 7987 12096 17561 18313 7776 23776 27658 21386 22864 8575 10975 19950 28281 21145 26333 14748 24276 9258 29482 5018 2591 
30739 15140 26587 15175 20290 6772 6145 31998 11087 675 6487 32204 27257 324 6483 26558 3507 3393 15924 12081 14367 2376 15886 11036 
4233 6158 10837 13490 11164 15854 25102 8406 30993 18192 32602 17786 488 14271 16286 20596 14945 31794 19302 17727 32117 1309 10787 11148 
13723 2235 32250 28090 4610 14639 14650 17864 29818 1011 31353 7485 16864 31979 24912 14360 25695 24016 32145 26182 4789 23955 13280 28755 
22251 8107 22006 29892 9415 32792 7543 23138 10551 15317 26752 24182 5480 16926 8548 1801 17937 15425 9285 10325 13907 9721 24684 15126 
239 32353 7811 14049 22810 30112 18328 20585 4721 6837 16980 23158 15153 47 21820 25704 15363 24096 16388 29865 7524 24936 31665 985 
6863 16474 11310 29791 26194 11518 11420 1957 10374 28252 25027 8708 391 9857 29293 5112 16693 21797 3794 31846 21843 25613 24052 12730 
16211 15964 9097 32756 7402 16286 244 23287 8284 20575 28602 10002 32092 15546 11958 17990 19322 12509 26698 19713 22366 31515 349 14583 
19814 4142 12931 17181 29754 12507 5435 21489 28471 23554 20747 11397 6342 30012 10208 23648 17089 5313 152 24706 29880 21132 18220 15705 
143 20442 1920 31530 18459 2268 12616 4775 15431 1071 30977 11687 22600 2915 33175 17573 26468 29446 4494 8334 25961 14702 31981 18574 
29036 7658 9782 25418 28789 3527 16647 28931 23968 18566 2489 8930 29855 15104 22726 11788 16174 29228 32496 14298 32142 7698 7395 637 
3647 11889 17992 29607 2115 25498 14683 6675 33155 33487 7617 28446 12538 24264 32901 3008 18354 1892 20959 14712 26017 19210 2024 17716 
14940 1023 32013 22606 17742 5911 32264 21388 17799 16758 17497 28935 8758 7705 2112 17437 7694 9728 21407 20231 9516 20811 32260 27870 
31724 19722 18106 24244 14456 20129 8462 29395 30173 6977 27525 14418 12887 26291 11330 6210 9551 28827 10669 27331 3034 21802 20292 19749 
31530 8202 15504 16570 4537 23288 10942 2763 18534 29047 2531 32989 24701 10992 4411 30398 26991 31935 20340 15402 253 31670 30634 18826 
2524 7805 21681 14579 29607 8475 9852 3164 25698 25355 19733 30234 15145 30675 8522 9204 1749 11052 8695 1974 31066 13106 32372 24559 
20565 28236 15485 20818 1933 12621 15168 4456 20426 3351 19034 25557 11825 4410 28720 4026 5289 23977 9784 29456 21154 18305 5162 31925 
29357 13856 401 2450 2486 8297 27008 32073 3036 8995 28415 13990 30638 10085 18446 17566 13435 13004 18647 784 17414 13869 4809 22702 
4348 23615 18660 1027 8422 23821 8476 13303 13202 8876 15752 15687 26195 9262 23284 4755 27279 18201 18744 24419 3810 3692 17509 17244 
25718 2658 27050 9634 25548 7383 7860 5420 30997 2045 6446 5922 25865 14921 28246 14591 32819 10501 5803 1041 28784 29086 5795 31587 
22812 24538 22508 26621 3755 15541 19390 29472 18198 12942 14630 10248 29346 31511 24690 26846 58 31135 8292 1448 21581 3040 16038 29924 
13540 30862 30964 8827 26451 3261 6916 24787 3323 4949 26932 16099 20489 12824 12073 14212 1290 2227 33481 30636 9263 24673 33006 9320 
31333 7800 19789 19416 10839 11352 24864 24379 8716 22330 8730 10691 1115 24667 11002 4437 5140 4437 29558 1154 26282 17155 15365 3097 
19382 24370 235 4169 24568 33240 22510 22403 16564 8802 17343 27402 29175 8709 27305 13415 6563 11559 24106 16699 11751 10632 21135 16890 
15068 17195 18043 16875 9875 8932 19971 29256 8827 29227 8949 33394 4494 31458 31321 21057 6762 15166 14961 11461 32896 17791 24876 14983 
29349 24506 31681 16624 1640 28340 17 25730 21060 27081 9107 30934 11538 29077 2217 20364 24806 11165 20260 29299 9125 18083 16858 15887 
8773 7343 27347 17193 658 27747 32175 5532 18755 30358 22155 20395 25200 22171 12627 12762 24777 21733 10198 2817 26334 12414 23180 17642 
23578 18964 22465 8228 3549 5825 33136 21343 22189 2510 5038 22847 30257 3715 28378 15514 9597 17035 2411 1299 14731 24059 23083 6010 
21316 8805 17848 14152 30241 7530 7318 29343 26493 29782 4073 5566 11131 3711 2433 33320 6221 7470 22669 2980 20206 26571 18493 29802 
19130 29926 6625 363 29509 5232 15394 17328 14037 33241 31479 19802 16295 14322 15647 9290 10606 19720 23877 21737 32452 26309 21559 5175 
9303 19752 8154 5033 12825 2172 1337 7479 7622 16984 7842 3633 22215 32257 20960 11776 7526 27964 31577 23820 8788 22749 8635 19393 
8971 32511 16654 7925 848 4715 22122 10150 33488 5800 15183 21837 16993 25541 29316 24614 18049 12682 28247 15789 11441 24731 27564 18966 
28219 1169 9289 3509 23917 26945 31924 8412 25958 15080 25358 2330 28817 13982 21502 4332 19782 12209 26169 3277 13274 31009 3416 31323 
10193 7187 13614 30655 31917 16702 25146 26639 26892 9959 5672 17311 3406 4098 1247 29363 28200 26605 7218 32541 16111 28719 3375 11417 
7430 5068 14694 29725 2579 27131 27550 21793 820 16688 18951 8261 33390 10599 1402 2309 20557 16096 28642 23962 29215 29888 28849 23917 
32017 11591 31982 14631 6812 1860 26047 23263 15949 16265 19491 18528 9898 22565 15845 19739 5756 1298 28000 14670 20918 4926 16978 16999 
21021 21144 16485 16739 17535 11837 16180 16054 32449 14665 6209 5764 25546 32256 4551 7997 15023 33063 2049 446 22131 17894 20184 3411 
28213 14686 27102 15634 19612 19604 8157 7135 7251 24642 32895 24785 12003 15578 16363 10954 5767 22572 25739 6837 21330 30290 14833 11877 
29855 16882 21344 27510 10300 8031 30920 5015 31738 24524 29670 17852 10631 4330 512 26903 4496 33406 18190 16498 24508 10077 27451 5799 
32648 19693 12635 29502 25507 2993 16904 30886 28896 4750 24899 5698 21802 31343 19734 20043 31392 24929 4397 17547 29258 13930 10952 256 
22861 4666 25775 13871 14742 28750 28692 22915 14945 7829 18919 15976 19843 11347 13365 15241 25119 4766 20938 13423 2611 16197 33465 505 
7628 13387 18051 12410 27316 4527 21687 16679 9192 13964 6075 23934 9216 1269 13351 33183 18119 7794 15661 4465 28163 29025 19705 19784 
293 16168 33206 11926 7889 33174 21452 15516 13063 15028 27925 6881 19554 25136 32582 28746 5602 5159 28204 23839 6427 8057 23524 70 
24872 5688 13556 19537 10237 8786 5823 19552 478 5532 31477 8366 14230 28453 23881 2817 9983 27330 9697 5062 18968 17803 310 94 
22961 4038 23932 4912 12094 13959 4982 12490 28668 27559 32027 14429 2847 13374 483 3324 27927 7484 20711 8659 2440 20116 11475 12422 
13948 30194 26505 8440 14499 2339 8533 12985 6376 7990 17896 27491 30970 31899 6484 1665 25961 14035 16093 4332 27408 16576 7656 21838 
24059 3891 6021 2023 24007 17496 23467 4457 23214 16474 21919 13237 18813 5976 26221 25188 13965 10620 19182 11437 9021 1190 22123 10506 
15224 4719 14838 18156 30316 31515 15518 20877 1908 21539 22900 25914 14559 12869 5896 13297 4867 27814 26533 23679 9314 19257 24392 23279 
5401 10076 10240 23443 20287 32363 452 2013 12606 15289 29190 9424 22328 11211 5825 24235 32749 4249 25674 22832 17117 31569 2631 31006 
1410 29163 21187 10723 23944 12081 504 29344 31178 19766 19290 17967 27653 19741 29001 6761 10554 24694 16184 8406 11429 31030 32640 10680 
1782 24816 9036 27920 31909 11666 25428 33318 16353 13118 19566 6800 723 29091 2646 31901 15359 30957 16370 9514 26222 20896 25296 12300 
12092 17004 20705 23520 14537 28870 9724 16318 29210 27781 10740 27622 5949 2671 2967 22301 24810 22532 4625 25532 18126 16293 23935 9009 
13752 15830 18523 6477 3228 19343 18776 24341 11872 5984 23385 26408 1356 8633 18250 6090 2916 4514 214 17886 16206 3181 15711 7518 
1237 20336 8575 19362 3131 32509 28371 25904 23863 22418 32380 2615 17285 26681 2480 29156 8189 25864 22066 18566 999 15840 24655 12936 
20354 24869 30821 3062 3574 22057 19602 13832 8895 28176 33194 21047 2712 3592 13453 26575 1534 12336 4714 18818 14541 7194 14477 22729 
33057 12067 7797 9581 3432 32451 31538 23785 32844 4387 2371 11942 26443 21972 25774 1840 25672 995 31908 28384 4586 11863 30483 6119 
33220 1699 461 14263 8892 23959 3494 17474 2529 20312 2579 14982 28288 619 5269 27634 5005 16661 15101 6972 14158 7377 8811 6332 
8371 7221 1218 21978 28106 7225 3621 27828 8924 4081 17616 26837 28040 21109 19835 6093 16946 22413 21074 11736 32054 1867 14894 12583 
27549 5519 19555 8209 12895 3890 14541 30287 20133 24780 27789 23763 32005 31409 18093 16453 11015 2211 18814 14579 32342 5152 29693 24812 
3089 26291 12072 10667 3682 26965 23250 31230 8009 18329 5942 29925 31240 29504 26715 26897 20786 30028 17162 28315 3465 1758 11270 23501 
12990 5609 4582 20856 10760 9799 12170 22870 2592 24241 40 6273 26731 32311 4005 1242 26164 18968 31166 23906 14974 33405 17306 2263 
5461 970 6102 8925 11749 26394 32425 264 32002 12531 30141 18286 22329 8814 7658 445 8579 16719 15739 10834 24554 28765 21097 17220 
14236 27788 16651 29209 27695 459 6996 8680 10450 13098 17604 31221 15016 25553 7009 13520 13608 3652 31805 11461 21487 14987 20927 30066 
7231 3168 16424 31784 31933 4024 15507 12671 31811 7682 17404 1533 8140 33422 10213 27611 13022 3341 859 28037 4419 7867 17081 18026 
20541 24410 29487 8530 14921 25938 14120 22151 29106 30544 29460 27541 10092 20491 15736 8405 28172 8664 18959 2814 8588 29171 5949 30631 
8037 6808 25170 12455 23696 17775 6005 10739 8687 11016 28291 23608 3457 8913 21283 32562 14981 17245 2130 25072 4238 26887 9001 32409 
2053 27960 10747 10641 32655 16696 7774 7194 32525 8469 28670 31745 26243 1178 18009 10455 12193 12802 9587 15649 21714 30869 23735 3198 
14617 25864 3794 18854 19253 12795 17766 21306 16279 28512 7471 15436 20732 15244 31652 19759 32734 2349 27029 1005 3526 11540 11459 24741 
24341 30067 6892 12557 27438 6152 24776 8557 32015 4095 27411 26793 16889 20701 14601 33167 24737 31093 24127 11972 21861 31303 7255 21098 
155 786 31124 3680 12325 18107 3945 12190 14676 19859 24747 8616 26010 25047 26195 24527 29141 20108 17822 21554 16333 7947 30245 7572 
5542 20875 28565 27403 27702 2323 24025 27856 12130 21651 7061 33477 15282 11005 12169 29957 30863 12440 14097 23375 13012 6794 23427 8655 
2426 16773 5734 18758 24720 2481 1855 5786 32377 30419 8713 26582 8266 32737 29962 29418 29912 12547 29397 11696 23552 17090 17177 29939 
29530 31274 28839 9044 4570 27790 26720 6996 11065 32453 1278 11309 10459 3132 26117 9338 9076 1332 11444 26363 9594 16931 22283 15030 
29477 27204 2251 28553 10797 19427 24995 6829 26225 29358 24894 30795 23650 18116 13315 10239 26094 14592 30570 3055 17724 23189 21414 26799 
45 32858 28686 18660 25313 17472 9215 21292 11178 11465 16348 30996 6416 16867 13349 8166 21749 4745 5463 20923 22861 27799 31161 15457 
8893 3758 18511 2141 2471 15449 28939 2516 23831 33150 30197 15646 17124 5914 3441 3826 26400 28810 1325 8341 21201 14673 16506 9452 
19418 30990 30374 17803 25291 3562 8784 686 7320 27294 11849 9790 18267 7290 21327 8601 6942 18027 24246 33087 32962 3211 12438 1390 
7545 13762 18752 28745 3959 1760 4699 32398 8274 10597 25725 67 14159 1011 9774 21478 3829 21622 31267 22096 4437 28119 30696 20400 
12648 21444 29012 21134 180 7952 31545 7724 30735 16799 2972 10218 27580 16692 9119 2356 27289 1346 11444 7950 11379 30240 29427 15207 
18364 2721 3805 31822 30839 1003 27747 19011 31469 32283 15670 31648 6737 13717 5874 12996 30516 8845 23213 24598 25537 32331 2479 28350 
9202 13922 2802 20580 10664 7753 2289 4553 10473 15116 2877 16837 16118 6148 11372 23111 4933 27041 21261 20691 7261 2660 189 13301 
20526 23402 13423 21587 31257 15901 16439 6961 29823 19240 3065 16011 26992 14376 20563 12990 29491 32462 5351 21133 5112 16722 10747 19067 
19288 7532 6260 2073 10191 6449 15373 30717 5375 4320 18806 3134 29243 1748 19117 1093 30009 22181 17103 32526 12081 4169 21040 17096 
12155 26390 4732 17266 18636 24500 11857 4426 32031 18117 6498 17747 90 30892 14966 5464 10737 9296 8597 6482 20065 3238 7574 16577 
944 201 24627 13024 4369 12169 30120 25545 14083 10376 9314 32718 1378 30192 12669 8933 14811 19166 2204 23922 25583 26191 29385 2822 
1990 13507 9303 22054 16744 25898 14155 26709 26098 5284 6236 5992 26474 11880 31536 7059 22255 16374 15302 32654 13069 3495 17111 3404 
