100 1 1
6382 
27798 
30471 
20265 
10095 
15826 
53867 
14817 
51591 
49535 
30782 
22477 
35621 
31780 
37990 
17174 
995 
38895 
34542 
27770 
43135 
44023 
18761 
23526 
35426 
41919 
24555 
41327 
39354 
21124 
5797 
45736 
48921 
17254 
46987 
40003 
14066 
45108 
54819 
9911 
19884 
29855 
32387 
36491 
42621 
51363 
53664 
43616 
15500 
13447 
52372 
39621 
38456 
15387 
7401 
18136 
38292 
31955 
40449 
21900 
53079 
27233 
48622 
27241 
44486 
20850 
48230 
2807 
46945 
47303 
49449 
47815 
2399 
26091 
28561 
45020 
2695 
7466 
13877 
54926 
20913 
10503 
38801 
40355 
6876 
27188 
2746 
26154 
3398 
24181 
29040 
37463 
51413 
2904 
45690 
40154 
23753 
38175 
23947 
14952 
