73 35 21
5631 5428 785 8294 5478 2214 1007 4823 2589 3445 377 1085 5697 7288 2842 7246 1740 2312 2600 3082 1931 4205 1314 7588 5168 8146 1650 3296 4344 7845 2868 1363 4660 8325 5716 
6197 6598 2783 2407 574 6227 2784 1658 7983 6131 559 6617 3931 2870 5276 3072 860 868 4385 8448 2095 8590 6157 5391 382 5390 4318 6416 6109 90 3519 3694 6687 2361 2160 
7261 4648 4943 4978 4018 7134 5537 2022 2452 8406 3358 5523 654 4225 5968 5161 2380 2005 2705 7770 2386 4154 8147 189 1651 8237 3708 5344 2371 2128 7503 1019 6775 8506 5997 
2181 7027 7593 262 5538 7386 3619 2448 4099 3904 8415 5319 6283 6480 8024 1500 253 3565 1034 442 5215 5330 209 6618 7701 2336 5509 4779 499 1462 6835 2679 8488 5815 7612 
1473 649 2619 3920 807 6522 8395 6126 4192 6262 1597 5691 6514 5161 2784 3015 6436 4174 3223 4441 7934 5559 6009 4100 2117 7470 6995 855 3405 257 8466 4877 905 2472 4857 
6384 5053 699 8569 632 6960 1553 2382 921 6713 1226 3936 596 5399 3218 1097 780 4836 7105 4879 6952 2023 7933 3866 1487 8190 3720 6364 5154 2251 7280 2925 7304 7978 2881 
3995 6325 4433 2437 3305 7206 3662 3300 3861 5120 6518 4957 5899 2741 8122 6837 5753 1532 6158 1006 7690 5735 4725 5441 6948 6976 168 1261 1727 8145 201 5721 1917 694 4217 
5222 3959 7878 8521 7819 445 2486 224 6343 5227 4405 628 2367 1996 6785 8044 1073 8579 4157 2574 6914 7192 2741 4234 4978 2274 495 2086 4190 5860 2363 5471 1206 6300 1440 
5084 6745 3925 1367 535 5211 5771 1162 7577 7766 4006 3069 227 32 7225 2800 3006 1864 1600 3299 6841 3873 3793 4986 4123 1040 7348 981 6917 5036 2420 8061 7840 2405 815 
8374 7615 6586 5596 2640 1799 5661 5708 2025 5693 380 884 86 2243 2484 8056 471 2416 3237 1516 6538 336 252 3579 3313 1347 2058 2761 574 4462 3575 335 8137 6220 1990 
2164 8019 7651 7871 1431 4731 4310 6987 876 6552 5530 319 3082 7945 8227 4597 5871 4623 908 837 7935 6926 7566 2083 7499 3416 5657 3894 2940 3265 5883 1163 2671 4921 5093 
161 5711 790 3207 2646 3401 124 2965 6482 8069 7251 7138 1387 3261 4106 6895 2583 2419 5848 4665 1306 5323 6382 5199 4322 5706 7141 5484 4436 8122 1964 656 5220 7425 3863 
3926 2213 3986 2950 82 8114 1588 3280 5560 909 7385 3842 3491 1191 5750 4216 2496 2460 6657 3754 6782 3750 2283 8325 8185 6464 1677 228 7743 489 150 3056 2702 196 6005 
7455 8309 3653 2122 5257 4561 894 5158 4111 2085 2295 4386 4580 4755 2430 4394 7596 2239 2736 7308 6483 587 5044 2771 8329 5533 2920 2773 4294 3115 4837 7808 2812 8489 1318 
4128 497 2211 673 4608 355 2968 381 995 3782 2811 5388 7437 1109 8123 6132 7592 97 7236 1750 4485 216 4669 3317 4509 7784 8154 3704 6655 8030 1081 6842 4587 3292 7514 
582 8318 6541 962 700 6382 8444 2147 1266 941 1657 7398 4592 6425 2081 6341 2298 2296 2397 5614 6804 6240 1215 6567 342 5305 7648 7183 1279 6999 2145 1860 6704 4745 7493 
3464 7187 3385 5610 8452 385 7267 3297 4976 1139 5377 2704 8108 7672 1160 1170 5863 7400 2384 8490 7741 3748 7525 2372 5026 1971 4516 2945 62 5320 6498 8197 3894 1270 5195 
3734 6326 3849 7030 7361 1047 3795 1452 543 2854 7283 6384 4777 6070 4827 4654 1259 8575 8238 8302 1048 6268 4205 3993 2389 5584 6550 1974 866 3879 7168 4599 1592 7076 3016 
340 8122 2870 6463 4724 5724 5133 7167 6560 7263 3382 7273 4581 8016 2958 4270 451 613 4534 503 3001 1505 7052 4974 2370 2318 3529 3028 3909 1992 6044 308 6174 4973 6770 
6957 6756 7963 5512 4703 6613 281 3363 7253 8296 2380 2910 4806 2992 3503 5309 5993 5007 3748 7026 3437 6066 1943 6464 6034 8606 8567 6342 6167 4928 559 572 3071 8521 6083 
3834 2581 2423 3256 1221 6778 5636 190 2971 15 3692 4339 2067 87 8087 481 8195 1600 2423 6046 7633 7088 2061 1422 703 3048 6653 1274 2178 6561 7356 6011 5202 5838 5327 
2482 4003 2350 2672 3033 2364 6363 7372 491 2509 2906 971 2091 4505 8065 4197 3525 6540 2317 1007 7242 5364 7659 4575 3601 1667 3318 1000 2928 5215 6326 5410 605 4735 8081 
8310 3158 1891 7069 3648 460 1362 4618 7222 1926 130 2806 1510 2730 1182 2516 1359 2605 6234 5934 6206 3961 5311 3265 6888 1914 5650 3685 7190 1772 7825 6887 4929 1104 1403 
8577 1563 7436 642 172 749 5444 7650 2259 8173 4891 834 5591 7496 7068 2912 1149 2416 4283 4413 691 2256 1450 436 833 3221 8260 3780 4209 5423 1242 233 3045 66 875 
7889 5486 2378 2986 7744 1938 7876 8578 7528 2819 3093 6500 3967 5508 2170 4439 2258 4425 5888 2693 1317 5168 7013 5096 765 8495 6338 997 7600 2463 6543 6876 7948 308 5921 
3140 2245 1244 3105 5833 4063 6197 3720 4089 7764 5889 8528 6081 6373 5803 162 7689 7031 3234 233 7795 7788 2630 4851 6775 1152 2782 5038 487 7761 7018 3626 1394 8262 2790 
7226 3712 5046 7005 7800 4197 341 3775 6338 6713 5638 2559 1849 4056 5792 6753 7910 4967 770 4148 7802 6593 6929 4227 7080 6078 2633 6765 3531 6954 943 6816 2053 5988 5208 
5912 6245 5548 1075 3970 8320 2772 6528 1556 6827 8379 4369 6124 793 5138 1659 8594 7791 4648 269 6258 6785 7573 4410 1703 5914 1412 4578 7966 3460 1173 1325 1092 2780 7071 
1121 7159 1230 3708 102 4116 8146 4470 1627 326 5668 7958 308 4846 53 576 7163 6837 4208 7632 4599 1509 432 564 5534 3891 6408 2918 1042 5247 1377 6834 3793 7278 6601 
8566 2782 6134 484 468 6459 6151 4485 2826 7056 4537 8073 1666 7433 3668 685 3419 5176 1116 42 6769 1066 2509 1075 6779 7755 7123 5000 7607 5788 2988 7561 4629 509 8044 
1157 3028 1642 5641 5853 85 6238 5314 1750 1118 5041 7106 597 6277 4282 5310 4433 5347 7819 1567 3514 3021 77 4573 2016 1925 3621 5636 6553 189 5067 3769 3216 2768 5470 
5129 7524 7767 1830 5333 272 2930 3826 868 594 8107 6178 1087 902 1444 2653 475 4464 7402 5047 2539 714 4727 8174 3326 4916 688 7095 8131 3455 3952 4647 2366 3106 2536 
7698 8049 5466 7584 305 2119 7078 2542 3205 7979 45 1918 4513 4508 707 948 3107 6092 5674 2668 805 6649 8028 7899 6168 2870 7910 6874 1296 2403 798 5053 1840 2323 84 
6816 501 7162 5417 8378 2588 5461 1683 7101 6028 7061 4108 522 4540 5841 3190 1404 3878 7277 691 6105 1534 4660 4366 7501 3123 1223 2 4962 3545 85 7837 4046 3306 701 
3811 5894 6161 1553 442 3576 4673 609 4098 600 2509 3347 6675 2446 2011 7365 8550 8216 8085 4304 3165 2595 1586 3166 3616 5131 3250 2840 5236 6556 3540 5106 8509 5760 2718 
5010 723 7390 5618 880 7989 4186 286 6051 6632 6968 864 6569 2632 5008 6932 5796 7602 8518 349 2605 1096 8270 1504 2391 6213 5043 7496 2169 6862 1601 7178 3644 378 243 
4524 4426 4429 869 6536 2448 3897 3459 5076 6528 8466 3396 3711 7455 7973 4059 6119 456 3716 7622 2846 5989 112 6401 8157 6973 8001 2783 2005 4438 3025 2588 4923 3513 3456 
7518 2020 7352 2365 7096 1327 6890 6551 5037 1793 5911 5155 7911 2426 4931 6921 1331 2307 3092 7731 6523 1453 3179 5365 3457 7616 8390 6044 8598 7962 5559 7503 1370 359 1255 
4525 1685 4205 7135 6722 5997 4433 7936 1355 2918 4254 4335 4248 6560 7427 8038 531 267 2604 5895 3723 6279 1732 5826 6264 1082 7444 5154 7123 3862 2469 7707 5547 6673 6229 
8328 117 6721 7651 1471 1026 7965 5806 1333 5912 680 758 2502 946 3361 4457 728 5699 6188 2613 3350 3329 1444 4563 6511 5306 7031 5605 6912 1151 3221 2687 5939 1329 6397 
7410 7026 5749 663 8358 7721 1342 5175 1610 6959 4595 6066 3746 1681 8314 6358 5030 3030 3861 981 929 5226 4071 2593 3525 5222 5814 2271 2548 3202 56 6017 1616 5804 2739 
6033 972 140 2596 2582 7098 7190 4707 2231 259 468 4648 1348 8170 8509 2328 486 5122 6399 7750 4707 7680 4951 3037 1615 4213 3092 3692 1888 4956 6430 7920 5927 6570 6575 
4568 1115 1213 5335 8018 6143 5802 4053 7490 5359 9 5878 1904 5131 8336 1042 5897 7403 2052 321 5077 6264 8085 4828 8151 4428 2646 3519 6414 5275 6153 7042 2449 7365 3764 
1854 4895 5625 1967 8445 2372 1975 1770 335 3165 1493 6048 449 4955 8100 5442 6091 1811 4914 6979 6022 5401 1012 5600 7874 2346 3140 6303 4794 6565 6126 2708 2847 3139 4674 
7351 1570 6648 508 6576 1201 6672 4012 6321 7686 3499 3150 1225 1369 4123 8203 7390 5583 5274 437 4845 7619 3577 7207 8472 1529 4721 2567 435 3919 7240 7786 1548 1336 4353 
8123 7208 7085 3522 976 2218 3080 4126 3442 4449 4308 7704 7898 1279 4365 8335 2183 3371 3299 777 7903 887 1557 1857 1321 5475 5157 5166 3082 6492 5579 2593 5087 111 2174 
6062 2328 5254 6247 1830 1090 6615 921 375 3953 5286 4769 6135 4716 4127 6911 4006 5013 4528 5863 6334 6062 2407 7559 532 4958 4525 7796 6104 4635 1357 8225 3023 6610 1920 
4852 3759 8534 1832 194 3874 7117 4962 6068 7893 477 4366 3286 5489 4953 5208 7882 2403 3674 6829 2934 19 7413 2117 6122 8108 8145 1795 7190 6143 3714 3429 1289 3635 5260 
1482 3568 8437 2504 1023 7717 2980 1448 7062 4528 6401 3658 3798 4863 7331 6686 3856 3410 1546 5972 919 1041 1564 2713 8230 7706 2486 7718 5055 2180 426 6536 5747 4922 427 
2829 4026 8078 337 2475 3994 6737 2192 3851 7659 911 1924 2902 4320 3469 4933 1298 570 6496 71 4859 5590 2556 3965 6704 4736 450 4627 6542 5371 1114 759 5456 5251 1095 
7930 5304 3891 1510 542 2937 7092 7137 5838 2799 6666 6830 156 7235 4713 226 3481 6362 7454 3505 4453 3577 3954 5140 1506 5384 2313 6936 2227 7563 8030 1545 4255 7980 7726 
4796 6976 2265 7993 261 1123 6046 7090 1278 4668 3191 1504 4208 940 345 7713 1453 8593 7726 6592 6158 4498 292 4482 6724 7854 8571 4328 8168 7939 8113 412 6302 1765 8404 
2623 2887 5837 1100 4165 6564 350 1728 2159 1290 6744 5931 2742 6724 5045 5393 4269 5602 5684 4810 3713 4925 4769 8041 4481 155 3601 952 2516 5366 743 5138 8252 6579 6238 
8476 4530 6587 1591 2748 3936 8334 67 2737 2505 1171 8129 2834 6772 5200 3703 6544 6185 8471 2032 6725 13 5633 7676 2529 2386 8418 7666 2025 2444 1351 1889 3033 7938 8151 
5780 7933 3933 1906 2058 6437 3076 1574 5330 5907 2834 421 3839 5078 4951 5870 3190 4964 2890 6925 3552 5275 2790 7277 3360 5233 16 1308 8265 4013 846 1492 3333 4778 8070 
5390 7275 7205 3024 3992 4500 1917 472 4398 6994 5423 1655 6243 6446 605 615 1385 1939 3404 49 1358 4696 64 2665 408 136 8183 6571 3469 4348 6028 4918 7682 4621 4001 
3062 508 1977 8205 4905 5030 5015 2619 7332 2848 3223 7946 292 1222 7409 341 2579 3492 5076 5244 3899 5212 4814 1858 4740 5221 7885 1045 4291 8565 1106 3412 460 3082 3004 
1424 8112 4079 4043 2891 2986 3325 2225 3278 4546 1021 8290 3185 4513 4753 8428 4471 6024 689 2388 6823 5909 1661 7868 6259 1613 5033 5730 6745 4174 122 4228 8345 260 4330 
2624 3245 3715 4848 2582 4320 1928 2259 7504 2500 3072 7319 6971 5155 4067 5418 3366 6036 7078 7293 3682 4751 3713 800 7555 7886 5593 3170 3679 1912 3560 6302 1216 7274 7209 
3798 2981 5196 2116 1873 7696 5187 5251 2114 1730 706 7531 5095 2801 2057 8447 2542 2867 3547 8013 1809 7492 1053 1038 2558 2964 4597 4919 4180 7930 8187 7977 2299 4771 1480 
4171 3854 2727 5481 5967 516 2246 4885 5610 5046 3001 1504 7588 5867 5050 3048 3735 8601 4101 4773 7219 7064 5429 8197 2631 807 7772 6667 3105 3930 4207 3335 7783 2993 203 
1197 3508 7121 2141 5177 3554 5142 6680 7201 2396 7789 1637 6131 7777 1797 6963 2443 248 8451 2028 7551 645 1187 1665 8421 5116 1931 3143 346 4923 8018 6214 4490 6526 4414 
1054 6139 943 3793 788 8011 2969 7096 1589 6806 280 4611 636 5199 509 2663 4137 1154 3849 1862 5634 5024 3792 4837 1429 4775 4242 3702 652 6827 8116 6378 413 446 1558 
1200 4516 4527 4355 6104 2720 4634 6774 8027 5893 7283 2078 6089 4496 1986 7950 1517 3070 7802 6353 4498 24 6654 8200 5347 928 7703 3112 1341 4208 730 7212 4784 5256 2955 
6947 4035 3648 5109 8121 5600 3779 1586 3077 4334 8244 7086 5850 2701 6275 8263 3258 2358 6304 7517 7705 7232 6607 2204 4632 6875 2933 3231 3046 4248 2245 1380 4342 1953 2548 
3851 7552 6326 1496 2016 6719 5799 490 17 8499 2824 8279 3145 5182 2030 2049 4274 5321 4716 2537 1340 7650 1530 631 6755 1837 2875 8134 2239 4827 2070 2149 3767 4455 8316 
1842 7234 5503 2331 7250 5389 1215 6916 4593 2456 5005 2702 2789 1714 3477 5325 3053 2514 2914 3683 5328 811 2618 4849 3049 7444 2978 1257 7270 3493 960 500 2114 6462 7502 
751 7911 4776 3726 3891 7231 118 2652 1407 1831 6128 2792 944 4701 1765 686 1416 2575 3303 2325 1683 2135 1362 2939 5464 4854 3899 5963 3027 6420 913 8449 5718 5688 8234 
5669 4307 4412 8320 1773 6242 1896 4564 3245 6596 6329 3931 4072 291 7233 6396 1974 5427 3817 4912 2279 4731 4870 4301 7757 2678 5213 3654 8395 6961 3275 5451 2655 7686 1219 
487 1376 3114 5051 680 1097 2767 4610 1228 7729 7903 3683 5762 4717 7500 6734 3055 3618 2991 7356 7434 5668 16 7147 1511 6976 1810 3021 5690 5555 4239 6177 2990 7352 7287 
3670 4509 1441 4339 1796 5229 3629 5479 2379 4406 4366 500 7460 4043 8162 2263 2864 1278 2279 1399 2788 5314 7880 1868 2392 882 2167 4628 3872 5578 3302 3601 1474 802 7939 
7942 6030 7628 4808 4468 3421 561 1027 6940 663 577 591 8198 6526 7541 984 701 302 4923 7240 7365 5805 794 3380 5736 6372 2741 724 3905 3542 4722 3234 5632 3737 8041 
6159 3217 4661 7186 6217 5323 3822 2867 4909 1735 1795 1952 7107 2096 2935 5734 849 4799 2588 288 1922 5019 3029 7317 311 2630 3426 8217 4321 3223 3705 1868 6439 4426 441 
