68 65 39
9845 8446 15494 3208 8342 11504 9082 12285 12588 3985 15001 742 6399 3848 18330 7003 13628 15159 4 6182 7828 7290 4401 14792 10660 4824 768 4605 2676 4031 20 12521 15230 15513 18482 4758 10956 8749 17042 4729 15487 15982 5470 3072 1016 7739 12828 17397 6837 12831 7518 14664 4060 11919 13396 17474 16742 16917 3264 604 4887 6037 15878 1303 2735 
18299 6060 16444 10988 7041 2359 7660 4208 10582 13485 7977 2261 7499 6560 9097 4269 14077 7701 8329 7181 5036 6988 7863 3138 13005 11220 8024 228 11037 12080 5716 10521 2079 3346 2694 9119 8458 13108 16081 2979 7778 5243 5239 18030 11802 17090 3485 9819 8730 14567 939 13765 5494 8801 842 18498 3960 11619 2665 14996 4885 8381 6703 6963 11726 
12150 22 4123 9197 16102 7101 915 2530 15094 130 17086 16123 6368 8090 8792 4874 9028 3742 10367 1769 7337 12805 5728 141 15469 4664 7779 5035 11366 17496 700 7455 17517 4822 16652 17558 14677 17566 4027 13710 1635 2298 11018 10757 13141 995 15630 6109 7490 7183 10631 17580 1173 16358 17720 16641 2207 9439 5616 16326 8120 6315 7721 9576 13891 
8312 11073 9753 7063 15099 4648 11451 1337 18419 3393 17231 3353 209 7279 13596 10145 17909 12361 14071 18207 14020 14651 4353 4644 1452 4619 15517 10521 12339 9032 8351 1836 1290 2043 11652 329 9444 7042 4419 9048 10435 5589 15154 13397 12868 9935 7481 14716 3481 2737 14108 17500 1327 2401 3330 5533 7019 2786 16053 3297 14572 8343 7886 18615 10385 
3477 129 1014 10518 7301 12815 4892 12890 9154 18288 9697 274 6954 5598 3754 12444 3646 2439 13771 6046 8522 489 15818 14062 481 300 9819 8823 8185 9619 393 14415 12502 4160 6118 3742 16974 11010 571 10067 13237 10267 10340 4131 18619 16847 16574 3450 3225 14284 12249 14501 14772 9252 9748 18006 9551 3506 8014 1675 13124 11160 29 9565 15319 
6146 13307 16232 1095 13877 7484 17086 8084 17823 2402 7888 15855 2915 14091 3020 17199 7525 17520 15910 716 8453 15102 13020 11958 4301 17448 9021 15461 17476 2526 14719 7561 15832 12137 8656 13648 3560 9681 2917 5323 12082 13558 2363 14996 8834 8136 16134 298 6841 13230 1013 15293 9517 14032 11190 13817 12665 4151 13217 11326 6676 11876 73 3693 7952 
11482 1280 11511 2348 4197 16833 17183 17754 3136 16118 10528 11271 13438 10825 18112 7853 11838 17344 17369 7055 12474 15125 3660 16624 12282 14985 4485 5343 17811 10931 16048 13232 12210 8744 15579 346 9517 16701 18100 15406 14005 12567 10616 11382 4577 12667 420 354 11197 1728 10163 4856 16852 13822 2665 13073 12746 9903 18415 11743 2019 18402 6160 14228 11086 
5679 14574 1788 6319 16613 1133 1509 10365 11748 15644 17695 5601 16063 1989 16797 1730 14905 5592 2522 9912 11010 15594 6597 2098 17949 2279 4116 17536 8439 2283 9807 16871 16856 14348 4375 17408 15480 8638 11712 8414 5467 13347 16768 5470 15335 17504 9953 11425 4281 12474 5276 15290 12008 11872 1327 11142 14151 8196 12617 6529 10478 6364 7339 11274 1897 
14467 9867 1317 4290 5519 9730 12511 51 10437 1920 18139 9126 11872 10749 13406 8286 18778 12635 1479 14589 13961 15374 9925 6096 9176 393 16573 15539 10485 9032 1376 6138 2839 2692 13181 8357 15175 6877 8407 6797 11550 7731 15922 7362 2419 13267 15647 5136 9841 17125 910 7741 13684 13589 13836 6799 13981 11594 6278 8406 4566 7653 14543 7404 13098 
8909 15760 12212 18540 8106 2948 14029 18590 2809 2576 4948 16075 18222 10083 7101 16532 10992 14841 14155 5766 9862 2140 3687 5395 8417 12092 9960 9 7820 17363 15860 668 17062 9257 3147 9107 12204 17176 8882 15012 937 16583 15026 345 7851 6066 816 29 2092 14971 8548 14707 1050 12234 4041 12220 8265 14001 12228 24 15303 9273 3446 16305 2469 
6592 6597 14672 4953 18233 13623 5890 16001 9834 8988 5038 15899 12557 7820 1930 11467 307 576 12516 15295 4616 5921 4745 2556 2088 7523 17859 14114 10968 18103 16582 17559 5885 15193 3698 5303 10001 12341 5244 3774 5268 13035 3612 17824 4794 8295 10477 5100 8870 6932 1580 16240 15607 9079 18795 17694 16601 1779 12994 8754 1067 10761 7498 9706 7140 
13949 17762 1080 10229 4191 4854 18250 1165 11219 1200 5958 700 14430 11058 9569 2547 15391 9748 18153 5655 12483 17033 3441 14261 13966 14948 18082 8666 3632 11727 18559 1520 10674 825 14503 17619 8432 16692 18783 836 17891 8681 4289 13506 924 13858 18807 16314 7545 18145 5909 1213 303 9349 18228 14268 5483 17495 6874 11868 13161 6618 16141 5020 7442 
14583 6578 18627 12461 9301 649 14291 17981 4937 8983 2844 2734 8975 3097 13033 11059 9005 14245 11362 2294 13658 9569 7776 15092 16442 3583 9438 4246 3663 17212 14441 18246 4975 14254 14646 17029 17656 10122 135 6532 290 5732 9266 12018 8829 3484 4263 1773 1668 18378 4066 15326 9132 14595 11603 9514 18177 4981 13759 5780 3378 12139 5211 11106 7578 
3796 12075 6419 13917 12209 12951 16961 17941 6156 10164 10709 12393 17180 12481 14060 16743 16547 13325 9815 12327 8868 514 14444 16602 17026 1409 1165 10350 9373 15024 1868 13168 8284 8286 11024 4433 5176 9170 6313 14085 3274 17021 10417 1639 13441 8417 2322 13927 2927 12136 10194 14548 12649 8577 12335 10860 9985 16253 5149 3297 12463 7016 404 4686 18056 
14181 9118 4417 4537 18184 2442 7810 330 12858 12202 13771 2460 14523 8883 5387 7844 262 3874 4432 11592 16209 18045 2762 13647 4380 8812 7295 11395 11969 14735 10636 7336 5038 17807 14626 4408 1434 6375 4737 14291 18576 2447 691 14285 14084 6077 6068 17099 12704 10500 9877 10098 9730 15392 7685 16863 8144 14979 9444 1298 10899 4019 11387 18691 3011 
7198 7038 7198 13572 14528 5429 16088 16975 6119 14312 14998 14949 1565 13282 8838 14818 4344 2876 8488 922 10560 6536 9065 9478 18733 13116 1563 3938 5689 4193 9702 15640 11230 16900 10398 9697 6268 10425 10611 12386 5922 6794 11274 7486 1262 1297 6244 8359 4172 14731 9280 14731 5206 2284 5395 5125 18154 9711 9062 7782 16657 2703 4607 11826 3542 
17758 2708 9809 9368 13319 6134 15289 1298 17407 6715 5313 18704 12958 13672 6815 11628 6891 5486 16833 9175 13634 3143 11268 7284 14958 235 5126 17661 4841 16951 2388 6539 3598 14951 15906 16916 2270 15135 2154 863 3035 7466 752 18746 2323 10320 11559 9214 15805 12331 2328 10624 15474 16349 1847 14371 16583 6972 15971 5363 7862 18359 11901 11460 14495 
8993 12315 704 8067 14468 1566 11101 5874 5071 11032 10950 15391 6530 4103 15135 46 6430 9699 18273 6718 11545 16584 4486 18517 13740 9849 10318 13284 5689 2963 11718 17435 15278 12422 6687 13685 16741 17787 744 2998 12758 11694 18388 3227 15796 14708 6027 6166 8346 8239 12883 1077 6008 1309 3533 934 13911 13850 16971 785 16813 12629 18220 16030 8990 
8846 10900 6916 7819 11644 9913 4516 7277 12240 10497 4258 10888 463 13177 419 8701 7246 4249 17463 11308 7781 18396 6404 2817 492 7188 3569 15874 9347 784 6049 18193 11683 15719 9951 7266 9571 17220 17296 5751 8902 5494 16638 9364 18670 996 2005 9855 5245 653 2348 15779 234 8751 18595 3479 18693 6103 539 9225 6886 9341 11357 2509 8999 
2493 12528 18570 899 11010 5506 12554 16503 6083 3104 298 9832 7862 10153 17830 8514 15254 14795 11501 5191 17329 14979 5069 7372 18271 17047 14257 11552 9590 705 1736 12082 15987 1491 15734 10936 9750 9474 11378 18586 15331 11675 12358 4378 5767 11373 12891 2207 10107 5577 7397 11376 4495 15219 18747 3952 16205 16943 15503 6980 1588 1178 3002 17574 5423 
2675 9695 17926 12148 2258 17698 11418 13932 13995 18549 885 9307 12625 5845 3354 2141 13241 14729 9390 12399 17415 13341 9789 15543 12783 709 17130 16714 6464 15889 3322 9138 9523 2434 2472 11780 4071 16643 9652 18065 16378 13290 8557 12942 320 11910 15083 16314 10578 5658 12652 9178 2938 6380 8661 18474 7088 6976 16373 13551 6805 3635 3875 267 6068 
9100 12047 10138 6928 5638 12142 4491 2867 4638 1373 5940 16548 16455 6193 11065 6052 30 1429 11743 9163 10089 14156 16251 1004 14468 13741 7808 18102 1555 8075 5355 13408 4061 18246 1522 12452 11573 8766 18072 16211 10138 5197 16698 10532 14143 8948 523 16926 13130 12265 7274 4404 10360 7464 8162 6014 5145 18723 5301 6699 10737 13410 1293 14797 15595 
5568 11188 8354 17087 10445 8504 8411 18395 6387 2882 13723 18088 3405 14588 12404 18423 3048 747 9969 13265 8908 15982 18409 8817 5222 6294 739 2571 10340 18290 18166 18661 13417 7705 16933 7802 148 6529 7382 6534 12165 5045 8561 15569 818 2150 15177 6619 5651 6331 1070 17312 6252 664 7314 14228 9711 10807 16798 3990 13036 16149 3836 10392 7793 
1955 18193 7940 11237 9515 17227 7341 14559 6974 4095 18130 11877 3212 5935 17527 12296 9758 16025 18548 13175 7278 13961 6826 2024 14698 10815 17813 12033 17405 9391 3765 3299 8769 11705 17289 18283 12871 5816 16781 1030 12664 16097 15661 15875 5971 14373 9357 18482 14337 9090 12842 2801 6990 3607 7578 5627 17176 6577 1599 15766 15967 5364 3004 8675 1008 
4232 8144 13878 10047 6110 17662 3897 6146 14508 3711 14870 12820 13067 14537 8343 6096 11319 13897 15839 14925 2660 2652 13286 9236 4250 12991 6388 12367 15994 17817 13374 1412 7146 11192 14212 16009 12793 2048 6095 11240 5759 2150 5245 11 16687 13587 8861 11945 11423 5885 8055 14083 11290 2527 4504 15540 15517 13646 9092 15451 12648 6406 16862 3733 17597 
15013 3681 14329 17061 9775 6754 4005 11925 11998 6769 12551 9525 15629 5681 2133 5454 13735 155 16743 201 4659 16222 18472 2244 9254 15108 17645 15659 15909 5317 17195 12107 8997 12709 10353 18772 648 17111 11882 15399 7820 5618 8863 4634 14052 10996 12841 8972 13904 10770 11927 2502 10931 11584 4745 1370 7877 6329 968 4971 11645 18162 1017 1828 14810 
14124 1785 18211 12420 16420 14796 1425 5977 7598 8813 1214 2533 2839 12939 16437 16362 6051 124 8479 17634 7623 12602 9450 13951 13570 17174 6782 12917 18191 11363 11667 16254 15901 11063 12613 13506 9798 14038 668 17396 6790 4635 1114 12382 17573 17550 12684 4810 17674 2348 6383 6482 17703 18587 4372 12458 16946 13907 9315 262 6455 2167 16515 3541 15983 
10314 986 6967 8291 1653 8302 15080 6287 12169 11401 5046 10905 5270 12609 12518 10371 2931 2939 9260 2703 10064 2903 835 5157 14971 3850 11611 17137 1551 17906 17060 14618 77 7966 6848 4484 16267 5867 10770 9621 17267 18569 4465 3723 15117 922 16847 18048 6614 7292 4690 16678 12949 8278 3020 9105 12128 17384 10182 16432 415 8427 12235 492 16392 
3022 4975 16598 8888 18498 10158 7340 2193 17377 13816 1249 18298 11849 3236 6098 3080 7926 3961 16028 16203 9734 9073 9516 11057 3194 9887 11472 14374 6061 11963 14705 9082 877 12488 17969 3314 6585 9249 8260 5147 7004 9509 4631 38 15498 13482 5872 4609 1382 5839 4752 11115 14911 17021 3357 18104 8094 17582 16417 14154 10730 12307 7176 14360 5980 
6330 1614 15319 18332 9873 1651 6522 3321 6281 9313 2759 3702 15184 7367 5083 2209 14872 137 1059 13079 6248 3103 5112 5015 705 451 18499 13012 10380 14044 2931 16710 18411 18249 167 12224 1086 6688 15544 10120 16001 18302 13822 12370 9609 2844 17332 5666 2981 18391 2684 9228 5433 7795 14242 6137 11000 13926 3088 2565 11910 6019 460 11506 8207 
627 4915 12046 10068 4399 3352 7254 6640 1113 3564 188 3956 4835 5854 6936 4411 8537 103 9843 272 17099 18734 11271 14964 3007 13835 10813 9025 17049 3505 1172 1615 11173 13217 11682 18325 16568 122 6151 1620 6439 6338 5576 11273 14945 15265 18438 7422 18122 12220 7693 16406 12139 2903 15309 15146 16737 7308 8110 14971 13566 9281 16585 5924 6438 
12207 8189 4191 15082 17093 8565 2706 7370 16894 16732 3501 13344 16355 13676 15405 9761 5308 15750 3085 8210 12245 2170 8886 738 13034 5043 14303 6254 5567 4166 12691 17773 12354 822 16794 10632 9386 685 1942 7465 17417 8196 4748 17711 3057 1339 8657 11118 17088 14496 513 10518 605 9398 14009 13638 17194 12251 1078 6701 16417 13768 8413 12710 17343 
6393 7282 7914 9831 9223 18132 8433 17418 6820 7330 4414 8158 18740 15531 9185 14421 18797 3643 15026 9380 17651 12603 10514 11088 13680 1154 11444 11388 9566 5339 9916 18712 15374 1770 9729 5782 3841 2101 7139 10660 9430 11552 3 12110 8268 11942 7716 8250 15584 6681 1570 17174 470 14837 12201 16903 15990 4830 9476 9495 12923 3332 9393 9482 5101 
3061 18018 8941 5161 6342 787 14591 1834 3543 10640 10101 15484 18355 2291 15007 8976 3860 16121 12199 2636 9507 10287 18625 17091 949 12059 11199 7034 5391 4620 14888 8451 6577 7768 13612 12919 8554 12142 14752 14851 3967 8792 14274 6261 11082 13221 15236 17695 10527 8620 4270 1219 2847 6834 18309 6549 79 13447 13582 5469 2007 9655 13920 8583 17422 
8717 5441 9916 2044 4132 8706 8764 12924 4165 15024 7945 17385 14200 9580 11851 6759 13849 13070 9605 1869 15318 16153 1947 12705 10920 10169 14711 4514 5274 7233 3122 16744 12674 15791 2727 16805 5682 11490 13668 12600 10454 2799 13925 5839 15132 6961 12597 10166 1216 6142 12034 474 3480 16734 13178 17154 8089 11828 2853 13362 3000 8728 14046 18427 8458 
16772 16418 14139 12202 14025 7925 3841 763 5789 12433 15894 12749 6215 7246 16719 12356 3219 17192 18590 1139 14309 16929 9227 10076 3721 6528 13075 15203 1759 12688 4846 2471 13045 171 17426 8255 10849 2452 11772 16637 14884 8851 10571 5038 36 8475 1334 3255 9606 1109 4393 5100 1977 13619 15175 5697 4086 12190 2085 8599 6063 6931 11069 293 9855 
9680 11301 4643 14885 4258 5219 13708 13109 18543 2685 15898 10958 4018 338 1749 5126 7484 9603 7102 5042 8717 15553 9128 2092 17637 17726 8154 8507 12734 11200 2301 6353 3687 6943 2423 7944 14915 70 4992 14644 2754 2076 6787 6772 5167 11289 14651 12651 2077 5693 17692 13548 2431 10759 15639 1253 12424 7733 12514 6343 118 14814 12695 3804 5697 
17871 14502 1797 1880 679 380 4634 5508 9920 14159 13429 2395 9995 10019 7225 15687 11650 1958 2057 3595 1537 3310 18772 9269 18577 6301 9386 17330 2935 13190 4212 4746 11631 8763 6625 15063 9142 11258 4511 248 9356 17939 2642 3291 9143 12620 2917 4732 17332 4974 11080 54 11037 11038 9322 10799 17338 18707 9314 4212 15836 16280 8957 8652 6228 
15582 4901 15369 10779 9411 18370 1321 11289 4951 7365 4371 17571 10281 9102 16088 15254 1368 81 7476 15159 9402 2214 13682 12048 14282 17893 11824 11747 8036 4415 17974 7557 12069 17282 18335 5419 778 3595 16707 5728 10959 5017 7238 2426 16873 7265 1619 18240 7345 11849 14584 686 14062 12205 15488 12283 14037 8497 5215 6012 15665 7128 13568 8920 8350 
13089 14338 9127 623 14985 14854 11582 1187 3278 16761 18059 10542 18379 1424 1827 11413 18761 2512 9415 14905 17999 2883 12882 10435 8098 79 7286 17979 13647 16205 7514 10675 14482 16640 14051 10652 15434 6818 14593 2651 4764 16591 15946 4329 1955 17772 18495 4655 4224 9095 746 3408 11978 13627 13843 4015 13705 2314 3179 11291 2458 13447 5905 16939 14026 
1142 11531 13399 10713 10063 16049 18231 10593 15935 3745 12547 14892 6179 17202 301 15274 17947 6463 11191 15513 1491 15205 13157 6558 2323 8388 9015 15769 17046 9893 10981 2127 5363 5565 12840 15425 5554 12256 7204 2674 18754 3690 1505 6118 2077 1806 5331 3963 8268 16521 3415 12512 15665 16572 3009 17988 8899 14777 17696 7130 5855 12616 9257 13972 2121 
6036 10582 7674 18291 1725 13101 2170 8169 14605 11041 10245 350 312 16962 11371 772 1562 7822 16437 2073 10830 18364 13725 6792 1185 2041 12647 13801 14051 10558 15921 1272 5079 7534 3502 6804 4574 5671 17726 364 651 11910 3468 962 10057 14838 4488 14373 3846 2110 385 17429 4413 14110 5407 5597 16150 1993 583 11386 12550 443 15411 17628 10730 
98 8371 15303 8522 7282 18421 11926 378 3074 15642 13188 1851 1315 8746 8450 6178 11885 7065 10590 7180 12471 126 7269 17217 709 2594 10952 3905 18004 12519 14635 2041 2076 13877 10562 12111 13483 3673 15242 496 3254 9616 2347 4568 2301 13550 10745 14185 1800 5274 2550 17024 5400 12572 15426 8862 15165 7563 15520 14354 1268 14094 16394 6097 9157 
10895 18207 6579 17322 14635 9829 1761 8190 14929 9083 10490 9664 1013 8615 14218 9041 13918 12427 17194 7676 9039 9995 4026 541 6700 18380 4562 1980 18713 10658 13890 10794 12805 4408 12055 11379 16990 13815 754 13104 4083 13997 6708 7850 3797 2111 16890 17715 14537 18023 6576 4761 9203 13355 8056 15902 12920 12617 1821 15573 4461 18464 10306 1205 6812 
3546 12583 4987 17360 16090 18091 5383 14026 5984 13232 1763 8094 14061 663 6570 13269 9992 11331 6411 4532 572 6252 1392 15942 8073 904 4342 10476 11209 5546 17287 14754 2068 3460 16053 18157 5490 2621 16123 14227 18606 17885 6260 13852 2487 12829 11060 12478 8099 1410 949 11424 7662 5094 8552 18488 5997 12893 10149 17205 18439 11376 15898 1692 17589 
13137 3789 4264 15757 1097 18490 15549 2921 5935 13340 5407 18763 8340 1824 10802 9749 5526 3411 17410 10620 11962 1023 556 6041 11172 17761 5665 3733 17598 10110 5261 11920 16652 9524 11617 1688 11953 11105 4608 1827 8384 12768 4529 16723 14591 15330 10412 4057 18741 9007 14676 11888 10030 17985 1868 5141 16931 7532 11627 18469 1582 16887 11574 2173 10350 
7130 3861 6242 18234 11222 8068 7804 5176 12596 8466 3706 11866 63 7762 11792 11824 6377 7619 5793 5548 9487 10933 6418 958 6499 6072 5293 7325 1586 7466 17674 8715 11326 5101 10889 6487 15922 18692 11662 12457 8343 18122 5508 11160 9823 1239 4169 16200 11612 9961 5687 2284 4833 14858 5995 11331 4870 11288 18655 6455 18753 1454 17923 14018 9308 
9997 1690 6415 12628 16106 57 4911 15413 8319 16070 6421 9557 1424 6560 5108 11384 15000 7391 16216 13798 16140 11486 18667 8613 14080 9061 11305 15533 8169 6508 6026 2106 10951 12440 14733 8242 15250 829 4840 4754 16898 14015 17065 2261 4514 3358 16398 700 13503 13799 14497 10828 9224 17103 626 4489 7349 11930 1207 18271 2377 7232 4316 13327 3611 
2989 2755 47 3817 10348 7554 4655 8302 8558 6915 12816 11916 4499 16269 9358 2237 14705 1371 14215 12993 4750 18703 4281 619 1096 3737 5749 11081 10807 261 17446 13795 5769 1432 17611 57 8985 6205 8358 17543 15874 5113 13398 4312 2567 3941 9302 17271 8065 4702 14203 12814 4591 18483 16186 8440 6160 3120 3460 16966 6134 2091 11946 11903 3522 
13496 14713 15261 887 4256 13989 700 12123 8572 5011 17443 15266 17066 18654 4516 2954 14042 1269 10298 13711 17454 18737 1056 4513 6136 18021 10646 8227 13906 6488 14502 8587 2386 10948 9473 9396 8876 12926 5458 1387 17936 4086 16652 16188 3925 5107 3081 17967 6375 13378 15617 7768 16054 16672 12280 3375 18632 6866 14355 13723 13353 10043 3495 18493 2176 
15722 11828 13806 9833 17285 15192 11709 2556 13030 11836 6481 18136 17670 8387 8451 12233 5189 16218 12226 5800 12438 15600 8371 489 11141 3279 13841 5123 9527 16273 10052 9188 9286 5043 2961 7756 1421 17423 13066 17204 13198 3486 465 12053 11872 8915 8225 1000 6319 1636 6799 18756 17235 17923 3184 12315 2387 964 17437 14667 17237 8675 5041 10462 16471 
10755 18218 17891 9363 15223 16280 3746 18708 16745 15798 14519 9599 5208 15518 18671 9597 6256 2552 10771 5364 5735 7026 10504 6699 5648 6356 7875 17076 14150 18336 14733 6090 1679 16563 18206 16901 16783 3137 16794 17467 2874 12498 8251 10835 11955 8108 4371 18210 10659 15142 4759 334 3353 15262 7032 11754 5558 14906 12770 3647 17181 11442 12491 46 9190 
11882 16946 9912 17773 17680 8564 4586 14117 755 15421 7258 8862 3731 6653 3460 58 14166 3793 6164 13367 13578 17918 2864 12423 11873 6511 13544 7254 187 13589 383 12068 14474 10295 13780 13339 44 18366 8642 3552 17726 18653 12413 2642 6491 18627 2700 4596 6359 11617 1903 3877 10720 4766 239 6532 11276 13782 13785 11462 8556 14168 7470 6970 8402 
2435 1494 11199 1986 12889 14751 897 12727 11103 3539 3158 10915 8992 7753 1214 1794 9655 5090 15268 14421 8082 5739 9636 3050 3464 2284 14359 1571 9753 2514 9972 12187 6762 2356 14173 836 17106 17823 16317 9395 5301 660 4249 17046 11166 5462 2780 4761 13305 18047 3121 2573 7725 12756 8376 11188 15039 3920 15512 8731 9188 6669 4858 15949 11779 
216 724 12824 1978 17040 3404 7279 17699 10407 8264 10051 18622 11043 17565 13113 13029 1871 18439 1940 14626 10754 15881 13605 17427 12579 3521 7800 3187 8378 7688 14965 11347 8412 11729 16079 6637 17886 7297 8276 9478 15560 2266 9286 7789 1016 6338 2003 2886 8716 6696 1451 655 3763 15055 18081 281 2516 9821 6221 13647 17508 5126 6180 9859 16854 
3444 436 15925 13494 8711 6589 10239 13730 18628 18027 14745 6151 3970 1570 14866 10665 5774 18274 17181 2015 1480 1401 7284 11300 7622 2116 12748 12747 11049 3792 10786 17246 4227 7896 11925 15691 17238 3350 10606 17051 5316 9290 7141 9285 13613 5946 3890 573 5405 2256 5341 6885 6411 12624 2124 14032 14739 14871 10718 6974 2603 5443 8159 9583 16092 
1270 6460 14516 4619 1005 15506 9934 13049 3833 3159 7847 9778 7048 8419 17937 12057 13759 6007 18467 10322 10884 16438 9001 6941 11095 15974 12297 16537 8072 3065 13815 9341 12278 12270 13959 16037 8961 7833 10271 15547 10991 18117 9265 1978 10476 8387 14034 5420 17147 16441 18496 9216 16818 8682 96 9099 8595 15146 6821 16666 18211 4575 7193 14428 16844 
5091 11650 6991 12923 3106 6477 7853 5163 15741 12584 15638 5313 10558 4997 6399 10938 4678 18369 8941 13359 18464 1979 5893 14796 8800 3745 16946 16128 10937 15313 14158 18781 8149 5088 15644 14008 11564 4682 356 8491 1206 18747 16557 11763 4930 4142 3886 12361 6450 15580 9660 6099 17559 15552 4834 10298 482 5719 7611 14172 2218 2954 14139 13120 8041 
10968 11067 791 18403 14177 12035 794 14109 9777 12556 2978 16672 381 15339 4307 15961 8938 13160 14705 5675 1933 6188 8911 10406 13798 4268 15377 692 18406 9682 8732 13313 4688 12276 12902 50 5496 13695 16913 18027 10191 1076 18638 10571 354 6885 10471 9291 1230 6361 17720 5916 15302 7816 16321 13040 12083 12883 13731 14429 6504 3648 8927 11192 15924 
3014 11241 5359 649 12093 7325 10839 13169 7149 5349 16276 14033 15820 9507 18016 6120 8412 5117 2608 167 5378 15647 12249 2200 10563 10617 8704 16964 3484 3835 16827 9251 17829 3372 9899 11108 10696 4677 5462 1784 12780 5677 15816 9785 15183 17771 15904 7534 6828 2451 7700 12205 18097 3889 17158 9845 14505 7047 10749 1928 10881 8761 11179 9896 12132 
2263 4943 6768 9694 13158 8551 3659 20 8307 13443 15203 7263 13286 6676 16844 15737 14376 12988 17773 18264 11332 8804 16708 18378 3492 18636 13199 12252 11000 7034 5570 16016 11976 12337 9649 6319 4827 13307 9092 13133 10689 8234 4336 7915 14910 2365 4837 10471 15353 3795 9920 7870 15352 10567 10187 29 10388 7325 12281 5327 17112 1790 5283 13027 16880 
14931 531 2892 9424 12377 18779 4052 1796 7054 11966 16705 12172 742 8361 8710 7291 2220 519 6582 12787 13460 9365 7114 4724 5585 12441 3022 7374 17723 16048 8193 13839 519 13838 7202 12895 16556 11254 17444 4795 7159 15335 16967 7901 4881 9616 17945 9855 12889 5712 3827 10288 15076 13694 15011 1846 7320 1972 11973 8982 1960 1351 6761 2478 17943 
13962 18126 15684 9155 16755 1665 254 13275 2571 10908 2096 12186 10038 14704 6260 15749 2470 487 14765 16163 15498 550 7423 17469 12523 16404 614 16627 4350 5845 18509 2252 7910 15379 14160 8605 983 14413 5819 3553 6506 10668 15738 16543 6557 5938 16232 9026 9178 14936 6375 5861 15485 16551 7270 11947 14140 10637 12514 2430 422 12208 7435 8331 11526 
2780 875 12508 17193 6694 16060 7638 17361 15738 8121 5104 5615 5538 16883 14792 4413 7197 4593 3837 4933 11862 15784 259 6438 12237 5442 6859 8384 12876 17944 1096 18409 4 13603 16787 9451 13603 5611 7998 10526 16485 15855 80 3208 13923 17625 10374 5060 3403 14210 9992 18018 11179 13004 5642 7355 18445 15254 15739 15260 14383 774 14855 17141 14376 
15581 7777 11918 5131 18528 6383 2801 18322 6462 8762 16185 5273 321 2430 11429 14531 12421 10633 9649 6611 16274 17004 8995 12713 16682 5441 11036 17455 4235 9362 15770 1001 1078 8874 6132 3546 15256 11686 3053 5658 1634 423 13684 1954 2852 6298 16484 15273 16930 10073 5823 17143 8262 14817 11042 8883 4197 6017 7523 11185 15378 7232 12186 395 45 
2257 3940 18055 13942 6993 4898 18329 10169 2521 1469 13021 8818 1892 12233 9688 11964 18055 8016 4165 16811 2997 13047 4948 9013 4509 16132 8330 11741 9503 8725 14539 14513 15418 13779 12395 6350 2616 11909 16519 5136 16131 13479 16708 18023 6897 7581 13926 8891 18350 18091 6887 2533 15077 11834 11545 772 9152 3815 15266 2594 12539 10990 1047 9142 5955 
16195 18246 8570 9289 15950 13706 9360 10614 14353 11322 1450 3119 6433 10340 5408 8463 17226 7940 4726 13000 3425 5497 6091 7239 4702 8684 3717 15691 9730 15612 5585 9864 15043 14155 3093 14932 11800 12452 9485 7338 4959 10934 13210 14145 2459 18617 6548 3625 10497 11273 564 13921 709 6654 5099 5410 15337 11569 5040 9007 8366 10625 56 7349 5965 
3148 3466 1704 18353 15705 9041 7251 7824 3436 2582 13037 5992 9129 601 16488 4341 1164 14348 5049 7817 3386 13212 7093 14954 18251 39 7260 10061 95 14608 18779 5996 2013 1668 8289 17717 10708 15539 9481 16897 2060 3703 6829 13942 4303 7256 18282 8220 2790 7270 16036 8929 1667 7068 5069 3858 7107 15082 16672 9955 13629 16637 18704 15641 18304 
