84 64 21
48450 92676 4806 82107 64899 52322 79988 17780 33295 63526 24367 68988 86042 52851 66891 84566 12998 34060 84970 46781 27250 50717 67904 3537 24683 925 88998 56902 28669 38784 3509 53446 35556 8314 39649 76783 36963 62 94562 46585 39915 23025 19669 6382 52204 62888 90947 65201 1044 56341 88309 28293 11154 60309 8157 12164 61233 1251 69065 66230 40035 72573 23772 51918 
57215 39749 32797 70505 16138 7783 21187 56052 7136 40855 38761 59339 7839 33804 4964 81113 66472 93272 85733 77625 34005 93890 66117 71565 95140 39278 41891 15599 88179 65663 67517 49490 81739 76641 419 1973 84424 21605 34352 67887 38788 73113 31322 22954 83244 12613 8164 53813 82212 93896 11862 20313 91882 77978 91877 67447 93584 14193 83045 85859 56183 30986 15773 42018 
11724 88422 43990 72475 14124 54669 20786 52911 8206 28435 75864 91450 41047 60355 25687 27355 58348 13876 23995 30654 68182 19968 2197 65862 10488 61570 32145 66670 92555 24245 12784 80606 16763 33101 57177 7214 64098 77962 60124 72303 10493 16413 67849 27867 53095 69863 55221 15539 83739 79215 22521 32345 75511 24717 2303 62326 62614 10775 33093 59266 35019 22204 43968 28109 
31633 77473 35323 95730 35859 71774 72129 22680 64514 20403 50546 21706 90265 82095 13572 54428 41734 36092 86772 93572 37137 65402 59995 3847 76176 93087 63112 87522 19387 83408 91959 27347 41305 7706 27173 77163 79479 3399 3939 24418 23801 30813 22451 90393 17004 36022 48918 35065 72114 16114 32734 13347 81516 92728 17193 38116 66239 56633 6063 61953 20465 2118 89300 61769 
9823 20569 43028 65629 295 23295 90046 24095 30435 16593 90816 23766 28943 43830 58830 5153 36271 67891 90730 21883 64715 84250 59999 35050 44979 66061 1100 41771 44506 90399 7636 54328 87295 26992 24053 87590 26614 90427 88012 57048 83347 82924 80813 16386 7178 20067 93769 43449 87958 88595 41659 33097 76942 5754 68147 2345 48142 45574 44116 68975 40069 28079 27399 7788 
55070 27780 95377 81683 94534 87486 42827 81977 50834 4064 74691 58012 459 72556 77788 64744 65248 23543 1937 22614 5625 70083 1286 30094 19753 45401 3166 36149 49808 6892 43937 8974 34671 19738 90657 9629 83551 13908 67934 38482 90203 46721 72821 66989 95604 54705 35829 64948 78247 37765 63889 83871 84176 65175 18062 8025 86903 21227 20502 40807 28118 40766 26109 39117 
60503 20862 25073 48151 11097 93006 62960 77627 20151 39877 48712 19852 94581 84540 84799 76924 2730 29113 41220 86905 70615 59281 71257 61614 56835 68086 78749 84952 12948 8954 4493 49779 6143 29566 74257 89470 26668 41313 71194 46819 81189 330 66670 56194 84870 31893 13542 63927 37333 54761 54928 12044 90369 6609 49986 51300 74695 32831 16677 87642 18112 21169 41517 24254 
50734 19870 90051 53730 37510 65341 76876 95026 65671 23970 55316 30965 55862 45186 94891 69523 76274 30243 81566 70740 13179 35648 2464 87873 44806 19140 55940 39245 16637 1553 39826 67370 93654 33974 1524 35260 3411 78399 34383 45409 78696 66026 52701 14983 15308 28016 84505 91582 34586 70167 42746 47765 82143 45209 39734 7373 40677 95673 46618 57313 73554 62771 5107 71304 
841 6631 82891 76483 61357 93601 2316 44150 63724 55017 59132 55359 83032 24061 27365 21715 70555 46438 69479 33122 91647 85540 40495 36420 85310 63440 93732 39288 30307 2935 14688 7476 81796 73906 60286 47250 71604 62601 67727 15752 21714 7283 71110 8843 31343 74803 6885 5994 25337 76363 39116 93311 65999 55938 33827 31733 95705 7983 71020 6436 83149 62035 13911 69041 
40038 74196 92618 87969 17222 64441 7817 38935 48051 55254 24105 79393 34153 30989 61715 35818 83679 77158 33225 30103 37192 67052 61835 13321 51362 13280 19756 38607 75314 9995 11745 91679 60518 80690 60072 77739 49228 67888 20771 1375 27239 44875 57096 37719 52192 95138 73536 39967 76392 83089 70069 89911 54237 12329 7328 81926 25608 3411 24630 77249 85636 12702 49353 50251 
93391 13521 8414 23043 81409 29184 746 84975 50387 57841 3118 78906 33403 52982 22969 13891 40167 93038 80129 70731 9463 87456 56753 11398 67194 57710 88646 56927 70411 42095 83505 67899 31944 91918 67269 89680 1527 68014 78751 28241 6279 58196 11243 39681 15274 34211 53571 31768 7673 37796 6595 89366 5676 39676 4860 49198 1482 69834 10221 71893 16025 93725 20216 24296 
89739 87484 18072 67593 59595 919 95833 65873 35443 11172 81882 27044 21711 39549 58812 29383 53673 41734 22846 35676 81409 27705 84873 82891 73866 71421 35208 89891 45570 55423 90514 15734 23331 12683 83326 59253 85832 83256 5551 25371 70755 87432 52415 92465 31077 87554 25945 61077 33384 25118 73081 18890 52822 62050 5877 30785 13896 17412 1100 59465 72834 91613 75198 261 
80623 62621 59514 70552 49973 65064 19 24824 32920 28761 93617 40324 20411 23658 5498 30123 48775 78578 49012 77924 21052 31216 85036 34947 48627 62463 94412 1885 34501 73706 74376 19220 16751 14314 89771 43051 55705 66118 67875 88624 94878 65588 33045 91617 65573 14870 25836 90675 93447 51175 72695 90826 58718 38156 6198 83672 4715 4706 85556 15543 54739 64028 34763 71490 
54670 4958 90868 14471 71075 39167 7192 46378 81082 40236 42091 50751 55105 44254 45522 28976 71756 94545 226 34570 36797 6423 94569 17839 83359 84221 33382 42195 28673 68144 90012 83342 49429 84976 74141 24601 28240 81332 47306 13418 1992 65724 40497 33424 86305 62346 62399 62157 60987 62624 73054 1880 45375 71719 91950 32830 36364 29428 51352 65036 73899 45460 28803 27424 
10861 7040 28352 15428 64699 75657 5173 66690 21805 21997 4210 12206 84343 42936 74362 49426 81887 51512 27634 31358 3655 23680 64188 40018 53107 91867 9151 7430 17752 14281 34853 28612 93551 39533 20367 62346 91517 1867 9460 17419 23864 85900 29624 12303 9260 8083 38056 67474 35922 65689 2929 39577 65696 43444 79594 95130 39407 65072 6656 33486 55680 41509 62097 53327 
57369 58791 92000 52982 60658 77787 70400 60849 44111 4121 49479 53370 84434 87534 24941 780 33648 4197 40356 3440 23968 375 2667 39702 41774 9322 73188 1551 27158 15709 54877 84526 50828 27302 41605 87813 9185 88332 52758 29624 92452 6333 82993 57310 70194 84261 58090 7938 64785 74773 11378 65080 75147 86275 8879 21018 71924 58394 22568 3179 74102 53772 64032 29026 
57401 81964 20935 42914 74393 50020 72537 47269 56352 59626 80907 30643 24312 43093 38580 89096 21962 26285 58273 73437 16656 43479 70782 88580 5969 69677 68086 80070 3873 36214 85424 61274 94506 82686 8284 72995 36803 80820 688 93154 20870 81594 4221 45181 5111 19129 14702 3401 21741 49302 76837 14725 69108 28043 79632 75076 1816 51814 35570 77919 64355 1418 43289 62957 
84104 27900 16376 25003 12816 89295 94484 10014 74985 2802 31522 80096 94161 22551 59824 19998 48180 40757 34722 21384 45127 18450 556 46942 46591 12454 28957 87274 13871 48574 30655 2071 76473 23359 3401 65617 16750 1982 51958 68062 77014 83479 28582 51599 82358 88405 71596 34634 33258 82646 56018 54712 77423 32901 5750 4439 21682 11035 91712 35553 35936 26463 13951 88736 
49821 89583 34777 42898 91564 86734 15057 49002 50638 43638 4697 13420 36140 52620 48053 45725 15690 80398 4534 93113 17396 82514 1648 39077 69876 69687 50957 9908 72477 41236 74972 2723 34915 13845 45620 6903 76907 60676 55904 7969 80642 36928 21388 93109 89547 69440 42930 9334 53935 23791 78774 47658 10402 80421 63062 56605 30532 18116 42841 7105 59351 21909 9827 70593 
12081 55447 77495 65315 92450 37495 73283 53516 74422 70998 50721 44393 20863 69979 53726 51125 93769 12924 2879 80498 93344 65940 41200 4300 60383 84040 11405 158 82276 21231 70750 94356 53005 28669 40096 25880 66163 17475 55723 21009 64801 82772 65402 85663 56847 95455 40884 31040 84707 43762 15635 58475 86029 33162 62775 26837 93529 74179 26994 79901 71737 74072 54681 5167 
6837 94776 7374 49328 88579 63096 46664 57476 49964 88393 47235 83138 64273 64446 18275 53076 12304 10237 15647 74660 43398 78421 5593 17351 33024 8915 73579 8858 59314 8684 86255 42478 79788 93628 68133 72463 37148 18894 10363 63440 11383 33925 50674 75655 2467 68948 9155 87001 55512 24802 65757 75237 79550 47678 92587 16671 32920 70262 25528 92233 55274 88110 15135 39158 
85834 83268 87948 3406 6258 2407 66845 89871 12659 21616 45951 87356 66891 55105 54781 26500 56234 24634 5833 39881 48639 74748 56551 81558 25434 58406 54215 80707 50612 69350 23961 16870 56714 16005 20275 39299 90642 63448 9594 79628 85063 55544 71080 32378 86977 29957 35205 47307 30919 41038 87187 55885 92113 24162 41540 21643 82567 72082 6447 13603 45528 30407 30472 78569 
22740 27075 94195 17478 90522 7886 1203 56009 63429 48610 88386 30830 54895 27688 78137 85813 45053 45748 22122 41262 69910 39989 62904 32901 16168 45678 22832 38023 76085 53303 20689 2921 56705 91211 92629 51323 3193 93831 83659 42950 22866 76142 73779 77760 80157 32340 43997 5634 54416 66118 23223 4750 10204 86126 37650 2699 35901 36809 40721 88313 90112 37737 67561 27241 
33045 64286 54892 36237 38542 42647 55514 61407 95116 9718 43263 55697 42057 63587 61330 569 33801 84552 77549 20332 51103 91527 23030 63331 32432 63751 32068 2968 5584 3725 30209 14956 68010 85100 51193 10648 8171 83034 72054 79615 92751 91644 39408 15233 59327 77066 15801 69456 65714 69678 66115 93144 65301 89145 36899 1829 33320 68966 4797 15231 72690 11333 30187 21125 
529 57707 31772 80930 21165 80154 64641 18013 52222 8146 33245 87877 85211 25373 61429 31349 95050 7968 4918 64447 73440 41816 42604 10856 87110 23728 2415 63896 35060 8929 61348 11916 66635 93120 92845 64127 53698 37911 82139 10016 46056 91711 74220 11691 21181 16073 19367 92558 24041 24284 37430 1577 42428 80033 84664 33634 7857 87078 73857 42916 103 39302 31159 43065 
12846 28100 83519 66543 66010 69755 52886 88393 65562 31203 76411 63070 47275 95778 59725 71315 486 1251 49220 19241 57611 37980 52874 65467 5482 7156 84710 77815 46457 19965 1304 59302 24392 84822 6269 66730 58673 59154 59219 4660 66684 16055 67729 18056 88160 31550 65698 88645 9128 91245 84214 66738 33321 17512 36301 15130 24667 1435 92944 71123 93630 70575 10849 22119 
59494 17117 88848 94494 52599 28491 75481 23379 44545 47307 17762 36801 55184 83460 5871 64312 78801 90084 35146 88450 11692 47775 7676 36359 25537 76948 83809 23264 51619 94658 45382 87440 88102 14654 62359 44797 43144 41936 68176 64017 89242 85937 4914 48523 49821 10784 89162 9047 77195 4732 73824 65215 52506 57827 77901 78043 38871 65806 5403 66818 40888 27112 34682 33087 
41765 1137 54211 61236 43073 26483 29349 12739 88748 10591 37589 18993 93605 30847 28039 74897 35579 78190 44208 64412 40114 2533 22879 55312 68338 4609 2554 85554 31720 37236 94968 49812 14700 53275 87376 57772 56086 20821 46839 25258 7739 84427 44250 5441 91602 48617 56665 7605 30903 77200 48344 71016 79732 71223 30425 28494 75831 32978 18144 83879 46541 89439 37787 61241 
46811 29259 95340 79224 26408 46275 8578 10474 11127 52827 15914 79056 5540 72578 86660 36443 30202 39100 83786 14030 14419 90538 42524 66578 27613 36995 54553 50481 6859 68667 88049 29997 74254 87486 13317 76989 14185 21894 87462 1639 51048 7473 80694 32916 56378 47778 45686 86580 86878 33568 76937 77624 28203 23557 24626 32143 36880 79178 82623 43738 51942 51097 50062 30292 
19007 63378 11377 33191 61599 75166 11158 88974 82638 68179 25986 19441 20054 47999 82348 83259 81567 63381 64979 86097 63266 89605 22336 4242 49207 81286 24307 77476 36479 74368 84095 55485 18170 95471 65004 56096 51062 52489 49166 37796 24764 51480 33564 44817 3575 20008 32172 61469 59717 73479 51662 27079 43508 50325 7648 92714 35708 8282 74287 48514 58977 62478 80327 77146 
38374 25755 13666 89435 78243 62831 7655 7103 90638 17547 51920 94213 37554 60419 59778 1367 37994 15537 4773 81501 65861 12420 54640 77896 92932 9351 6835 56005 48156 87161 13575 86529 17012 27240 56388 95254 66399 40371 78684 61133 57917 11028 59442 71798 71447 95548 49493 13537 15181 54265 71366 57369 43013 6430 15690 40041 15780 22524 143 63935 13781 13717 30889 7120 
17285 63604 6470 83683 8071 61481 48912 65987 72509 12451 41882 48052 12095 67702 37916 3603 26063 85609 37299 69075 92038 52988 85444 84145 75511 85586 52177 89291 75630 59393 507 92914 27093 79207 57021 11492 44785 10030 77478 21390 94711 95687 45769 10902 67485 83684 86735 69876 73390 28130 19375 45852 81118 8915 34094 60725 70828 62598 30441 50555 26087 7275 23893 29507 
62810 80914 40998 83922 90943 94804 9408 89750 70915 55176 76979 18825 19284 44138 88700 69001 72267 12171 18950 33809 21086 53043 70862 68241 19737 77630 22892 22151 84904 23113 51657 51810 80354 68983 39828 51721 67883 25563 21895 42894 57066 2970 61718 52678 47107 30842 25775 95701 43013 44724 33607 40426 1863 80796 12763 93830 62522 11983 92308 51522 11423 48062 79660 91776 
93372 95815 47593 41679 1803 69487 60900 35196 48784 26715 87873 72218 33884 17745 48343 53224 62468 81949 93649 40659 43169 82740 38585 9787 71050 11318 37637 58800 35707 21393 54672 33175 93535 78592 74853 71665 28503 39849 10958 53614 42891 2927 29928 76775 20671 78270 34095 83139 40644 8169 4222 83812 67236 19134 69927 18710 30451 11660 77509 66157 9380 36277 3428 7011 
91196 78280 78676 23795 94457 89633 77408 41444 68887 83663 94546 89558 42357 9066 53121 83000 17234 57342 47237 60797 76475 21260 79506 11023 9247 61111 77179 18626 73715 56935 1964 69007 15639 56967 69129 14192 27024 26961 31964 8 14720 30606 89565 57076 39671 46782 20501 33232 80451 44065 94028 61022 41652 53958 48372 50898 19165 5976 69523 69207 62910 47814 42310 78548 
8878 87766 69068 35901 18823 5128 35908 33542 12061 5897 66946 28060 52678 87446 37619 13553 11935 35744 74575 53586 66029 3371 80811 85194 9346 30758 58497 72255 78571 77135 54900 87448 68997 4392 27446 64148 81750 39681 74017 93810 45578 45059 2294 74583 12929 39913 88136 24863 51984 43135 54776 22109 46505 39683 83630 55851 70440 22552 32202 53108 3783 63429 20980 49107 
67820 24753 17351 53666 64434 91368 27901 86339 16851 30194 65018 29780 70106 57250 30970 2514 76712 85746 24623 27314 5853 12349 83164 76293 34900 91693 9825 15010 59219 30804 40445 7463 31885 57795 37457 415 29587 41685 86753 46438 71878 32195 52545 22409 65773 59842 24922 46581 49684 25872 73894 31865 14549 37482 84485 49448 33272 94309 40786 68818 5537 81230 52608 37421 
19449 66392 14163 49036 12173 77243 71801 60379 85766 4770 82787 55635 64611 84036 6312 90623 86236 56534 26584 4881 94015 15165 54328 7711 85801 71441 52856 67665 56767 9561 81414 76216 75952 95576 5676 88125 53244 53804 28928 43106 58573 88042 2837 27280 76174 81379 21999 42834 18337 24910 47714 88680 16402 78370 487 6299 53907 53343 50292 14771 39231 35802 67314 19279 
11802 49317 83731 65045 7217 88986 84478 65789 81124 63642 69396 37723 49118 91395 80556 43782 92632 32367 36558 13131 14833 37045 91660 68739 66715 46048 59837 82273 58177 7575 77879 69979 56891 65707 39120 64107 35117 4023 10320 20338 67664 79716 58060 93109 51535 42712 40988 48263 75078 77545 37721 66238 90917 9806 15402 38056 32181 51566 24425 90358 59141 6401 64433 92359 
48435 79880 36891 83551 83902 47210 7985 55663 31022 66044 52868 82556 85084 70183 11244 40586 51825 25292 10921 46838 35097 26322 61222 43606 77887 85646 38060 17452 92046 78820 13908 44577 62796 50798 8553 27123 2104 16537 59113 9454 58909 88308 68337 24417 62588 55908 65002 18509 81200 75922 41674 92624 6340 6992 40326 60555 68966 54713 78006 65108 13957 91913 86013 76753 
46807 70893 80203 25239 63757 43412 11020 26762 35816 79356 51178 74731 39361 20277 69567 24657 72526 15338 93608 78866 94560 14359 43517 43950 69071 1947 85386 83028 93860 75495 40205 21091 26812 832 22657 90568 44243 33676 21427 56386 17129 48932 35214 56489 45536 8877 57473 94390 542 31505 77352 71430 45863 1293 19476 91262 75470 8958 54714 73426 60780 71246 94517 63919 
72077 21270 58584 92647 31274 56338 53129 48402 9366 64670 81218 31230 49875 42787 29716 50416 74291 83395 2270 579 61015 93977 91840 40581 79262 26978 90335 20467 2320 65276 84385 74396 62873 47065 71139 94146 7499 4692 46644 89096 45690 31958 750 95564 51072 30465 26404 5788 90187 28674 6366 31626 26747 74533 72206 82336 5607 66637 6899 7926 36009 91284 58649 2979 
42445 10212 1221 26272 87134 24193 19464 36920 56150 92444 36580 11319 3333 62984 17106 93519 67985 95702 29241 94731 74331 77774 57491 56265 24836 64390 40518 60844 59770 3263 40150 78542 85705 17699 81141 76935 41891 76932 17952 2137 73472 30859 85686 76804 93842 79119 74419 42251 78917 79987 41078 33672 61858 74897 89936 86693 43383 34550 27961 79480 14140 44439 38446 3941 
62137 23684 57204 8124 4712 51483 82491 78184 82341 48602 59084 56608 31817 13928 2955 87062 70242 20361 1158 36196 95257 67422 3313 19064 78299 7602 2640 92439 52040 41085 72707 18273 64768 34007 2724 45808 61817 61542 28088 24583 14240 63499 57518 22385 53754 36800 85774 28093 33488 86931 40616 32841 58449 20257 28232 17173 27858 30871 13708 79897 48284 62742 74497 89379 
846 53548 39283 38990 19186 43698 63572 33426 83525 25186 32138 41375 61986 22008 69467 95473 13035 14180 8739 47812 10764 13298 64984 38621 20497 55019 94845 68780 21857 49766 62255 94933 7410 77866 38020 26595 25660 77919 36348 13281 79433 68485 30984 21843 90492 4547 93643 79855 90957 6478 8091 5817 92007 49402 20765 16600 8517 19706 85379 6701 69471 28058 5731 53208 
10020 20078 79803 12008 2093 92478 1616 81525 65060 32599 7464 35976 13474 5204 92158 80758 83912 4345 86575 80015 30074 11436 72942 38590 7470 62417 21619 53268 90475 27349 10573 76822 23754 66703 65157 25846 63277 66773 83699 8761 75699 67490 21065 89172 49021 17319 74027 37030 93895 41026 93372 28065 28789 70411 42983 12586 13252 64601 65854 80054 68277 76426 37301 92030 
23553 6554 21972 86829 49654 81998 71918 29450 53585 92982 94949 6702 86628 73072 20059 60947 90425 89759 89012 23311 40594 12419 35896 53845 77019 78077 14324 25720 34927 51624 21846 58479 58177 20145 25733 11928 6240 1747 17705 36152 71056 16750 19181 38108 89822 39240 3152 60671 9423 68491 83981 50016 80909 302 80188 38352 54706 94511 64071 89633 50231 62244 52208 12505 
82388 54268 760 64955 56014 18464 5203 7494 35213 24384 21930 5459 39951 25081 66130 49373 69899 30535 75716 31232 7164 60000 45911 61870 58608 14078 55599 12935 52649 84134 1767 39133 42499 2526 80416 74840 93220 61946 58662 32530 62657 80591 14316 6704 81999 80445 32404 55994 15077 12216 87225 94471 48544 37232 60437 11248 27637 20132 510 56613 80594 2277 95745 27189 
77033 56585 6125 74350 22628 64786 83207 85284 25801 73850 68316 11896 58392 4816 67889 49796 89263 35538 48363 41903 49097 12897 53150 53061 9356 53659 13770 89949 32263 85843 93465 13393 46524 75918 64070 45479 21128 27701 34860 46929 5647 7272 58824 40366 84318 7138 66489 77677 19003 18949 4 44428 8173 29481 1585 89759 83140 87586 60133 91730 77525 34022 81450 4473 
14036 49616 49952 35164 53644 61139 82092 35619 44738 21340 75984 33152 4805 46570 87157 23808 41846 87160 68235 26346 20738 46147 20201 80205 37829 56661 52359 91681 90683 37906 251 8815 87521 26530 20306 21590 87668 6494 57208 36502 4162 37288 69653 8966 60185 37234 9101 6127 4819 53663 32472 1884 3907 29001 58416 18063 85661 14871 13841 56768 52776 86322 65583 20722 
16948 62216 42311 8712 68710 75846 45213 49199 17230 91193 58164 53743 8852 43593 59869 13670 1352 68669 87784 77489 73997 50296 95552 40082 65166 85720 947 94270 52466 42857 19088 69413 9169 37726 78124 54206 17668 3761 7501 11225 71281 41993 64967 56460 85585 5261 70129 63264 73929 62009 44850 28350 88632 20826 68431 57895 82873 45705 56261 39435 64889 51676 12944 50386 
89401 67395 8688 83396 47483 88420 94620 95091 10837 63684 55648 72749 68944 6201 40109 23297 44538 61286 51646 37266 58439 501 95160 45408 22534 31845 61170 87422 83520 74113 41904 53345 21932 26920 40837 45742 91667 15882 44930 6600 79565 76905 79348 28933 83105 95784 28557 31739 37495 56530 69005 30 33358 44589 21766 55891 76434 82935 23738 40378 37473 65641 70051 59404 
68888 87215 81474 64651 7193 30500 71250 63085 11501 31022 68345 70933 7231 998 6769 44725 57527 52101 44754 67213 786 66519 27200 53547 29879 50937 70253 67351 92906 20728 7179 65890 12039 88652 10966 91463 95479 58543 34972 83307 89565 7414 58337 73123 80642 65105 21944 18594 93533 66697 85806 94318 13641 17102 28290 43519 44367 2639 87197 41369 23366 94375 83586 11732 
87124 94551 79522 63027 57191 18591 50431 27180 2332 12864 4399 82973 54296 26342 77894 51925 69366 67796 26667 59334 61226 54956 79180 9689 33922 70473 27385 33615 68945 15067 45347 36493 85946 5293 3616 23561 23883 54046 50740 2542 43237 55138 85515 1629 57807 43833 29881 7597 15726 32876 66931 76951 64159 50207 62967 2178 1105 90351 35792 70049 81745 57466 10638 71787 
39087 86484 95347 39297 44627 50183 41839 87863 81648 7778 65820 19879 51610 72028 27476 67335 81231 70734 24710 49487 1365 87676 51664 2469 82123 63783 72517 67965 1674 59482 20176 40760 50063 19620 80056 71017 46130 25991 39304 8203 10096 81451 28081 61706 33904 31884 33137 19231 6714 34175 68717 80310 25947 805 82778 84398 64588 35720 56459 42589 71529 52962 83348 25688 
72581 43828 73032 95039 69819 16433 79569 56242 1980 83977 22044 35883 19958 31509 31442 2999 65683 4255 83308 91629 5060 46511 80123 45975 82230 17006 88563 57855 69968 52335 59871 22973 259 13327 94339 46405 29759 78004 6744 8067 66078 28787 20277 62363 60295 51718 65361 6402 32301 29094 74359 37360 75604 34906 59662 38258 51912 52321 72440 2304 8752 12735 1604 9010 
26062 40 55415 32148 78043 38486 40214 24545 67272 36819 86907 7992 88536 32693 14393 1261 61786 65079 14948 17814 4082 74609 32399 55993 31026 8935 34624 16105 93901 36227 1443 24059 36266 33185 56206 90637 71670 72748 91509 43038 13663 58841 27357 78526 91533 18078 56115 33743 83156 71062 27884 87237 49768 60282 23654 57121 69216 34605 73226 43541 70832 74668 67599 83425 
11949 4230 78158 83618 53305 50092 7080 43295 13029 10765 2245 8658 28842 58359 18728 88325 33518 46611 55987 83285 10989 55968 44502 56532 90573 94055 4170 65501 72819 48096 53022 61095 52325 11605 25137 9726 38024 8545 53020 51052 19309 31593 36037 24478 89951 54764 16899 27565 5471 72885 87177 88690 32950 12104 25646 27619 10255 29815 69447 59402 77911 2893 921 10660 
86728 26058 92617 28848 34602 26061 56227 53910 57653 92263 54715 51701 51123 71613 55593 32921 24923 23195 25707 34200 35298 51353 38146 21880 57495 11689 57609 15830 86812 58530 2818 53965 60915 95434 59140 95516 1919 19464 29850 59572 15823 84564 87600 43274 36601 23617 76194 61523 46811 78229 72050 58436 10006 14292 56644 43828 2308 18349 59658 89120 53206 62475 47181 18217 
38333 82648 90060 40251 6208 334 76150 22031 61225 44174 41632 1923 67791 94153 39773 18698 76478 88151 53462 62811 6539 14202 10736 8847 32550 46721 74294 85756 13292 1899 80300 27952 84546 74457 44530 90754 74790 24777 89112 16440 68950 34840 90593 40837 9417 34462 35863 85895 26709 89324 29130 9576 79853 39865 18422 16499 86585 69043 78582 76204 70941 62979 8252 35911 
17860 29110 7089 68977 53886 297 85416 3260 11464 80105 20425 20881 90895 32615 83103 93931 2363 16329 7603 82215 32522 2352 75041 23203 47722 57720 75735 94990 1123 60314 34998 18982 89423 42086 64286 23733 18711 53799 26993 6502 14328 47417 27382 9319 56359 86812 79578 58721 79469 63508 45032 16087 65860 24169 15617 17678 81888 67679 16765 59338 32090 28090 54647 1937 
70175 23030 25670 65213 53156 28990 71715 67483 52734 75424 53130 13189 66333 13132 71909 49898 76639 21037 42312 46595 45205 34256 40601 7518 6032 33693 43183 38121 38110 1927 40057 12381 24956 42054 53922 54439 71043 29733 26018 27873 9253 55475 41061 51913 68606 17066 78138 49342 14430 24546 72264 59635 35130 89192 43480 41161 3309 86662 55609 41418 88588 71993 53799 89871 
18144 11817 48406 89186 17877 50752 93387 27129 10323 38544 55370 55257 31938 37604 8695 46367 38478 57286 82329 73607 50575 29905 91095 53883 20664 50800 95301 85579 26889 29524 55875 45032 17668 8377 14643 35544 59128 12126 39000 45779 26997 70697 5132 35262 84629 86057 81629 27203 23767 44382 77137 74341 74287 72328 8649 71278 27224 80277 37281 54112 13897 93155 75472 7892 
5629 90114 19763 41084 78567 35090 63190 81891 9884 44649 93481 94512 34802 55534 2139 34897 4012 79275 13334 78298 32027 94213 30000 59250 78586 43609 89689 68810 40860 69257 76701 22816 39795 72791 40228 94689 11978 7514 57005 94092 52163 54582 69028 63292 14212 47494 2285 90454 30865 87850 49177 39219 62487 79176 2565 45170 26881 68581 90307 44069 41935 47433 66884 58057 
24320 83439 33171 12625 90953 90175 83044 23540 25181 56168 63159 15720 7758 41772 10270 14950 33718 59446 54168 301 42719 33060 21798 45927 5738 16202 66323 24000 63634 37304 82056 64281 1167 19323 76906 92119 85825 64046 91986 15102 639 59242 30821 80627 77341 41091 71905 15155 4633 6497 87686 23679 39557 85812 45934 21622 78341 16353 45621 46071 29984 8101 86679 31151 
3752 67681 3694 89576 12152 95680 81006 85021 35346 15923 46072 16783 33341 22073 8265 14302 28570 72278 37980 44454 38514 60241 66075 20951 52922 15792 43349 82905 23892 34125 90383 27643 78133 70405 93547 66612 70181 78649 32057 81854 70899 78129 74964 8337 4298 59556 22638 9195 12258 36945 53648 50772 73514 23819 71722 30532 15938 91399 89764 16158 29620 84244 20128 84080 
58745 17771 54789 9350 72747 86845 67531 47743 45398 46591 32407 26024 82474 31372 35218 94731 44644 65194 49599 22254 65340 1746 52785 81278 93144 22974 73763 3188 11314 93890 87267 46386 87989 22480 55735 64832 85653 3690 88902 35147 50280 1733 61170 36850 33104 485 35677 54076 65678 61604 76329 11442 63349 9539 92719 60589 32512 70578 40104 20153 44893 31467 66538 36978 
53947 2697 78137 20024 6386 71136 55170 32993 72868 20437 46170 82300 93152 81846 40472 39254 23874 93128 50695 87222 78994 23839 28235 15602 94416 68338 12082 19733 76133 54947 56710 10504 57643 38944 30527 40356 86407 85696 73348 39699 10229 23614 2423 7477 81788 42894 46730 9758 16447 73753 1077 95440 1688 5639 87370 72431 73977 3548 92164 54206 58495 52970 64709 92465 
68241 71563 36918 35072 61355 14362 74771 47912 14304 77193 55388 188 512 78446 82176 16958 32623 83252 16494 34310 65219 80191 10837 43292 83739 7097 73825 22658 36395 18958 19219 8732 90520 32464 43804 55971 23154 94902 80210 37457 76191 16023 13972 53030 94468 244 69987 7515 59824 62809 41824 29139 47096 52660 48758 11259 59757 26679 10244 248 21964 5791 81210 16580 
38254 5438 48878 61407 4436 33185 75191 56955 49207 89162 14081 24099 89406 60396 31613 53326 3629 73436 58792 27052 6520 11646 38311 42604 14652 24882 19179 36615 30672 4486 29522 68926 82154 54727 10757 86590 64239 85948 47641 17542 79206 38049 17968 49036 2541 25908 78689 78400 75671 41577 9549 82191 29550 47859 5219 44201 72740 24398 57143 79740 5211 62992 52762 87364 
21816 63518 54378 62382 53562 78346 56252 13193 20492 74219 62228 95263 76455 45014 77760 56222 86590 87308 18837 92468 15591 24056 17093 64658 24781 50564 48494 29991 17652 77583 93682 15795 45198 52157 78177 75087 34599 38525 88279 31418 89071 30932 30778 69622 75945 84865 6269 42959 76269 1433 39523 68187 1816 32944 36941 26596 83507 61763 32914 5255 43442 30693 93281 64967 
59177 51882 20479 70103 66734 12854 5618 59901 43785 12723 9948 154 1684 88447 43113 54280 89879 58963 26563 91695 91906 39831 94618 79509 5690 31629 61092 25460 38649 34797 90426 74153 86678 15001 48352 57508 4183 53969 93736 24295 66691 7780 777 44702 72554 43889 3078 42858 79179 29640 38649 51510 69471 13691 11443 51488 21647 48862 76947 60295 83658 47798 38544 74432 
39126 63224 36036 19636 21289 10197 20259 64308 90207 21035 85337 66858 41251 88415 13812 24526 22151 28788 52363 67949 42478 63806 23534 40453 16764 76808 4844 4519 5030 19716 55278 20484 59267 67642 40119 56883 77838 60377 1615 72141 81411 86952 19423 26758 79463 33234 27612 77941 38349 79974 49987 57155 24204 49848 1704 40968 30752 78778 21814 12110 74821 77091 32593 38184 
25157 72711 71395 7091 13513 73009 55560 71251 64057 74982 2106 47616 84544 6045 29654 3317 62346 55968 60471 86550 9912 38502 7942 16991 21377 29755 29100 72525 83173 61692 87037 12427 14828 62528 91748 28340 39633 51404 3687 80018 6811 78023 31730 91354 60395 37711 70998 26838 93678 35566 17484 79917 50395 25425 73236 48099 31507 6432 24721 18776 44452 88085 7530 35607 
54709 3375 40274 70669 31106 20288 54783 37916 74639 62841 9694 39130 76879 80692 65967 50982 92585 83450 34995 47076 85202 12327 95175 20805 90990 320 39581 15866 88404 23438 51472 23537 26812 68073 94205 57918 88360 29413 95833 67095 68581 9624 10322 49556 66643 76288 4634 63324 40163 15957 14496 29461 4611 85998 50266 95600 86317 66174 87793 78817 89611 19689 6450 92751 
87761 76983 54765 80218 82723 31022 27737 55400 16973 38058 9052 83615 90674 85917 51035 34933 5970 41859 64393 10580 31953 90986 82508 22367 61256 50725 77511 31292 70414 60289 28139 62271 41368 82903 22913 28187 90252 50650 83586 11322 65035 68965 71264 59805 58978 2724 94737 64947 44582 39555 51855 52862 34637 14787 75228 72221 65511 33164 7609 16349 93452 35747 78620 15244 
94977 77860 19758 89325 32606 79671 76974 73969 52732 52335 37870 15807 31386 13032 57081 75967 28914 85263 9253 39878 76377 60809 16195 45985 93972 131 62333 91520 35877 21377 83091 11278 3334 6945 4700 12267 86615 58001 86235 43443 86663 4530 35577 22145 17561 68986 74439 46474 34673 83692 62679 15147 48597 78874 37459 22993 79004 3888 18609 91209 1593 78027 78814 77157 
84971 83513 65751 75682 21939 56083 95452 12698 60612 11454 11171 54500 80439 85609 77301 19208 49725 44076 10682 74649 3374 48140 1738 82378 28356 92577 54011 6276 74700 36921 83432 63767 859 53279 19873 95028 85689 19422 11822 50397 7203 95223 81224 87641 84929 62621 83176 15078 10794 70186 89727 14167 22422 91464 72872 27105 88138 7307 33380 43262 20556 20908 11126 93645 
74187 7326 92769 63972 3075 80918 90697 10277 80238 76017 74245 45591 19063 37846 60668 6184 12128 54491 92581 34549 26380 69550 61654 90845 53184 71361 38203 73739 92269 25656 71480 46880 32982 68345 87179 36056 29688 58300 22661 14022 14742 1002 59612 33804 38847 24376 39987 50974 55195 36664 61851 57902 82541 3929 52843 16150 75289 67373 66216 47982 93029 41793 94861 6435 
86465 86137 42490 20249 48533 65150 10598 39602 42480 70209 73405 81326 70913 89719 36397 6532 6808 74575 64433 89348 78503 93603 81825 34216 65072 52138 82198 62197 70258 81155 68631 37147 47716 87449 57396 72577 33023 44321 16275 51830 18627 89680 37253 65867 59823 49977 72398 66630 28648 40927 36403 83478 38626 22324 21790 7794 50789 8084 46319 25143 65567 91277 62290 17379 
59150 110 66283 68501 44430 82558 24427 39384 52662 61679 9347 16581 87983 81744 59539 20727 26767 38 80532 41720 94592 6419 25842 49478 86733 72160 74620 56396 43861 17334 73775 7108 17443 20482 75608 38201 7136 76362 77584 36125 18466 86931 29034 10545 72771 88572 7600 75866 64937 88131 21682 39953 70877 47523 89430 61707 107 44475 22199 43968 61808 72301 51075 55579 
92783 7107 93779 76246 83468 75459 16468 78261 42814 21829 88806 19682 14497 72733 95547 55761 41288 93556 95713 16262 45176 65568 77968 45282 14139 76494 89249 52274 52892 20748 84180 26099 27854 82055 6441 87650 37939 95139 70007 80752 21064 39237 76761 11888 88297 76404 43976 33682 74057 43786 26271 95560 13450 80566 21266 3916 61156 14612 56189 90375 11687 20794 20570 15869 
6945 3339 7615 21211 74805 53949 78291 72197 69514 59148 84084 38235 15977 32157 71916 66361 52270 74514 66017 42047 59176 87282 45962 24429 78221 78478 91131 89908 3368 15798 9873 82544 91367 89718 80082 70268 24091 62469 46561 93604 2042 11070 35936 18018 19554 84179 84378 48151 62790 54491 90197 2390 22197 16583 3146 76746 95060 94277 47078 74756 86402 33278 37724 81865 
27092 94133 32557 27510 60699 55446 25211 62740 42843 37474 57085 62396 2077 45559 14643 41194 76377 81167 43584 2670 1846 46729 55743 73233 21430 6917 28413 11928 40194 66136 70120 43613 64366 79005 71123 5489 38547 72661 44556 57717 14231 5737 24209 88538 27623 15179 33829 8096 442 53740 82996 74518 76796 42836 51847 2323 26080 56588 86481 42602 26820 37026 86214 67513 
