23 70 5
1928 5269 3868 8499 7430 3118 5121 8729 9379 2179 5829 313 2929 1413 1493 9765 6190 5280 417 7033 5720 8603 1359 5314 9796 811 8960 3678 1332 7591 6141 6228 2851 10008 4718 272 3118 9838 1961 5456 2009 749 8736 7905 2161 220 622 1311 8468 4006 8343 4179 2600 9701 2452 5356 3472 1403 9033 4803 8994 5166 1022 4804 5165 8708 5076 1242 8537 10004 
6697 3505 744 5424 4370 5872 8612 7959 7182 7071 1956 5517 4209 4555 8177 6660 2870 4608 1022 1895 2371 2975 7060 6360 7779 5184 5059 5814 6426 3588 5809 6082 52 6552 4466 4421 2415 3069 2371 2557 3099 7294 1033 7307 4809 2169 6926 7678 6777 907 9572 9147 3882 6623 5498 4620 1799 549 425 1184 7104 6233 7265 7155 5744 1722 4536 1118 7758 9874 
3674 848 7160 4706 1114 1960 6875 999 9637 6611 1906 9201 8717 8755 8783 4206 6334 3541 7722 6758 4724 7785 5950 4949 4932 4653 9638 2427 5770 7388 2292 9444 1195 9451 7109 5277 1402 6943 6275 3999 3545 1140 3191 2253 9894 4933 9427 9187 8474 7140 5936 6157 4917 4845 4065 2808 9497 3695 5234 8227 4042 485 7662 5236 9936 7730 3472 4297 4665 9747 
8295 8209 878 4445 3422 3732 9378 2840 2910 803 2939 1806 9927 7855 9618 3984 3622 9107 638 1815 285 4679 2300 906 2874 5195 8635 6346 9491 6259 9052 738 4460 9929 5182 7881 6620 4551 3680 9530 8321 6618 4295 8240 7433 3904 2215 1046 5970 2852 5829 6254 490 1088 119 6331 6282 8754 2668 8732 5004 4679 9469 2423 4600 7611 3263 4179 5121 6942 
6668 3434 3552 954 1665 976 7826 3879 4989 6755 9698 3777 3001 179 4864 3119 6509 4105 4832 2137 2829 2796 6815 5257 5218 4374 2859 1441 1513 7980 8382 8180 1405 4893 2094 6037 8836 9919 9915 3817 6665 2564 7593 2625 5710 5417 8712 5178 9521 6503 7314 2341 9298 7089 558 7476 4422 6384 8916 5934 4355 249 7074 8727 5142 9167 4755 3969 2037 7629 
745 8701 184 1298 4286 8861 6714 5957 4031 6226 2451 4304 1527 4709 4352 2084 2176 8774 8467 1083 7667 5782 4299 4732 7468 9440 3890 2215 6369 5926 2803 7113 7587 5955 8410 4832 4807 5115 780 8837 1333 6198 3133 5827 898 7484 7910 3073 9217 9336 7123 6876 5109 1414 4567 2569 3813 1417 7751 173 7342 3513 7286 7888 9467 8655 2711 4266 3762 6458 
6062 8062 2648 9194 6848 3545 9638 4749 9586 1806 7044 9668 8681 2145 4041 6208 7681 814 7624 8391 986 7925 1895 1231 5805 1354 9886 1475 8587 6607 7933 4640 7628 3540 6794 4467 7084 9391 2175 9629 1188 9218 2249 2829 4322 9257 9036 1994 62 6651 3344 1048 7535 5239 2278 3331 9560 5123 7774 1098 4689 5698 5737 2308 9237 5490 6774 9280 4872 1908 
1861 9028 1118 4109 1848 5439 3357 3843 393 3419 3453 3736 7434 979 1934 2671 7278 4453 754 5043 5550 5442 3700 4247 7750 5896 9736 7483 8135 7568 9391 9995 6587 3468 7063 1394 8906 412 8204 2258 6798 4616 8962 7191 5594 887 9861 5831 5340 606 3833 881 9016 7532 8095 6757 6387 7823 7199 4514 8350 9549 4500 7896 3008 1555 9289 4874 4934 444 
7131 4691 5059 6084 1873 3612 9939 4693 2403 8238 8267 6235 2078 7274 6727 165 4022 3105 7987 4180 7618 6328 3721 5078 4215 6728 9600 6463 1593 7493 9874 1684 2175 4924 7767 7015 1495 657 1699 3897 8894 9965 124 964 190 6850 1128 7179 2914 2074 1351 524 8401 5071 8569 5575 4758 1120 4997 6351 8612 7830 994 3746 2745 8760 752 7207 2377 5418 
4064 1262 5375 4187 2225 8532 3996 3352 5703 6909 8393 7053 392 9753 5083 8960 5319 9840 71 3275 9150 1642 1096 135 5387 6808 1855 6138 6975 4231 1548 1030 8460 9890 8184 677 8413 2171 6996 7075 2039 5381 4119 2431 5125 2161 4350 3404 4961 7389 9646 4102 9030 3702 7205 4409 3469 2019 3506 435 9217 8021 1464 7668 7902 9647 1304 9275 4777 1260 
6341 6816 6640 3420 9246 4724 8548 6555 1087 3500 3935 3693 562 5925 7394 7766 3293 3822 9784 6798 4257 1952 7779 8688 9619 8640 8327 915 7906 3095 5142 7207 2870 4741 3586 5075 9464 2125 1622 3511 5625 8524 163 6186 4440 516 6911 7732 4337 9654 7490 8593 1597 8228 7273 4175 6859 8559 8057 4757 4613 3190 4923 7483 7930 8508 2549 346 624 4170 
3856 6248 2686 6986 5393 85 7501 2295 777 1829 1940 1226 3382 6504 9453 3614 671 6303 2164 8727 4019 6776 1909 8941 7218 9838 400 9767 175 1024 6896 6998 231 2541 3975 5624 2626 1467 878 6370 6264 5786 7595 9645 2281 10007 6218 5919 9269 8381 4638 3280 8116 9514 5180 5326 2303 5580 8052 2478 9571 4939 2435 9801 7480 6410 8384 3065 836 2222 
2394 59 8007 9988 2663 3247 2946 8880 2126 2206 7252 6763 8453 8328 9236 3625 3645 1530 2164 4656 6975 4694 9594 9410 7454 25 8779 8798 6057 9614 1011 8450 2633 1977 1389 5295 8191 4334 4167 308 9508 4378 30 7952 2697 9265 4536 9309 787 9667 3956 7761 4352 6510 122 4766 9502 8900 3555 5551 1466 7533 6960 4098 9509 1309 9392 7691 5642 6518 
7999 8109 3856 8028 6053 9520 7285 580 8821 1031 3207 5736 1751 518 5205 1873 5283 7667 3732 8837 3209 5197 6361 3128 2254 8829 4436 4606 6512 3038 1115 7470 1138 7938 5489 150 7450 5733 3698 9230 9731 6904 7925 4442 381 3122 6314 5664 780 3005 7460 6956 1162 6781 3043 3415 5601 439 8020 5072 3476 2095 2533 7581 24 982 691 7473 6714 4388 
9662 9405 4251 7579 3838 4631 692 3111 3254 4439 6115 706 4354 7276 7486 7396 3651 6046 7834 4630 1110 4269 6724 6610 4810 9716 7591 5500 140 7265 2847 9802 6661 57 332 490 4687 3991 6568 901 8429 2674 1606 5742 2910 2051 3129 9528 8096 3923 4149 2165 1151 3833 8775 5960 6508 6357 4419 9615 6581 7265 9408 3233 281 2699 6690 7936 6689 3249 
8836 5109 8891 433 842 4760 2483 6939 7247 3538 853 1387 5703 4971 8187 4469 923 7654 3785 8309 7261 358 5566 9628 6558 8814 2319 3240 6741 9007 9456 5568 4108 1298 8968 7917 9025 4410 4847 6263 7948 8667 610 6610 6598 8796 4038 7520 6442 782 5820 6662 1139 4345 6281 657 3151 8599 3896 2851 7598 6311 8419 4665 569 338 2573 9593 4748 380 
5848 5655 2006 6457 2256 8603 8212 9261 9082 7613 34 7862 4266 4141 2198 3507 4797 8316 2097 1652 4127 9694 7962 2537 4350 8530 2874 9891 1075 581 262 6922 6235 5235 6338 1450 6798 7509 702 5871 5114 736 3724 2339 4876 8890 5845 9672 157 902 1315 4283 587 2236 9787 7905 3726 5621 7787 4800 6201 1008 1713 2428 9210 1010 3877 5999 8518 7547 
1862 6591 8282 8553 1890 6117 394 694 5780 551 1595 54 7801 2182 5257 7580 3046 8982 3192 824 3773 2352 4799 8453 7747 4000 2422 4584 2959 932 2122 4820 482 395 6332 2371 6511 6726 3065 5250 236 4659 8271 8036 9808 3519 8575 2845 2493 1758 6636 9233 7078 1426 638 4816 8394 3059 9399 1344 6958 1512 9131 7440 4874 8422 9810 1376 8107 5834 
9593 8342 485 7855 9338 3252 1366 7904 6097 6826 2622 5692 9018 9699 78 2615 4506 8471 5674 3897 2774 2623 8376 4864 3022 3242 3277 2824 7585 1376 8657 7170 2677 2101 7984 2006 5353 2309 9910 4409 2094 2523 92 1104 2213 3137 3718 9686 4567 2351 3574 7340 7942 4910 2195 955 8151 8440 6746 5727 9815 5395 5856 2483 455 6800 4489 8775 9108 7358 
3175 4162 9880 6235 8233 5052 9371 1942 4729 3930 7261 1263 4229 5194 9140 9392 9116 7282 7823 5854 5968 7629 4208 4784 3071 4662 1575 519 6397 3642 7876 9571 7803 707 8765 6027 8726 8128 929 6415 5017 1149 637 9245 9310 9776 8628 8417 7049 6442 4262 5976 7030 1429 751 3061 9059 5293 3579 5447 1895 4415 7977 2657 8089 6734 8684 9775 4853 2572 
6181 2829 3720 6817 2065 5989 6584 3653 4397 6592 3054 1619 2559 76 3047 6278 6104 5065 4530 2642 503 6424 7056 1440 9081 8105 8173 716 7871 5985 3287 4043 8813 9974 3819 869 5954 394 7489 3310 9953 535 4928 2503 3578 935 1740 9681 8967 6270 2314 2430 2685 2330 3869 1757 3394 2033 5440 1256 8017 8726 8266 6821 1651 2076 649 564 5437 8138 
6842 5381 8672 4729 843 2241 5663 2583 4881 7590 8852 7194 11 4496 2483 3879 9221 5876 5911 4652 7131 3919 6338 8356 3699 7988 423 4347 1512 5859 5444 8353 4199 4107 3073 5042 9315 1696 7624 4187 9285 9435 4341 9295 3922 6823 3165 6102 2691 2035 746 2781 8921 7083 1129 2611 8030 4519 9925 2501 370 5361 3813 4568 2427 6886 2569 1734 1541 184 
8888 3785 2578 3220 3071 9468 35 9203 5561 5693 4197 6306 8473 3109 6348 2561 5719 7338 7080 8603 9838 409 3955 6611 7944 9350 6456 505 4043 7996 3656 2922 1772 6234 6142 7810 5693 9144 9972 4213 4828 4160 3479 6260 7268 9826 1781 5946 115 8860 4540 2913 9268 1455 9523 7203 3764 5970 667 7806 6925 4323 719 1656 3516 9828 2425 9208 8963 2388 
