41 99 6
3601 7936 4682 1378 4902 3961 5110 4603 7947 413 312 2861 446 7672 1916 3795 4464 2488 5531 7677 8638 3935 5317 4861 8997 4813 749 9505 1275 8813 7742 1867 7196 2871 236 2545 6831 5345 4140 2217 5758 4451 2069 3195 9114 977 6989 4025 3464 9511 8693 9093 3894 4458 4401 330 9270 2141 6826 7536 7945 5015 6394 5589 4878 6629 5125 8700 8966 6256 7909 5171 7698 425 5357 7259 7945 9337 8275 8400 6288 4408 7940 7173 8865 9332 7502 5574 8465 1767 549 6857 6782 3934 9437 8651 7554 2002 7798 
6967 8257 6154 9129 3395 3571 4933 1101 1963 1710 6368 811 7997 1223 5742 5617 7079 5522 558 92 4434 2324 640 8282 6097 1565 8167 5195 9118 616 3441 6533 5864 42 3101 9258 604 5026 7351 2567 6735 4166 369 2171 5388 3102 4779 9458 8623 5336 9549 496 4651 7180 5770 1196 8744 4384 3382 5301 4999 6822 8825 7854 3856 2374 7560 4459 7399 5358 4017 1573 9523 4385 735 2350 7487 5513 8799 3549 1296 8795 1037 5946 3414 6806 4133 9149 8181 7515 4897 619 1776 1162 8472 5631 3535 6479 7082 
7925 8828 1546 6489 5790 2923 7223 5131 7401 3183 4377 7941 1470 611 8977 4407 4024 3222 5532 3620 8394 3494 5509 9012 5269 6670 7932 7892 7196 1850 5421 2560 7670 3958 9048 3907 6880 3710 6030 1720 3884 854 109 5353 1465 9085 6751 5488 9299 2730 6100 8140 3215 8600 4592 8484 5717 2971 3815 352 1812 6227 2911 6473 632 8950 828 4504 3107 6857 6223 6990 4702 6331 9334 6166 2856 6532 8646 9146 6254 2185 4725 9468 1232 9316 5391 3940 9278 9205 4291 8082 2871 4193 5002 495 3590 2821 4998 
3688 6669 8212 7669 1819 1983 4442 4976 1830 7965 4069 7967 4666 3245 3139 4582 4476 2903 6964 8415 9172 3609 145 7701 6479 4337 3151 6973 4918 5971 8962 5597 3088 4614 3713 1898 6596 8154 6873 5417 3559 7934 3831 8224 1626 6969 245 6102 6863 7209 1956 6483 1265 2101 4631 7743 3429 4773 2156 5339 7736 8109 1383 1271 3170 2088 160 213 689 7032 2621 4247 2405 6451 9463 4031 860 155 7124 7722 4355 9079 1644 5619 8171 3267 802 8592 8039 9501 4378 6222 8057 2752 4484 1675 4839 4643 8431 
5528 8667 1500 6766 1519 4942 3668 5549 5801 3823 112 963 8177 6183 2606 1236 1793 5872 8581 832 1351 8529 2201 7572 7033 4953 9048 5699 239 1130 4578 2758 244 3069 6516 8307 8010 631 1295 4259 1445 1407 2213 6614 7589 4818 7849 9381 7682 6877 7205 9032 2845 9405 4043 325 4805 530 6024 5044 1660 7593 4793 1903 1109 1756 7201 9118 2387 8496 816 823 350 3028 7436 4930 4838 2724 4758 2967 6592 2410 8990 9436 8807 472 6753 4059 1002 216 6094 2661 7808 7879 1555 8916 82 8756 5473 
9012 7699 6289 283 8048 6308 4710 3425 1593 7434 5174 4559 4473 4576 3996 1349 3830 4468 8101 4880 2461 8316 7966 5121 3563 6292 6675 2926 6373 2870 8398 2825 1016 2126 99 6055 8434 4808 6471 474 9233 8637 2025 4154 3660 3012 2494 4481 7479 7586 9360 387 6349 7773 2499 359 4512 6166 276 7877 9035 5665 1149 7043 4783 7791 3545 3664 3046 7008 1129 2727 6092 3153 3872 6743 6165 3357 1671 1083 1390 1478 8014 7738 6243 7504 5088 1202 4117 2355 6070 592 8019 4210 7634 3249 2448 8170 3904 
2486 5625 5033 5212 8708 5177 6075 5898 1789 9431 4560 9416 1268 6038 7877 5997 9272 5828 8076 921 6937 878 3983 7528 8896 8192 5609 9137 7632 1218 3488 565 6843 5512 2768 2990 1137 5834 5880 9469 5712 887 9332 3971 3916 4648 415 3635 7468 5482 1548 1844 6359 5530 9371 2694 1161 2419 2278 5784 3636 2758 6348 7470 5261 6107 908 6397 2388 3779 3306 5091 4665 77 6053 5573 1717 3459 6199 9184 8940 7746 1475 5746 715 7837 8440 8420 703 7709 4651 1330 7458 7991 8800 3167 1537 6699 6555 
3925 925 308 6007 2581 385 2508 5145 2101 2958 1792 8276 2346 9537 6742 5083 7244 5026 962 3103 2720 8671 7753 4049 6576 3183 288 190 4720 6986 6745 5636 7910 4044 2090 7483 1420 1589 3075 3520 1539 4866 8787 3884 1843 5976 5958 6078 7993 6920 9180 1160 6038 7380 2201 53 7555 2488 6787 2722 9474 971 8357 4823 5014 7438 9297 6434 6019 2820 6945 7557 4677 6180 8432 6519 9147 4837 36 7588 2204 9215 5739 5233 4035 7939 5286 2037 7419 2520 4758 4332 482 554 9154 2487 7991 8899 5912 
1449 8710 3305 9005 3834 6476 7884 7345 6070 3169 7380 1097 5372 7043 6836 7597 8069 2214 3330 553 6624 2841 2302 1403 314 9399 1005 2800 7837 6895 8712 6278 6052 2464 5730 6877 5931 4062 4669 8992 4222 2497 537 6585 6531 4364 4629 5047 3569 4950 5599 641 7790 4892 2043 8103 4738 39 7895 14 3925 7054 6291 6968 6509 2469 4293 2887 3522 5953 2326 4735 8449 9406 1767 5427 1209 6396 7465 4778 8337 503 5418 3567 5394 4452 2117 579 1483 7003 7137 5407 4504 3875 2823 1460 3335 4107 1338 
3848 507 3664 8582 5948 509 7341 8366 1718 1176 6279 3487 9512 6781 5896 3526 2623 795 2635 193 8821 85 4321 4676 4589 8196 4490 3040 8522 8596 4378 9362 6094 5033 8391 2489 5541 6179 7847 4250 7354 4573 7736 4306 1801 4079 7831 1415 1866 913 8152 1134 998 2920 2801 2578 8107 7290 5617 4069 3325 6986 3878 6411 2466 9260 5891 4999 2879 4185 9248 7224 8757 4424 1977 7550 5494 256 5956 4351 7712 4555 5485 8709 4467 5277 8278 3021 7 4343 4081 3331 8320 7958 6733 1234 4658 3072 6232 
7536 7256 2919 2199 6461 4334 4176 4458 276 1423 7405 4626 9134 2408 7102 5283 3866 9371 4008 6886 9377 5342 7959 147 4110 6364 6880 5343 8013 399 8566 5996 7654 8476 8195 4562 3258 9362 6011 3533 1232 3864 5150 813 3263 9244 3087 7128 9062 7095 1453 8886 2884 9411 9032 3985 3215 6359 9327 1675 6757 5332 4663 1851 4256 297 6412 4505 106 9415 5029 7881 718 626 8693 972 6861 8772 8099 6370 6314 6543 2695 6189 3394 8719 622 6608 2517 6940 5274 9274 9264 384 8116 959 7224 1967 5463 
7329 1829 939 5657 9090 1564 1790 509 5417 1009 5599 2234 4314 2590 1921 7494 5983 1087 8115 30 3603 2495 2295 316 2206 9223 8431 3164 6894 846 5618 4671 9218 6556 7319 8756 5111 9108 9264 975 7108 5311 201 8413 4892 2121 6355 7866 3207 4917 7895 6809 4403 637 4117 3600 6851 2995 3755 4193 3840 9372 8863 3506 6375 3621 9253 8478 169 8964 6444 7276 1714 6644 6137 6605 8764 2939 1910 8962 4847 252 3211 9250 7433 7327 289 4731 769 4044 5915 1601 3863 5225 2098 7230 5838 1798 3147 
6006 7753 38 3729 6459 6682 6857 503 2885 6787 2413 2295 2082 9208 2497 8323 4080 271 8611 5803 7583 94 2165 6175 3957 4382 8272 8178 667 7061 1772 6672 2254 1809 848 8712 5482 4697 6206 5359 1931 8618 4645 1004 8274 7141 6318 9345 4403 2369 5595 2433 2462 7760 8608 3410 2589 4319 2035 3255 8372 798 6918 1073 9151 7765 6776 2072 9453 3429 7430 1832 9039 2522 9379 4752 110 6145 4544 1504 8513 587 3937 7966 5338 9536 1824 7926 4302 850 8172 3121 1648 5537 1185 7790 741 4952 309 
642 5373 7739 9017 4859 7252 5835 58 4354 2427 4601 5857 7931 2179 6785 6345 7516 6768 8168 2881 1518 6009 1500 1630 4648 4028 9359 2885 4769 4758 186 2402 578 7924 8410 2428 2615 4692 2485 6968 4111 4078 265 2489 3248 7049 8833 1212 4265 4440 4092 2774 897 2584 1395 2536 6611 1201 5421 8371 2951 5606 7764 520 969 3613 2948 3583 8305 2424 7543 9407 3493 7807 2343 6741 5303 8168 4944 6559 3055 6027 9332 943 8610 7719 3479 2661 8919 5891 8023 8861 8488 3227 9381 6448 6839 9320 7022 
2583 2191 5012 2437 2676 258 1772 9416 2553 387 1799 9111 433 7825 5883 7920 6883 4049 8390 6535 407 4728 5005 9268 655 5223 6088 7102 2510 5855 4571 2084 5037 31 4521 7712 6832 6292 4567 9384 3670 6365 5935 4102 4638 8809 2469 8512 297 1306 5494 703 3025 7490 6962 3679 3161 489 1228 2662 6343 5799 4745 1828 2821 9265 6531 100 2996 1546 9484 6665 7910 2858 7759 9539 2114 675 8498 2410 8525 1431 104 1997 8921 4058 5676 9073 4546 6903 2182 7881 3149 6926 6700 5969 3631 3678 3061 
3618 5223 9536 7275 573 2841 5481 559 1946 3147 6049 4355 2119 7479 1450 4116 6847 2499 6783 3359 7045 4133 5540 5373 4274 2914 2520 7234 3536 3189 742 7153 5404 725 4875 5976 557 803 3526 2502 3950 22 3848 3060 7501 5298 7175 1787 7796 4405 5146 2280 5530 1133 4644 6795 1038 4155 4476 1565 7344 2210 8718 3195 9478 1032 6162 483 1835 135 9528 2776 157 3824 5835 4649 6113 450 6435 4356 1846 8572 3628 7375 6697 8271 4617 4726 2874 6085 6291 7209 5286 5456 851 2203 6487 7012 2685 
5313 7146 9205 5080 4294 3476 1363 8942 36 8356 2817 1383 649 8380 5010 5016 5524 721 6624 698 3594 3156 3980 1250 5433 9435 8644 7636 3361 6103 7312 5666 688 6964 1193 1974 7431 9099 7907 7466 7902 7715 8849 8551 6543 1298 4014 9058 2018 1085 203 2603 1233 4182 844 3657 1056 9487 1740 1409 3029 6044 7074 709 447 8266 2682 7878 4805 7580 5791 3154 5743 2079 2152 2733 3377 3157 8782 2386 1234 8985 4989 2466 606 2824 6122 8206 2759 4854 62 2779 7889 4127 3487 8335 9384 3160 3652 
4636 1188 9443 7790 3922 8513 6933 3646 8881 538 2875 1715 1771 8851 3695 1228 9457 6518 4341 5102 6268 6186 5163 9047 4522 9289 9525 297 9120 125 3948 4204 7856 830 8985 2225 9343 6365 5870 8671 3894 8744 833 2656 5035 1519 3883 4939 8037 5216 488 4752 1849 2642 1238 3363 8922 7755 3659 5481 7879 7606 6676 6182 8436 6108 5398 8226 9465 1715 4336 3806 7450 2161 3454 2932 3679 4328 4862 2163 9543 2341 3907 8384 1974 2136 2194 1343 338 5852 3816 8216 897 7483 1837 9332 1031 7234 4997 
943 8948 9333 1740 3838 1941 5193 3761 2611 6513 8623 4774 6503 7955 5672 2326 377 7807 4519 8263 8145 7362 9070 3800 8259 7001 5637 8038 8031 3318 475 5965 9258 6799 7704 535 5731 337 4295 8341 6849 357 554 791 5304 6225 3117 2672 1472 4627 7926 64 2437 7444 855 1143 1884 6491 6172 362 6801 3638 3318 6506 884 8013 4032 6614 8349 8326 2395 2637 5675 2948 420 7970 6165 528 1089 7636 5154 9014 4691 4582 6905 5545 2716 8788 2484 5880 6141 9284 9517 6450 3229 7393 4911 7260 1446 
699 3025 3840 3336 5691 3780 747 4108 392 1274 5196 5019 3419 1650 157 8001 5546 5701 1164 4782 5176 7043 7914 1899 4000 4812 2119 1840 6714 6370 3285 7412 6387 4117 7739 2525 7896 8485 3625 5279 206 5812 745 3625 7461 901 8617 3455 3593 228 5228 8769 4263 581 7659 5254 2384 226 4085 9097 6595 4361 6957 3429 8477 5143 2946 3812 4076 3562 9090 1273 9373 282 1889 4274 1182 953 4720 4775 7725 6939 983 8979 4511 8641 1672 6895 8866 5756 3431 2901 564 835 6329 9041 2970 6266 3300 
4037 275 9382 2301 6640 111 4190 7905 1293 2134 3072 3059 6850 7002 4041 3268 1960 3129 4939 5846 8987 1142 9277 2335 8250 7103 5655 7738 520 8913 8029 1548 6179 7858 3849 3266 4961 5030 1618 6253 4155 1681 6303 1453 5674 791 1712 7634 911 6651 3927 6889 4784 643 6215 3481 7746 8862 8210 5257 8222 3679 6805 4848 8528 7645 5106 3936 3122 3715 7180 4268 5396 3930 5720 8061 1712 4424 6142 9167 1522 7061 3495 3297 7703 158 6778 5896 9019 2427 1601 4680 6105 5397 6519 2073 3489 2072 6008 
3602 2779 628 7869 5166 1549 1029 3674 3261 5452 264 9419 3965 4316 3361 7261 2466 3518 1478 8362 9528 3905 6954 1647 7001 2798 8166 9073 6286 7229 2521 335 455 140 5195 5620 1688 6223 6286 4948 2122 6549 4814 6086 1312 5167 3795 769 8684 2264 6122 5652 6168 3523 7298 609 3312 5911 6673 6589 580 6185 3915 1034 6324 9110 3646 8012 5780 379 399 7902 3919 2205 4435 2222 7371 5221 2990 3494 7485 9112 9145 1092 74 6891 1700 3386 3249 5365 422 3828 1997 4337 1854 8321 3894 2491 3772 
121 9413 4170 5014 3779 3366 9449 6000 1184 2109 5981 4678 41 2532 4270 7677 2606 8152 6368 2983 1849 2180 3404 2668 4177 4732 1513 9489 8625 4003 3708 5738 855 4869 7743 4633 5227 4631 7624 6410 6740 1045 8079 3772 3576 9341 1896 3173 7940 8264 6155 6780 7435 7 6440 2059 1730 4944 8539 7347 5939 9238 3532 6793 1547 8266 1874 6773 3345 6489 622 532 7533 5693 4303 1557 5481 3191 4729 860 8446 1332 4632 6328 7882 1519 5379 59 3454 1357 4397 9392 1043 4920 6633 9133 3634 5498 6353 
6978 8978 3966 7509 6959 106 8803 5507 2578 8985 683 430 7878 8558 5061 1646 3879 3571 4016 930 7024 5372 5326 3856 3406 694 7480 2986 4327 3425 9338 8296 2850 744 6252 6800 849 2494 2754 419 1927 429 848 6796 5978 5908 5433 305 6470 9448 7778 3941 5268 543 7796 5665 1236 2715 8651 2554 6139 5428 1297 5981 6171 4540 220 7020 4026 2974 7438 5952 394 8285 187 6371 1632 2612 3667 8101 2507 1892 9033 4766 8979 4269 879 662 6983 9529 208 562 5404 8048 6542 8567 3036 6761 6034 
7061 6726 911 452 7119 6187 7182 3938 7818 241 4596 3358 9292 3480 2838 4505 2906 7106 2375 559 4537 8895 766 5098 1739 8814 8631 753 8841 2831 3778 3341 5 4688 784 4115 7866 4957 5044 6131 5198 88 9488 4937 3567 2773 6433 6472 6871 5800 7030 1855 2134 4788 3944 864 1041 3022 1616 329 5852 2385 661 2848 7072 1444 6963 5385 6400 2454 8507 8589 9085 5434 965 3099 5199 4390 6562 2517 7181 4040 1363 9314 8827 5306 626 315 8327 8785 7187 1618 1618 7847 4466 5681 6282 8420 8058 
121 1321 7012 5702 7398 9438 6666 944 5084 8047 7506 7600 5675 8537 8962 2429 4803 1707 46 5117 481 8830 9295 2098 895 4581 3555 3568 7854 2422 2073 4966 735 6076 1115 8132 5961 4773 9075 8036 259 4020 3075 5934 3004 9028 5354 7806 1182 5399 362 1662 4676 6648 752 2563 1676 4306 6130 6521 6728 5194 1935 7462 1717 41 6041 4670 4813 2555 145 5072 6575 3220 7997 6570 9239 3798 1816 869 9196 8721 9074 1311 2809 6817 3873 1476 1571 6994 7997 5290 2635 6923 191 1344 6963 3223 3005 
2224 5777 3149 4287 9343 3360 2731 3353 3047 6528 2160 3915 3163 1328 428 4473 1128 7245 5338 2604 8815 2779 1048 1544 2406 7970 1734 3749 5380 4956 6753 4595 7724 6893 8881 7515 701 2059 7859 3747 5578 466 4653 5732 1793 5080 653 9465 2772 2982 2516 8578 5760 555 569 5157 8524 8846 5897 1343 4249 3097 2930 8965 6982 2258 6927 7682 1309 5233 8420 6886 2690 3520 58 1474 8599 710 1386 8363 683 3901 7388 3434 4455 4949 8591 418 4242 4935 1761 5483 5024 4690 1887 2453 3939 5805 7126 
5247 8029 5993 9125 1166 6504 9182 2639 5550 6883 4025 1352 4557 7925 8740 7990 9372 1128 7028 237 2361 8955 8541 4835 4426 670 6721 3870 4609 2973 7987 6847 1449 1419 3411 2614 7922 32 2245 911 3906 6269 2263 8462 1633 7994 3892 1452 9121 1367 8233 8473 7313 7221 3756 8730 4883 7468 3047 6483 7433 1481 769 8881 9443 4180 8487 7812 1203 7723 8723 5109 4439 7977 1010 3063 6418 4901 1507 2978 3260 6731 8442 1020 1391 9189 198 6273 7105 236 3203 4985 8261 3972 1305 8151 5143 6783 6411 
6345 4953 2573 1901 6383 997 9455 6438 7414 4803 7944 7383 8062 5122 6272 9082 6512 5909 6271 225 3461 6506 3427 5437 5214 4390 3733 3813 9532 7508 671 3317 9452 3243 2209 6283 1231 2111 3168 8644 6914 8103 6474 2415 3672 185 8488 7175 6093 5206 7399 6545 2160 7818 2429 4365 2655 3154 8177 9179 1109 5839 9487 1008 6073 2143 4282 7303 4254 4441 3386 8159 2991 6851 1021 3654 7036 9509 7821 568 2154 5667 7113 1305 924 6533 5670 571 6678 1286 197 7786 7125 6675 5786 637 8817 7059 4932 
510 1948 5309 8668 1930 2608 6681 2576 6635 3629 844 4194 5782 3502 1754 4079 4426 5279 196 1988 2404 1481 2184 7182 5597 5850 407 3226 5114 7465 5149 5624 6404 905 1731 5326 504 8411 7901 4130 9031 5736 8324 2253 9237 7069 6331 1102 2795 6526 3089 5199 4998 2264 2828 7587 8113 3234 1260 3675 7690 6408 6290 1534 4304 8020 6859 4808 3871 5207 8937 3349 7934 4700 5601 7618 2217 2379 5712 5011 5896 5792 7201 1342 8056 7020 8928 3608 701 7179 4274 5383 1026 1011 6916 5329 6023 4222 584 
341 6420 6513 3689 4801 8204 6282 9410 868 8660 5569 2871 5004 1809 519 3337 6856 7539 9256 911 5231 6882 5185 7605 7907 3187 4968 3683 9209 6181 1259 9549 40 4763 678 4840 3414 6959 1690 1274 3058 7258 4144 5053 6058 1654 5381 353 9192 5084 1264 1863 2413 3440 9467 7311 6626 1875 7986 3275 8055 9244 263 8095 1446 7484 374 1851 4890 2063 3124 4940 6313 4259 440 9362 5913 5821 163 2544 7896 7970 4406 757 8401 1313 5059 2466 3187 3492 5740 8233 175 6003 6775 1620 3934 4141 3471 
5816 6203 3586 7747 9507 7845 5178 6309 1197 7990 6471 3740 6334 1880 5138 4082 728 6450 9140 3193 6628 3080 5925 5308 3254 8919 9075 1866 292 3663 2328 6107 6857 5913 1293 3804 1197 6471 560 2393 4908 4022 3125 8233 5901 5254 2762 6628 2151 2350 6812 5770 2421 3184 1525 2666 2550 1047 4531 2842 1701 6858 5940 8558 211 7233 2809 1407 1143 360 792 6050 4381 908 1723 729 6161 4484 4348 5303 3825 1607 1520 6245 4791 3044 8911 4332 1083 881 4165 2783 4731 553 8332 4941 4777 1588 3339 
5919 8491 1122 8960 3319 8573 1130 4047 5181 2606 8394 931 6430 449 8994 115 2231 2486 9025 3554 560 6897 7719 3342 2075 8271 2122 4007 487 701 4338 3397 9192 5459 9348 2958 4480 926 3997 6652 523 2838 4575 6952 278 4016 7066 9052 6501 3530 3054 7060 7419 1220 7394 9493 6482 9515 940 6968 7207 5277 7356 3838 7727 7151 6796 9198 5068 1240 6298 5590 1069 1320 9534 1347 5335 4039 7390 8828 7569 891 3327 5435 2110 1168 2367 5583 7674 3306 9542 2321 5574 7345 6158 741 4944 393 386 
7003 8176 3675 33 9245 1986 14 7583 4313 4052 5420 3588 8612 6311 3906 4494 5412 2066 3853 1443 6731 4150 1432 9051 172 5769 2649 912 7704 3041 7841 5154 8209 1964 2178 7901 3949 2191 2923 8261 6243 8342 8840 2294 2092 3194 6788 4496 2251 7632 2930 8981 2229 1353 5472 8944 7121 8120 6847 2264 8152 2128 4410 6808 4091 6587 2148 5031 8778 5070 732 2460 852 19 4753 9487 204 8532 4430 8998 6611 4351 8427 5832 5704 1338 2215 3272 9457 6054 5536 5048 8181 393 8848 9263 6979 1443 1733 
3196 3505 2464 5655 4356 9027 7400 1282 9230 6379 2704 5668 430 7054 4542 3253 3205 5879 2459 3469 2775 8512 5996 4814 4132 3380 4109 834 7350 5552 2567 994 6048 5030 3640 7395 4504 8031 8676 1174 1850 1827 6841 2279 8881 8374 2523 2533 1692 4981 2993 1458 933 8988 6271 2056 2815 7372 2890 613 3371 5456 8150 6410 7477 2237 4252 8973 716 3375 7138 2565 5202 1418 1835 1522 6783 1349 1046 8474 3321 4039 6923 1245 3474 3641 3301 3281 1460 3182 3893 1822 5629 9034 8231 545 1718 2930 9517 
8977 3297 4094 8533 5490 5511 7359 7011 2741 8707 8056 8206 9020 9086 5576 712 9552 6209 1004 3280 4660 4185 4164 6482 6805 3645 2152 7350 2354 2074 4306 1779 5370 8400 7303 1307 4358 5110 5309 4091 1256 804 9288 723 338 5312 7979 337 1968 8982 608 3619 607 4771 7092 7411 8415 9244 5208 1216 8309 9514 9538 1118 8361 7289 2424 158 9390 4724 1240 1093 5527 976 8360 5864 3279 6786 3192 2238 3207 3799 5856 3813 8569 3396 1672 4423 3087 3871 5639 8387 3832 2616 9504 9184 352 8919 6334 
189 4090 4565 7826 64 5540 3625 2920 8818 858 6111 1503 4064 358 7359 4869 5918 1202 3532 789 1280 7402 3419 6658 8226 6034 6609 4849 3378 5975 1630 558 512 6195 8383 575 8726 2455 3494 4984 304 6597 6486 1360 6954 1284 3220 311 9029 6751 1099 7300 4600 1509 4405 265 7543 1461 5114 1368 4427 3735 8469 4938 6921 7300 2505 6095 6746 2990 1526 4042 34 5003 2393 3979 6287 5612 4290 2755 2810 2380 503 7409 3889 1899 7674 8423 3360 227 6782 7786 3961 5698 164 1330 437 2668 4416 
4175 5657 5941 8216 2683 1391 1056 6661 4669 6667 7942 4416 9476 770 1910 4324 1650 3808 8989 7064 4159 6207 4293 8937 616 6982 9100 8489 7419 8759 3352 2041 1855 9292 7248 4537 7674 8303 8190 9335 2409 6579 4198 8876 7348 6107 639 5989 6906 6620 3500 1513 3274 4784 897 881 2214 444 9369 6624 6194 3168 5656 8048 9451 3351 25 7573 8645 8214 4347 8045 5240 5536 7368 28 8634 4998 3008 5987 2065 6508 7499 2331 1739 8395 3211 944 5830 3028 7567 2471 6195 662 7511 3086 4012 7535 1106 
96 6196 2444 8140 8427 7979 2947 5446 7060 4937 8454 3494 7001 5409 7985 6323 4139 3819 9534 2075 97 3009 6633 9111 6195 7295 4061 9280 8298 2043 7377 8394 5230 6812 3973 1097 5238 6920 6542 9289 2304 5443 223 6296 7843 8207 3067 8974 2473 40 1496 9113 40 5120 5664 6234 2862 172 2954 1608 2215 7322 449 4436 4582 4421 5532 6811 8332 2522 6548 7627 4956 3762 4371 239 2416 4429 9212 1880 4468 7699 7985 4507 3266 4096 7732 3120 4267 1133 4727 3473 5447 2167 4901 476 3579 880 7286 
2359 393 1273 6977 5349 5034 1795 2579 4441 3215 2238 6321 7682 6928 1745 9180 7185 5840 7360 752 7098 5484 5478 1019 7922 4636 5919 8397 8215 3790 3123 7565 4183 4395 4989 6523 6421 3776 9101 1309 6990 8330 4621 2112 5705 6365 8283 329 9196 3082 1081 6742 5558 3550 4752 3927 8186 7662 9316 3840 1899 2886 8396 3073 4272 3832 43 7684 4599 6135 8993 8581 1904 1053 7684 4600 4410 6414 4929 4053 9496 6009 1242 2493 6 2985 6419 5183 1094 3174 6014 2993 3051 4857 6065 4315 5681 3100 2446 
727 6226 8430 9307 8130 6475 4430 169 1332 1292 5097 5384 7779 8097 3618 719 5095 6602 4129 725 7696 4295 3731 7680 7345 8587 1184 8651 4715 1275 1545 2434 7501 6966 8732 3070 3888 3610 230 2211 1893 5327 7595 6663 3871 8204 4373 5957 2245 8501 3674 6932 235 7404 5059 4572 6438 3235 3670 8145 4509 5214 7570 9001 9172 3741 2518 3507 4342 2748 2710 6234 5066 752 3344 5928 5947 7716 2333 8191 3657 6006 5571 3891 3857 7621 8462 7286 1303 2580 2870 5812 4785 7431 5260 1396 1620 4770 1895 
