88 28 2
4243 337 3340 2133 5200 2948 4561 826 5164 8773 5912 7134 8559 6790 9095 4480 6138 3404 1306 1589 5577 7781 258 5901 8901 7127 1302 6430 
5595 4888 2707 9837 6376 7198 2536 991 10145 8249 1816 4724 6436 8879 2424 5561 5084 933 10041 1788 4336 1913 3376 9912 9693 4785 5228 9160 
1327 7681 6157 8073 1983 10015 8476 8359 6628 1579 10501 6187 9827 2883 1477 5677 1177 3900 1805 7412 4833 2412 9199 10320 4324 3141 9647 4583 
9077 5441 3158 10403 2536 10466 9042 5670 9895 6933 3443 5937 8511 4510 2691 8904 7393 5319 5147 9721 9219 6951 6547 4618 9362 6312 4352 4252 
19 3413 8835 9095 8853 2559 8913 1955 2439 8521 7625 2900 4868 1634 9989 3945 7296 2094 2263 4103 7412 7410 4390 7197 4927 351 1229 3704 
7814 6733 9107 7832 10145 7356 6341 9565 9914 5820 2086 2919 3756 277 5819 9775 1911 5222 3135 10358 8467 6549 3875 6445 4525 9416 4209 9452 
333 5437 3722 8146 1584 2243 5392 2296 166 2299 2427 646 8119 5664 3565 2441 5941 10535 1630 9003 6323 4764 8775 4204 728 3216 1215 5252 
2046 5423 5270 2378 275 8991 1090 3010 1801 7633 6457 1966 9931 10035 2611 8616 5114 7327 471 469 7276 2101 38 3013 8016 8812 8368 9895 
1442 9583 5714 4639 4420 398 8168 5846 10541 9257 10008 2908 7456 7031 4873 6801 6481 8635 5984 2161 5377 6454 2629 3219 9706 3818 7384 8289 
2044 5166 7598 4637 5315 3878 10427 9735 4276 8009 6147 5383 7832 5569 8290 4702 2015 3729 2069 9647 2930 9204 1222 9458 5073 5002 2092 5345 
8819 42 4200 1429 5207 1213 6065 1089 5090 5906 238 10517 4481 7536 6466 1727 2520 5322 7580 5686 9050 215 5899 2547 9419 7120 1419 5058 
2688 4662 10402 921 4703 5169 3501 477 6381 9565 1565 2037 6037 2954 1969 10517 10489 9586 2810 3575 4323 956 10412 2787 1170 5725 6485 3 
3411 7904 5060 6098 3132 6029 8170 8987 612 2237 30 8144 1216 1594 10180 8404 5699 2715 9487 6754 1716 1711 10329 6038 2666 10155 9976 4988 
6447 5876 4990 9857 4346 617 6522 8629 7797 5258 7030 9560 7495 7059 7118 9862 9804 7864 7681 6069 1146 6582 2238 4013 9445 1981 617 2677 
2702 1159 7664 10300 8186 2069 9572 1946 3837 6660 1142 1048 2484 8171 1174 545 5797 8291 10407 6167 6721 8654 1651 7866 5802 3888 2445 4661 
7020 3061 7338 288 4220 5568 3 1820 8788 9574 4918 2039 6800 6059 4238 9283 4796 5411 395 7 4268 216 6174 1556 8869 8976 10573 5237 
2278 2433 9898 10449 5493 7802 151 279 2784 153 2099 987 293 8168 4177 7092 3641 8415 6942 8436 4392 7336 9595 9812 8703 6335 782 8138 
4725 769 2789 8154 3201 3253 8017 9846 469 9319 10124 4405 9472 2789 6543 9764 1523 134 7423 5163 9700 4931 4166 3507 2833 4327 2733 2102 
76 3514 10239 5952 5434 3594 3520 8635 6847 2103 9047 8467 836 9737 3438 10307 3093 9980 53 4615 10114 8627 9778 10380 2972 4510 3301 6956 
8836 7185 9057 10063 1265 8710 5429 6699 2870 8948 5900 9716 1617 5513 8750 2452 4664 1602 3326 7756 2149 3378 1786 2829 1419 2130 2623 5542 
7791 7076 1912 6041 3675 383 5518 6092 10244 1513 3357 2528 10460 9256 2811 2643 5335 2127 5094 9998 3728 8419 8321 7028 2363 673 9856 4933 
3954 1894 1041 1159 8969 2952 7199 2058 4486 3283 9301 5296 4795 2072 8976 5821 1894 1201 8463 7228 3327 4123 7793 8206 3109 5528 4649 6623 
7352 5071 971 720 6964 2011 1878 5347 6115 10228 8557 1167 2925 7272 6463 8871 10496 4853 5258 1804 7205 4287 9032 1098 8409 7391 10455 2084 
3485 5670 8707 251 156 244 970 7119 3406 3999 3033 9520 3641 2156 102 7717 10579 7716 7154 10489 3135 1826 1708 10339 7264 1306 2003 6239 
8696 1872 8323 1595 8694 6444 1845 8849 7839 3966 6534 659 7964 133 10179 2171 2288 847 9887 2282 9714 7607 2185 2263 9432 3892 3168 6110 
6349 5170 1763 4459 8193 652 7205 6301 8247 10201 5716 5500 3581 1665 6159 2111 1797 6904 4281 5237 8902 4734 7518 8030 1755 269 859 1753 
5313 4026 9014 1076 10347 1344 6687 9106 1995 3306 4822 10242 2922 1104 5156 7654 3920 1881 9765 5717 9936 4612 1520 8252 10498 10189 6848 1667 
10457 7706 4572 5184 2298 3000 6260 3211 5495 2361 1732 7490 6818 7705 8298 9739 8808 4020 6808 2143 5901 5987 9011 5251 1165 1097 4070 1077 
700 332 3896 571 9190 9619 6907 2054 3185 2581 5265 8680 6093 8148 5584 2325 6419 4448 2631 4641 8467 9438 7935 4934 5991 7512 752 7155 
8608 4821 9384 10459 6304 3846 445 4908 2879 7351 6962 6063 498 2793 4157 7742 355 307 633 7925 4754 3263 1980 2636 2115 482 8721 8105 
9145 9472 5827 8320 3707 4625 8193 578 9622 8637 6637 1915 6554 4165 7977 8203 6957 1549 5359 8463 3007 5992 5802 7761 9254 8934 963 784 
10567 9683 10040 9126 8570 6433 6860 2843 1624 4468 3420 660 3671 10057 2574 792 3636 1118 8994 1160 3818 3768 189 6824 326 7143 3999 9579 
5491 4961 929 5472 5211 1536 5164 3195 7968 2591 7189 9592 7058 24 10251 1295 647 3392 2086 5434 4509 495 7745 8326 5414 7934 4564 5739 
4491 9715 5884 548 5242 7965 7171 10452 67 1749 3061 8034 4339 10250 8192 1963 840 9010 3258 2638 1816 6495 9223 6324 8141 6383 5216 2969 
4883 9779 9859 10525 8908 6310 487 3565 4841 8809 4583 4907 1124 8796 3507 6615 9612 2266 8577 10451 690 2401 3655 3657 10048 2292 547 7603 
9826 5762 10572 5275 4955 412 5214 4430 7873 6852 9146 2128 5075 3143 8186 6199 2505 2260 2228 1531 4525 1371 1396 6366 4924 6202 10022 4386 
9646 10568 1403 8886 5744 2541 4728 1265 4105 9941 6846 1392 6208 5406 4672 697 9701 2272 8047 1620 4531 10274 3151 10207 2212 5698 5987 7135 
2467 5423 935 1527 6557 3489 979 1715 6030 5706 4132 10134 6214 392 2092 1836 6950 6763 3684 6065 10187 1146 8836 4132 1986 2553 4906 4197 
9403 307 746 1284 6882 2832 3962 2853 6321 4940 5720 1765 1213 9851 2465 7426 809 4556 10413 7758 1886 3511 3237 1487 5808 2640 6770 8946 
5192 1090 2557 5161 2549 4455 6444 9430 7286 10405 2849 4173 5912 9720 7089 8276 10137 9553 5116 361 4676 6095 8118 6561 172 1922 9199 5980 
4561 5383 4340 319 6473 8048 5480 9021 3069 2490 9017 922 3462 2432 5094 9373 1567 1598 7063 1118 1717 2745 1478 6392 8839 9596 3519 10162 
2084 2132 5556 6644 8667 462 8114 4554 9662 4160 4141 2145 6650 3724 4218 10111 7307 9312 10050 8873 1476 7679 558 3192 990 2035 151 395 
2197 4821 10556 5432 8105 6679 2642 6186 7140 171 1306 7368 5482 5446 80 1546 10321 4297 2223 7042 4175 2839 6482 5650 1084 7039 9994 2073 
10225 10144 2467 2989 5531 2438 8420 3050 10268 477 9235 7974 1799 10540 4757 7280 6552 4836 9978 7439 10284 2767 3896 3874 6758 944 90 7841 
7982 10083 9914 8773 208 2947 1176 5739 6536 163 9940 6218 1791 8590 3607 4741 9696 8363 1435 5663 3765 1979 3668 3463 5898 8715 8488 2070 
9658 8578 9910 8206 9227 10390 6394 9435 2752 8721 5740 9287 8883 5094 4920 1240 3098 8526 5980 3361 7455 8567 10175 1786 1112 3257 5248 7009 
1387 4303 10230 459 2295 9555 8665 936 10511 5625 937 2677 3760 6676 1379 3210 2337 7450 4449 6586 6542 996 9946 4563 9562 9535 6348 88 
2207 2162 8249 4745 6464 7893 5203 8758 6862 4434 261 7940 10058 2349 31 4385 10177 2561 7594 1928 577 2609 8513 7118 4756 9026 1095 3732 
7975 7442 4972 748 9604 2635 5492 6634 10527 1262 4807 7956 5695 6219 5310 5168 8567 6492 119 8158 9053 8864 652 9629 887 9165 7314 6795 
8757 9560 10526 6146 6417 6064 8046 6587 8698 2952 3787 9792 4213 9745 8314 475 5378 4190 6794 4512 96 6912 3236 9148 5190 3888 9344 7228 
3619 6072 3437 1790 5046 4530 9087 2029 1160 6547 9767 425 66 2969 10216 5430 2128 7944 5904 8658 1548 2112 3736 2795 9023 6971 2510 4779 
1425 1268 1422 6195 8491 6010 9136 4103 10539 7638 7284 2266 4751 7617 2690 4816 10585 2320 813 3280 830 6716 2504 3529 8828 6239 6323 8417 
3776 9984 2611 5201 666 5184 1962 10308 608 513 3826 1714 9302 1676 3979 4619 9292 6668 2 10444 10139 814 3138 1535 7529 6793 5063 5771 
2446 1952 4755 7373 1351 7365 3140 3168 3115 5102 2891 3722 6766 7868 6587 6634 9543 10565 667 8249 7799 668 8107 8504 1481 1811 10038 9010 
9755 4515 5347 1615 7619 10101 10140 10121 8032 2694 3855 561 8947 7897 5435 5127 5179 1436 1175 5288 2568 2994 4104 933 3661 2777 9437 5142 
5740 8889 4718 4909 3971 10064 7676 2156 147 7230 1691 9330 490 5545 458 9437 2857 5892 5130 9187 8479 7457 5042 1613 10450 9145 3698 3525 
2488 2549 9818 8227 2004 3950 2551 7126 4581 10226 9281 5879 8022 1538 4623 8511 8235 6232 7362 1658 2690 3059 1411 584 10515 6452 3348 946 
6163 8197 4470 8651 160 3703 6292 3316 8804 9994 10441 3951 9634 10289 9829 8222 2393 5019 6148 42 665 4076 2851 3355 7134 4262 5090 8215 
1280 8437 9160 7443 6049 3045 6660 7360 7899 3518 1242 7269 2927 2250 635 3127 1953 10463 764 4345 4896 6911 5539 5561 401 9541 10067 8687 
3217 4571 6316 5649 3574 6043 3658 189 10239 10317 8701 8704 3249 9942 5387 7327 1606 7173 10454 4710 7051 632 10207 2513 8694 6312 9225 10246 
5267 8706 8347 9636 2691 5230 4699 7417 687 8356 7605 340 9239 5720 9043 1902 6229 4996 9229 8986 1584 10249 3111 9786 295 3884 1713 10140 
10195 1505 9800 4876 10210 8714 3926 3468 3358 8624 299 5196 7546 9055 5535 6199 5342 5144 9253 985 706 9048 9970 2289 8711 3647 1489 10157 
7530 4354 9711 7139 5858 8925 1430 5482 7053 5355 10101 977 4546 966 6172 1506 10021 2273 8857 4777 7416 7524 6913 9274 5986 6297 977 5263 
9944 3618 4834 8040 7971 3959 4594 3243 2298 6023 9876 10503 1944 9392 894 7641 924 7066 10299 1511 9338 8570 6287 7321 6660 2614 6009 2060 
10063 8137 7322 10573 1169 1570 8027 9139 6680 2035 2948 10129 9209 3391 10046 1720 3349 355 9360 4272 8572 9073 5783 7324 8209 2636 5211 4283 
6402 1786 6342 5879 9923 4230 7018 1658 6951 5611 1364 3045 8798 4311 2589 7421 7701 3201 10292 464 3555 9067 5888 1541 8706 1085 10017 6330 
3720 5794 27 10121 7580 7521 6566 8069 1165 2998 9726 9268 9761 1656 2879 7973 7119 6619 5960 4234 9820 5667 5850 2789 5300 2304 5482 3420 
3388 6065 316 8259 1273 343 8947 10004 7863 4927 7487 10179 9077 7780 10013 8252 9435 2307 5639 5968 8925 1013 769 8159 7831 7770 1515 2545 
10073 8148 5965 2875 3627 6280 1700 6051 7774 61 5470 6203 4988 3523 5797 4631 717 6376 3449 719 8682 9087 7838 8174 666 8606 5747 9649 
5790 8413 1608 6429 5975 8724 10455 168 5571 1570 7371 3911 1630 2255 10114 7769 6929 6477 1814 7646 2267 5262 9516 364 4915 6768 8537 6733 
5941 4850 6948 2297 3830 8555 8726 9804 7846 8595 539 2831 10164 7909 6741 2361 730 7421 10129 7658 3312 2510 5870 5579 8923 5952 7094 4405 
2135 6197 1704 8075 1613 8651 10371 5442 6620 9663 5813 5032 7673 7503 7862 8403 4826 5170 1330 6707 2005 2026 4931 5317 5687 1368 1462 4024 
7319 9707 9580 20 6470 698 8094 8082 9348 9032 4091 6535 8109 9903 981 6348 6820 9995 5318 2212 5731 7799 10070 7735 9824 4415 3618 4925 
5782 6231 8949 2516 5352 9095 2535 1236 9793 1196 10470 9707 794 3975 5656 10054 4444 7789 6969 678 8350 1701 4041 3495 9499 3525 1796 9890 
7939 6566 4229 4288 2211 3744 6803 8715 2254 10489 517 2613 2251 1553 1734 3044 5527 8542 2513 537 5745 9481 1214 4661 1748 6406 8155 1813 
9930 517 1117 8436 7082 6498 2138 10445 10241 10092 9726 3061 562 809 5673 2813 2362 7407 7008 9040 5363 9520 9577 1674 9567 1357 6334 1881 
7763 5055 3694 8259 6723 5962 7261 3220 1874 9398 4231 1530 10056 3371 5742 33 5331 830 3997 7692 8236 419 6147 4165 9939 6290 5838 10072 
7646 2738 1368 5975 8944 6213 3649 5081 1589 324 9452 3463 289 3097 6144 10344 7619 1300 943 2365 3281 4939 623 2083 5358 6769 6247 5863 
2473 2651 6501 686 5388 7868 6660 3746 4647 875 9979 6236 1199 8845 265 2639 1357 7560 3549 10127 10011 4492 3058 2707 10582 3681 4789 5354 
1016 1603 1783 3489 4253 8284 5326 208 6718 1400 5105 780 2275 4498 8167 4625 2758 8431 8415 5266 5405 1378 4807 5982 7021 7865 8688 7018 
2112 4044 2938 3127 5646 4721 6615 465 3571 2507 1824 10288 3907 6929 1634 7333 1993 9800 1372 4750 7645 353 582 3616 1730 6541 9598 8751 
3820 7700 5183 7083 2310 9272 10209 9107 3407 7391 9572 8129 9897 810 7832 3218 8890 9465 1117 298 8680 3640 6199 6891 3992 7933 10507 5722 
3888 9519 3887 8859 7785 10221 5356 662 8907 4979 9768 2881 1784 8754 424 1096 131 9407 5465 10172 8287 6582 1036 7533 10221 7235 3838 3628 
5734 4911 10501 9621 4996 4954 7894 2196 5741 3816 2857 5214 8794 2039 8094 1145 1360 9670 3392 2642 8491 8856 2228 7344 6004 3264 4291 6792 
1065 9281 986 6798 3606 901 6985 9754 7006 5445 1364 2161 9260 5372 7374 8620 8562 6035 331 488 5119 3722 3129 4176 3145 6509 935 9148 
9772 6377 5354 1403 6224 7491 9352 397 9543 5751 10150 5963 1762 928 9275 1588 7451 6064 774 6579 2665 1105 7067 7783 5978 762 1373 9122 
7270 3459 8837 7608 9836 4757 9010 5474 1663 8928 5870 620 5245 5434 6583 7006 7513 5272 8593 5530 1902 10519 1524 4566 1038 8590 2915 7015 
9351 5440 6704 7188 8898 4955 4210 8148 9711 2635 4189 788 2129 10058 2560 7374 6059 10294 3794 4138 4980 2954 9668 8034 2887 606 3166 5076 
