77 36 6
50512 38598 49418 28401 42129 1323 57069 47836 38267 45847 35862 16363 7764 33018 12126 39037 56641 3121 8136 19979 8880 26541 725 57907 53590 62770 63518 53214 62327 22961 65267 1399 61558 48847 50035 58085 
4567 41265 40082 42834 41509 10105 13594 3670 43122 25719 62942 54160 28839 5240 28536 37718 52016 29260 50022 39767 46428 47701 47379 63152 4824 46807 64550 20779 50051 48746 13025 9016 44408 53107 6247 40314 
63211 19840 43984 60731 45558 41087 3450 28795 724 31986 20910 7138 15643 5094 46904 62070 7192 48680 59384 12015 29649 12493 32794 34097 61239 45818 63348 60044 53322 3756 34520 5093 23595 32901 65823 23551 
8149 3434 52345 29109 55655 7416 36246 5460 32745 37547 21927 39937 20389 35708 51951 4435 48201 39142 58767 63837 39358 56277 58042 26841 60032 26723 31933 17789 59623 52153 41339 22170 9985 48081 51278 65639 
9894 41921 25496 42639 13629 47423 16737 34017 17292 23085 58687 19890 16625 51616 17888 55982 42054 10092 37220 56483 57050 23551 28669 5233 9865 24405 27402 19849 6647 33077 39886 16541 9159 19779 13577 22787 
21599 30313 11202 38891 7795 24286 13178 24419 10063 31066 34798 6514 41157 6180 62997 52604 29730 46063 57836 59830 4630 39635 34077 11276 6873 8124 48052 36267 48138 61628 13452 3899 46338 24653 63025 54133 
3336 10364 32949 33635 41429 1909 40148 36983 28324 57542 23749 12451 37767 35982 6442 42396 9779 40518 8069 36887 3039 56121 27552 51177 6308 41003 55075 52646 20053 52261 61176 23388 17022 48522 57022 58451 
4828 51568 49831 33151 43271 7741 45601 35435 63959 52043 32228 28135 46958 40297 19419 49997 50815 46970 55571 57122 22134 44807 64165 42186 51465 13900 65574 2648 62422 11155 15496 1411 62722 65327 54798 60391 
27465 34560 29987 45821 41000 16613 8117 42356 56909 27536 26514 62121 8667 16246 7802 51037 15450 26365 27384 21312 40264 47355 44195 57083 58510 59691 58494 9791 13577 1851 24579 41041 56646 54566 21024 52044 
25576 49376 28561 36882 11073 9472 33164 39976 25717 61201 25174 61402 21727 6955 16875 61991 54310 61069 7633 1379 9319 288 31405 22895 22374 55984 18334 13182 64947 59593 65225 24684 43130 27947 61565 8601 
57654 49126 48576 37768 44488 28147 33331 377 35101 4603 16765 43808 20069 24397 65422 29388 44921 30989 6680 1456 41370 25013 14637 40478 18767 34259 19559 61897 16603 15285 4659 8418 18808 7632 46185 63295 
35778 33913 18069 25276 38515 34833 23482 58584 59230 23065 22133 58548 8451 28812 60003 49820 8223 29038 44695 26989 17694 64253 43283 34297 33935 2339 62950 52742 9970 63533 4597 145 31607 22665 25421 4284 
11896 48902 62867 25523 26364 39397 18232 34815 22606 32632 39032 51064 16067 17889 12215 33761 36539 9895 22455 24872 12234 19566 32011 22203 17260 36607 42584 48867 13670 22402 7548 25565 5465 24812 51087 52064 
18606 23716 41276 41211 56347 14470 26437 6576 52594 58887 60572 23294 2943 17188 2563 35412 56989 34574 57615 28647 25578 34360 31911 39247 11159 39458 19209 36859 64269 24693 23084 17036 48408 64360 12644 59153 
12991 59316 20126 65584 6762 14859 43275 9705 32046 45838 45116 43432 34809 57128 6240 60386 45885 38150 54031 57043 32005 7401 28063 30435 32094 5545 1868 34899 4066 34748 28213 37292 48461 48338 57273 55223 
17594 34709 19325 49639 34944 18838 27233 24150 10128 53708 18698 10410 26020 6890 21851 58024 34526 4311 42857 21017 9855 64960 55916 13920 54105 38526 51211 36728 41262 62881 26112 58855 31752 45436 62892 21093 
64273 44522 45243 28798 32391 18338 39208 58410 45463 15456 4994 14150 19766 2248 55403 29621 1369 45480 63776 55474 38403 3547 26363 13826 589 6872 27079 52576 52307 24132 7831 5139 2815 7471 33937 35205 
46044 27542 48013 25668 42997 7404 60053 62762 9651 49617 46780 31255 49494 44718 20890 22059 48264 1650 56120 48852 8521 17360 35590 15225 41491 63656 20364 44305 5288 8698 33908 51331 36239 16082 31396 33633 
23485 25610 30556 53371 9389 31734 18787 58882 10613 59913 35338 13274 61562 25620 62125 24481 42979 52112 59941 38868 49929 34702 37570 9614 43399 5639 15342 13799 41956 46737 47431 19838 6509 32385 7370 36133 
64118 26157 49412 29128 40467 18912 42401 56426 44531 38687 15068 41907 24961 29407 35172 29287 64108 6904 38901 41669 32778 8640 9865 8896 55377 57296 28733 16283 44078 36103 52415 62593 16657 35988 25882 57123 
9297 2444 47710 8225 41130 17176 4530 20488 46582 39701 4173 65087 1002 63309 40917 33780 6110 50782 42675 15884 62475 25805 32166 60950 16305 38978 57704 53197 29364 17747 44481 38660 20190 46589 1283 15717 
18162 5812 36205 19141 45512 60613 18389 912 58083 13704 34691 64192 18883 11527 14238 15519 57567 801 10630 8034 60015 22731 61230 23540 40477 60109 16597 60666 61095 17879 10544 13418 43926 1146 52794 43836 
61758 25580 44747 54002 39283 13599 6754 58165 45361 20991 28081 37089 42027 58946 45122 36203 15838 60750 14140 56314 55020 50973 5539 50276 23249 16083 18091 1337 37464 25282 45172 33384 50861 24080 41783 24306 
57914 48536 36868 37436 23924 64949 28922 113 58056 28442 56551 8056 23353 4853 18767 32770 55825 24306 37443 13235 60624 55533 34807 32249 35212 14140 20030 20234 58455 16211 64775 50530 64746 35805 22127 43068 
55151 51049 63416 47368 13652 54128 9821 57240 13378 28588 24171 23600 7291 61613 36835 2076 5705 26039 54560 40916 40179 8752 15547 32795 24962 14484 17487 44105 50288 59849 21334 39600 65295 39147 41365 33344 
27437 5584 24745 61050 54407 3313 18812 61697 19323 10044 18170 25027 36082 6891 20340 30658 15642 35887 63453 40603 4768 35337 39106 9453 49583 60439 3450 49040 53984 44814 16545 35818 4795 61526 31029 59201 
64838 4238 9457 18323 14281 27626 63585 4761 34517 38323 35418 50158 28607 53268 45159 33374 43002 38662 42826 26747 53498 46275 30184 41643 25250 1126 11622 30045 62651 42651 43643 16049 46888 53100 54607 15567 
14887 6751 20327 49403 45073 10142 53959 7841 63410 53515 41214 60809 26338 38437 21717 34233 18873 6298 10038 64359 7424 21659 48801 24472 18707 26605 40520 19993 13866 49524 35559 48989 10673 10283 52789 10143 
40660 61145 17984 58467 3219 13595 53438 29556 6430 29552 18187 25302 35850 28224 23822 43273 49882 27020 1906 2751 53625 62662 42979 21888 745 12699 25274 11417 43217 12225 21560 18038 7531 59779 10667 10750 
27771 18502 60541 34200 48053 12889 13900 18064 61348 37721 15734 45392 64741 37876 2540 6925 34699 45518 49048 55679 12614 8484 1258 10228 40944 43053 28265 2872 57229 59167 33857 19161 11830 28560 7759 14281 
61684 21658 52580 57194 13776 2476 56983 12678 40351 13920 39838 29447 13835 43284 19287 46684 51767 40780 56911 47108 17994 39573 49979 29620 53138 17998 48781 19365 955 10937 33645 17036 32594 20387 28627 46369 
43098 40007 13445 17610 53926 53282 1454 22158 50963 20740 3003 57127 15918 59913 38396 54147 53884 22537 17929 41183 60770 21107 60547 16122 32043 28354 33157 64636 3138 61784 45166 46235 35952 58610 18242 44276 
452 19695 595 51414 60670 23834 42703 10749 38144 35496 64896 26189 58032 16986 1533 7361 38092 62080 23482 4296 44831 11037 3093 47968 6982 2656 48600 63169 15664 1003 61842 16115 20697 62437 21926 15528 
20432 19026 26277 58575 54522 45570 39162 1113 62555 40694 8474 34808 57171 52191 59339 36163 63227 16829 38528 24606 19484 21289 42173 55383 42527 38176 5659 17621 34774 47821 53385 9603 1008 34059 22576 55529 
13790 61737 11040 10506 56828 19513 65549 48161 26101 13447 38721 43726 30275 11411 2493 4156 52935 44665 59539 49860 17003 19595 1642 6174 1577 55026 36013 22821 23246 12986 32747 37035 8884 43786 1938 65711 
17696 21884 2431 43797 35330 41152 21684 65604 6960 44412 24158 14292 43475 17858 64151 60477 37452 20191 21048 59265 9378 11458 36483 52860 24443 3391 44292 53562 47177 628 7833 19270 22511 10263 17464 57841 
5812 59383 12004 33007 37957 36161 47299 15593 54018 9 30467 45868 20199 5912 59530 49813 17370 30174 36834 62048 53800 35523 49772 55374 36150 57604 8806 58661 2028 26269 5061 28076 40050 17064 61082 12168 
53225 62778 47996 61640 62787 12624 61905 17147 18535 9994 21357 56140 60403 58190 52350 48365 48111 36283 37900 18422 48284 1103 31480 4709 47608 36540 32784 21819 53604 28028 33986 61226 24967 16143 57027 42151 
49002 7492 13696 21934 17485 35052 12236 32286 47640 18983 14812 29912 55265 7109 2731 57946 8212 34211 62654 10217 4912 29600 32035 12913 12025 20418 8300 57227 56796 19725 33540 39959 47452 47235 61892 19334 
36684 28525 51619 18485 47507 20828 48396 57169 27937 5525 49276 56384 39735 490 762 64882 30089 53032 11957 62349 7611 40492 8135 18804 60216 41674 58762 62065 43306 9213 15561 34388 57974 1341 52872 59878 
22169 55666 5607 4503 61190 54882 60886 35086 9769 16045 34129 39857 23474 483 56603 51320 40975 64738 4285 55588 60809 17444 51815 58513 46892 1537 27062 39027 23113 34331 53303 65517 24158 58909 4181 19509 
47952 19464 8992 57721 55744 63357 51975 13379 18237 62976 64698 59211 61875 23380 48961 11243 40823 55173 3917 21877 56709 30978 15301 34219 65309 2765 33898 43864 61673 38078 17771 64023 11940 26762 10303 1845 
44516 16675 35460 62753 13812 54555 10523 30084 12097 13881 41327 52919 3215 45243 29193 14321 30619 44494 48540 50325 1656 16599 28350 17727 9074 46120 15911 21013 27280 46449 43094 26193 63123 32951 23107 31333 
21667 33630 61416 33763 47510 57140 41080 5123 56781 4434 19443 21561 3325 2144 26283 25217 18742 9030 42943 48052 9548 58853 23462 57063 59699 20953 17417 11381 53903 60760 42713 9732 48787 58527 63730 30458 
4226 59207 55816 61006 18039 9421 36964 21363 11564 63246 46579 50542 6438 43919 52991 15985 57169 10614 7209 51029 31567 44861 62410 19631 39782 59520 49598 22730 6606 1888 7586 10832 61094 63401 5999 13294 
27219 42963 54893 38783 60606 55869 43722 21441 33950 30874 37425 25280 61723 64869 30707 27451 64128 27278 1480 38071 41195 51077 60801 47801 7362 22784 13030 2618 20346 39264 36147 47565 36624 25201 40745 31392 
35468 38864 52832 3579 24135 44655 49094 20019 63921 13962 47470 62210 41239 3347 34443 36832 54423 49641 39030 16183 6586 6457 18800 47167 45720 9344 49129 16506 34545 24035 2295 4174 62898 9524 27988 41430 
54178 11243 61449 6659 25205 63316 3030 20841 824 57708 57672 9644 61746 51099 25826 2493 57555 64861 4058 37437 8367 53186 8340 63147 11383 30870 21718 28678 40393 49705 4270 48969 15345 20116 55627 40549 
17593 13054 15788 38652 25160 27857 48295 21067 13118 28519 43796 25070 47777 47853 16904 56143 35200 25243 7849 980 56112 29566 49894 50903 13432 8561 34033 49013 28676 44057 23723 666 57110 39510 39317 16431 
1529 42009 57734 34882 24925 35691 59951 6864 37941 11017 17404 7302 36259 25253 28518 46769 54818 12573 31833 22648 41369 20263 5822 4206 64319 49780 25107 9988 23452 18821 46655 45216 60829 38550 14259 40152 
28638 28607 1413 740 39623 18816 28277 30280 44068 56794 31446 53284 23764 17676 30329 19530 37938 56386 23735 56654 40327 3239 803 18176 22059 47457 63391 37286 40404 32047 11599 3203 60654 13011 3942 54674 
31826 32219 19115 30292 43410 4958 37973 21572 22633 2463 41101 14968 58848 19234 5783 53572 22472 6586 5910 44531 8440 23698 15978 48844 55745 47812 52046 4958 60822 10386 59631 47045 62840 33144 31734 60647 
38101 24104 16380 15132 26566 11879 30099 39811 51348 35882 27545 28217 62703 33454 27145 5304 11549 43122 8545 1455 45331 14989 26648 60550 25374 40677 41757 22375 7982 27888 17183 480 51992 53799 15611 32955 
20075 45710 6928 5584 35989 54708 33800 32853 42559 60945 58392 54107 58464 21335 9960 58193 36323 36607 52904 61696 11445 28822 38468 39662 11108 10048 60378 63099 18244 10150 50451 38318 10257 57378 64137 46245 
645 52335 33495 43203 1839 46285 51708 60302 1781 61667 7054 58339 52671 59958 8594 18514 43177 47061 58175 54284 11506 52714 5942 29750 17262 56393 22465 47754 2330 20764 48397 2975 7260 16053 575 9098 
16735 52282 23797 18515 2508 30851 11015 55179 45206 19608 7854 22544 21066 20426 10990 32572 27538 16931 16719 65035 27721 39183 46950 30051 14344 49744 33025 21603 65797 53835 50936 36929 60515 29131 9842 63022 
14379 20856 6760 59584 60700 34849 16289 36163 55275 47514 23132 37210 18843 39850 36406 46563 33431 37753 10775 47774 21659 64035 23775 41853 52032 29108 12943 1106 12636 22784 64127 27014 63876 25285 40995 13135 
60133 11682 49297 49569 59195 26827 20940 12199 838 11743 13160 54504 49496 23934 56676 5316 42367 14612 47168 48796 63955 60110 49901 10753 37292 2587 58002 35329 27871 53395 48463 22166 65076 52157 26132 12830 
13145 1470 45265 34219 13212 58424 43120 62707 36755 33957 22420 13283 2966 23985 62078 1083 38493 46140 32071 9946 48727 24234 65510 10759 11790 2532 53160 31263 54688 13454 44093 22231 14923 23519 10847 28134 
16104 53966 45239 52858 22085 22056 303 45286 46041 16778 46368 18695 17316 32836 28640 20440 11468 48547 51434 23257 51078 38756 8918 60163 52209 53010 16555 21529 10690 47637 4060 47029 35765 49298 34048 12247 
5516 54586 57532 5954 25762 58298 24648 43077 25295 7685 63516 36762 56231 49111 14417 61706 42264 23334 56030 48870 10505 26983 4560 41430 8781 8620 22620 44545 57917 11065 56791 17830 20049 2883 23783 45810 
61180 2828 43284 20636 10512 61197 57398 21140 64705 5976 17007 41131 29309 7199 24162 60049 54417 28722 55876 63197 57577 12657 62140 4053 43957 53092 42119 18403 55974 20299 18610 5713 23127 61893 26349 53874 
57251 17908 29412 10516 44119 46418 51646 27825 8014 30205 42271 62430 13324 32308 14187 5062 65200 10488 29351 43318 17977 5631 61721 28349 25929 14492 34061 3453 30783 60409 57327 42431 32714 20900 52946 31230 
21715 58989 59054 49965 43592 35486 954 56915 22191 15140 16375 21552 45863 45725 64870 63840 5753 15150 26350 31681 49877 14808 35134 14821 29615 46858 57252 62328 22155 64595 47956 43869 12144 61407 48231 55735 
51291 49185 1209 7643 18722 37819 29195 64585 37941 28226 62586 43693 63611 43333 9536 47649 58140 64905 62470 42152 45924 8281 38642 2240 27273 40995 506 39416 36563 48737 29312 22015 32083 50757 29658 5202 
22737 58852 3948 60678 41475 20931 38532 39247 18661 2465 21057 31199 1531 37924 7512 1852 602 551 24327 27875 41545 24833 1452 12270 27967 51000 54520 14447 35918 18339 19648 13052 31588 23596 7891 7224 
64762 46423 46470 17585 3285 21925 48783 25052 59848 56294 26903 60450 11243 5628 42722 52787 30460 64409 19454 58426 3968 8136 27270 60121 26474 46917 7335 58062 24910 15225 19683 23834 16045 315 61654 19330 
22239 44598 64617 36484 55289 25681 51331 693 31308 28214 7878 16165 47021 27331 28988 50988 55702 56257 45271 16338 57572 52605 28797 16643 22227 48479 60712 38272 3191 56527 11999 45665 55522 31013 36547 65209 
56693 22039 20299 42399 4651 28176 12961 51671 9905 62185 36820 65606 7001 36488 16105 64572 23254 65137 15377 65717 2176 10250 38150 25602 21175 4546 25665 10858 35558 62211 10228 46648 38647 30527 43444 43297 
13100 10803 49365 23004 7149 40583 22772 14149 11232 59112 12883 54722 58411 48495 54600 14984 13142 47147 40585 34316 6090 20647 65410 61883 17019 9799 62928 55666 60561 60770 53360 7823 5734 57123 30826 33118 
31867 7995 1664 63334 1269 14546 6615 14077 17438 61214 29060 50816 62758 24042 19293 23245 44689 39100 19289 16105 3297 16379 5932 63857 31546 13690 26077 37279 4974 11301 24794 36840 19295 26457 54571 20563 
61239 61186 54875 12838 10959 18096 63653 28115 62374 37344 51359 61460 10605 4810 11726 34137 41424 37894 52392 7131 51583 12630 64645 10954 44166 23600 47793 63461 50056 56761 38421 45456 6506 27458 12692 17465 
65789 30742 45579 16722 2247 31099 32579 33088 56144 64541 21622 31729 36596 8175 59095 42576 41041 57901 53529 19368 35898 55719 37226 40352 1039 30045 19969 7545 11900 52896 45245 32086 17800 24985 48808 40282 
10481 35784 27767 21023 34486 49389 7149 25479 57563 406 22452 32765 12704 10142 52133 3000 20258 43756 43351 21297 7962 17717 28841 19861 4775 8247 51947 42810 53467 55152 17253 18345 25097 45020 39367 59583 
28570 914 39459 20294 21555 61911 7457 34258 6214 13987 57493 46708 57742 35005 22402 20102 7120 51242 39962 11894 13886 46306 54703 21750 35619 26353 60330 15114 5534 33859 8858 54339 55008 2714 8795 10724 
64624 36487 65217 25236 50473 56872 6105 62612 46274 28506 16875 53393 34145 11235 19684 2428 57540 28784 24177 47557 55137 38904 62670 60670 27160 25925 49171 16329 28638 12363 27052 27424 3247 26431 7057 53719 
17464 13161 4890 18135 61902 21765 5690 30208 32999 25373 52871 44936 54157 31445 46890 63691 4510 43721 58522 31670 24043 62090 47998 52681 28850 9212 34502 32096 55878 41558 40212 27739 9116 45102 45873 5179 
