77 47 28
16338 11288 9612 5379 16615 1535 14984 17841 17129 21112 384 16319 10777 16158 5321 20150 4559 8382 3158 6694 4161 617 25870 15711 9230 4008 17796 11730 25735 18027 8039 12296 25786 14123 17675 16152 15657 2882 4217 6538 23993 1072 22856 8521 17229 1928 2423 
18259 10310 2052 24952 10942 25388 21045 23124 8369 25053 14671 20098 24539 2922 24608 7058 2459 12482 24732 15083 1891 24085 19299 8428 21829 20370 1507 574 11350 3435 25716 26080 10216 1519 21255 17629 658 16052 14504 5498 14856 2927 22067 9618 5848 20426 16675 
4778 6660 11631 19860 5022 9467 12910 9921 1520 3503 11427 2093 11324 11333 1560 11155 21548 25798 6162 12928 22927 22213 1184 2176 7292 582 24242 16909 2901 14891 3807 7678 18022 15437 24010 23043 21376 10671 6715 22895 10646 18142 21459 21969 3226 19490 6876 
21246 15511 9509 4397 12189 1945 5580 10836 9236 2633 5301 26144 2005 20191 174 9683 11965 12083 3916 8759 7210 11058 11946 328 21703 3839 18258 17424 3536 11499 20771 24781 761 4031 2930 9421 2447 4981 20256 11682 4086 25556 8049 6090 15970 8222 12244 
24406 20304 16159 3389 23985 969 15334 24312 22671 15644 16321 10318 19179 24291 4840 14184 25051 5342 17113 8223 7788 18565 24950 15941 22650 20729 23989 2492 10451 2435 14735 5080 22738 1118 8468 16947 2086 23801 15010 24756 13196 1555 8826 2599 25845 10137 16782 
21120 15479 4118 25814 19738 22682 20988 9431 15556 15468 3643 18047 22390 6077 3005 1222 25287 4122 9689 15985 2679 3714 1218 23907 16909 2772 6484 15979 25089 13092 6512 16432 25042 10629 12469 15004 3535 7208 24434 19090 22676 1828 7360 15289 4377 6836 16510 
3415 7430 26199 19399 10108 3664 20616 7766 17044 19860 10721 6775 15172 23813 9758 5355 19078 16859 14295 7833 20393 21503 2490 9706 14402 790 13537 3442 5166 20372 16424 8580 1553 16374 24450 8133 16509 15289 15898 3776 8900 23091 10550 20543 17127 16780 22369 
9956 7390 10416 17789 24254 5670 16750 4183 16543 17539 17719 16456 22704 8314 6631 1507 6339 23004 25956 14471 9736 11469 592 13512 16840 23682 20533 11135 14560 11064 7255 20988 14925 17670 9000 12930 19811 25749 13584 6577 17040 5054 23033 13495 13368 3415 11474 
19706 22891 7653 4400 2850 19121 4991 16361 9713 25145 7118 17319 9928 18181 24573 4667 3330 15995 13666 16259 6029 13167 3595 12606 430 5120 9390 10396 14959 9276 21869 4888 2390 3274 9287 5240 18866 10750 21600 25050 9646 2469 16120 19573 17122 14445 20712 
20451 663 8129 6933 3163 17767 6999 15768 14668 12119 21629 25064 23549 4657 17156 2189 7046 16901 7947 8757 9519 18696 4109 8320 24813 3049 24440 14610 20170 9108 9073 10844 6242 13673 17777 9404 1664 24775 25172 16331 7117 17024 11618 890 18152 2526 3078 
21670 19426 11024 4178 2696 26192 8286 7488 24756 7807 2151 9589 1728 11258 18661 9044 13971 6086 572 23374 4221 21818 22297 20551 25407 9545 5921 48 1448 4918 25845 23117 24343 7092 23767 23511 7035 2276 4750 2015 10082 3372 11603 8282 11101 488 17325 
25071 3045 14368 22196 7265 6409 14717 24287 5567 24261 3959 2086 22180 5348 1682 15521 3443 8774 13039 23425 12280 15314 24646 14294 21868 1769 22369 3901 12869 22856 17697 8163 25900 5816 4110 3388 12224 15298 1426 14263 13310 1857 16348 5714 7204 14502 21234 
7118 23275 8024 4294 5778 19809 2691 16544 15428 4459 12664 19328 13799 5743 10776 21961 1866 13063 26071 5253 25287 11592 6678 13301 24902 8534 26120 839 12210 14373 22072 19327 7871 319 23621 13649 20127 22783 3944 5779 994 13079 21578 11264 18821 6106 6977 
20686 15640 3271 25938 11150 14862 2839 20922 9987 7845 20794 10825 20054 5390 3120 9604 13261 3438 3448 661 20037 26231 1076 25815 23696 14154 21144 8711 6726 23721 12159 23883 13113 15429 20044 24262 515 22882 18936 6973 4478 9953 17798 21003 15342 20917 4359 
2354 20827 4278 25734 14615 4260 23281 14181 1707 11186 5548 6890 14383 3021 19048 8489 12605 4701 2284 10618 1687 25166 26025 8659 26115 6201 22928 20870 21543 14069 21700 20368 8647 25977 19854 23261 461 13358 7665 24887 21016 13212 2000 5622 12704 21048 14111 
25308 22220 16394 6150 20378 11783 2398 2788 8122 8599 25716 2743 3893 13536 20914 20732 18654 17114 10809 15666 14046 24167 19802 12685 18934 3237 14684 24555 15941 5955 8889 15000 24646 25283 17621 18775 7289 20019 21563 15410 2369 17502 14624 2733 1261 5761 23464 
19914 22875 8025 5803 10672 5943 25604 19828 21348 2592 8264 19654 18532 10690 25015 3756 9088 20521 21376 24334 1561 15146 19648 13443 13986 7373 24538 16718 5105 4051 10406 25018 23397 18430 1044 7820 20844 399 24120 15943 25711 2607 5820 14466 13296 4586 14693 
18855 25106 9821 16941 23139 21438 6812 10333 5648 14185 8622 22365 19289 9144 2994 14531 6292 21423 15574 10584 16018 12445 8455 2184 11907 11061 4476 22844 20828 9061 11289 9907 4391 17581 599 24001 9242 7410 8085 14889 18066 13178 7478 7579 22322 10471 18581 
25085 5646 7906 9420 18135 20350 14346 16791 2480 21878 21266 21796 16458 550 6836 116 4940 20888 23434 2692 3881 4595 7248 18770 19133 16898 26247 23183 9443 10469 15515 8279 12586 19892 17699 945 10466 2268 17735 12945 24146 12752 4964 14355 9773 8271 10942 
14713 2910 8127 13876 6791 9193 21124 22032 24797 8245 18502 21731 17687 25442 10997 25965 8252 4641 13887 9196 15106 16155 23402 24522 14052 6377 25958 24878 16149 7980 6043 4613 10890 14169 14961 14152 19833 6308 6407 18382 14552 24908 13864 5990 20573 21333 2178 
2576 22445 16065 11771 7774 2443 5396 2519 12966 11772 2228 8067 1673 10208 14109 2757 17569 24749 17717 1944 18333 24024 8350 6938 8799 3481 17274 14788 24053 12358 13438 23101 5026 25974 5095 9271 2168 10491 11789 11605 22262 10489 19671 23934 17168 7531 23163 
4960 2503 14631 6903 20835 8879 11724 24245 17677 11676 15270 2689 5952 24099 16126 2804 25596 15851 7899 8618 14490 14861 16878 26094 7346 1118 19516 1504 14757 23518 24666 19716 22492 9520 23090 13550 18398 8565 11546 6299 16712 567 8987 22664 21137 21584 25467 
20484 11186 3589 2853 25675 14921 19731 21992 22267 17320 11731 23770 2301 5472 22187 22016 1715 5458 15330 15264 20328 20366 562 378 10830 23848 5836 7245 18737 1171 2935 12972 8828 2996 12297 8254 17916 2251 469 13934 19570 12199 11455 18342 17670 3865 14110 
19384 5795 25911 4871 26122 20028 5432 22971 4609 25752 2558 8325 14712 3728 11260 1435 9027 14255 10203 13752 5922 12453 14220 16328 2247 170 24254 20588 14311 1871 4921 3918 7665 4583 8788 4010 24611 10692 732 25691 6667 26009 7768 21378 26208 19027 19284 
8986 3505 3239 22737 5898 15691 10708 22225 17937 7349 20231 8749 18131 22101 13669 22048 26237 18252 1059 470 13086 11750 1201 12528 18416 961 16767 13545 920 6017 3053 6377 9521 6291 2865 11891 18453 10044 7867 6614 17392 1849 15362 9274 20421 2782 1545 
16881 17505 2603 17350 4342 14353 18550 13342 2992 15982 332 13009 13373 6349 16061 19749 12341 18823 19085 24231 11027 2880 2322 17640 16743 4170 6753 26016 21063 6007 1312 11695 23511 387 25517 24325 14739 17818 7890 14202 4024 4693 962 13868 7513 13494 3841 
16326 6068 22925 14308 17095 22277 13101 8486 12771 13743 11711 9011 8557 17717 6794 16723 11451 7180 15991 5999 18390 4033 13888 2816 4528 18581 249 18395 26093 13743 18707 16170 16282 11856 702 3600 7884 10274 8558 17126 24016 20268 22608 2796 8208 25874 19519 
19658 3277 5733 25657 21667 9765 9768 20954 10764 24820 21202 2911 21137 5168 21617 11058 21450 3696 8231 25049 11579 18505 7358 25177 12744 24097 18008 15540 6056 17633 5282 22186 20910 11014 21594 12800 17251 1585 7505 1766 157 25178 1148 21293 4098 19237 2574 
25547 22932 7277 20819 4735 22253 24649 3663 8748 22497 21670 20759 25025 9527 26040 20962 4188 7278 12779 13459 24528 14363 17435 22765 10991 16364 23913 6035 20461 16901 5081 16231 10056 8829 10802 14790 4833 5674 14924 10052 1922 6818 4563 698 16344 826 21659 
17003 8103 8189 4213 2854 19024 18119 25619 3766 8234 19755 6273 25167 6879 7825 15149 16934 16653 22422 1948 21485 1847 13343 5288 3769 20160 6322 938 6727 3620 19069 23729 8194 1009 24413 11048 16504 16283 6890 16742 20989 23116 23014 19907 3746 4590 5279 
17151 21242 1453 15570 12950 3299 2665 14709 3539 22824 17503 4477 26023 21122 20017 23503 3067 17497 18140 10586 7753 4646 17475 24494 22106 14342 17731 15764 14559 22320 21043 1934 13785 22495 17503 486 22265 20167 11666 22276 13215 2920 23224 12989 24041 16992 6715 
860 8240 21326 11445 12464 25972 25392 10709 21829 9957 2191 7817 24516 20982 25331 201 4990 18049 14175 5475 14065 8094 13613 6564 17780 16532 3539 992 14325 20530 7706 11656 25242 25504 19572 11457 21699 15187 18638 17279 25144 20828 21567 19883 12034 20649 20083 
17023 12449 4481 18970 22986 9046 6334 3301 577 22865 6840 24288 7413 23841 2218 15540 22834 1473 8864 4515 23171 24050 23152 10673 19417 14203 5992 13051 26236 392 6885 17011 9313 7838 6204 6050 16883 12537 9350 17460 9153 16189 11971 13038 10254 14188 2329 
3311 15660 11192 7825 12582 5466 4728 23255 24882 18931 25718 11685 15390 22581 15041 6152 5645 22878 8827 11694 13513 21363 21044 1196 740 7456 13166 13777 17709 1106 12577 21020 13237 23769 2596 22291 25706 3796 15769 20811 22726 15238 2719 11867 11570 17760 14491 
17215 10861 23317 25380 20845 14904 20175 18512 15643 1383 1902 25891 19091 25727 12219 13862 12715 6211 12930 8757 2140 16725 24525 22951 9674 9986 25669 18012 18028 13652 6254 5466 20985 26043 4597 15581 14698 24772 7845 564 22626 6218 22926 15468 5696 8896 25802 
18410 11579 8955 23639 13718 25679 18387 10420 9104 2125 6313 23587 16624 19964 3593 22089 14700 26107 437 505 11028 21680 4821 8063 18057 11038 4740 3749 16733 13635 3302 5366 21685 12256 2756 9155 8158 17615 16046 13733 16211 22358 11071 6586 12546 11135 2426 
23717 10993 2862 20693 18492 21014 25513 306 12822 6774 5045 16570 23506 15152 16343 25344 10588 2350 24571 16214 6979 15937 6012 20711 5899 24841 5534 12484 7610 16668 11381 5079 24133 10715 25771 16376 5480 21508 13154 18301 2033 18198 5095 25539 3573 21437 21106 
10633 20259 19428 598 989 5589 3081 21700 7959 1674 23705 20443 9283 14124 2047 10833 8480 12761 6828 24856 14712 2087 11761 3237 4119 182 8331 26129 227 3519 20986 10859 23777 10638 7928 21238 16226 11009 16689 24184 9154 14145 14850 18436 24740 16897 25741 
6972 26129 6320 2051 14593 8406 10283 14301 12524 10464 22631 8877 10690 22621 3614 18020 16622 10723 25948 11611 700 7180 24771 21356 16333 9139 9957 8520 7630 23325 4484 11073 19678 10803 13123 4494 19208 23405 18794 1956 4093 15176 10832 11254 11548 10917 25746 
24641 21640 25445 10003 18811 6376 8525 13918 22708 14135 20347 1451 18237 13895 2407 3061 7324 13209 12656 11817 2641 6284 834 1068 6848 16009 8371 18102 24029 15759 17599 22421 7622 13267 2648 185 16114 7644 10574 9045 21779 4672 10495 10239 15039 9373 13299 
22362 22582 22426 4403 21694 2462 5236 22761 5781 17717 4883 23882 15497 17113 11704 8141 24735 21442 7260 24919 11307 11376 5716 20351 3378 6860 1070 13616 21898 10442 23386 18011 3247 19564 18885 24940 18497 24121 21452 24277 15589 22806 18383 1309 13671 310 5921 
12157 21752 13181 7299 6810 21028 13014 23633 24405 16345 24702 11772 11994 5367 8909 229 8614 24944 19113 3777 17192 16985 25229 15221 2797 18258 3827 4105 2152 4136 6498 10780 25887 16150 18078 2921 10929 1316 305 9085 17660 21478 17328 26126 23316 22708 106 
5681 21404 19218 9458 12347 6427 4910 24039 9223 19639 1617 9800 21791 5753 12769 2794 1863 2670 20872 4783 10070 18659 5087 19154 6542 23036 6705 6419 20104 3164 6524 22256 24567 22214 1937 10666 2392 6846 4928 8086 22957 6545 14357 14971 8769 877 17764 
10631 18 8859 15414 10087 1269 16972 25712 7811 10232 6168 10701 4087 9332 17225 94 4122 9662 24751 11259 12053 1820 16187 16610 24776 19203 4719 13498 24443 2067 1486 8825 2085 10344 20710 12171 8085 7906 11635 12367 18137 14274 23067 18695 23605 10515 15260 
24199 20176 13762 9209 2452 15582 21867 19062 14109 14821 20252 24079 13015 22318 25564 18312 24402 6131 9245 6797 14215 17150 14903 333 9038 2928 19872 24204 23005 4138 13216 20955 20786 729 3915 23237 16310 22254 16050 643 10826 10053 21193 20313 2595 16980 8848 
748 23110 18092 4016 7549 8994 18918 4353 14503 21846 24224 12459 18602 24834 25674 9780 19371 22874 10166 12831 12936 6171 2633 10050 13469 9157 4994 4005 11751 21973 12852 8971 15306 4695 12986 22854 10160 5656 23679 21135 23973 18126 7345 12798 13183 3242 22577 
6305 26115 2966 19136 9274 9137 18240 19323 19077 1148 20788 23081 12899 16512 9684 21869 2042 10850 5078 21367 21010 10733 18797 15896 4929 7147 19712 17726 20329 19425 10526 386 15763 13492 15993 25037 19100 4456 14583 11928 5603 9123 8760 14973 22106 14915 7065 
24147 25764 12143 15738 16997 19347 8286 3116 20748 15432 19299 12225 9513 12475 19223 6370 1990 2938 18834 23498 22037 23289 11832 4188 25363 20954 9419 10560 16812 24333 17624 11182 20320 26238 671 7541 15809 5429 10656 10308 20860 3707 22532 596 12653 11978 3437 
14642 14915 22270 11891 7175 15782 23723 7834 11369 14900 13724 21928 5463 8280 9775 13117 2352 9765 13787 6364 25573 19215 17019 9632 10299 17197 2387 7366 3602 10837 10803 18243 22223 3296 358 25870 15550 20552 7455 670 9203 21179 19069 11138 3210 2595 24254 
2033 8831 8264 8396 4627 23951 21887 10730 4473 12835 13117 11838 12908 20425 19112 4903 16399 22408 1732 16020 8181 22283 19947 8850 1709 11349 1670 12846 11030 736 7323 9535 9567 12059 14402 14193 9761 10040 24923 14233 19347 8263 22542 6006 2439 15406 7380 
15309 8037 9111 1553 16217 1617 21499 21538 3326 3071 19679 12643 14100 20414 19966 23634 3732 5776 8260 14397 12008 18299 13071 22712 11397 17805 19005 13875 16715 8162 21254 5775 12670 4117 7327 25358 2205 25297 20647 5530 2119 14077 14645 12691 8243 8362 6548 
8446 10609 14807 22842 19088 6858 6136 15551 14726 23940 8307 2352 14406 12941 23606 16653 22082 24194 23979 21192 150 23028 15590 2152 21618 3419 16796 8060 8133 21629 14608 16578 2461 3166 9644 21548 6495 15779 10850 21221 9943 15628 20044 20820 25040 13873 11224 
20874 11818 5427 15817 8440 24926 1630 7063 20295 5048 23858 2107 9652 15710 16714 26230 18170 16351 9625 13469 22846 21875 20790 14290 5569 6641 8085 141 5433 21958 7836 22778 3999 13262 8818 8910 8411 10447 15972 2458 11967 10053 1036 21618 25762 14221 18071 
17683 4323 24167 1375 920 19794 18636 11681 21834 25277 19766 18446 933 11947 34 23710 12417 9767 2751 21327 18178 13197 7522 17107 25163 17575 18142 17005 13560 6114 5299 4995 10436 3218 2841 7828 19483 21477 15980 15068 16977 5969 7266 17909 17915 3771 11842 
556 10009 14592 18354 24658 1540 25875 15516 23175 13673 7409 10403 985 13522 15701 2451 20430 18918 1763 24729 12152 23239 14460 23692 13967 20429 4709 5627 8567 4951 13940 9122 14959 2283 1227 13369 295 23574 2636 23469 7470 6517 7623 4926 16510 23323 3848 
7163 12465 5611 5643 21088 2601 16575 18531 13040 7227 19711 15138 15793 24661 2830 21387 9844 5112 19085 19684 1878 12882 18791 25346 20352 25307 3192 25277 12041 22987 2877 19203 9203 8487 24846 4042 7559 11644 19045 20598 18870 12507 5960 8414 7392 8789 3552 
17235 10372 19109 7142 12250 5742 25932 7819 26093 21463 11011 21594 7255 4221 20942 209 13423 3180 21526 13936 7210 6921 3204 24280 25790 15711 3991 4428 23102 9251 4451 10560 16094 23559 17701 24815 3053 17384 6386 25617 9070 13868 20962 16324 18088 15655 13005 
1734 15306 8282 12141 22516 11675 15345 17019 11216 1279 21009 12115 24380 483 16566 5163 16576 13876 22863 15143 13400 10470 18000 12769 19540 2091 3954 6087 16650 19609 19091 14855 5138 1125 747 24125 12799 12563 14895 20486 13841 6127 6353 8444 6609 19390 13606 
19657 7017 6692 8551 16889 13634 23022 26129 6925 25112 3834 9483 15513 19914 2326 4119 25052 26170 1337 22928 12720 10372 8047 3429 20684 14173 9781 25600 20782 2922 9429 14190 6411 16121 19212 19771 3506 15985 19651 6902 14848 19956 16384 584 13622 15181 1174 
8897 15102 25230 5576 1573 9353 13622 1474 3789 1547 7726 25860 18800 7120 9040 3213 10002 25160 22424 3524 25137 12160 19646 2262 23479 13353 18646 20534 726 7578 21707 9622 22680 17160 11670 20724 265 21763 18669 525 19781 147 136 12332 7266 9175 15544 
17267 4559 8191 17262 26167 16822 10659 2181 10524 24011 17298 4809 24737 21347 22987 4582 17778 13899 12723 8726 10635 8238 23866 11159 1770 24012 7766 10574 1501 13412 22589 18767 14442 4532 9780 14361 21353 16910 16541 2101 14673 7590 6909 9633 2688 120 14214 
16938 14018 689 22135 24652 5398 19752 6034 7167 13988 10271 14212 15488 23682 10553 4479 8348 11556 10730 22708 3132 1392 9472 5232 16064 17061 8613 22168 16220 8732 6605 3381 19221 7293 21987 14096 9162 11963 20129 12801 25950 623 764 11661 24304 7788 16139 
6403 19343 621 25582 18947 24732 8805 24178 11019 22337 3014 6938 8781 11745 13542 12161 4717 17307 4372 18812 220 16334 9164 13020 12507 9786 10256 24167 4314 18043 14058 7188 11138 11150 6522 308 9633 11798 24485 20651 7887 1251 24060 16667 9467 11353 25299 
14184 2411 26142 3219 25351 16227 12383 8594 25205 18640 18849 23124 22953 10644 7405 3893 18253 18554 6886 18560 1938 18683 13268 19060 23041 10990 16871 9931 20457 24695 5454 4864 23578 5347 4554 22680 18046 13408 5025 17002 5800 20346 13877 2504 4741 21281 2868 
19465 10058 6225 11776 8467 21380 21515 1278 18172 6257 14620 1855 465 13067 7308 1800 6868 9126 6353 3299 923 19761 4795 14397 25560 25140 24745 24535 104 16250 23875 19568 59 323 1567 8526 21702 23082 6275 13626 3090 20895 11952 26 4185 19259 1825 
11052 24856 4649 10822 22251 20881 12088 10399 16664 7452 8895 14951 7555 25144 9049 23595 25203 9371 25161 3952 4825 21994 10226 14922 21555 1344 625 18052 2000 16355 19876 9523 14962 20997 20344 10964 15629 2656 17834 6045 10107 481 17467 17661 22096 267 11479 
17522 6109 10392 21473 7405 2609 1923 22326 20636 3266 19422 12439 1738 9528 2539 11260 20962 23535 1828 2149 9387 4483 19983 15431 14589 16935 3121 2473 12782 26107 13952 4056 5968 20815 22000 9844 19895 23922 2394 14282 940 21815 473 2677 1567 25731 10408 
22528 23017 12235 21148 2627 13189 14882 18058 1529 2040 21178 474 11294 21037 14425 15349 23476 5463 11100 7071 25357 5246 9464 9863 6185 1503 6807 5333 3069 6289 12212 22068 25777 20919 16967 2155 7859 2073 16684 9388 4112 8086 9861 15405 25594 20757 977 
22821 26219 8549 115 21799 13794 6051 5413 16450 7553 12219 18254 7093 14979 689 2912 14507 21607 19878 16662 3218 21950 3569 12605 22534 11654 18937 8162 10999 9917 9139 4043 6359 14159 4158 1909 24424 6680 7322 11097 10704 16012 3102 17796 4743 3790 17179 
15721 25397 10808 2606 25086 2982 6175 7914 21987 17828 23322 3900 25299 6990 9510 3093 13348 20140 3722 15256 18315 6873 19049 3163 17576 5285 2736 5595 6499 6526 22773 22219 2146 3805 24825 23703 3258 4751 5368 25244 19050 2441 25615 18100 9430 8877 17665 
19249 25488 21386 4728 17555 2011 20249 20717 16058 25533 23453 21653 2255 202 14649 24473 25067 14925 19521 22521 18182 20743 24360 13649 13545 552 13016 1868 6453 18364 16004 25701 17603 7614 4180 5381 6096 24428 26098 22153 20184 19774 14029 22438 16447 25150 17135 
11737 13826 10407 8009 5760 1374 2592 19408 14918 3143 2647 13257 9595 17482 25733 5519 5309 7098 9698 10689 9665 4350 7010 2041 21005 23255 12542 13667 13453 11443 4553 25189 25268 11431 3421 1251 12804 6012 17131 24193 5626 19777 7674 11692 7483 7158 17210 
12791 10727 23380 19951 20391 1481 713 18903 22485 23967 5196 9903 7644 16638 10927 3056 15658 22358 2949 13380 8913 5432 4262 3330 11058 24039 11003 22749 1745 18160 10183 11007 25358 7314 4709 15972 8794 1893 8626 1502 22332 10294 7877 3727 683 18803 6782 
12812 11384 9730 26192 20297 11634 4205 23626 22691 24715 4852 15663 22931 19483 25845 7689 18592 6910 8870 4787 12175 10762 9884 13677 6845 20177 21553 7043 20860 10579 10297 3895 21963 16498 310 12483 1883 987 6332 24573 22173 11183 13988 18856 4417 10056 296 
19480 16966 9165 24266 2892 16399 7901 13040 23243 1830 4816 510 19161 15395 10806 19527 7581 1055 16309 20063 2938 17295 146 1262 13219 7800 11721 2298 12216 18249 25314 1919 8966 8230 26184 8329 21100 4308 17841 14567 2609 22656 15076 21769 11802 25881 11520 
15854 687 1580 9668 3624 18874 6285 1358 2316 14084 9550 4614 22771 1550 3679 24689 6987 8380 21096 11788 3232 25404 3380 14270 1764 26035 3097 20005 8061 2729 5276 23914 26135 3327 3806 26231 22200 10090 24060 20987 20646 7361 22072 13640 5383 25750 12081 
8841 4354 3400 17100 4057 2555 20479 18326 791 16738 21422 20795 24798 24150 22542 18935 20508 25868 19212 20490 18291 3054 18301 13029 20171 22134 8853 7562 1268 4826 16114 6580 9179 19514 23680 13235 22068 14382 1784 22858 4871 23205 13876 26140 17578 10169 18827 
