63 47 47
23241 27089 27915 15793 4298 9357 448 25732 27438 17820 16186 25641 9182 26556 1183 17314 4130 15367 19611 5908 8370 18190 4348 336 14878 20936 4253 21098 24250 23493 695 21720 24810 28609 11741 3336 9176 15207 278 10842 4237 16464 7693 16436 17248 11894 7978 
21377 27260 27589 1513 6840 16989 8878 10194 6095 1025 17464 27193 28292 12167 27887 21222 8187 1935 4174 11522 11111 22398 14818 24970 26634 2492 3874 14281 22757 15767 25276 15344 17255 24075 19875 24095 15293 28752 8517 21387 4005 209 19790 3508 12376 21905 24729 
23580 23840 3131 9331 9179 25528 24148 5359 26391 868 12250 14900 23624 2245 11386 13196 19500 9690 7299 17823 24982 7262 26339 20597 11266 26547 14616 14773 13151 7731 13731 10960 5799 19879 23308 14977 19636 21684 20336 20255 22551 3796 6365 20403 6041 20768 7827 
28558 1668 15126 17591 878 25405 15140 24493 7881 15915 10319 25672 3295 21067 13631 14254 26866 7738 11790 13053 27373 4684 7617 18838 1463 14431 28220 21865 23489 20199 3920 23257 24884 19045 12058 25762 18678 1426 21465 26559 17340 6012 26459 23652 27078 11300 9116 
28172 19037 23923 12436 20639 28606 23070 13705 1279 8711 13136 26161 3410 7563 1292 26666 6675 23354 9934 3647 13243 11359 28129 14030 2928 8369 11699 26579 9676 26016 9924 9058 16263 5057 24511 11130 4874 18792 24835 9170 1731 9181 6542 5141 19761 10851 6035 
26435 5415 18987 4311 21675 4574 6668 6915 7501 15037 21631 8309 24712 18857 21250 7998 9349 535 3720 20478 5408 25529 16523 17596 27259 28721 24137 6628 22710 6198 12663 20356 14630 2860 27684 10534 10451 5562 20466 20970 23616 13308 3507 22556 6393 24756 1765 
15741 25290 8502 10448 4927 5241 1199 22522 6728 1131 20887 13356 26858 27084 247 18424 15942 6124 20336 26475 16574 25898 18152 8754 23742 5688 12260 17509 12080 11244 22291 2050 7745 2003 12497 12671 10261 13695 9421 16988 17843 1518 4572 15912 2830 4818 8564 
18771 10941 111 16457 1744 237 8837 10497 26996 14524 25775 15715 26603 8229 12234 2881 18991 14236 15377 5890 27514 3301 15310 18731 21143 19845 26320 11283 22674 2349 19847 12656 16307 22975 3341 18050 26229 12177 2776 24435 929 2779 14379 27531 14025 26612 1623 
4227 15077 20017 13134 16819 23317 2673 6760 18689 22517 4291 1182 16402 9657 24046 268 192 21249 6626 18242 21706 18802 24035 17352 19730 26813 5959 21489 12048 3781 26129 19292 21875 20375 6655 9905 14902 9327 19682 7819 3054 26990 12019 19455 10875 7275 22740 
11067 2753 576 3537 24458 19377 27571 16038 13335 28612 21996 9053 14888 6 6392 8409 24898 26766 15063 9031 15897 24389 28713 23715 27442 1142 6944 18108 12017 17237 12058 26101 19989 12634 848 18675 6239 2647 5924 22592 2469 2148 2855 20374 5171 12264 28782 
1280 10241 18073 10310 366 13672 13251 27098 12325 14393 5253 4661 26409 25507 19736 26738 16706 6598 27585 9609 15855 1442 15532 9657 6928 20698 12511 1530 25868 27792 1523 1376 12261 22613 11686 12626 7496 24936 10935 22838 10539 19205 27498 11176 15922 21462 9124 
6856 28060 10937 16464 15125 15396 6225 27799 25341 26922 14538 26871 27018 13540 2622 28394 25801 25234 14308 12655 3940 10454 23589 1006 24011 14004 28503 9415 4154 24194 21557 11009 26482 3704 27473 15835 22118 7926 14844 18669 6058 592 16750 7304 17149 19371 6908 
14160 18834 21215 26815 22773 5898 24632 23779 4137 12865 26510 13551 17018 24932 9336 28027 22624 16058 939 9669 9386 8864 24512 28054 17939 28121 19033 25242 19499 12632 3361 4869 2676 27593 5912 28467 7719 4773 23456 11855 17637 24194 28424 5865 20337 8970 8120 
17189 25027 9058 26858 8641 20939 25598 10924 10088 27948 1167 6541 18657 16816 12919 26543 19492 11722 6684 19169 22459 11456 16853 5524 3321 15275 5158 12203 6822 17146 20323 24011 16401 3609 25097 28060 24548 21905 10194 5846 24081 14378 12386 13948 2404 28322 11702 
24913 14273 21403 18310 7942 4069 9391 16483 7389 24666 24659 19591 5716 13015 14142 937 3644 17751 262 2914 16527 25185 13107 25390 20476 1713 12005 8653 7135 11537 23372 3258 25809 15985 24586 7979 20053 5187 24462 1670 1063 20331 24278 6779 7574 9631 10733 
11217 1610 10995 17149 21154 10408 4484 17754 2094 6197 969 10746 13331 15524 8346 19606 15561 24330 15402 23540 15593 20589 19212 20280 24669 13771 15769 2658 21344 28417 16409 6789 4255 1632 23937 28426 12039 2650 17390 17150 8846 21377 2125 25194 11129 10470 19028 
26689 6011 5641 21439 24621 458 14879 16112 28144 28649 6109 2013 24221 8754 21439 2221 16026 23070 386 15662 6319 6053 7280 23468 14898 28656 28610 14320 10995 10291 4559 8895 16301 13217 4562 12132 16692 19441 2472 16046 19300 8580 21076 17750 20351 13725 22988 
7587 11023 26391 23248 20359 3655 1739 18056 18552 4623 17876 7101 18636 28166 11659 27530 15677 27893 6320 2038 18813 25760 4509 6069 19289 16107 1374 8249 7668 18116 2447 18273 350 48 12731 23726 3702 17487 12992 25272 25128 2079 6601 14974 1455 18259 16732 
20150 20380 23051 22187 10403 20022 26695 19489 13539 17030 23880 21787 24698 13207 27251 14181 16574 1527 1140 11510 5229 21645 27520 4729 17983 809 11329 4167 5281 3816 20898 28448 27213 15159 21845 11844 9409 22769 2543 22947 11009 26423 18962 9935 13858 17423 27133 
4660 18950 2502 19187 27196 24146 17917 6153 13339 21743 20499 20523 1253 24314 12631 3929 25755 2018 25774 8809 14445 22771 11351 11620 8008 12002 1793 20961 88 22233 19304 7765 15411 21805 26952 16835 20179 19097 22987 4728 15069 17714 25250 19339 13238 12109 23267 
13221 17145 23269 22029 2800 20268 4591 14419 28276 19610 19229 23465 22716 12673 13979 1691 2312 10013 2871 19147 1402 24986 16362 9148 14283 5287 8626 4832 21542 23753 2327 5974 12108 25596 28002 14907 20092 6821 3554 22596 660 22783 17271 23375 9684 2461 28083 
11995 15491 5183 2352 19910 1379 21732 3286 15661 27018 11912 23510 22788 6875 25836 28761 22000 25660 2203 8117 16963 9023 14688 10769 12700 8681 2269 10303 21382 7747 9597 4588 23237 14779 9957 17375 19175 2899 20661 6046 4145 3783 766 26933 13675 26601 1133 
6885 26490 3335 18019 14663 15376 6935 28449 2304 18634 1928 12607 11226 12692 25221 15813 7139 11210 28788 24514 4613 5915 19403 10658 10060 23185 14441 11221 11088 15270 15371 20990 12970 21724 13237 1861 11328 20171 4539 13631 10015 9484 466 21241 22176 25686 11282 
525 11124 14298 28056 15736 20213 18669 26393 4501 16082 15062 18739 1398 1543 5320 25405 14512 1272 9852 19391 12599 4252 23929 459 17284 4623 924 12753 26798 26610 24035 1552 8944 9543 3836 24680 3984 22505 25301 8484 12815 11574 27222 17231 16134 6771 13846 
4874 8042 23698 24264 20641 2178 19403 24117 19461 27044 25040 3425 28070 22860 27459 832 6033 11230 4668 4941 18232 1401 4470 26715 17233 19061 25148 5674 6405 3129 19520 11279 14188 17446 9771 9057 19623 3403 4384 10294 1657 635 13718 937 26512 15405 4787 
6773 864 9454 11713 19095 13872 16183 20038 2315 6454 19414 11007 15877 25560 4755 1384 10959 22200 11154 20015 16051 14556 24399 573 19230 28051 17309 20167 2 3924 27971 6775 7805 8635 18487 1128 25524 8898 24184 2067 18370 14808 13073 5457 11579 17827 6840 
22537 14255 21011 16780 1516 6778 15407 2089 236 14668 19397 20402 14670 26338 19583 21444 8372 2446 14159 12517 2198 26075 7911 4265 15655 22719 20355 24129 8526 9393 5197 5291 26665 26207 22070 2410 7213 8688 7516 7449 26373 1141 2079 15271 1707 24680 10943 
10078 1354 25102 25613 3552 25405 4734 7816 15288 1681 28170 10627 10206 11791 18841 18514 12685 19276 11795 15094 26489 23500 22609 8166 24101 26767 10244 10583 28473 9152 21525 12780 10506 17837 9603 14057 17470 17354 24890 3968 19035 27288 17612 3469 13308 7663 21983 
25992 26939 8006 15314 27656 5734 9133 7032 1045 10128 20293 11627 9811 656 4363 22590 11161 25217 6421 28235 13898 23775 24335 20883 14020 22833 9706 20506 7351 20386 13699 7571 18535 24722 22884 20419 1666 6245 27450 2711 16372 18954 14337 26183 19609 21717 23001 
4998 18145 633 4443 6271 24407 28777 27153 12655 25838 11087 4371 7418 2684 18070 14988 24236 14002 9083 15866 18686 15327 14526 21396 2910 7708 9961 3321 1545 2889 26321 6542 24051 26953 10984 1532 25588 13989 2913 9453 11038 14000 13824 18455 19701 6122 4653 
15147 23141 16753 2223 13037 3291 19767 8661 6200 27474 18622 9520 230 24528 10069 9789 22807 11251 20773 27356 8049 8990 1479 17502 23045 18496 5554 15728 9407 11675 23399 27572 6026 11362 1005 22081 14652 20771 1952 23869 19456 23591 4599 22703 22347 14668 3702 
16364 25918 27492 17948 8195 7693 22445 25696 4966 12151 5478 20694 24576 17152 15303 23358 26196 26664 27380 19487 15545 22380 24456 10624 16064 22276 15223 9977 15833 4119 16696 6426 4265 15399 24373 15477 26109 18028 15402 2285 4408 20879 22978 194 9242 12509 26569 
9666 10384 28177 363 25928 21767 27836 7762 9041 21322 26002 22035 11384 4349 9942 17809 11631 25340 13392 27108 22659 5649 13720 27961 10056 5809 22150 13267 18068 8887 14064 27733 19270 13451 2324 19426 9447 1371 1417 18487 25710 1647 11733 8304 5996 24692 26112 
17626 21242 13733 18962 18129 19381 3892 20318 3665 12719 16696 16931 1997 25583 2205 941 16063 18673 3264 9718 28119 7652 11134 20835 4573 12780 6796 12876 21793 2698 13217 13648 26957 26949 3820 19314 20558 10730 10842 24222 23448 27538 15381 25444 24331 20603 613 
14622 10486 6895 24339 12834 14546 9701 7897 19118 22481 14692 3205 18502 20407 16421 3360 21592 17598 7180 12116 9366 17909 22957 7816 15585 24723 23196 15257 20264 15009 15870 6097 28512 22764 4664 15574 8520 14365 23470 1867 8056 12390 5071 26557 7025 24509 4146 
28616 16335 11325 11942 25700 3462 9128 7744 22064 5061 2150 8531 28343 20176 27418 5650 22916 21392 13331 12719 4141 27695 10417 9025 9979 22807 17113 10765 4060 12832 14910 3887 377 463 18846 305 6942 2202 8048 216 10281 13215 8746 9834 7619 7375 18501 
4763 2995 3042 17481 10153 1948 27898 19177 11926 24933 7500 22690 203 23349 11828 7107 23725 12290 25953 27047 19231 2383 9323 19446 12663 22537 2421 22496 4384 12813 12207 9147 18825 18267 856 189 20214 28753 22383 6368 27914 1094 3287 28117 24442 15114 9452 
22396 27404 9633 23671 20863 12016 4205 11520 24678 970 16958 18385 8372 981 4820 17518 19805 23086 21391 23011 17528 24373 16605 23896 23497 17698 27182 25842 16368 16524 6505 12992 18156 16137 7874 10230 2381 15096 21749 27059 19083 9917 19672 27454 13915 24491 19200 
4930 21806 11802 2170 10544 7385 18774 8668 5110 10700 7060 5181 27067 26602 11685 14288 15968 2050 25179 26197 4431 11485 22174 5718 4796 6319 25389 3461 20233 24108 22660 28181 17124 8690 1561 27668 19092 20334 7546 27220 2244 17624 3611 3539 18454 18313 20844 
5632 20362 17233 6058 27810 2946 28231 7756 7742 5761 4355 14220 25993 2692 11108 28402 19815 19798 1173 21711 13118 24524 3486 11548 996 24127 18176 7553 13791 7699 28396 22440 2290 16840 28497 4328 19785 27939 12084 1755 7928 19456 15974 8149 22147 27082 7762 
13173 21108 11952 9112 8454 10705 12597 20002 11700 10952 12406 19252 24742 20105 18859 21411 22394 9927 21118 26721 3940 23285 13033 5695 2423 3700 24686 10572 25846 25996 21351 10229 18314 7531 22359 26768 18235 6166 20998 1146 17118 4614 23415 16088 27736 16502 8709 
21340 26428 4056 22290 1579 27340 9551 7273 3992 13250 6187 17581 10307 3394 13160 23553 21707 20690 17122 22703 10136 26306 17929 14299 17652 25561 8924 7968 24507 28444 16677 20076 26082 23750 16594 27660 22300 26144 9161 520 10605 15348 18100 23929 18741 2470 18692 
14676 23160 10043 11608 7524 7559 3765 24840 28228 536 7992 7406 25043 7646 27100 19347 4939 22060 7151 6827 18589 4505 15988 22126 18127 5564 11437 13266 27322 16924 6187 16226 14312 16229 27833 24853 26805 2809 20903 26243 6362 106 7877 5633 7751 6188 24979 
12689 2476 6358 19516 24082 10863 9732 17419 3218 15295 3084 16484 16845 23025 22670 4281 8548 13127 6343 7629 11142 12169 28532 8595 18530 28637 19489 24163 10616 28694 23370 23305 2381 939 17049 691 14819 1009 21127 18036 16303 27228 8748 4358 21464 5646 11656 
4240 18772 17998 11868 1124 1377 14628 12736 22925 14475 3436 18298 25091 3340 15896 22624 8738 16834 13901 12447 5881 14909 4784 26935 5440 6241 6893 12815 27704 12539 24470 6172 2521 13679 18039 6663 18073 6896 19398 12208 21370 25851 4734 20689 3420 20630 17541 
12157 11692 2652 27621 17573 17560 3616 15718 22999 9856 25628 10042 11788 12395 5723 17959 17934 19401 10226 24596 8684 17121 18222 23910 12720 15284 28643 7637 18703 20483 25178 5088 3386 27829 3920 23976 19618 10553 13922 16845 20408 13778 26887 6424 26173 6838 27400 
15317 26238 8836 14141 9150 186 3573 4270 15923 18856 7142 23559 11787 27624 19947 16875 5238 22005 23812 3442 15851 5575 17363 6924 211 2352 5021 6634 2753 11858 5244 21087 12324 17097 6438 24492 20300 10010 2990 10451 3095 10131 5221 17899 11984 28185 9002 
17221 21400 4024 20663 11479 9598 12254 18403 12826 17623 23423 19459 20375 9510 27720 12672 24851 19046 22127 23571 13574 6366 26561 24025 9460 10920 456 1587 22903 2869 10589 14353 24269 14612 6226 9976 27228 21497 28378 11264 10331 26030 4952 4934 6750 6900 17606 
5829 25945 13961 611 13748 20326 1400 8983 4014 12319 12456 5601 6433 15324 19207 23803 13821 8047 4257 23797 6485 25753 23385 20767 7294 23643 25718 15246 1603 3828 7080 10450 4002 21040 14078 17749 12577 15477 960 19608 27795 16433 25208 8456 2967 18643 3469 
19806 26690 7725 14813 4385 7707 12426 28169 15000 7280 25097 4474 11900 3154 11553 25367 10173 3804 10655 27921 19398 26131 3109 10216 28155 19541 9653 7821 25525 28295 14308 16541 26195 25050 5582 4809 3967 21026 4188 21985 2534 3514 26458 17451 6667 9222 14029 
16839 13025 27701 18988 3633 25043 25114 16866 24408 15865 26518 6457 15618 253 20764 6388 676 17025 14987 5484 20991 10241 12690 14186 12774 16203 11855 4454 25887 24094 21500 16954 8329 20411 7152 14979 16664 6494 3055 15300 25376 3802 24775 12204 4054 16749 21609 
4729 8002 7807 13231 3222 18047 25920 20425 5050 16351 3490 12521 13448 1812 5231 1612 10140 25641 11781 25118 16534 18274 2402 6062 14860 6203 2047 27063 10256 18796 19883 18002 1026 1918 2443 4247 22982 2591 24672 28031 18941 2390 11762 3599 4202 20010 8228 
17359 16862 20008 16706 4606 12510 19107 13685 27369 25309 15732 28661 9793 8756 22772 27794 9781 24689 4466 17046 21899 7056 15946 24159 226 18335 10149 3824 25554 1370 15070 14124 18231 9306 5058 25854 21816 24164 10749 20395 23701 709 23284 4704 9464 17266 6726 
19245 16183 14209 10519 12311 24283 26464 7680 24508 19027 17828 2560 15792 19197 17629 4144 11656 26935 9201 11738 22979 7593 22487 17602 2504 23195 12097 10225 6888 3591 19968 361 22792 5388 10879 6313 881 8553 13992 25388 27579 6048 2176 17599 25245 19805 24760 
11129 20968 8189 22867 15157 15781 19582 3969 18284 17005 16065 2737 23892 22674 22705 24252 16676 28092 6341 26006 3201 17911 14226 2817 19719 20273 4992 11546 19746 27814 7517 2086 19992 15705 24952 6359 5715 18762 13346 23998 6977 3639 964 2080 26312 23668 26331 
17216 25988 6901 14432 3417 24811 28657 6233 15740 23159 14242 27286 14115 16285 9031 19218 7487 27753 18398 16864 4678 8370 1420 2905 15347 8076 3868 17426 5599 27535 17985 22814 27751 24885 11475 2378 20907 14360 11628 10875 11747 98 12389 91 16382 21419 19308 
23869 23401 11935 14961 28078 20304 19398 5211 9879 27473 9078 1533 4282 10841 19518 1325 9802 18631 15817 15197 13766 4405 26824 24641 16152 26922 11258 16242 17532 3888 6760 12611 27288 21712 1800 805 13227 21197 6016 26123 22899 18111 27656 1409 163 21402 5751 
12982 14261 21567 2408 28027 25972 442 26896 13334 1592 9364 786 19124 16269 10563 5963 17785 3486 10781 21608 19730 3188 27623 20081 315 16944 18947 1724 20124 14577 7474 7335 49 3270 9742 2304 452 13201 410 16803 14793 12791 20606 8145 271 5397 17125 
21073 11900 27905 13891 2840 5322 15742 25939 5636 6915 16096 7359 27038 4902 17851 8601 7968 21120 18342 10271 24589 2754 13698 15620 20564 717 7436 28708 4005 15850 17043 25078 27750 16159 13197 4818 24498 150 1967 1344 7064 21081 11721 8330 211 782 16931 
8178 24919 6483 21466 23736 12254 6374 10566 4028 7090 21019 6964 11095 8079 27025 10401 10057 17412 23597 17893 13120 26764 22877 14463 5038 15168 412 13368 15378 1193 4527 26573 340 14027 19249 24075 26281 28640 8869 4537 9959 1098 11501 24071 12195 9736 8700 
22251 27147 3507 14372 14495 1482 8460 168 9537 26645 3598 25922 13234 7808 1659 14035 8148 18704 4495 6451 16195 7363 15320 23749 20339 16417 6460 15620 2840 19213 24319 28109 20588 2055 13691 6293 6554 25168 9479 16090 23024 13076 13223 10486 20883 17899 24520 
3259 7813 3243 9710 27025 13624 25029 21985 5173 15674 2673 20793 21532 21886 19340 20851 13684 21394 8770 22995 2176 5149 3684 18266 28172 19777 5717 12886 11870 26633 8616 18147 5657 14877 27856 6910 28500 27113 105 4883 17015 2778 28693 9757 27681 19244 4836 
15593 14866 13606 9798 17042 21772 16499 9536 21154 7486 15252 8268 22374 13095 16883 11731 21769 5988 13815 2908 5698 12138 6030 10581 363 8807 13502 10120 10716 3956 17973 26309 21840 2789 10335 13110 24560 26834 22645 19942 8548 12125 28209 2132 28237 19321 16880 
