60 71 56
12120 8876 26691 1804 10911 22724 13158 19988 28838 6804 19810 26751 23899 16503 17389 27153 4678 19385 12031 15376 8827 20188 15802 246 14239 13885 27230 5421 3112 27626 29001 15232 12829 2256 17035 23739 24979 429 13964 382 13323 10101 3460 7459 26603 26940 4848 1518 16561 22969 22984 1716 13393 9022 1961 27631 22907 29190 9380 26018 3380 14708 17577 16209 23054 4848 16275 24361 11368 6566 1070 
1018 16666 4529 8476 19597 1705 19414 27205 24357 12619 20425 26072 2340 29446 4360 207 28680 3786 15677 24935 13256 6712 18839 29464 3 23687 22067 24363 11382 28632 25432 12399 15535 197 26966 5368 7993 16616 2809 2586 5563 29324 28657 7902 29006 3253 14199 27923 13129 6204 29185 26384 12915 18260 2413 19008 18274 24479 13607 5983 29438 15366 18382 15209 21654 21675 26667 29646 14618 5803 8559 
20180 5363 7452 4409 10697 16795 18608 14947 160 24811 14368 2871 14053 8955 11374 9389 3557 12180 29086 9539 11855 14689 4248 3391 12670 2250 6386 12552 16868 12188 27201 13375 17551 4889 17784 4575 27774 12719 19521 4261 13857 10216 7131 27909 25261 24596 13625 28817 7012 12948 14684 24957 27636 25022 28348 16633 27272 4970 5512 20467 23248 2949 4078 17126 7837 27952 21700 5847 10907 11457 10107 
24763 21672 23328 29000 17170 18160 12861 22314 1500 25808 13325 26456 8 8584 25040 16640 12183 6337 22151 8977 29585 25099 19145 16947 9263 17334 8884 15109 28240 26431 1543 29331 18340 1199 28567 11837 25449 17755 10478 26948 13800 23803 23641 19898 8714 25008 6775 26987 1582 5253 6200 7494 589 25344 24440 9851 19005 9651 1288 17482 6319 8921 23140 986 10119 21943 18913 5805 16025 29390 9080 
6152 23429 2957 26050 8470 4293 3061 5693 5874 14404 17983 19458 14992 13564 14134 1171 8896 113 2458 26377 6431 17469 25844 13507 27588 18023 2656 9720 10376 2282 24890 16527 2039 27847 12813 10508 8467 21964 16201 14340 6605 4420 10125 27687 24074 24258 28857 3207 698 1551 5911 13219 19020 1992 26725 22935 26105 29380 8982 12808 7990 4108 29335 10028 8282 12384 26626 16748 10676 13063 7415 
23371 23574 17539 21294 23975 18125 20388 3509 18822 28029 15511 2278 17285 23593 5330 16547 26025 11038 1856 9070 19027 12055 8641 5382 20336 27115 2244 13412 8027 21398 26917 1634 21299 14693 22928 15510 9145 19643 25110 4294 17908 10857 12662 11521 10777 17992 28067 7038 29029 160 16107 24383 12214 24747 1 8877 28190 2244 28379 6453 23641 25533 14178 21267 16553 13433 7014 2025 3312 8451 6318 
27310 19307 18980 9067 320 7208 7371 13448 12564 13621 29555 7183 2162 866 7183 17129 29055 15517 15745 11836 15486 17605 2341 6989 4394 15773 20093 6418 25175 28543 18826 22721 24177 8042 2025 824 21340 15486 14272 10231 5434 20154 17413 7595 21019 923 1051 26402 16440 16795 8474 2162 10727 16905 15241 15120 9005 5571 27628 4416 4350 16691 3464 4855 1060 11579 5678 28491 3392 26040 8958 
8825 16430 26371 22510 7686 27293 23561 10415 20060 16683 24979 28312 27410 12120 13790 18857 21124 25451 22813 1867 6128 9740 11421 10982 16890 29091 16660 15617 2719 19027 903 11544 5694 27273 4290 19470 1130 4178 121 27281 20861 25099 25829 24598 13546 15946 13691 4906 11633 12831 12863 17761 22570 24283 28742 15788 23610 21729 7732 2657 10993 8634 14200 22777 12234 24580 12483 13364 5086 18694 16972 
2274 20120 13037 26871 3902 5311 16889 14898 16943 29720 4088 4940 28617 4698 10010 20732 4636 8066 28464 7292 25149 13425 21491 18162 25659 22398 881 15350 3811 25665 2558 6084 16021 21685 9282 26013 26995 2499 11147 14175 2455 21325 25205 7399 26023 11542 4459 895 19608 3159 8186 14993 16583 6004 9483 18569 4729 10363 4155 8540 12356 6712 14623 28376 4725 233 954 1956 2731 18191 22221 
11276 9753 23754 24765 6012 5532 29223 6906 1467 8709 21182 22551 25292 27185 2270 20188 2150 18723 24343 16780 1315 7382 7731 6019 12106 7963 13063 20153 10693 1490 12610 21968 11242 6600 16969 23344 18223 22520 6577 25780 1465 27758 18567 3084 1507 26927 23272 9748 15887 17851 26527 23292 1560 4494 29310 13666 12456 12609 10146 29239 20190 22755 27534 1668 5683 20831 1340 233 13587 7916 26012 
15051 12002 14816 18135 13508 11979 11643 29346 4193 5821 26110 27485 7380 6931 3359 27136 19387 22059 7518 24953 12485 6601 22724 20243 18374 13791 27673 18606 3705 5826 14854 18755 23918 5997 7126 7662 24067 24859 7245 28259 7007 9682 2308 14387 16612 5667 17850 12326 4053 1696 7516 16537 14387 6567 13107 2997 26448 11017 21602 389 22933 12783 19143 17087 18780 2597 1076 13083 3783 8320 17669 
10790 24092 19977 25176 10941 25643 19353 29357 29695 27139 7109 22559 17853 19766 11993 20849 16450 29100 18778 16838 22269 1798 12309 9592 26668 20996 10668 16078 24778 25078 3983 5804 19407 23959 7307 6675 25929 2988 6268 2188 363 19468 1074 18216 15561 13067 15392 2248 12403 4407 25176 4909 12295 13812 20591 9199 5044 7586 25276 59 2901 5586 11953 28398 29545 19260 11400 25710 22247 23758 4226 
28700 19553 5299 23243 5351 18365 8872 7598 7096 19369 9101 12004 7991 29004 8922 23280 4284 16508 24883 10433 25499 705 22386 461 486 17973 17951 2524 16547 11945 6749 15483 1735 18138 15054 7085 6740 23925 20773 13835 19621 6201 2166 27611 5441 17178 21127 9725 10013 16246 26248 5748 16950 24961 12299 23527 19261 486 2378 6044 18522 15217 27618 20256 3591 12908 3668 16421 7069 768 6583 
26689 6968 8748 864 12409 2254 21990 28224 12266 14563 1036 18014 7840 25997 6640 7694 15494 7126 10071 27629 1975 1615 25483 22230 5206 8627 2225 21626 21786 2992 28209 24802 16050 13284 25665 28458 15537 23982 3246 4131 8781 10373 28235 22711 6606 5111 642 28190 18327 16803 2383 20301 18418 27865 18858 29714 12819 21082 21576 4841 401 26112 29642 16451 15724 1871 21236 7588 25852 24482 11718 
10960 11182 10189 3908 23878 15300 10640 22304 9954 27442 1015 492 22187 28879 25440 22137 11935 16759 20041 22866 17159 16389 22745 9937 8440 24615 1410 16028 20704 2219 27745 7991 13400 14262 17989 7514 5889 28628 6145 15842 2635 7159 22424 24821 12366 18101 17195 628 11187 13563 23493 4673 6279 22565 14610 14719 17417 22110 983 14448 24328 5055 22438 14055 25407 16755 27659 1532 15619 10131 23465 
18253 23381 16125 19402 5983 10553 6833 12701 21739 20395 6430 26412 26673 28995 17349 17719 22739 9695 24792 7423 10350 6175 6188 732 1818 29033 28390 9441 14889 14848 3142 9469 8465 25357 28870 14447 12238 12030 27147 4213 8752 9905 6952 11753 15227 628 29471 8202 10322 24500 21715 26762 911 4230 3821 8819 3500 2447 18259 18388 17295 27491 4184 25759 23085 3291 16534 5559 21411 20008 15862 
400 149 28905 12152 15375 29532 11859 29667 16182 12686 21618 13180 19687 25848 17001 28506 5675 25538 23092 390 19160 20820 4573 21247 20232 13954 14108 2118 5602 4352 17979 6001 10592 17120 24243 2294 22980 6338 2198 9398 25115 143 22577 15038 2318 15905 13780 7992 17771 7109 8381 7167 4256 19045 4741 24487 3235 18848 26604 14927 29291 20910 20927 10119 14358 21497 18503 7574 27835 20700 16971 
23186 26934 15875 8460 29251 8108 28331 13571 25878 11767 21951 9372 16022 17323 20204 10745 26649 9288 13676 11812 14906 4822 9067 25024 19179 800 19855 26752 4962 10791 20050 28147 7961 6162 12935 13540 20360 17593 27110 16474 29359 25388 2173 21708 12948 22376 8780 9833 1901 22455 27735 22897 3604 7038 24249 22783 7838 14340 25862 18890 25130 22240 23365 9419 4729 12627 29049 25088 456 26395 11798 
6142 28110 20061 27849 11294 12674 12956 27217 20665 5647 25189 13798 9250 8554 8283 8360 22482 22622 10550 11609 24080 3026 5210 9826 7754 17836 9111 3078 24382 11833 20966 760 10179 11263 4936 27564 23936 17891 25017 20928 29628 26533 4963 15205 11415 19336 29656 4133 12195 10442 21832 6511 13467 3369 22427 27311 21204 1774 625 21913 13606 27681 22672 112 15271 3935 27675 9444 27916 29020 6699 
4108 2117 11661 25404 13531 1234 25296 23755 19519 12065 15823 2357 25531 25283 24783 29169 16723 26556 6121 8873 16489 4038 7872 22691 19308 17898 26694 5079 22141 25950 17869 2577 4394 29529 27980 24016 7090 23512 18007 2936 5813 10157 5292 7671 5676 311 13167 28490 3194 19287 13690 25773 29415 27652 18701 25050 21877 15631 366 14255 17908 18234 16831 22301 24090 15047 16553 7508 14886 10887 10443 
26789 21044 15735 10787 3047 22136 23953 1773 25330 13476 21553 27430 19218 19442 16367 14504 11555 8325 20960 2137 26232 15521 25058 24861 15939 16432 17741 23446 7645 28628 10216 4670 25999 2278 15456 29045 24414 15736 7146 26071 5539 5026 23737 24756 795 16432 15588 18441 1084 6784 20577 3644 22305 15872 28504 14571 8631 22572 8253 16276 21436 24559 20945 23762 26837 12729 29135 27578 4792 12608 23885 
10331 17633 23949 11414 18428 10617 27001 7105 11701 4022 27681 15344 2654 19880 20175 23315 4839 12983 1804 21114 10747 2690 18386 4745 29526 1351 4116 27340 12234 16723 27552 22564 10684 21738 10305 29111 8682 7543 12543 26473 17655 16551 18144 26399 6668 8555 19950 17597 27629 27844 8947 14703 770 27332 19447 6624 5011 29654 4200 17244 22704 1989 16135 9715 54 26439 9062 8735 4218 21604 5445 
27963 8392 23588 24598 21150 8471 20875 8983 12427 18955 24020 27129 19725 21588 22903 26348 2926 28884 6875 20169 27916 14954 12631 7867 15007 9307 16929 70 19615 14860 5514 17815 29342 5429 18740 26819 19990 9852 12129 2653 5134 6385 18 24858 4301 29012 27533 7226 28132 10736 3723 26284 25689 16353 4388 17024 1987 27407 17093 21602 18594 28697 15744 18173 10453 4720 15228 680 20662 27357 3332 
25796 10069 9441 26981 14369 8689 1079 21595 13148 11814 1645 9669 13830 17997 20147 7181 19984 17790 601 17913 12711 29297 3893 1120 16078 14703 22439 16757 5602 26123 26179 7725 6428 5856 4942 26888 20635 6020 24810 4020 23924 26454 13688 14082 20778 10162 21262 17089 4279 21863 5238 16989 27487 15221 18109 13801 161 16875 6885 11853 19325 3301 19577 2080 15247 846 28967 6119 12957 24013 10138 
7117 26794 153 21198 17809 10314 18788 5134 14592 16978 10372 1817 14701 25592 26016 4830 2080 19218 11714 13932 8779 21105 9836 10859 6589 10682 16153 18798 23638 10403 5263 7082 7433 11506 4608 1569 21819 23395 6703 12738 10609 23165 20645 1637 25084 22989 6466 27164 12443 24271 17423 27313 21703 27259 14499 4619 14268 888 23416 14233 11290 5006 27405 24814 16511 2249 2710 14657 1971 9412 3722 
18670 2813 24367 26398 4225 23683 3100 1625 12453 3698 25138 10002 25401 28724 24500 256 13228 1716 29763 3788 19096 5005 1430 14146 27607 9769 16856 12500 11740 2595 16222 6737 11499 16916 3371 15723 10835 12562 23438 29378 16259 18812 15708 17987 17773 16535 24334 7328 18250 24333 11116 7583 5665 18636 27819 3508 28404 21002 22099 10380 23597 8557 17117 11423 25472 26578 27145 12634 9376 20819 12248 
25635 15958 4283 19949 10058 20818 14519 17386 9304 15179 4829 16886 20844 23464 14942 679 22104 6180 22777 8812 13 7661 2256 11435 9460 28833 14907 22093 8446 12053 10669 10408 4339 14951 593 14396 12096 15112 2018 21400 527 12937 8522 27461 6637 23463 4468 5069 5971 27244 19971 5983 5142 22226 23509 20692 27386 14743 19113 12159 3124 18 22566 7462 21059 29250 21857 3392 20689 203 1119 
21215 13139 9640 25004 25867 9431 29471 7263 15401 3279 27233 27474 14511 19695 27310 5440 23408 12290 24552 5804 21504 897 28369 28965 28046 27855 27149 7765 24871 27351 8883 22414 16818 24614 17654 19012 4281 23452 26274 19681 26730 71 23482 17569 19765 21029 23008 19500 9646 23887 25303 1386 24783 237 6678 23065 4419 4063 7158 29290 7742 16040 21940 887 16981 9830 19898 21261 9609 22499 17269 
6575 22569 10988 24143 18661 8344 23478 8397 17989 17601 3937 25465 18711 4173 2379 18104 8591 6441 25261 8117 20273 17628 293 21159 4846 16213 17384 26106 25821 10119 19703 8724 9015 927 9194 27675 15361 9000 12400 3586 26600 22427 5378 15548 26599 7756 3888 11517 20287 5476 25725 10797 23103 2345 8283 27948 24649 25667 619 26797 6022 20321 5757 15037 27338 21042 19039 12935 278 1675 22611 
3205 24101 27988 24843 27027 12071 5058 14872 2594 10533 16924 19481 3873 19268 27764 8148 20244 29758 14857 17278 6016 5414 29125 27143 9079 20403 16419 22013 26771 24184 20951 213 24613 19175 25055 21876 1482 6441 13075 10167 16973 235 5975 26936 25594 3975 5321 16074 3969 20177 3588 16076 1919 2950 19546 10997 29443 12292 9338 26451 6713 525 2991 7653 25791 4373 5856 3600 10813 18931 13766 
27786 19165 19741 24958 21086 43 6606 7397 10103 3111 17075 2506 5029 20024 22051 22116 25795 4580 1690 22482 17383 8306 25472 25035 10424 6172 1127 14023 16985 26148 4117 15007 21641 185 16292 12963 6318 22898 20359 16420 26008 13762 25016 1273 10113 17304 29479 6144 27974 7497 4953 21684 15802 6752 16955 2553 12924 24172 16575 145 26648 26782 15151 18525 26966 1679 1724 9612 904 28174 26031 
26911 12172 27375 4511 22284 14915 4227 4756 19216 11723 9708 11136 3852 16460 28090 6404 5711 28589 29069 5855 25473 26088 27096 14234 29381 5102 22049 9229 6006 26550 11588 9244 15049 9199 13755 7569 441 24072 18415 19656 12122 28123 1028 15973 20910 5445 28467 26620 10361 4100 8802 6071 424 6134 26395 6133 11235 24771 21452 17240 21557 3276 26484 6842 12474 16566 20502 19005 16965 9153 8897 
29086 13603 16015 21386 10840 21459 26180 7696 2057 516 16497 14218 7031 28721 16940 13163 10193 11948 4851 3760 9832 14218 6571 16674 3019 23136 13503 22024 10337 22655 7248 15750 12586 23263 7372 23425 14958 9879 7449 23105 10395 273 7559 23516 28994 24499 6915 9423 12774 17856 13182 22605 8401 19753 15606 11420 19216 29108 9771 5881 28091 17018 21630 10913 10517 5330 4574 25475 21299 18113 18816 
1930 18386 2703 25445 17616 3529 8687 3366 16302 2871 16547 15234 11271 12627 1077 28781 8171 6512 8788 14051 4839 25806 12008 15751 12650 23428 26416 8361 14964 20856 3505 22984 9478 12298 18666 27093 21917 3680 6786 14546 6550 23333 16 23912 12287 7183 29020 26548 13695 8045 10835 18533 10178 28934 10612 22827 22598 13355 7516 13889 4447 17111 7110 20016 29408 2103 17345 27652 5782 24131 12434 
18423 23791 12449 18662 12405 25723 17918 9190 9654 2290 26115 4514 18558 1613 21216 11622 539 4807 25228 14427 15345 18666 21536 5597 24401 29729 29032 22289 5748 29490 4959 498 29608 23498 19159 18341 19457 13404 3858 5438 15694 6300 9952 4488 7913 1404 22200 8451 12302 23755 28968 3974 12657 26832 9570 7294 26797 14929 29582 8872 14656 4777 9369 20591 4603 4855 9168 24059 18259 13025 29497 
10280 19325 9685 20858 3565 17179 19386 18106 5808 13377 17310 9781 26034 20469 25441 9655 17503 10607 15565 2702 1590 26432 12071 22180 1271 23016 7676 25330 11511 20700 25063 27881 16352 11075 18976 19916 4581 8598 8258 10389 21974 1896 26260 24335 22364 21938 10318 16194 8872 25882 18896 10461 22550 7294 8968 23821 546 16643 25478 18148 13671 26868 16265 259 14270 5477 26266 18850 20165 10851 5566 
18467 18837 2063 13038 11438 328 29446 3959 9199 25564 22854 25750 24442 384 4954 18499 930 27688 20304 19077 11595 17408 11669 17944 1914 17146 14446 20763 7547 1625 2657 26013 20461 10810 15379 8226 17228 21152 12185 26426 16953 11366 28503 11631 11750 9784 6457 18770 7708 26760 14174 25393 20495 25842 13574 22408 19315 4347 19498 3190 12062 22154 5530 2760 9291 26999 17076 26518 18388 5588 29271 
5577 16954 28010 23298 5031 14122 6082 23800 27920 9169 14301 23550 29663 16470 13451 28398 6022 23888 18132 15302 6187 16614 20831 15037 2232 18067 2349 28750 12782 7937 28257 24449 1218 2832 24074 6248 16953 392 284 15109 15651 20675 14986 21641 7381 28436 26366 19493 22561 20825 5031 5075 7675 2190 20111 9907 26347 28550 14984 9365 6723 13477 4050 14031 22399 28123 20278 15679 4842 26652 1025 
20492 17563 22101 18460 24944 26865 15062 14673 19662 6123 19704 24736 19889 21893 21174 6123 24567 19960 21106 4168 3011 10910 8217 17041 9637 12667 7556 25315 17508 4444 2667 14327 22007 24768 3023 23278 21869 24175 8187 17858 6625 4218 12830 26513 2438 10331 2872 27004 527 305 1408 3537 17306 15715 20578 26942 28381 4461 22493 22216 8904 25160 6779 7238 26255 15892 752 18360 16394 15030 12545 
23019 19247 1702 19768 21685 12032 28731 18925 12558 5363 26424 16095 22668 12375 13000 19846 17084 17460 18667 9536 2691 20154 16315 16020 16645 8534 16771 11332 24928 2037 23876 18183 21284 25577 14278 19296 13936 13245 14548 26493 18608 17299 18915 17603 29674 8242 13777 23085 2029 8771 2857 4720 28924 25262 20739 21896 4033 13837 3464 5288 15874 3667 29561 13485 5571 14075 9108 19506 3648 29746 22326 
28346 17282 11478 16185 23283 19719 6289 16604 27839 15059 19460 2795 14219 21050 29624 6351 1410 13697 15905 6697 5898 25662 6494 25473 7560 26659 10908 27065 543 10891 25719 28888 28172 13524 21401 21691 9570 27689 8531 7645 12985 4318 10439 27203 25367 16390 9882 3104 6415 2114 9800 18403 4104 22384 14113 11663 19280 1348 15056 25913 12238 17102 25038 16737 862 16675 8664 10431 14600 23285 18076 
27584 3931 4842 1352 5625 21232 17324 8729 27646 25528 24619 16285 5959 17240 6725 17622 12847 14164 9005 8996 26401 26106 10361 13375 26967 27035 28129 7634 17963 27742 2037 15783 1909 6879 23225 7533 4438 16876 16261 2320 12641 17208 24695 18599 10775 7748 12548 23621 21911 27643 8944 24639 23985 19305 14341 27279 22667 12707 5150 10866 10685 13277 2977 18684 20155 26201 26216 24592 19405 18805 3239 
2282 6249 4262 26971 17023 12009 15847 16971 10247 13726 2242 5122 14039 21546 19463 11554 14450 8497 22794 1643 19181 6308 4619 8101 26462 1057 10644 27382 20461 5776 857 28833 18115 5118 2368 11465 23217 24305 28435 3700 14359 7005 14913 28397 28550 4612 10187 19327 19199 3218 20970 8616 9525 25588 22807 12314 2972 9778 9932 29523 15554 16880 4920 3905 21997 7288 15370 21542 7920 20132 25241 
22278 27136 10390 20911 2251 21092 1335 27668 10527 10643 24965 25233 26258 26881 24367 8808 89 4382 24831 29612 26026 11947 10859 6258 10271 18146 27718 2049 2394 18087 3618 24671 21550 20098 15819 128 11427 23244 27796 28044 10214 29088 29605 6708 26205 536 21606 26294 11008 22764 2470 7270 11038 13328 19619 21309 7802 17573 29448 10195 11987 3302 11193 3774 23400 27011 9992 11154 26582 14115 15525 
7032 13440 21457 13739 9881 21993 11673 12502 3237 4673 21062 16598 15711 10718 6453 13347 18519 353 13031 5041 12340 16333 16233 22204 16060 19572 2432 27213 16390 16547 19065 23422 223 10759 13488 16194 2988 25160 28696 12315 6161 19994 5240 21871 948 11692 5454 25557 18136 18484 6925 712 11144 23158 22915 27203 19057 1674 980 5683 24311 20045 5432 861 7131 18920 17055 16209 20407 22078 28523 
26567 12308 10091 18674 19347 27873 455 21231 16245 25030 28156 16956 6410 27641 16198 9941 16934 23963 17011 28707 18510 13383 4376 19371 20513 29386 12753 13049 20029 5067 11809 16833 23465 21899 11834 13048 26099 18380 10607 12581 13646 8999 5864 26146 6876 28153 12414 23809 22352 29425 28843 17189 13044 3455 12887 9885 3077 25639 22933 23106 7033 11069 16266 735 9295 28099 19873 5631 16715 716 18211 
6688 9714 402 3071 22680 28554 15484 22816 21142 21236 21896 8568 4517 1678 21454 20492 4755 23421 19752 4188 690 1058 20453 7515 16443 24879 3716 22073 17922 4431 16611 24609 20236 17013 4007 19243 15803 19491 12296 13273 17054 10519 21840 27661 12196 19621 18389 16950 19369 8378 27228 20059 15526 17917 3901 2205 19124 7616 606 7282 18138 17216 8218 8610 10556 12225 4180 26359 8043 22566 9868 
25096 3321 8035 22994 21608 3983 17710 8794 23352 2415 12350 19738 17940 503 23638 26236 25717 1491 26841 3235 19628 20384 17544 4565 1177 5 14835 3863 14138 7638 19821 15561 10958 4183 14882 2802 8165 2829 17687 1753 5243 273 21490 29274 6866 15365 25746 2820 22946 28914 12145 18901 19534 6016 29556 26801 6020 14627 900 26248 28355 26811 12046 9550 1230 3255 18442 9395 6083 12456 17238 
17417 18819 8965 23018 2013 657 19000 10923 29693 24241 29158 18830 14011 5411 24713 11049 17521 9576 18039 14006 8168 15087 2379 23808 16316 5633 18577 2038 17807 7361 19276 11551 2507 28240 4805 4519 5224 132 21532 5153 24372 20927 310 14710 2665 25022 2086 20185 10925 20125 10518 25183 5448 18987 25318 27854 24620 20223 129 18754 3911 19404 541 6417 23971 5345 17027 29194 11567 8795 10674 
6175 6049 10983 26975 8713 12332 29061 5226 29347 19422 15743 24767 1197 4967 26412 29050 5914 22962 29178 995 26872 24909 1535 3526 19116 12970 26643 24637 864 11765 5547 7038 23905 22620 10340 8945 11279 9637 14170 10863 29058 6241 11957 491 17298 8605 5869 29302 7895 11374 533 5003 6520 8158 14619 25635 21127 11498 20509 28081 23263 2383 5355 17404 25003 15694 26348 6518 1659 16846 17380 
953 23086 5664 7535 10620 20360 19494 10158 28254 1104 16781 3493 7623 24938 18112 9586 22392 5937 6422 20709 5527 8804 2391 22930 4043 24175 25606 16652 25833 18779 10359 3114 12101 16023 16739 28811 6619 6469 15296 5109 7572 8404 14692 21286 3578 9131 1108 25969 15068 7529 23005 20594 16332 25395 19852 26466 19806 21785 13354 21967 10800 23712 25080 28991 16062 12055 4366 22680 24614 25752 4116 
8513 4392 18808 35 7969 4266 7233 10265 19333 20852 3506 16255 13512 5228 12434 10214 1361 10546 29658 23327 27436 29697 18643 26663 15996 7025 7356 15003 1875 3344 25210 10388 7735 14254 16513 21794 18519 23746 2295 14180 20925 11891 6762 4673 17118 19195 20977 18478 6068 20871 18133 3740 26896 13103 6730 19219 20128 14085 10549 28093 23519 5995 14808 1490 26339 7649 29374 15095 1631 7996 5602 
22555 19886 18454 3556 13331 13976 24532 8136 20043 21731 26268 23782 24954 15699 6839 14409 6063 20923 1285 10483 14678 7280 1619 22258 3855 9267 21868 25040 16988 100 6969 15870 26076 25422 19425 15734 9634 14194 197 29676 12252 2793 22 7442 18491 6860 27941 881 4110 29225 11363 24878 6741 19072 17372 16687 28338 15567 11963 15562 21757 18932 1669 18069 20681 27184 10130 552 11614 10327 6555 
193 13119 6577 7634 1846 19527 5811 2726 29728 11364 20179 24842 18104 15579 18542 11118 14153 4345 23081 6043 26102 18340 7711 20498 9257 11222 865 15899 22836 17282 22454 29119 637 5358 6990 8573 1212 18891 17389 1176 491 13895 26018 24686 29473 14796 6040 19954 25231 29120 25996 27660 23787 10034 18395 9372 21255 25350 25270 20418 12868 24051 19774 19595 5736 26763 4495 6948 15890 21883 14214 
22472 12105 16559 17394 17906 7682 23433 8096 3150 28881 4328 1046 22904 14361 25531 8603 11943 21117 4110 2598 10312 4488 22371 143 10224 25461 10728 23262 11587 8938 7712 10386 21043 24271 27779 9185 2189 27540 23371 11429 26657 27698 12475 25888 18386 14333 4728 565 5687 14928 3162 22089 19415 1860 28323 29638 27320 9287 23136 15235 18225 7176 25620 15595 1683 23636 1107 9962 21412 24477 27482 
24396 28502 16284 20520 17124 853 25247 23779 12630 10411 26941 4956 6154 28800 3515 12119 26357 12801 11583 11828 7353 18758 13775 22947 26531 13738 381 12820 5386 24857 10538 6109 23595 26821 26629 17046 27674 28203 11062 10540 14942 8239 15495 21095 13366 25100 3450 16050 8138 21123 4205 21581 10117 17980 20856 12975 1954 21236 25795 13431 22421 6569 19539 22343 3627 22495 9626 7628 20935 20687 18167 
12204 5253 9990 3535 18618 5326 13075 10996 19554 4435 15200 17463 20642 9507 8555 3854 17552 6118 29648 1219 28538 12544 26848 21118 22261 25671 980 125 16842 27757 24383 29045 3246 10700 8907 27954 16025 28072 9186 11907 8834 714 29369 29476 16311 14251 3566 4099 20368 9541 11408 25234 28175 14584 22679 20673 10491 23658 26888 3660 27742 21507 9032 1224 2443 17938 29177 24559 22337 14691 12793 
1408 21495 18489 1120 14133 2976 10776 24323 29434 26407 5967 24904 24818 26641 23910 15727 13459 23895 12852 17118 21873 10686 26149 23096 13129 20414 28601 14015 12988 19619 26807 14395 17441 21623 21605 1810 24598 2617 26132 596 29023 8427 1828 405 11395 25737 16132 24854 19869 5311 12208 11978 15996 14685 11402 5452 5335 16330 25557 24413 12276 22600 9044 29716 20550 6976 7853 15384 15683 10313 22071 
21033 18739 23898 21438 6461 19871 13897 1551 9976 19207 13759 28045 5439 4771 15774 16982 10105 2340 12775 4755 14615 11703 19889 14567 2489 3193 28510 23964 18875 9059 16271 10145 4125 10405 1819 10586 6603 15715 12136 22670 11249 2222 20951 22778 6992 6961 9996 23188 15391 28862 4270 242 10801 24158 20899 19380 27350 19645 13580 22553 5032 6178 2934 9156 16582 10843 19741 29276 26557 2114 22182 
14133 4335 19460 7147 17418 2748 23234 10842 18138 22332 15111 24470 3369 15596 15605 28839 19274 11577 12656 12063 16608 18833 21087 25764 11743 2166 21832 17346 5050 23945 9764 19182 4608 5551 26328 22025 8298 19798 9194 26435 18457 632 27232 21825 16227 13073 26992 11828 977 9884 23890 23676 5044 15213 25767 22877 23469 17835 10459 28518 12017 26313 17936 22715 2100 20592 21067 16488 16717 6588 19250 
