91 91 23
19726 53387 39136 36910 29632 47829 85702 12593 85474 44394 79516 11727 8195 53206 89714 11562 33483 77467 86368 82498 25933 6002 48555 10555 45625 71046 5434 52637 63126 13392 58476 2391 76439 7490 39300 15950 64979 44542 38203 60332 8475 37258 81719 16670 342 851 37892 43486 87979 43799 35862 23790 59461 3956 44005 14964 75001 49439 77262 48005 72491 45616 50396 58808 62766 89695 84418 37624 53776 32499 17495 62251 69757 18753 78920 79759 19603 36351 33123 17460 89810 78645 50911 59149 82600 4794 83774 67480 54232 80575 25363 
36601 36069 75758 14949 8713 84993 9245 55997 48647 41744 73491 30437 31040 11783 19235 20677 31386 65246 63461 58506 64934 51984 28956 43623 44463 43411 46936 31482 17182 37389 56844 63444 73457 52142 78392 1709 56674 87636 57706 24860 48919 50736 55297 89619 62519 84192 29836 13444 68978 3175 71949 43790 64819 20445 6952 28821 63855 53887 60302 81036 1154 27025 54358 84271 88827 52289 85980 65040 59465 63225 89899 27923 23839 64735 27421 5897 58806 57256 19340 37662 70091 10829 991 44788 31273 7943 83270 14667 71490 53450 15242 
72644 14 79261 76454 88840 41428 81973 63758 20432 55076 73197 48355 88576 47810 75775 4351 16494 52570 33352 63816 32539 44180 64807 86987 85113 82410 80135 19319 63778 53125 34560 55961 53138 33360 42294 51857 74788 34145 35154 14759 8761 18229 63113 7215 66039 58427 21226 2072 20875 54577 75549 63074 18296 50234 69601 13287 52183 69275 42266 25839 32278 76826 1340 85416 20064 43633 56812 14391 87438 1844 29150 6077 29734 11802 22952 15312 70229 44178 27044 10643 18294 12471 83378 46251 72365 72518 69198 34426 51671 21343 69926 
3489 8047 71265 88904 37771 24776 65255 61823 31753 67098 10512 37830 16371 22313 60781 31682 12081 24498 68387 32385 52453 80857 35302 8582 63101 17698 77779 17066 79029 9000 86991 82517 26707 68134 839 74139 12449 66093 45840 44202 52731 56351 1571 69101 88324 72012 20323 19945 16050 88709 52329 68502 89105 7170 77083 71745 24867 74401 88811 13774 2941 85680 15831 29647 73354 16669 23325 5342 2302 69164 59204 55032 45054 60774 43672 52918 52326 63994 72862 68375 72242 44730 46755 80887 51899 43377 62510 86426 27656 61199 19739 
40257 66419 35569 79565 59312 61899 12768 64653 64200 1472 33736 29110 56186 14049 72781 18982 66374 56315 11383 44627 48096 65773 10921 48522 27550 54297 20911 33515 1493 1649 53254 41749 68067 8362 31192 37257 70260 43960 21450 44338 45431 64846 83108 11495 78894 75429 40138 64808 51283 61181 19313 9257 36833 39895 57779 74043 4070 88350 17437 5562 89998 70690 56972 77605 88712 88163 24740 68851 51662 55850 32728 16632 30574 25715 37788 29008 20683 77925 3694 71965 48984 32667 761 5356 72561 68200 79399 86292 66428 6714 1732 
75966 87064 68364 63449 85654 66406 7728 74044 37607 63578 16651 54239 13691 52026 1905 42698 72708 89490 46391 64212 58013 79058 64972 63369 71158 43051 62307 67328 19357 78681 78721 14862 85284 56963 78310 80816 42908 86038 74400 80515 69155 10590 44632 82845 72276 56197 35422 54862 65226 1352 38613 33117 80409 13463 16025 71107 56513 78331 48313 85531 76551 36912 19932 71713 13415 8121 72069 56322 13698 56347 46715 82852 66936 10886 85236 58751 76743 30536 33152 51847 41549 71764 4504 31836 85226 30189 22482 61279 28060 70795 66349 
14489 27246 86280 86202 40660 13940 68149 16522 27637 44035 63236 30028 30510 83783 25143 89260 80065 65339 32290 51452 16766 13932 65616 58263 18697 5683 80744 89636 43403 71078 65863 57892 8203 71683 63633 58523 85622 51321 75044 23138 14895 57820 53165 45404 61142 87968 54203 51085 72847 86492 22076 89612 19963 87691 57753 38659 12914 58037 38174 56316 38993 23576 33747 56856 5137 16919 34919 638 68239 29502 33436 2673 87321 6140 48076 68002 13648 12157 38627 86494 18188 60702 85984 47811 67933 63277 6010 80846 40853 44183 56701 
79845 77419 327 56241 2096 17245 10699 2733 5024 40200 45829 7696 37400 61629 65433 15280 75276 87250 63567 71648 24978 34148 67511 72788 11959 50327 78797 2683 1058 42519 59383 80902 39478 69370 56682 41573 6155 67380 53966 20839 17459 9673 28534 64519 71301 13506 89459 56456 20296 62905 37982 45273 16592 25032 37600 28550 75358 35937 40893 76415 78455 19815 76857 27811 8725 43417 79044 14879 30337 42888 35717 57456 52560 73911 41514 43401 6957 40851 19396 27252 23295 57377 82185 39886 82409 29663 68435 77306 65599 28867 63600 
63594 58343 50335 10944 67067 13291 89988 81945 53288 42754 37201 30283 14854 20990 71796 58254 27946 22526 77649 64858 45820 54565 56921 5246 56513 86584 73680 43698 71722 22087 17176 45194 80429 77171 56138 57374 10001 56004 49197 72950 18297 5937 13111 33150 26926 84907 1282 64533 26972 88591 39269 72791 53035 15730 78036 19426 21853 71256 63123 3453 12882 89959 58308 3189 86669 33985 60562 6549 9528 29298 79498 27824 35234 12148 60974 71820 6933 71916 55892 33904 70386 5040 26235 33299 30430 23810 62385 52282 4944 35387 65395 
17825 44885 33581 30674 41433 77226 1114 57642 86753 40072 56679 24456 84966 68826 85429 76326 85420 76884 42096 29202 57148 56796 55436 9986 87225 79246 72371 59046 3729 27297 34320 31215 72181 77561 61888 33153 64666 72663 10334 61297 32274 67012 85752 27119 55378 599 13323 50676 77483 55418 79877 54170 22093 54853 64156 28857 53638 56066 87903 57366 83362 32101 8120 75082 29201 70008 27775 3745 62210 38108 74703 4362 24660 79994 31480 80037 80593 54463 40591 77615 19760 40007 41663 51513 14399 25358 90030 68036 81423 87811 44942 
74663 39451 53061 69285 68652 42608 6938 82057 14696 54706 66638 19058 79365 66172 60198 78941 56643 24540 29410 53797 53960 79078 5338 25012 3355 30696 24920 71391 31658 32271 35872 25861 71721 88932 5024 59912 51080 21622 61509 65775 76327 47686 4372 75232 23736 64570 64051 80378 8649 3340 53714 72269 1957 59052 16820 5311 9287 51400 86362 50605 83670 32112 76465 65270 40584 81488 44721 1542 12988 16108 67316 8855 63794 81349 84086 7069 65458 58015 87447 83767 71015 51039 75575 72971 29630 2273 87943 48577 53672 84183 9061 
47221 35835 85525 32030 76418 86553 86411 87620 19080 12398 74475 27934 85852 65702 31559 2799 41038 9114 9785 44344 80128 70485 29797 72639 19654 32069 80121 68231 5281 83843 86952 52501 29556 1895 4070 25513 88447 359 23011 17406 22417 7365 55000 18147 82727 6099 30607 43305 15212 50052 87648 14879 40076 27324 87517 59730 69053 77516 47500 74333 71238 53991 46373 20333 55885 50442 45846 54211 60462 78517 81277 82878 5421 55816 20565 88148 61914 60832 41331 86786 20762 48518 11544 60838 85502 8939 40107 64434 5995 7146 58306 
86893 61136 14558 17104 36560 74660 72610 10310 45000 70667 11126 37757 76087 66942 58321 83774 48395 29031 44644 45060 59453 3041 56603 39830 8082 75202 89597 82176 736 6621 50361 87628 77417 64918 24272 23856 49456 16421 34165 13996 6627 45291 51752 2254 31772 29612 86027 80166 68303 50211 44765 37634 62912 20907 87125 70993 15649 86600 63048 16384 12761 23287 23552 56 7744 57484 33572 66860 83565 77398 80855 71 42228 52146 2324 73999 81757 7890 73704 59938 67761 38009 17112 40551 58915 23776 21423 84224 29915 4010 10487 
42675 36957 43699 52392 54361 11061 85963 31099 4504 82900 31494 14235 35006 83639 16558 18883 84936 34109 12127 64413 11748 50135 1064 61960 28589 24839 2922 22692 54754 6931 42839 16968 53548 86537 69359 17787 7476 74862 58546 21640 67640 90039 35875 22186 3097 62093 41068 88032 15741 62855 62323 37150 32529 63387 8988 61118 7765 11909 83809 72179 18839 46187 89147 72386 42602 78045 9712 59738 62785 68257 81377 49965 77836 36791 72150 80932 18424 32757 88503 34164 15152 60704 71313 47680 43630 80300 18676 61056 2087 22024 43113 
30586 68210 42138 22511 30351 39723 32222 90088 22047 20019 884 72011 7733 47335 63700 8204 65758 15997 6585 19462 31148 76949 653 88488 40119 493 17043 11053 12240 48727 54165 52487 36477 15843 74997 66827 55565 26759 76455 77611 46777 77338 69162 64170 34551 52401 72373 19849 68397 78957 39310 19084 75445 49623 17451 25442 59776 44154 36494 72016 2759 10199 44042 48896 26041 28917 25602 1145 65336 11935 88416 31652 8812 67456 5700 53023 39397 87733 72871 27333 86229 22059 46417 71553 81343 73528 6873 50997 37221 43367 42552 
49640 63226 86593 8415 89266 35050 43677 9950 10264 65272 8244 51577 74083 85361 57276 46645 34636 64549 29395 61968 60656 61114 27924 42087 52335 11330 58621 13211 48550 21527 55762 8069 84752 61895 26144 83896 6823 69820 13385 17086 44970 21628 68662 38592 16867 45478 85236 51502 29566 24509 23349 100 5163 51272 51848 57497 72263 20347 80368 40352 51534 55670 48420 46164 27443 84224 49599 34265 63922 62983 61011 18770 84610 49213 57361 21017 14230 52476 72518 43795 86645 15406 53555 1686 76339 15281 59183 58480 45288 59090 18371 
6700 24638 76452 62524 61741 70554 22001 5884 44355 4523 76556 63124 8673 35647 40025 29689 59537 12040 21746 13210 8563 46813 66764 10249 33030 1585 79092 11049 46872 48060 29419 63233 82359 15749 35635 53978 86303 67297 69523 50197 81480 55957 32860 31 11143 72884 39380 70679 84923 70787 3428 3365 27478 70191 23274 60507 71775 12244 81216 38187 69964 20513 11298 62201 45923 56593 35719 51765 43429 15120 11840 34788 80737 44699 44479 1758 37123 3399 82097 31924 74185 85524 44949 11541 75254 68222 72047 66569 80465 63141 14634 
69969 3193 35592 42048 49115 2063 77766 20419 55153 12425 32258 89940 3040 86618 53958 14458 33619 57356 6433 65542 41419 11496 30031 52959 86750 8131 44545 72858 8136 27225 87491 78104 30418 32961 39691 89193 44684 36997 29152 9715 49421 61409 19194 52461 57905 73152 66918 11063 50047 83012 86266 1345 14047 26175 63964 20336 34305 18388 3072 52101 45612 441 49744 85690 43062 89435 4302 87746 36310 33453 7339 5270 14401 36194 57730 81967 28885 44188 2908 78931 37078 89173 80275 51124 25226 54118 71460 69192 82166 74531 40832 
47317 84633 455 42886 37573 9429 56848 35197 45738 179 52197 51007 24240 7930 28277 16085 36814 72464 18993 25623 29081 27705 15777 89865 62592 79555 71203 41662 81260 65274 2033 38455 59785 2487 880 16897 11915 57727 61755 67313 67566 33491 37860 1685 41420 66136 27430 78233 58139 56083 13734 87219 83788 39171 86962 56258 38265 77705 17459 29403 62518 19491 77519 41842 21978 78398 58738 43553 55665 30371 20745 42770 63861 58604 54115 24820 44279 81545 12931 21957 47506 36326 19054 41172 85157 25555 16969 33301 22799 34427 72364 
85316 63579 59761 37036 85556 48038 5653 48648 23242 45684 69392 66011 29085 47535 30005 53904 11353 21428 76496 33309 78594 22700 62023 39306 17735 87578 56274 60696 20255 10241 42939 15450 73819 12578 62146 78914 70276 77459 37440 3396 33022 26372 69407 71767 73906 18951 35549 4799 40378 21923 38107 38511 54283 10009 77816 72018 17126 43969 42592 47041 63870 5070 72151 47567 17648 44176 36359 7463 31513 83459 10859 74195 19709 89926 55840 13155 18755 1268 17953 68793 32851 56059 17182 87134 75728 14538 78691 12393 58506 40822 59434 
41915 45892 41463 89481 73200 5178 45379 202 36691 38716 20721 20764 58425 20525 86265 71579 48940 87532 9071 37272 39922 74790 64115 46595 60397 78652 35164 72789 56697 85647 51762 8490 51078 12765 7849 43817 17942 62888 44018 64293 11482 64739 4597 79567 4803 740 70685 63404 88271 79755 10554 47732 64424 74668 4206 44360 63198 49030 36688 39434 44555 88450 47923 15172 11093 65432 58988 38695 38198 22546 12867 59341 87284 17463 48786 11626 18202 29350 75029 26012 18983 5123 73743 2946 79790 77948 47305 62528 46518 83993 11840 
10612 82321 69424 25784 12953 44734 84771 51647 2472 26856 64513 61812 24018 81975 30137 45305 19716 69147 30212 45727 88130 35334 39010 10615 34664 36497 57920 16731 83014 51791 38231 3505 53651 17533 29288 76264 71928 33598 37789 84060 60454 21842 55750 4011 23356 5426 58976 43072 74573 8728 8338 82242 44061 47347 2735 88385 3384 70315 14994 86397 31984 53225 9441 5174 80418 48389 81437 71885 81987 29105 65823 61980 60607 41112 75651 83962 46538 44506 36912 30989 53233 54911 23109 16833 12136 35504 24758 25180 15698 49412 21456 
57342 22176 40557 62516 12473 88946 63492 84357 351 12136 69720 71991 72742 20710 57520 66583 67247 21565 23034 17775 84458 77944 40883 20831 90080 86048 45588 25138 11624 4878 56254 68965 36715 6690 51020 49187 15175 24391 53083 15525 36526 32681 87515 19147 53391 64574 5269 40177 5679 28302 57952 15 16125 18374 30506 25744 14300 85754 60542 35584 10172 26675 14428 46886 43025 65447 5951 58199 9377 68694 83384 45903 11254 80777 74710 74305 55229 89639 24360 70568 27819 1851 70583 43943 20225 20628 79347 44185 16261 49768 79769 
26432 86103 4075 73317 39006 79182 88928 16744 88559 67500 10006 54001 88414 10322 48250 72597 75211 47767 16497 55658 75585 18347 45780 39068 38571 66407 37954 2296 82667 87721 82064 28638 3242 5678 11833 42247 84859 10639 68651 2836 87800 88317 66497 86092 8517 24625 68568 3268 72391 85064 58925 67516 22950 14583 26123 71182 529 64076 73477 83196 71337 65419 21712 74578 71096 43206 36365 75494 63505 24555 87991 61183 22751 64366 57154 40928 88991 35600 44195 80921 40203 12998 67976 63152 37241 13638 44212 37770 87375 37228 40505 
78251 12525 71877 62707 3160 34622 18611 88315 8006 43166 86184 69188 75577 70089 36220 26383 78619 81480 70578 79080 41222 3115 66595 14253 50017 80233 68125 7326 87147 15232 57491 75276 37417 39246 57522 50238 73868 76133 58092 1413 38838 63815 70600 24293 43782 16699 60336 41941 17718 50453 30899 58940 53568 7372 82853 23124 7144 60856 30449 4169 85748 87939 79444 42705 46724 56506 2821 40131 42517 70573 41543 894 44266 22022 25186 88047 48381 5061 39866 75759 55514 80425 44577 28621 87797 37308 51744 14480 17704 82192 18649 
22991 89670 17632 65695 46272 74137 78176 5943 36193 58627 47485 37086 22432 79167 71932 20358 47087 76993 69884 32725 42385 69849 86962 80666 77185 43810 42288 1543 61513 44019 20191 4043 53228 47484 79399 19039 41160 67453 24981 77353 45620 82127 33978 68051 71172 15789 7948 37799 12321 87493 70523 64366 76881 77024 54910 63944 30712 16737 65486 11764 60755 5217 15807 33522 62361 5084 52560 13399 82197 77541 630 47356 69546 34608 34947 60257 60057 52555 7934 72377 59587 88117 46621 46346 75020 21070 20168 25271 37806 5194 37035 
8439 20071 62502 41960 82431 67585 14059 5708 69321 1478 15999 26556 80684 60267 71163 50820 30202 33596 58753 22118 3062 56749 68738 49407 51308 89807 79236 76578 47152 84429 33152 55590 14378 5532 17089 16348 73116 31147 31716 61977 42286 57375 8072 32848 27520 79234 83667 67382 22708 61960 89499 25769 38248 77776 84837 89555 87122 73951 85672 44152 68258 28703 19281 2175 34234 46030 28183 26890 86838 59898 88866 39002 27152 6816 71849 64332 86049 75056 41593 28296 46894 50631 54065 85141 38286 48780 4114 44947 42270 89785 89099 
20406 28366 27919 32241 72261 73949 60423 9029 70665 39860 7773 29206 67011 24249 20594 50883 20176 5528 2354 58132 62082 52984 22075 66762 10809 80515 70875 55756 32663 80200 64394 62729 18444 2191 14509 583 76139 74931 19272 66343 34331 27044 15088 20881 60953 35682 71763 668 50870 74116 58800 22831 46640 414 9132 57448 80929 80007 32743 33131 70085 7015 15400 8068 9206 29908 18312 4884 24379 37583 80888 58709 74288 5854 79589 45119 51196 61231 45787 11945 54886 14465 44436 11404 14878 53567 78513 15346 43452 21134 58138 
33076 37810 73537 50805 56676 13323 78777 61559 37701 26238 61986 15949 20065 67840 5417 65184 28914 76308 30510 50519 41072 54635 4833 62137 79173 58400 60189 4398 21391 862 62535 64128 38671 55611 24811 5225 78594 13466 76445 35835 49364 48309 51783 69429 35688 57199 54152 74263 53046 4201 34660 3997 58835 39493 75794 47886 7771 45861 61944 38822 46722 34357 12828 4933 9507 47299 10157 88101 70425 6141 33814 39329 54450 85596 28297 16 62335 82448 74278 25259 6188 28478 38916 65022 67970 24588 22786 85401 70448 84730 43762 
36710 38626 56590 41642 48133 23428 61459 55773 3732 67600 89586 43060 41589 85060 81017 51265 66934 83004 35422 2072 89191 73560 40987 64091 51408 65575 6416 56348 55562 10685 9988 2150 58972 76238 53452 26644 9545 24790 82416 22937 11929 81880 75657 53517 86479 66552 14660 63292 59434 59742 75024 58503 43180 25889 42133 14127 11003 58209 70474 66565 78555 2 78375 47405 76239 41706 83709 85783 66495 85664 28259 78423 87083 13794 51479 83440 80345 66138 66271 49657 45420 51173 18038 88599 86723 69831 12605 17265 37919 2618 83829 
26352 2619 81744 83417 88519 33328 77004 84180 19362 72546 22318 17324 69507 45772 68802 72486 35996 54479 48636 85652 9777 19348 23230 8255 25610 2939 30520 42875 50518 33137 46243 86530 45417 37865 79825 43814 71192 76368 47533 10093 68453 79511 27416 47838 35162 15757 39864 71157 70236 8039 76348 80012 37047 19117 7806 62657 31717 38325 15410 82234 81123 71313 88304 46079 19057 78007 9432 9788 64254 56964 19881 42585 56015 56957 9963 1055 72714 59487 81872 52828 67525 77759 52379 14450 6755 60185 77106 48132 18049 12055 40244 
18711 83368 38426 74450 12303 35973 83881 31751 19766 60385 51631 72011 26278 28128 1513 36993 10720 60999 38404 73208 38402 26041 35465 62513 42456 15189 49497 466 42899 71213 50371 61609 64459 8336 55599 86422 53969 49358 37712 73734 19621 8883 65285 55559 37010 66797 2430 47729 37675 50494 30815 76076 86196 75940 48467 38530 1008 17504 48657 43906 88716 18567 25054 72714 36563 80652 78675 411 49550 26265 83805 78831 35147 58968 44269 72156 35644 56359 39424 73318 16732 79899 68933 12806 65718 36940 60996 66725 64104 29192 30170 
72359 47758 64884 54951 84321 65076 53165 4271 24504 79429 88075 13213 34116 66583 67142 25811 12105 33380 65235 4962 59772 55012 73894 82238 30608 30373 53112 16872 4355 82304 56702 76713 49601 31465 51203 53461 6419 14246 57731 40583 13215 65346 63456 56991 41807 40477 82801 63572 83517 57914 68533 62828 22805 61966 54944 63073 2218 27595 89606 16233 29438 56186 2825 79039 7190 63688 52039 13608 87595 29310 63851 20349 4534 37186 77339 56001 87323 70018 39112 80718 37811 17523 53424 70276 89149 27907 52888 10906 55501 52372 27139 
84939 28098 39624 73856 35287 13190 35773 58556 10663 65082 32285 40672 79276 79131 27889 54816 76332 7786 3806 76589 55257 30989 39891 45072 39678 67797 17499 50583 42838 79532 77721 37655 17508 27223 31050 62455 40413 66822 40550 60736 51444 82496 11287 50259 71505 48836 14954 67377 66282 28420 53844 31417 69070 13275 86149 18626 611 23188 69208 43448 12598 56808 81102 39766 84030 22030 12099 43982 8392 62310 24258 59835 54684 45205 29633 45728 3919 54247 32644 70201 82667 86488 21157 61615 9641 26846 89901 10251 50033 68987 53699 
62630 45334 44679 21935 48904 76370 34033 12425 84761 15882 36682 64135 80226 81886 3646 45494 5345 57893 78137 75545 60099 74503 16241 41253 84143 43086 41032 13934 12658 29558 77293 84948 74892 41511 16761 33674 27759 60455 46098 22398 76336 2320 6072 66441 84205 9718 21813 9089 77271 9828 84633 47248 3871 20414 88500 7553 73160 39410 21486 85818 68967 8657 80644 63398 50168 7284 16611 87587 77399 72370 29525 63613 74689 35596 49593 78433 45313 81066 87522 32462 10434 1573 89370 14304 31647 87748 21856 14686 46697 53003 20043 
25543 71320 10565 8480 41027 27509 25091 38493 14786 7339 68017 88060 1567 13491 47531 89660 68465 48137 87060 20466 58570 8173 19715 72873 39819 27002 14268 54504 73699 76931 74546 18781 58130 4651 27260 18696 41820 62011 57188 66267 79010 44744 64205 116 67896 31275 89776 46239 79411 86714 76365 47859 14426 15619 40271 54245 42621 64200 28288 35859 51009 22374 64300 28678 36685 1438 47374 78504 73110 24101 54649 71659 68845 38393 71775 46619 69668 71429 12397 68618 77682 88761 26356 1987 23920 76287 65892 76201 50365 13719 21938 
20914 36092 86237 59252 72776 7214 26165 70820 89984 50266 45008 71522 38650 83401 53175 85268 72608 44143 7543 51104 31703 15843 87120 43350 49423 73286 28781 35502 43190 42500 57439 73764 78591 63215 42895 70907 80090 69059 51605 79952 38864 6491 61352 77513 9431 34066 72659 82038 87869 89862 43021 39112 25245 40019 82461 74667 32844 21121 29709 76034 63620 87147 59676 61750 69902 12449 42535 59870 1048 13679 49700 39911 20170 30592 36964 39261 74318 29162 31178 72066 38564 74198 21056 63808 33756 23056 58014 66600 53837 87722 62173 
27335 4288 31727 8625 83850 53837 60820 53598 54884 74499 22837 14334 14208 63089 51297 53468 47286 80459 84645 38891 28901 78382 59946 12248 31678 2541 79922 17817 56378 77523 79989 3252 1350 21594 11876 85199 75430 72696 58336 49853 66734 81172 73848 481 54140 35023 53948 20965 35021 58133 59855 63921 56054 39340 85829 87731 41880 75630 15426 8136 72692 5293 21049 74041 36548 32924 69118 31517 25159 46993 81370 1771 38043 65096 11912 11722 19658 65860 42347 54679 43532 21741 38139 19125 61080 43508 16735 22500 29016 41821 40296 
11586 56775 61344 5166 12862 13808 83944 44378 38966 40815 45287 50398 78857 29922 62309 10119 59241 47708 52465 33459 1118 74206 81258 20243 54825 34644 46638 86985 73320 7998 46821 84905 74433 27704 90070 6834 41511 3432 51212 80477 44246 16038 50414 42643 45960 32262 52761 24740 79970 24765 58198 627 18510 49334 30530 82996 83978 86828 79859 67176 14366 36558 71621 88798 64262 81230 15172 25312 84662 66383 25328 48447 1960 75741 968 57580 17882 53728 82319 17391 88154 50395 27678 16542 19269 58208 9416 22786 64575 8815 89961 
78940 55033 81121 87278 38834 81891 12328 64146 76431 88371 89473 44417 209 84754 45385 57789 22175 18652 49986 39565 16684 19921 76903 42887 39189 54650 61963 61974 29104 70777 71474 27583 45350 72135 24739 84183 63904 46727 58207 59874 54637 67220 14169 54846 61852 69214 32174 3566 87866 1699 52791 24089 31280 39572 66975 70468 4101 38817 51981 33204 29133 42995 70447 74482 34669 14726 78205 18112 61452 55951 77985 35629 33049 11693 10014 14440 80907 42187 18005 78651 53546 80456 22279 84826 29907 89254 74833 34007 47610 46354 76871 
86403 8888 57196 80425 43556 81582 68508 61667 52913 43998 59191 8081 77047 70883 18094 11026 71329 60280 38692 69519 33365 29026 1677 28069 58932 809 22442 12478 58079 68795 8888 64021 77682 75745 54324 31116 67205 42371 12322 39657 86369 71512 47737 82955 61934 65830 3859 43142 45649 52211 22539 79014 81237 24215 16961 59708 34684 39402 81847 12302 27736 613 76323 15296 76357 40525 56072 53441 82896 78054 12637 79143 59444 60374 71976 31257 36082 85495 74398 81731 47585 16476 80284 48361 40691 7123 17947 85035 56186 9672 7216 
3461 19946 83538 18757 6181 43602 84489 69282 36376 72422 1459 35058 51405 61832 26573 82661 7792 31608 76598 9062 88853 2953 89345 47092 53304 16008 74699 48217 81854 84371 55432 85314 23856 58509 23610 39697 11990 27639 28519 58026 9939 29977 12624 71004 1687 48857 63544 19139 80464 59681 37862 79195 72294 37085 45826 35476 62753 30404 83693 54485 34314 58664 59339 58169 27052 82948 7744 48702 20465 36262 16606 40064 66238 29229 20947 67924 78086 4030 6603 78089 63710 44464 76824 45883 1088 32528 898 63841 62931 84590 37865 
7123 62794 7082 65291 9385 90030 73035 58086 30034 28836 74691 70098 4953 23460 10584 82537 21085 14613 89139 9052 87983 53142 85875 43744 54230 28282 44642 37610 10752 48771 75474 17875 21443 82556 2705 30827 2004 85400 8452 41698 24115 83143 21674 38728 16481 32257 40804 37565 56530 49483 56277 54392 12503 52031 17675 76393 89973 71977 23881 20264 30627 9234 38138 61730 11329 50504 12097 22993 45782 20548 64690 79557 23230 5904 37824 39710 47821 78628 86935 14230 37989 62752 68621 60152 34322 86295 46424 34173 77812 70304 64097 
18317 89198 21775 89707 10405 72278 11682 43058 37599 41891 17627 36696 65120 23530 74519 24370 71350 63025 30844 85579 20553 3474 73739 245 37795 79574 46668 81628 67264 36511 55604 5120 45249 77378 4705 65314 59534 26048 18251 16672 67938 35877 53367 52597 69067 37765 76966 50295 20329 17689 55414 50543 21162 39031 50787 58957 38144 16994 60124 15286 63165 25606 30066 18292 12862 44432 3146 82056 70479 21396 18268 57956 66933 71634 20431 45878 28938 16937 6051 49267 34625 71125 19349 65447 20035 70135 43943 67839 6668 13946 2665 
69832 39551 32730 7664 62074 77161 10809 63669 67179 41865 81936 35013 18676 63449 65105 64553 2265 82041 80264 61192 36205 61268 80540 11530 842 70214 55473 68680 76881 79079 71344 66253 28508 23614 83577 10121 20314 4264 73790 87493 46128 65604 42045 64803 48592 26689 48895 60518 28269 39037 31588 64473 10183 31668 85664 20685 21421 60676 89365 17842 49633 80248 84094 87801 23401 77549 7801 43715 1352 81590 41086 57140 66733 2670 41482 25204 29359 255 85721 67288 48952 36848 41640 68796 68515 46843 89480 89936 17397 8263 17656 
76690 8051 21289 74369 31451 18377 1709 75165 29389 2838 35790 86528 69571 48121 47549 14314 87140 57464 9913 64306 16294 46760 15824 4629 34815 72327 13649 44290 9263 21911 71606 85952 39622 2773 79861 71073 21149 1109 65777 60198 3947 21107 56604 83178 69227 23692 7370 66245 81155 17282 40429 16988 73702 65914 21617 28056 48119 44926 72345 57382 66836 53829 62873 25998 56601 62273 6949 87410 63382 82386 67147 76989 13371 33629 70045 82597 66981 87075 58720 58014 23896 18689 75002 7476 84602 16158 35532 52260 61083 27416 29181 
47458 81245 11594 73455 57385 73866 90064 64335 56787 82329 41360 53315 5578 84650 33238 7715 61509 39852 66434 39063 63747 4662 33604 80884 89263 49761 35955 61063 30383 63370 9783 87501 64154 21376 80496 41079 14782 80438 15292 71568 82306 66312 34762 7424 70501 77660 15138 51550 37052 1111 491 10677 5773 34094 1439 14575 3394 37393 75637 43437 20303 85420 40816 84456 26335 40851 35413 41116 40829 60365 22563 33013 46217 66985 40436 26596 64184 65234 78145 11114 66345 78635 21791 72117 32268 32890 86691 35661 79944 81868 88758 
10125 86827 49114 14120 23040 89964 49533 64156 40671 29437 6258 83345 75653 73242 43320 12128 56965 18433 9812 68079 84777 7987 9409 66772 40254 51959 73002 85576 41781 64748 84212 51905 61453 43204 66025 4033 43047 35097 68188 3257 74194 74445 86601 59726 67226 39800 81514 34069 58232 1204 21687 52887 9190 31095 39198 59105 83054 22078 54559 44374 6366 48649 15819 77479 11393 81843 81511 64100 36479 69238 67356 20551 53561 73497 89937 30665 23175 81329 64734 946 2073 5960 63493 20923 37055 12569 80027 39648 44307 54125 3561 
60333 22314 19379 47691 33706 11100 48741 7684 57239 27858 84700 87451 958 68075 87266 31623 10789 88135 15896 11734 9747 21855 75226 30669 68570 7334 30236 27757 61302 84360 31318 31513 16552 50696 88864 59918 71457 47484 77262 48235 85002 71841 45564 85959 59455 52370 37121 79905 60044 53016 11178 69790 84532 5944 19998 62980 13277 59894 10277 74578 54133 41594 25631 80345 11829 24373 50142 83285 81517 37282 51060 76397 28662 6502 81896 7657 68532 28895 87561 38454 81911 8617 27783 85982 14560 47781 68501 37498 17553 78777 31615 
81346 39910 57245 71570 51739 1158 41251 54563 82674 88193 15501 78611 36395 31664 70385 44051 10074 18819 51151 58189 10608 59767 85971 16129 83988 53291 84630 41025 70844 73285 72639 71729 32735 49424 53177 4013 60242 13967 58575 52794 12039 83737 50944 48433 34940 40868 12023 54674 59687 63173 22741 79955 42479 18591 5963 36345 71881 471 87030 62264 83416 79209 43872 26029 38511 16588 30041 8631 30555 8156 71085 52254 11432 41569 20226 46371 82436 32248 10923 52001 5299 33664 51496 47777 61915 57458 3662 53335 57928 570 25478 
60883 79778 79010 86912 37828 15137 36492 56119 55352 54308 37083 17484 65739 88312 47370 31649 80626 79617 42572 52167 84915 85896 13541 52232 67350 70998 65554 30563 48465 75784 65701 28887 65441 64250 35338 22808 79387 71830 78927 44617 45677 35549 71762 21295 33739 29010 62604 33904 28167 24715 5610 32621 20489 19150 84852 7378 9687 69945 37941 67812 55608 23181 6578 40588 87431 41915 63395 86357 33284 61861 40852 88622 7288 32153 29456 50687 70824 1938 4131 8869 26653 9740 41489 56802 38551 45881 64180 48237 25704 11999 35589 
81311 35179 51827 41438 42149 13281 14712 38384 56226 76572 88897 54726 3400 30928 84181 63747 21291 86118 67877 30159 22649 87278 81309 79451 35707 37068 53509 3483 72432 75168 48732 73283 29886 10437 24599 72035 23718 48971 29958 79943 45083 28733 44547 48482 69322 48267 31768 491 44263 19185 40311 76573 16341 41159 65902 61708 78226 38950 74851 70197 33657 33462 53358 63542 43898 87618 55116 77276 46467 4614 76758 1428 33346 40844 59570 22207 89110 10878 32359 43252 30062 72669 29703 56063 23706 15144 37310 21471 63754 22039 11207 
7289 55500 74226 80491 18938 71722 55147 6092 37728 59760 2390 48817 12645 43233 27926 34852 42222 38803 67210 5013 78525 59418 34715 54127 2663 59519 1315 33794 42812 33015 54661 50100 8054 38765 50130 26991 30026 15155 42744 77415 74914 45133 36110 7099 7905 64035 41950 50126 22378 28699 55138 20442 7656 9392 74569 19979 78571 85544 63433 31261 28437 27972 900 36491 76398 51030 73142 16302 75845 35425 13256 70299 97 49365 77397 8002 32940 38886 58127 64978 67584 32805 85419 84900 42196 69866 14757 30646 74950 78189 71567 
13265 16039 72467 59416 11976 43036 52098 28278 28759 87522 41533 18597 87619 10438 5872 5499 53038 44757 73286 27894 31880 15969 32852 26658 58165 22258 51075 8350 7086 39142 89577 30011 64842 71922 89427 76817 24836 61064 24634 63256 58464 75828 81852 65622 5805 7264 71120 58842 61681 54285 6275 3440 79914 48787 39758 57618 71044 10373 65967 87790 59175 65423 27680 43556 56884 36646 30252 1260 7588 64546 74176 66051 59913 65906 41552 65717 82830 32211 44098 54390 6035 60033 67490 85949 18699 26787 53445 9282 37159 38952 6951 
6213 23914 44291 49768 337 80936 89680 1596 88523 73766 75771 64452 43557 61217 25543 28814 53925 67415 72911 27854 73449 52484 14883 69276 80843 41670 42261 9664 78828 81212 16614 4580 24665 60904 54348 25001 51718 63567 36258 59780 47211 21907 43772 647 2663 69314 39121 66249 46607 21910 3981 39596 84054 18864 18750 74775 70194 70671 84439 68561 71422 20592 73141 5965 1036 37367 40627 62414 20473 76884 32073 67684 8669 75844 77991 11332 64697 26990 87241 21183 58560 1100 60778 52493 29624 89188 46807 9696 79399 50785 78257 
60699 81038 70937 66664 82073 27843 17169 54365 48315 3931 5977 25877 22260 81820 13746 43252 56396 40735 40371 87239 18835 51132 67556 71327 80755 76283 37673 9991 65560 88458 7787 36138 89035 88384 22341 80986 26105 49170 54890 74419 62761 60867 10175 85020 62226 33581 47812 28500 83977 88182 35278 12690 58853 22373 3556 59148 8535 41228 69138 74094 49225 86585 29771 48138 84847 61772 48663 20830 20820 13432 14788 83580 83959 24962 88140 56063 68204 45830 4103 62059 53551 49041 74748 22283 71414 87964 81430 79948 39070 60446 73581 
7835 66570 22892 55972 70956 84663 24175 11325 25023 47267 26112 18481 41104 60735 26160 16706 38817 71989 30469 20415 35419 79510 14702 57701 70463 12544 49009 60289 51613 28994 53409 69108 15103 85961 44620 86058 43 68794 16922 25065 25939 43033 53206 76703 23307 79366 3287 71784 61233 43417 2077 16191 32805 16778 83552 13146 38982 42439 83095 474 81093 56043 79242 15735 61544 33740 21332 61586 12412 38253 86650 38350 826 49734 24931 24132 48639 37879 5795 29412 81295 17532 45602 33639 43971 39033 56445 82952 1011 59079 2965 
1644 34661 82207 17378 6083 25825 38710 67668 38237 86623 73857 86247 87448 33470 30718 21459 1648 78257 36914 31059 79091 64106 86322 22608 17955 44894 88713 10786 55565 57670 13750 57208 11870 15496 84247 17953 41321 42496 5160 89218 38997 79017 85343 36324 32026 35600 67443 33673 23735 23896 64732 12704 88001 70593 44972 25496 25365 43563 36281 80929 20772 59691 57677 32642 84848 61463 50594 36047 13837 55753 35143 62494 54309 40025 8696 86334 75625 85799 29886 18899 29234 14157 31603 27114 84749 76574 62270 29653 39677 18090 20460 
60448 87441 87797 2968 82167 59138 63222 37753 72974 38515 82556 55008 2702 32460 63703 89036 27624 69042 38461 46522 8154 62278 87785 44928 66566 83899 17076 6097 33454 35165 36217 13441 42146 33893 26070 34191 12570 89291 71944 85544 47345 64378 60091 50047 16377 33672 58622 44000 22253 16622 10062 40068 78899 17386 4535 55343 11163 21611 61439 54277 66436 7534 77379 18460 51087 13327 62312 63657 12496 44134 68740 69502 28051 38709 29427 44428 82041 7588 7967 14173 24209 18028 63901 12986 45075 68435 68328 65898 90045 49306 30054 
76021 66500 26972 14020 27466 40298 85992 1001 62454 40004 69740 41834 77716 27988 80921 32022 19907 88508 49649 34079 32256 67677 17519 54902 32291 85954 42769 8067 85877 1953 47781 81437 68453 74752 14997 5797 24928 10867 16458 6922 60532 5737 48755 48126 33724 49216 89808 53630 47602 49335 7249 89519 36551 24767 54299 68841 20599 6947 76908 26016 18560 44228 26992 87012 28859 41988 12348 63447 62516 38466 70368 32926 44202 38663 591 87586 87878 277 51095 55019 59272 68004 54416 5702 12310 28255 74542 32909 35201 70989 68585 
53760 34757 15116 60312 73276 66765 82320 46601 39159 30665 36509 81745 84527 75171 1875 81992 72927 2151 52626 37824 61422 30508 11780 76784 42817 40034 70866 85386 84895 61394 73510 58194 6029 88626 28384 79304 65269 30244 45445 23967 60908 81953 25251 55313 76663 27125 56844 69129 38936 19348 26492 19897 49855 38271 6560 12212 87965 87086 7476 82738 58358 526 50811 64387 89151 88855 63230 73959 28977 18553 17465 9424 20045 52376 74398 6586 79500 41120 75714 37975 60468 21746 57871 29862 60016 74091 42073 57860 71055 59210 50476 
39292 69396 20826 23218 78086 19560 5987 71584 58197 24540 89048 67621 54245 51302 51897 70492 50341 12556 65745 88315 82684 87490 65725 22425 57385 59356 74158 34784 49950 52907 4799 8781 32181 25625 31998 20145 54845 37985 1607 22920 72185 10194 419 36308 71156 61976 16678 31375 74532 82423 39229 67094 79791 24494 9058 56715 83849 83216 1377 43677 55662 15837 52458 87843 41461 3995 17866 6184 51640 29134 38764 43364 39327 39183 79672 20362 20698 15889 51736 14769 17851 10505 1403 17182 44659 10460 83557 48047 13215 4474 1602 
68877 20310 63720 76259 61770 77376 4003 77614 48555 33136 26256 1798 82124 75099 1009 12364 5676 26558 73760 30105 54070 84264 31507 71251 48462 51628 74347 6387 64842 78820 17650 53258 9008 81369 39395 80438 78284 53059 77591 36718 5734 13726 48176 87857 8364 49184 10099 14039 85402 83859 44144 49350 87662 85311 40140 55664 46817 24366 62050 21538 13064 79699 84456 31733 80608 33730 31710 68770 6328 19180 25027 12061 42566 82863 19458 50929 51586 29556 74629 46867 32954 38312 6095 40156 33501 55896 15359 80318 80261 77408 21395 
12864 66986 25390 44596 67133 68780 85967 45781 75107 15025 80469 6708 67251 82871 26165 28058 44336 65381 22226 10742 17875 70198 26497 67691 13578 82392 83049 13435 72531 70335 44490 85395 56860 69879 49530 33871 58199 55036 89313 43184 79721 89321 49891 56850 82070 85716 4448 36284 60976 36334 47025 88511 16411 73522 66080 39649 75453 59007 53083 57863 48881 17112 62797 15620 6530 31866 49490 64728 6442 48681 27452 86162 47880 87003 52891 49490 82598 66999 85773 63113 13211 52338 61502 29621 45399 47121 69269 40391 16006 41891 8132 
64886 59002 80589 45 75193 31995 49535 49799 38436 17755 77250 34476 75296 74132 6906 34664 76269 73904 39976 58921 87115 11853 30301 26614 66912 77421 15423 17182 12966 57313 34974 87512 26194 35103 7097 11265 76758 66292 70724 25072 84046 67514 69208 78881 61185 76114 33084 47332 69557 82721 16131 66550 4452 56092 12704 81025 53052 28126 8085 75678 85438 52719 73068 31171 87821 89825 52096 74457 65995 32699 19068 59920 19752 88276 58340 80936 83929 1303 38146 63364 84023 63937 49454 8014 29907 71818 89038 2498 9822 16662 78175 
14799 79042 70782 55631 86402 70486 17605 80399 46359 59964 9345 25818 89376 17160 3698 80190 20628 5000 37875 83992 8562 11690 52985 26236 51257 34681 34814 53754 54163 61136 51468 78622 50056 32129 53792 46337 22154 81058 36614 68512 60561 55619 13870 59816 72779 17567 49884 3285 32227 87759 6816 50449 9327 69461 76684 70245 23681 31037 43538 87504 2052 4885 76005 52107 46674 49336 17983 68827 40272 54596 56878 10712 20094 80408 70527 12412 7853 30289 25357 49740 37587 32173 10067 56575 21173 6291 36698 44854 37327 80235 42236 
39378 4659 37780 11025 51332 87116 29007 39698 37266 83603 6455 57638 23236 86862 38043 45308 14255 77993 70664 63994 25458 22376 83722 82032 43549 9552 38269 88402 46878 38044 40516 5796 42702 87957 16820 13574 84951 45826 53271 41756 48968 69386 9273 72203 66127 47315 27389 90042 44847 17593 73575 70305 39968 67175 71876 83516 76726 29685 81796 43144 67728 41852 48939 29969 39687 65758 43542 44177 21462 16353 85932 80091 85738 14744 71833 71404 62059 18762 71324 26445 36354 54778 6628 76321 41492 88165 69716 37758 37389 71051 80901 
14995 32442 49379 54624 81789 25015 17706 35844 56137 34058 41316 46106 39335 56059 27818 30279 37657 46579 11481 64102 2472 75919 80390 78792 36951 78433 68047 84369 35361 48977 75148 60016 81418 34405 24519 82747 69080 51885 28469 35095 85942 69784 741 44816 45383 38219 75094 83039 4337 6115 57019 6808 1573 47288 85599 38523 45260 63525 32770 80621 32041 27457 50515 32998 71522 84694 25623 50480 46457 63753 5115 51938 43415 15516 6633 8337 53734 1266 1255 58070 7380 58273 64877 18614 25100 70015 66797 80021 53079 19107 70520 
85119 46563 40574 37657 37625 35147 63279 7644 1143 36910 12758 53081 89986 28273 69374 8201 1546 70639 19116 69276 87680 77389 44031 16172 22028 33586 82968 11927 86664 11953 1986 81662 68177 42560 29197 15680 87367 12015 23323 8049 58586 45742 61129 68111 83675 40381 85972 85221 30560 14967 74036 28118 11895 27946 44289 33922 71192 46796 55510 67734 58749 57495 68935 46465 19594 17671 62144 26500 29686 5006 34549 7811 50747 5556 75921 53962 55598 71771 49061 86157 6277 32975 24153 18171 70581 78102 61754 61312 34776 27142 38925 
13064 4176 17738 59528 23770 35409 41211 59930 74755 46217 4357 82565 16503 19574 78025 70464 75171 59674 39064 80867 65951 81700 24559 3661 71820 22200 65414 43011 56975 2434 81935 79700 6610 19212 58767 40040 64281 19518 9848 48914 75395 23866 51018 1776 43439 38921 81901 38149 18135 30843 28894 3625 32082 63113 7285 23442 85312 72699 66452 61826 84793 67926 51404 10942 6677 29711 50981 70958 49228 60829 29750 34501 84694 80768 45937 47672 39228 37716 85820 57362 78220 34253 60986 20180 16905 68271 43621 12095 60509 29612 73920 
55180 17077 44864 66122 23754 74574 26981 4590 43341 7349 34339 87502 11582 34646 43317 68914 73874 81033 74273 41114 78792 28065 21640 18511 44969 89910 71793 57063 60297 11283 40862 35016 28360 5265 11016 61774 89499 47658 66363 42718 64667 20241 40098 85910 54887 83414 64702 48300 83986 58515 8953 82317 86579 30592 10707 41427 40041 82499 8368 19877 13321 58890 54893 41680 73815 75569 22993 73192 42766 89355 25788 17312 19475 75546 22761 84022 78500 7002 42200 82025 65516 60813 74221 71635 1284 84927 22940 41324 77304 40968 61201 
503 19398 35633 51844 3091 21080 74836 76283 63846 83731 21610 697 13084 7035 23457 16645 85534 40119 68505 87098 15514 39196 71197 87148 40479 66002 29627 1343 62845 80255 72204 73009 9531 17715 44392 22283 38794 29106 8444 22179 32376 30053 22875 45459 46748 55992 71764 51821 5990 50147 48798 31164 89343 39534 37851 49361 15415 77138 50703 87920 67271 32785 70807 86463 60160 34738 18624 8833 73505 27067 40672 15759 66780 63547 70879 33068 39078 52521 84888 54728 12547 53225 85891 11768 2638 43281 61128 27713 30297 31371 25511 
17108 73816 15858 13449 43855 50595 32072 62348 33978 68799 12898 59398 45457 86105 40155 88185 35062 2554 82952 9329 15100 55716 5099 36528 58353 58040 17196 86065 7877 48566 31116 34645 32260 56634 48093 76114 26768 89825 58001 70407 68502 70899 39683 33498 66882 79837 31562 21483 1930 24392 30812 26691 80107 45571 63218 58000 23150 80413 63604 31026 48518 4598 65670 80778 70892 33302 76431 7539 33005 44311 77945 11385 25088 37167 44883 11509 36543 86105 42653 38472 20375 83125 65162 20021 38574 47920 87681 61723 47872 61164 12289 
6269 75422 87619 6586 56193 30800 2556 73392 73465 46866 70876 84850 81614 17921 49272 12663 54463 45255 55315 12474 75290 48318 87297 14850 6431 54756 22071 77814 12506 83234 90102 28435 78195 7140 35020 53927 37939 47237 37197 21282 3981 17951 25671 5135 45532 84603 17797 19534 49397 82772 32008 44226 40968 29183 59076 57059 3478 81146 44751 15983 83919 44732 54079 71992 51871 8638 35798 9349 55874 82655 40291 59855 20146 75623 64989 65677 79765 2325 85211 39041 85096 36758 2806 45603 75601 71542 12540 79078 72227 57290 14600 
66024 21561 68678 57556 83092 77316 12893 2319 43068 5426 52271 22462 25571 47433 6990 10788 37076 9314 15538 85777 4288 52295 88583 49890 47435 70003 62429 36391 52109 39259 50990 37672 60819 39208 5106 63451 26402 17998 75430 79130 33085 37579 21132 58655 4551 28121 69442 41627 37435 84979 37282 51383 56813 45404 20813 14126 25286 2781 60177 87055 42039 21046 34605 22398 69914 39711 85848 6194 67369 71156 4863 10332 28275 25994 78648 32825 63776 67629 84112 11089 72148 40934 72132 38839 86337 2823 62626 31162 15265 32681 28095 
57303 63387 62700 89361 43179 21950 85087 59033 89318 75783 63896 19190 13936 9429 7716 56421 73204 75344 50412 3832 57370 1224 75964 15749 87560 88447 78374 28601 13590 20933 66356 80554 84320 48595 79793 47038 70544 84420 15950 79402 79742 79845 8470 13217 8813 25846 69637 82017 11068 29927 85848 78099 31150 81351 3726 38250 89338 1639 76511 22467 32232 52745 12899 36091 20880 12232 83129 1302 16191 8957 243 5811 8341 18373 28688 26814 44218 8203 18709 64947 47791 24097 52924 88601 24987 66310 36729 24203 77609 32779 56331 
19719 5064 69229 65471 25943 1000 58478 36905 17190 77095 37148 32661 4975 55520 61348 31788 9617 79212 60158 84224 36881 3794 56687 35360 28780 42536 81750 62644 30023 24407 28853 59402 29470 17621 34751 65073 18621 3107 11857 45471 89862 49004 87793 4715 24063 59019 46164 43340 48109 16200 37442 4529 19993 4007 39889 58433 46542 31517 40616 76564 55923 69468 55506 4933 6629 135 70005 25249 12903 81861 80380 12643 50404 78051 27019 74467 56610 73182 27685 24258 8921 74788 28787 28913 78794 68675 6885 44876 10070 47501 40979 
75653 36508 6363 125 43136 6498 79791 78045 19400 71530 68304 41703 41474 65894 68721 35480 32382 51781 63164 56640 60701 57491 4966 9153 46164 73640 16038 918 3249 63538 41896 88562 19585 57920 88687 62721 64417 78356 50644 3356 69425 38487 45058 30438 14260 23658 65917 56302 75438 48621 32481 55679 15990 37446 74492 71814 30625 408 72731 33873 73606 34167 41975 3070 1965 40540 75451 76042 38435 35973 79397 27399 84121 34333 57837 8259 67651 33632 74221 62629 1792 16581 28186 17782 63687 12556 89595 4191 22625 81866 47724 
15770 35572 89698 18839 47197 49777 13829 33117 88211 49802 32053 35150 43801 66385 2865 61720 53576 46157 45819 26083 47949 72060 63929 65730 45626 86145 74864 59477 18648 66608 17079 44079 21719 26317 72578 68915 76093 86407 11910 83844 55748 43962 28872 19088 29887 41397 80807 3002 87553 46165 29084 45380 28104 12552 30649 83390 8575 25053 52745 36884 1539 79484 80962 32919 15679 63418 11712 1651 69364 23622 5034 34990 77244 33905 54077 26670 75301 54423 29671 82393 10467 68415 47313 48231 80966 77961 51160 89541 12892 13783 45964 
24092 12806 36804 57010 28485 19761 78382 39796 8665 21543 54490 43654 8666 88394 7610 44996 83234 62032 74667 85166 82159 52960 42357 40268 53466 30197 10967 52885 52749 34410 18388 86501 47216 55191 53389 85361 84612 41650 44696 3155 63192 9064 56470 81518 16997 73740 36393 19770 55311 30599 14814 47349 3098 57171 7156 56563 6907 18123 28987 59655 52532 47374 56035 19287 22104 28963 14526 26256 80273 59221 39071 63005 68284 5419 64062 4820 79158 19994 24589 54009 50592 39403 11236 63351 16113 28052 39453 23019 55835 68440 2213 
27907 35353 67908 47193 67118 6750 71380 3252 6562 40479 42322 69566 28303 57402 43507 33122 46438 73161 67372 19986 33632 16653 40882 16522 32765 68934 55974 65444 44308 43953 67656 72214 88967 45443 38947 65963 61853 20205 69214 68414 70344 31075 57520 18186 88476 20566 51308 54454 3605 38219 74439 46897 54871 25200 73079 7175 13673 48593 72618 67641 2424 50152 49734 10930 15134 88680 76892 76986 28424 65645 64940 8646 16260 41999 26832 14614 62564 87800 78728 75829 35897 63046 42266 10307 7785 25223 17481 31118 73815 90098 8637 
85900 59789 68031 6708 84584 66589 3140 71448 14552 78445 55927 23198 4583 7804 50029 28858 80028 47707 17464 65736 3143 49 17880 13449 17494 52763 30929 58272 36457 40566 66909 41896 19894 44818 58264 14356 30947 61403 5344 45498 59388 61270 78356 73631 69074 38263 12367 68641 5509 39492 44255 8651 49201 71795 31760 76356 44098 72349 44506 94 32454 30954 41989 52348 85433 19792 76364 26258 735 81707 81416 60122 62517 69651 43631 51130 27453 65659 29649 32962 24690 83565 51273 83551 74899 83033 79446 28875 74921 43492 28968 
17254 74445 80617 69601 69756 10288 65504 15553 11022 57090 16509 80804 39146 86159 34313 154 23490 19511 39463 66112 53861 32906 27264 56952 17684 29836 46276 46558 14635 89767 85187 31888 83752 85343 21028 73047 5509 86532 8140 26191 63161 24648 16873 21846 20685 60847 21999 53835 80357 71122 29826 53758 13907 66750 20588 31590 6464 76524 87808 30759 85831 2413 72308 79461 87756 12875 62386 12804 18946 80186 38995 1646 14712 55867 23491 35396 26592 55150 89231 26489 36151 38596 80246 50057 15224 20373 1186 31348 6775 8533 71767 
2484 10946 53953 1484 18241 66828 73531 31044 5313 63595 79699 6959 78307 45445 30449 33242 81697 5139 32351 27725 41289 70946 27510 10885 5709 47882 21731 37056 64318 30263 18702 76462 50869 82315 77946 78770 68682 61355 19693 73995 34828 18931 493 32674 74036 30941 65916 75273 45740 8145 12876 87028 88752 40386 17452 14000 7807 39182 60717 81785 69445 89079 68126 39853 81272 55950 28502 69494 36844 57855 53367 81332 76785 53859 23885 70361 4339 89800 55512 59740 17484 68387 56646 25775 28312 83759 39775 45780 32819 10370 37443 
21803 9327 25108 71317 10138 81057 9697 79631 37440 77212 52537 28651 73536 25935 52535 53775 39935 52213 19165 9553 79357 7092 75859 15011 45064 69496 54785 722 21855 74815 47826 43657 3681 72933 24852 23479 73530 44209 12989 20848 31299 75186 49498 24375 11000 11911 78149 50934 73784 16854 70147 63020 33606 55884 78030 78669 44920 52354 89052 66774 46708 46756 29970 60049 29567 64483 83527 12975 18570 16055 43484 59530 1120 2860 3444 12119 24432 81592 72713 8094 17985 62399 80774 51590 28161 78343 40138 82741 50236 39068 69054 
6822 5363 8903 76531 34929 83046 69937 57565 21155 85991 10927 224 87110 23447 3667 18768 47878 4799 11020 65633 22783 73418 56285 74373 21119 54168 34050 23399 14282 82778 2332 30765 88140 20895 17174 32947 13819 87110 10051 44634 2520 30638 44858 9169 54085 48524 37598 21502 53322 48617 87134 85766 41575 62959 70017 62693 36666 23606 86091 50947 16262 7962 81711 14280 28856 18425 56887 52335 25074 66938 6848 27593 17115 61366 46423 71199 19768 84020 12241 82751 52176 18914 78395 3629 81872 67951 75982 38077 1435 81613 89024 
27357 89574 153 41636 37970 18577 8401 9844 43651 84999 16691 80904 11993 78056 46866 2731 17364 40764 14971 19654 12480 43546 7927 16108 44957 85538 11630 83034 6512 3121 81936 33868 12234 1628 85164 59864 20205 13104 69708 73516 17643 5938 73959 39296 83994 30704 42026 20897 81128 66658 40550 3486 20082 58137 29255 65038 63214 40884 57950 69725 44004 59425 23132 65898 61053 18174 35641 797 40938 24888 74312 58580 30825 67810 7754 34358 18053 59441 55254 9060 45638 15343 12545 65719 73479 41799 50296 46571 2222 27786 35835 
46225 6750 58966 31663 67802 86800 67303 68598 47278 11730 62449 15736 42554 49799 33151 76912 67851 2470 51705 76910 48107 67048 8995 33365 60066 60454 3200 26177 62676 40646 62011 28440 47396 40517 60102 25076 46856 46944 13214 13673 58673 85323 39070 11106 45000 72220 7557 22730 84350 59261 19179 51996 45848 28173 4900 15793 88627 8099 51630 70842 48745 33180 9160 6019 73696 69262 40755 40092 35745 63629 53764 4297 58831 2712 25063 13709 84592 32619 46099 78820 11419 65278 50355 57267 12990 55254 82720 21156 63353 44228 1876 
31637 77407 20697 47316 70643 89958 88070 30274 35581 61578 3577 49538 30287 15950 74600 53656 10420 26758 9634 8780 38177 84572 59134 14983 7440 33928 7581 38257 7159 61469 40132 48456 58415 60828 5650 38936 70325 3598 69209 25446 74836 72786 84644 15001 88735 78784 78318 18694 15420 7491 27473 63257 11602 6147 87900 28702 40074 15020 66958 56893 76488 26630 15227 44782 6997 20876 3257 86983 34134 82127 22307 18849 64791 26490 43510 73065 15152 41367 11298 40233 48857 48432 13368 70119 54578 11147 8700 14191 35827 75657 80744 
22194 21826 5849 76636 28823 36385 79892 25684 80179 71897 57651 18567 56227 84140 62077 48831 9171 22983 60129 49403 71840 18439 72431 51837 82677 3117 70197 16407 38944 55733 7029 61137 77558 22538 57312 25920 68583 56743 51603 58640 48180 19132 77207 14285 22812 58823 72777 31982 81805 42784 924 73184 70883 73354 44561 73099 76471 24636 89505 34954 90029 16073 5969 87127 38610 72941 22925 17071 39562 84189 85371 87741 22860 82117 21566 45671 60479 4221 77652 61824 56665 88236 44886 47087 71469 8986 30064 67479 43283 39108 12311 
52851 55180 27940 49856 13329 20420 82442 40060 59981 76509 35309 67262 9247 36966 88827 54918 7323 12587 52109 69146 69251 59885 33572 35877 50893 42557 65940 28250 5379 24587 50221 58230 79766 87821 27625 2973 18119 29606 52693 78099 15993 88001 55239 34901 34845 63605 9358 51829 76191 71127 30853 64981 40890 64424 10736 1661 26521 86336 39571 31899 30462 89791 9668 20106 7030 46954 32739 25148 76559 85431 22787 12092 2851 87686 56653 47356 61170 66010 9063 56900 47015 49577 31760 7445 23879 52156 9105 60060 58032 58337 11499 
