38 88 34
30401 35220 11980 13884 22909 19951 4319 34815 32245 38012 11815 21369 35539 15363 917 10153 23052 39192 11015 40933 32786 31887 6001 22931 40886 14523 36289 8279 23142 8489 18368 30379 20544 30348 1466 657 27134 5784 35471 16582 20631 24122 37951 13373 39484 15703 361 39371 12098 11375 37508 21720 20097 20344 21486 18186 11702 14979 3301 34844 303 21668 42058 20846 28851 727 41134 32821 26142 10645 6606 3976 34766 21392 36980 8289 37095 14176 4864 26028 25551 19207 4951 2851 39550 26437 40669 8456 
18251 20805 20135 18553 19308 19396 16234 5363 39754 14572 38183 42731 25216 21624 3910 36817 19852 17725 2309 33782 31900 26804 17013 34286 3214 21964 37137 19600 25236 11845 28055 690 32649 25025 19242 9160 1624 35475 34154 18213 26882 6376 18147 28933 4836 41688 22953 24687 16616 2098 15672 25351 5737 9520 16841 8951 31483 30813 5386 33554 19493 33440 34243 9345 15668 30320 38136 36923 22999 29494 12339 26716 35869 30485 32485 40704 29376 12641 42226 22827 34370 34733 25013 40107 1457 18689 25893 32939 
6705 31278 533 3033 41553 34775 12377 14424 22299 7717 28182 22133 14046 40520 25684 7118 5044 15372 24658 11255 28013 923 34081 39218 35656 35929 13364 37112 11822 39256 4090 38158 4573 4622 41191 3329 16233 10771 17752 38531 38119 22769 37499 9368 20492 20386 36118 2371 35758 37611 13625 40606 38533 24541 37027 8228 17674 7595 22175 29495 23686 26265 24856 28259 7722 86 31587 23954 10857 26175 39320 25811 6147 34022 12015 3475 11612 5336 5845 24205 150 19470 22014 15518 1214 16244 23746 18887 
674 3124 25217 24360 6224 26909 29454 33578 26994 18244 34367 14686 1622 7727 40497 27401 41748 9715 30875 30195 34682 36719 31235 11667 33024 10452 4020 34238 3532 27765 29960 4205 7725 32013 5400 33580 16125 34853 1197 322 29933 35564 34640 31554 494 9176 16158 19077 38522 23868 26108 30407 17791 14546 18909 8018 1834 22928 19091 5365 27529 25887 29201 12089 15103 11437 2872 8063 3493 4069 28016 33425 16468 19859 41815 16961 29034 34808 12873 24759 15880 15816 32001 10506 7198 8113 38155 9031 
7877 14450 34027 35405 40336 20431 4697 32274 31867 27200 40336 12196 31268 25555 22456 24571 22250 41106 41531 28119 33118 31240 10082 25833 23891 18918 36338 31088 3867 31696 40118 11743 22981 31348 4351 40152 28615 28679 29629 17685 13082 4004 6716 21186 6395 29172 2960 5480 27481 21327 33598 37434 9770 20515 20470 33660 39433 33643 21952 503 22543 38905 31877 22359 4293 13063 19715 32907 41741 26179 27427 12026 30183 10979 33211 13413 40150 36171 18892 1670 14701 9693 39104 1306 30208 36409 34965 3680 
27256 33752 23814 26634 6697 12894 6196 10989 25956 2746 20731 24900 28925 24993 13761 35943 35971 4176 6559 10160 17182 2286 31462 8718 11978 27769 10023 19021 41013 21823 22700 2308 32411 23349 28941 39107 36242 11973 26931 39033 34350 24497 40768 20478 26325 11733 33256 19500 35540 39814 6495 29557 18935 37956 38274 30913 42560 5500 26769 17613 4158 26305 19920 36568 6857 6065 9714 19935 37669 13480 16171 29222 37976 14143 26536 21505 2711 16995 17840 15086 33645 1170 1846 9783 39126 40119 17531 15725 
22454 1504 33337 26611 27808 10461 40015 11500 36157 6932 31434 7865 20412 4809 13922 35223 38583 40457 33563 41293 34288 8606 13582 1972 9776 35059 31386 25737 32381 25753 18297 31670 27256 8838 35116 31899 38930 32334 602 9126 16102 32036 16990 13349 13680 7747 5775 9466 25040 39338 27594 16531 24779 41175 38134 11390 33437 26723 13962 42653 9679 32259 8362 13770 17932 681 22504 33697 9851 23106 26 2788 31977 36647 16136 22492 1597 41542 31957 3472 14919 16754 20002 16534 34764 34971 4759 2240 
18898 18721 21728 5412 27815 30089 38814 22582 7605 18521 13482 37087 18462 33139 39874 27274 26989 32845 6969 5421 8427 38925 8893 181 32514 5730 16714 24481 40701 41105 3556 36434 17029 25283 18681 21679 32207 14698 1464 16648 33219 14945 10938 28516 24919 27648 12994 28743 37328 19962 10999 22590 35723 19891 22771 25440 2457 16320 26757 19993 14628 7148 13630 8492 32431 9146 30170 41473 23844 8469 15324 33898 23413 3098 19617 25167 30745 32610 11113 2112 9776 22112 24702 22334 18838 4676 4977 21294 
40627 8569 18122 12459 15717 8587 40582 24983 17733 27956 23659 41576 36424 15819 32677 36673 18916 29129 19043 26496 18943 6992 28607 5554 29103 10512 27887 5144 15187 9699 3274 32650 18268 21395 2312 10820 29982 97 35802 4918 4888 16664 23329 18148 32482 32841 31656 28233 19173 7902 11932 38115 34525 40539 20504 20831 27886 5594 2811 19909 34925 6084 9762 30028 4314 12073 40847 11131 31801 33852 35680 36689 27351 16212 31672 36669 25888 20531 22105 2265 5268 10873 17215 39793 8615 37719 17827 36500 
20148 40269 13612 12276 23188 23373 42303 27502 12281 40353 38632 20918 8244 8352 14810 35595 24563 23317 29467 7655 1051 28407 29551 6318 39279 3969 3314 5097 18523 40773 18433 38671 38245 8880 27782 38269 9089 4125 22974 41001 21313 38441 19122 29557 3996 10767 41987 5395 34083 28657 32681 35133 33899 39067 41451 30382 239 1968 12314 38394 19576 30746 34268 34657 16462 38885 30129 25550 19845 10306 590 41158 25582 19712 4754 6414 30478 23576 31440 41397 29068 21324 33733 20170 17594 9223 7755 37464 
11191 20069 33061 7602 27650 1368 42258 1315 17089 29590 3700 36933 16731 4290 35294 42313 837 16883 25562 8150 40458 14205 6750 26729 35528 40483 4103 29957 6909 31489 1460 37731 8761 34521 2537 13247 12724 1998 34193 29812 8424 14729 23949 25154 38650 36078 24670 39486 10165 7435 4839 27458 41271 11589 31023 34002 28907 11961 40794 12651 20285 42254 7586 5882 10814 29754 19128 23537 8587 10524 10553 17010 25252 34501 42164 40737 4618 873 37426 34414 27940 19101 19076 26414 7525 26934 37252 36431 
15730 12085 6285 36014 11542 33502 41895 41987 40091 18226 22728 5882 5586 10116 42523 7673 21452 18726 5614 26069 19599 19875 17687 24374 38975 13598 7991 3703 40531 22078 16969 13464 34163 90 26313 22540 10427 25412 21731 7722 841 1662 33235 26058 31409 32961 33731 10064 8891 39344 36132 5325 36054 11022 29698 32233 24619 14524 12771 41985 36602 6576 32284 27968 6665 15801 27343 17091 41212 6277 1648 18888 27570 34882 2150 16182 25047 12716 26245 10773 28895 39213 16097 22152 7438 2998 11588 8893 
17521 1195 27713 30958 7770 36833 35761 14434 9837 20308 8360 27884 3420 29640 23607 30990 21725 2592 24007 23607 15307 27088 34379 1405 23504 7679 23557 7777 10676 11980 36301 5033 13174 21218 12826 40575 15254 5791 12212 1926 2934 40204 29809 6353 27047 30251 37342 25607 32843 18553 6418 5353 22476 40796 26390 3183 5679 7150 10959 35986 38761 4464 17854 28771 2517 30680 26549 37402 36470 15597 39327 39403 13004 3175 22591 16886 33425 17137 42492 23471 12525 25745 5660 35000 23745 32049 15018 6259 
16034 2812 19080 11998 26907 36934 17604 29423 1653 1357 864 14958 16953 40190 11564 6792 20200 10990 513 30461 28126 19840 30767 17486 2789 36426 29321 26533 25678 1542 9627 41711 23986 28706 30545 8096 42475 5352 14355 1331 26340 15218 16288 20128 32244 4687 26919 29279 15677 4267 16943 20638 24107 4914 38124 26895 41339 1484 30263 1057 22658 16725 19603 3847 2634 7351 11942 21945 32335 26296 23275 15878 18350 16399 36006 7797 40717 39760 37075 13597 1231 30854 11071 2173 35767 26030 29067 11145 
27513 36165 12201 7374 10093 31804 30852 32358 15990 42794 11506 5528 3129 11617 41038 21478 28015 34247 6110 25935 8046 20021 16368 9276 8078 27438 31080 1048 10671 36982 31824 15019 30350 20861 22393 17278 9868 10448 6840 2693 30077 37977 27853 10042 6797 26094 8355 11647 37176 14465 14418 2425 11321 30785 31333 19398 35058 19616 40077 2932 13802 29104 17950 20987 7168 17178 38265 36667 4462 21940 16196 34538 36752 1252 1783 753 4181 10138 32031 41356 1438 3652 984 12758 11272 32316 8991 3533 
28768 6271 6464 42569 12210 1250 40391 39010 38059 12695 9716 42520 34634 25911 11098 28590 3998 32512 6178 8178 42649 15044 6737 20922 18696 7721 10515 29967 16872 19505 33500 2843 2611 16799 22247 14821 37680 19842 30666 32943 32536 40381 32666 1210 332 20599 6635 4329 10315 32444 12507 29799 4691 38875 7925 222 3799 18439 30189 40303 14780 40524 19981 17390 34158 42228 32210 29042 38905 39711 19188 5480 37296 28689 26321 37627 6492 32955 41955 36438 42234 31297 23440 4129 27376 8200 4350 8010 
26639 11374 5516 18254 9101 2333 35643 20095 1764 1893 6340 17504 41603 2363 22983 36102 7887 6508 7768 34010 16298 26559 27651 35368 15059 8295 16332 19270 16494 40313 27280 19968 8891 9631 38221 37623 11963 7904 14921 33358 9796 40892 8065 28234 458 31048 21540 8345 14391 6143 19190 7524 32701 4045 95 4964 31971 36058 24233 25300 33575 28348 22104 42465 37979 37160 14127 26777 2267 5884 17339 31694 3979 25403 17132 24069 33286 15507 9249 24512 21649 28438 32036 11554 9318 8966 36149 41288 
2228 37217 23792 35802 42401 3099 12306 37583 40258 3268 21563 19361 9151 15737 8258 13130 41140 25389 14034 31629 40895 23282 32977 39380 28555 22216 27769 37873 8017 40753 36364 29876 12009 36991 42513 11613 16925 12022 26031 34019 15290 4798 10583 1276 20534 18840 34037 38509 21065 5274 4178 38795 5391 37154 35378 33946 36205 39982 29022 21057 37938 42221 8137 7151 36416 7853 38395 30176 39507 21630 21398 31632 26427 31980 32907 23796 8024 24148 39141 5924 6257 522 1922 11648 14511 14136 2797 27551 
11321 8654 5811 26095 8078 33579 33245 21329 41432 28843 8709 14978 27308 30106 3813 30570 38922 13555 31202 23781 37702 27546 29704 20795 4903 31625 32442 19413 22596 12074 23799 33917 20727 29609 17215 5640 20392 27295 3805 38659 32973 32145 10840 17485 39086 34284 5258 35211 5042 36459 16195 19580 40840 22734 40374 2946 31195 30019 41990 10994 42092 22992 2114 39654 29437 38960 22129 7032 23458 25933 22526 33267 15281 10201 27587 31203 1688 32844 23617 6729 3343 16648 26308 1386 39381 721 23964 27779 
30739 23157 38773 6870 22985 17722 23359 9625 13886 2692 36288 14179 5460 35649 24281 40373 3053 9071 28779 4740 18751 29231 31100 41725 3082 34244 314 19299 34964 1113 23913 42539 1106 19889 26244 24090 14447 6807 10550 28332 29130 23673 19346 11425 16525 831 9001 19577 9901 14615 1152 28651 1050 9087 27579 23763 534 4729 19897 12334 25473 1014 31708 26578 40534 15155 27503 12184 21961 14888 17351 27926 38560 36697 39351 12288 14363 25187 31864 24263 39802 9851 29750 17687 18938 34164 18285 39103 
15728 38182 8640 41201 39195 40347 1818 13768 12706 29321 25952 11502 1412 20138 39428 39972 33670 12818 29095 5236 38004 18163 6335 35009 28013 12920 9899 23786 4287 5020 20093 20015 405 28732 38051 16435 3119 39868 30202 35456 3228 32989 23793 4640 10331 40056 21447 20836 10077 7745 26072 5285 2743 9242 17129 7592 22161 3864 31377 26447 8883 28305 23297 9287 33873 38183 25721 36991 35255 32758 6486 15318 22951 30278 39589 10117 4374 18239 30952 14450 2820 33859 39366 25194 304 13699 32785 22464 
17562 40998 25747 3280 26506 25879 12566 37214 40898 15122 31408 33356 5083 14729 5877 4869 21843 22302 14985 26216 40540 3141 40665 20195 36999 14071 2593 14139 27769 12213 13438 22166 30046 16020 25445 33388 18735 38010 27805 16836 29967 36049 7395 35049 27613 32903 16754 6659 12408 31738 32874 29784 11714 7579 26814 25549 21649 29406 39687 26253 18455 10328 5622 25336 3184 31066 15927 21918 3115 20568 38753 33081 13820 22983 2169 18268 32721 18922 24927 21965 27496 34636 28584 39209 19050 12601 21961 17534 
18843 18851 990 37297 6015 6611 19836 28830 14512 12599 7951 37258 33166 3907 27542 23821 3725 6547 18924 36445 2304 1054 15613 6635 12526 1400 3048 31575 33633 25008 6313 9679 20695 7302 23811 3545 33545 20482 32374 24892 33080 40324 19354 285 21066 23731 941 24790 7113 19865 38070 9417 40550 10887 35683 10279 31918 38730 41854 22754 40574 25002 9268 18472 32303 33078 41648 42683 10764 8061 24779 1047 5588 20968 20964 3489 1902 41536 5114 9015 18604 387 38063 16358 11273 30949 3472 20027 
3719 2529 19616 1496 27530 28884 39599 36669 19165 38450 13391 29928 3714 15005 7811 28933 35972 28774 9257 14710 27513 14370 23724 22953 14756 38622 16146 2865 3610 19617 22891 7328 41778 42506 28455 26511 28593 25257 40015 24594 40542 10610 11725 21091 2450 19535 26859 38422 25144 36115 29967 9861 7688 30526 9649 42076 26351 25794 2144 6796 2614 25034 33756 1595 1579 19414 4942 7008 1875 21792 31601 19252 9237 529 17179 11687 39696 1241 26944 22043 14192 14114 8739 41511 1843 18387 40790 5029 
1384 137 31456 23630 2006 22415 2060 23217 41829 26633 30224 20539 5629 38660 39790 34497 16024 14172 3387 12923 35045 7166 11802 6440 40911 40172 5154 42753 15763 22780 24617 36778 22916 13277 37243 1758 35691 39303 1810 34723 42771 32033 32097 5603 4732 29091 16936 20755 20098 20322 10514 31978 4324 41947 38417 2438 39322 20407 22027 31920 390 23479 25902 141 36755 20348 1898 6486 36486 3707 18044 36461 12575 7345 18899 36938 13271 35834 34529 10204 32992 2246 42182 37315 1396 37802 16588 17553 
35044 38614 6677 35433 19297 32578 35574 32887 29761 14307 39372 287 37646 34252 13583 27056 41596 9317 21198 31702 21987 12930 41905 12182 34807 41290 26332 13038 13132 123 30590 5379 15573 37266 17648 11705 3883 10425 21427 10480 24731 18003 30398 39212 29090 1184 23472 4725 10500 21505 36426 32486 34434 12370 21503 3280 30496 24670 16317 20463 1629 23742 25841 17201 18212 692 5741 41726 30748 27167 29041 32315 22005 16642 28730 8298 37457 29037 13022 5161 7745 26283 14482 19014 38653 12821 22293 3188 
37490 15445 23650 15954 39187 26326 33154 34234 27018 15730 33163 34601 101 19408 24119 41737 12885 29685 7239 7546 15925 39892 32338 506 215 23655 19519 15703 13311 18648 18890 8005 34092 42539 23958 30482 26068 33948 21919 29921 26513 31918 41358 26613 28161 22680 2390 41045 29200 29260 25426 21961 26355 14967 22466 3405 15458 18820 19107 28768 37467 14832 13608 28763 34206 14402 36080 37110 5553 34835 1070 8901 23956 42427 35514 28952 41943 14739 4036 28346 1202 29462 27142 4392 21264 6811 7797 36721 
25631 3739 42325 20301 38203 13136 25899 29612 27537 38815 761 9925 30853 1831 18826 31644 21093 31175 17799 39871 3117 41466 2257 4318 28131 29398 8709 6599 36209 36137 20155 19043 39876 19683 16179 12118 9655 18914 41729 37191 34564 19326 4320 22620 40788 42777 31099 19084 31155 25733 16159 11107 24402 18415 15424 29369 5016 968 12803 18060 37105 32957 13938 11020 29476 6953 42769 39130 25866 41701 10360 17633 37862 34311 17088 35853 34291 25022 31773 42281 7958 5135 10591 9195 385 26014 38563 25032 
3818 8569 19928 17758 18362 33865 28777 24673 40817 28749 21006 722 4489 8201 18354 19187 42512 12277 12243 10842 37298 1219 10327 22091 25985 20917 8122 3205 23767 3888 28237 27584 32089 5368 2545 7654 16068 8157 9162 14089 13741 7003 14810 37861 15203 10000 14251 14918 41908 3330 2596 13246 4548 12922 12172 7369 33838 20293 10573 34440 1017 15645 19227 33105 21012 41403 17594 13916 26395 26755 28004 40135 33757 19649 12036 25795 6484 26286 40713 5596 6451 512 18841 10999 33065 31012 37999 942 
28141 5775 35382 29157 21420 11812 19465 19267 30051 13894 10018 13649 40648 38021 10988 8444 34506 42655 34238 40989 26144 8990 3788 32595 29133 42260 20429 19401 30476 35263 20343 15820 17873 12928 2180 16128 1575 41276 12231 8461 12373 22248 22110 29856 17473 9933 38299 9182 9791 6576 7374 12770 15566 30794 22200 21534 30257 19464 40935 37568 11930 38113 30223 29803 27876 9238 3134 6286 7717 15364 14747 39721 37612 36856 26780 31920 23624 41914 17937 33414 5694 25310 23019 40891 32939 2423 19628 20400 
21886 37398 15171 10652 9550 2598 40454 37425 11835 20423 20547 39184 35787 35293 36108 7438 6188 39724 39357 6647 38841 14497 40060 21370 16642 39914 19464 6785 42336 39092 27184 41058 10529 19190 8913 20079 41419 6570 34339 30090 3828 12089 26477 39614 24217 39420 4255 7240 36347 20447 13886 9228 34943 30781 30597 28421 27899 7265 35205 27438 23192 39224 2535 33720 35249 11447 30634 33872 37648 22177 21165 41476 11101 24477 15129 35318 21100 19384 42557 14651 16666 13647 23878 28445 1631 31310 14069 29529 
38574 6477 33803 18969 22536 13173 29525 14988 24620 17362 6063 39103 16374 4063 37782 27475 28539 10115 19996 26475 6334 39388 17961 22999 10238 18674 28279 31501 7187 42347 37865 2965 25659 5707 41565 5398 18880 28293 20386 20335 22491 3284 16641 38864 26979 11627 23542 12721 41373 20373 39195 24542 16965 14359 24376 4038 33032 9859 35538 40219 9409 7443 20019 35068 32781 18787 17301 8864 23916 14522 6034 3610 17806 22675 42473 21620 11137 55 34340 29345 20427 7575 11090 37391 41565 12301 18265 31801 
22159 30638 6059 8404 38080 2913 20307 28065 21699 14443 13764 2818 28965 19798 26059 23606 19308 2572 2429 30444 2626 13604 36624 23052 21178 4917 37279 19947 36849 12747 28583 16212 588 11477 1451 15504 14389 41389 20404 12923 13035 11003 35373 41999 7636 18635 22808 26943 21206 2072 34222 23831 15676 28049 23719 36853 9801 37833 33635 3854 7783 39053 39697 28002 7733 41147 709 22121 16575 21112 35044 29609 32115 4456 28812 39750 23090 28455 733 21132 30527 34954 21798 23038 39839 2720 17094 6843 
40552 27565 30328 25170 23821 27228 10376 31554 2414 11084 30510 18988 9032 42389 5801 41146 4048 11448 14935 3974 16738 15667 25105 4468 27457 4106 27505 24499 26458 21435 31341 24213 6203 38505 26219 6859 42568 36594 15248 2186 24513 2962 40805 33544 22186 23441 8729 3070 11724 500 7043 28462 35798 32147 9765 20458 13088 37270 2160 39545 35540 10337 40594 18578 6045 24016 25436 5816 37445 40684 27633 19161 20481 2478 29541 42666 25918 15105 2939 14478 15604 9981 143 8606 18963 9907 29063 32051 
24012 8059 28799 16755 18395 3432 35332 1275 27447 37604 26722 22095 12327 11559 18092 32807 33668 4836 9512 16789 39572 32083 31266 12380 18899 8244 40617 37862 18151 3719 3952 42162 11777 9586 35753 7007 13018 5124 8281 40464 42727 11839 39395 12257 23397 14690 21899 14268 39157 31411 7892 35932 40329 15994 25147 16431 1073 42599 31128 19223 3522 35079 38221 34930 1869 31177 41937 14886 13136 27053 32185 13067 38891 28783 2159 39123 20308 894 30226 36300 9140 14954 6272 6672 7783 8254 23102 8855 
8057 11434 4914 31210 23348 338 23343 25216 8350 42115 16937 21485 26372 6326 11387 42098 11944 33178 15261 9088 34071 2690 22223 414 37275 28494 7085 2261 36748 7022 30748 21640 38087 35661 10053 18639 12834 33395 1058 40815 32714 37627 39135 35921 20788 27358 12058 9567 17739 27318 18654 28645 6844 40877 29058 1322 3410 12978 23215 16993 39631 30798 38632 34922 498 25520 10764 13331 35751 11821 30981 2504 6651 27319 15260 4274 31512 27317 13841 6454 11839 32494 35098 38314 7410 40991 39635 30452 
30804 39685 4648 27639 4522 20116 19764 5019 22471 30527 37981 15425 19183 26165 37560 2670 30320 10023 6943 19035 37340 20783 2325 26014 30113 37422 21531 37522 12453 18369 25177 460 34890 6661 28098 39411 3612 24697 21266 26082 12427 16450 18343 31610 19451 13106 34279 6974 23129 18057 2844 17672 38840 5168 889 26156 19426 22419 40513 31878 17623 42526 9173 29348 6390 14107 2799 10001 38803 24064 12918 28066 17349 31260 16879 36799 1570 27993 20608 24698 3253 23452 19205 18928 28619 39725 2287 24880 
38979 19636 33593 13805 19365 42766 19989 25754 14076 42419 12590 29714 522 2343 14983 17870 33603 8697 31505 12008 36689 9316 13541 16778 9603 32745 35705 15058 6509 14828 39937 2691 34463 30734 36127 11031 7539 13319 13620 41246 12941 3045 28163 13462 5387 19982 8168 38989 28678 39672 27832 42203 25823 41372 16184 35426 31320 28724 7687 37828 755 4827 17354 35217 12396 10685 23083 19934 839 36702 18383 13780 39746 23382 4077 21969 567 31876 37793 29244 28751 22829 28650 11778 21404 21669 4407 29560 
