46 98 24
14807 36659 22605 27460 45581 31412 7683 39545 19395 43643 15636 46201 17619 13760 30647 45067 42003 14946 34767 18898 7270 2607 17680 34999 35373 15520 35499 18600 30295 33847 5091 45101 10553 16257 24046 7620 36230 31728 47164 7110 15419 2847 4797 21599 5168 24005 18151 47170 38951 41479 6115 46220 32648 23795 21266 19506 27876 45326 38105 9657 19220 43195 43319 29773 10937 7413 25954 47167 27702 24603 42838 43120 16011 36196 16204 21179 11687 22916 8396 39199 15881 14511 36904 14 38305 46731 8081 17666 32104 46185 15884 2810 40865 10689 21144 40363 18101 47097 
27577 45802 11747 10463 28970 27757 46658 45173 421 46906 8137 8817 37590 24017 11889 14541 12592 1679 12757 20672 7906 44861 6904 12352 36232 36330 23040 8861 28178 29702 7443 44317 15551 19189 6265 44520 46945 41484 29741 35928 39876 37877 33306 28951 1941 45194 43492 3094 35434 7734 12327 31901 41156 19230 44252 28873 7045 18777 37733 23784 37040 45175 19586 41153 4411 14412 37158 39918 7382 6946 15893 47257 44822 37760 27693 35324 23001 22670 26979 9920 18966 39305 41820 169 10020 26120 29042 5626 33458 6822 29410 21984 40559 37557 14622 44969 3455 40341 
36372 10836 47287 40826 9578 32156 30071 25832 7528 4557 37064 34506 3038 44591 25297 33420 44759 23878 11025 13848 29504 44482 20670 47475 17951 12714 36517 21134 46244 28533 1523 22664 39368 295 14975 37507 21012 45046 3387 28539 38164 40450 3093 41202 25088 28389 26107 21332 40828 37131 23742 21817 21660 44411 9339 28173 45686 45856 792 43415 25874 2314 17564 5290 39684 21101 31358 744 17632 34744 17844 7281 15241 20936 37044 40328 37886 14636 1708 30200 40328 25449 40578 13474 9907 1403 41646 7078 35820 30999 39054 13179 21875 8104 7030 13044 29204 38388 
2349 35397 24617 20193 31239 39858 41128 19769 20233 19062 22966 21940 747 3342 47388 29886 5377 45856 31288 35584 4419 7155 18068 32035 8896 39942 40138 15925 41548 9389 5798 43896 33347 18977 4136 4633 47396 45264 24401 19114 4373 35929 41054 5119 39270 28489 23566 33208 25831 43416 20277 18811 2056 38344 2331 10951 18334 31030 26876 48443 28980 21235 43824 2374 28773 47960 7007 27654 33271 31407 35330 37643 7383 16431 31323 35214 44919 43450 19907 10797 38351 40183 29608 40407 18575 20500 2843 36908 3016 18280 36836 20557 28077 20707 22931 8335 8714 29937 
24551 30546 1391 11366 8236 8774 27796 28120 43987 12762 23056 3942 12121 12892 44124 41728 4784 14184 2275 44703 39653 42366 3030 27974 14409 19668 37243 37339 28003 34518 7323 41115 16550 8713 41042 13347 6048 8885 41467 38597 21646 16008 42538 33766 17461 26709 15541 10807 40893 6378 44071 32031 229 47100 53 3199 18254 25857 29099 34818 11860 36421 15980 28409 33696 8507 30318 28305 5953 23270 6949 27598 27839 972 1412 45299 16243 5514 7591 45697 11891 3147 29213 682 38809 17827 3880 45624 43683 32979 20489 7029 9447 36468 23999 43142 33536 5802 
11495 39488 17633 18443 7133 45471 7977 8544 42256 24219 2620 38408 21401 3072 30117 39175 3753 20411 45564 44709 17520 40732 17735 38008 36322 27181 14523 369 10371 48058 6170 10427 39031 23803 28869 46163 9321 36845 43269 3062 12549 45888 30032 22511 37521 11634 13172 29836 20606 10221 26030 38125 39514 32326 16180 27322 48068 19264 27690 47000 18807 22421 8912 9323 34785 37781 44047 44106 14673 38801 35729 15784 24736 17246 38294 13743 17441 40027 43578 38046 38809 9655 16218 29809 30542 32397 45692 30095 3146 13429 28581 10514 35849 26054 8398 10682 15320 3931 
43349 18555 31293 30563 34338 44591 36371 24117 9819 5297 15630 41958 43343 5924 40174 11046 24294 22201 32005 21471 3781 23712 23461 20923 34226 47872 46977 31185 10039 2344 35115 4873 20898 6456 23997 43797 2532 11853 19400 912 17150 23591 42869 540 18076 23090 147 30932 45290 32151 40964 37632 44425 15911 10041 30136 15268 45579 12806 13868 36484 36483 18740 45944 31500 31298 41226 34031 43151 673 34942 348 12825 17858 37963 30901 40947 38109 1880 37722 10308 42843 15401 6218 10239 14003 36353 25506 48143 37720 27935 36113 14250 46674 22104 34311 18020 14815 
19827 12656 4050 43330 1565 16874 1235 39527 36336 42181 17683 38215 19950 27990 32544 35351 34207 42782 37915 10607 8336 37544 36889 36270 25142 39700 22992 47245 25497 29573 2107 33885 30790 6156 28701 32354 23030 29935 11928 10851 12164 29610 37628 32113 46162 21657 7511 31854 4486 45426 31023 1383 34455 19397 26215 48158 10582 37768 35450 36078 18826 37556 10011 1101 32274 38711 22016 6789 8693 33943 6201 20856 3600 43828 41531 38323 5532 527 21663 10018 34514 4171 11400 9016 12129 26176 45735 11272 15429 32670 35912 34254 10274 45922 35354 42547 36118 45931 
37897 44810 19921 44097 5714 23521 27973 47244 1891 33504 36332 23553 32083 10894 16285 43483 19909 16975 9706 5692 28247 25135 26923 15644 10874 37196 13051 34790 19790 37730 20768 9172 22587 40689 41831 28300 15695 9851 27029 17585 43354 3409 29700 15485 14302 34546 47529 22772 3007 8720 28463 19815 33854 6872 35458 33290 32629 37070 8127 3905 26285 28894 1638 357 21068 43468 28657 25324 41880 44247 31471 36720 47655 1218 3690 13442 35763 39780 36214 27331 48499 4724 35707 33839 11595 22650 18614 32786 48281 15302 36690 26051 44195 38327 14970 16749 21843 32188 
42072 15208 27920 25028 40489 15623 26245 32740 17626 2056 24005 42401 17948 23990 47125 5141 46390 47281 16352 5051 31552 16119 20352 8289 30731 16032 35178 45700 32780 45582 17935 14900 837 45855 28489 41326 1525 43296 14113 19150 33913 26680 1599 3346 39231 209 45562 37106 36051 13400 42156 19089 18080 2555 15939 296 18586 2602 34558 39928 48183 3978 43389 37582 38394 23363 30393 39918 18144 33067 47630 40618 11232 714 43964 39024 37998 29573 27615 25534 42972 9818 33184 12537 12372 609 1395 30958 40286 35952 10933 28517 39929 5807 17584 29809 29169 36538 
9774 35875 9652 8889 16540 9446 46678 551 48469 24723 30124 27570 1743 24581 25949 23488 25680 38321 12658 15636 9326 4430 3073 8820 21508 31563 14626 39091 12857 32356 15676 11193 8278 25327 8643 24818 34772 6807 25368 34727 31529 6977 2344 21833 20120 28292 45321 34361 6660 9464 1482 4547 2455 41630 13366 23962 24678 16553 3100 26097 395 18775 37289 8672 32664 34493 22051 18921 41299 47419 42209 12876 42957 44552 23270 3124 12892 8638 37484 8113 6664 27527 12660 46194 20642 26025 21642 33882 42578 13303 11464 31534 20640 37314 28767 4789 23292 2304 
12271 4639 38284 5966 6076 21288 39079 29345 24412 40532 26545 1943 131 33208 29470 12790 30887 38673 27376 41090 24040 10001 5879 35503 41534 15080 12864 10349 19868 36156 1214 20700 29356 28059 15227 35431 832 5792 4823 25243 34885 31367 27186 35015 4622 45217 36366 24071 35375 15228 16646 10901 25228 11086 34965 6810 14727 47829 5720 34594 24032 6933 43856 41949 34991 10568 28865 24384 4921 22249 1113 39806 5102 16860 14868 46799 13562 2720 22355 37498 17947 27563 48398 31736 27210 23411 27107 41937 11287 32826 16578 35318 28320 11919 28752 3358 22487 46178 
27742 15969 19912 17416 44336 13575 22837 10690 422 24960 13409 22776 13943 19917 38900 2389 3138 17596 25799 18807 11018 37085 40194 27595 12450 8562 28076 29763 11919 39124 15988 28222 6578 24461 45637 2400 38036 19959 1651 38457 44918 15059 1280 47423 23537 40180 1297 15236 9261 27095 34042 8840 4227 14284 24996 5238 22845 41633 35000 23325 32242 39549 3033 27382 15495 155 18343 42092 8676 19993 32034 42155 23613 21876 29625 47149 13541 30921 13870 11363 46577 36474 8764 39365 2243 22321 44602 25087 15440 19649 48411 47681 10683 2929 26548 14740 40160 33452 
8317 37397 4930 28913 19599 28542 2274 710 15738 4376 20192 29608 15738 18255 17567 13063 9105 19809 35383 42269 33457 2308 13403 21915 38551 12648 13406 5146 27387 42127 38598 35703 19571 32089 16101 39169 12117 6936 28440 27854 11311 118 46023 15610 18372 3637 28672 16038 12007 4103 9792 45463 43486 11757 7426 33522 12966 20831 27230 40352 14443 17313 16102 34013 887 20765 13229 1565 27700 41669 17981 27573 41786 4051 43182 205 7688 11902 4804 19694 16004 3158 5205 10975 14914 12630 33059 16441 33460 11774 45354 36464 17648 1503 10524 7096 22267 23752 
45737 38529 16906 3765 6149 47253 7815 816 36019 15502 12717 40823 23758 17282 43980 28962 16819 47455 41591 38439 15381 15098 38774 12220 3047 7907 13722 13570 3564 24551 25883 786 14565 42789 41626 9275 30089 927 10090 17594 16428 11369 9902 28747 17212 42443 9194 34030 41383 39346 12516 8249 5929 2775 9030 46051 47757 22751 11106 2807 47301 36989 40668 1913 19825 33780 11187 38475 34706 9839 7554 39695 9769 6017 19928 26980 37021 17683 1058 29889 8515 13573 26699 3005 16348 35728 542 15590 9965 209 18396 45827 25759 47626 47740 34145 32891 47488 
24106 7644 8812 20221 35900 7142 14800 44389 34122 3306 13558 35179 33195 10634 237 11379 13638 5146 47107 14179 20736 45633 2950 27693 42945 28708 15366 30732 14339 36818 18268 38444 44461 15641 47226 20409 22783 13511 16283 8390 16817 18402 32130 38573 17597 20928 1437 31235 26074 37105 33975 35371 34223 25486 3111 28654 5680 18477 47947 8580 6780 17700 47023 39803 33341 34296 11697 7609 47807 16541 4560 4671 23505 36689 43243 41101 9102 44679 12383 35175 33270 34920 10593 7540 11891 13704 24755 17570 32180 24188 26149 27521 41887 13219 18809 15275 47515 19067 
22883 35369 35608 27442 40039 47674 4178 34767 28822 13280 19493 41205 37016 41324 27610 47609 350 28062 1360 13666 45632 33539 37853 11828 12545 19788 13609 19916 35062 1171 38982 46507 36539 14637 13996 16625 13796 18174 2877 31180 20015 10931 23870 8516 3741 40041 44686 41166 19588 46045 6317 5267 19631 32732 17095 20738 4005 30703 40653 27628 20435 19682 14182 8459 34319 28178 25083 36676 34913 16521 19341 6413 16013 31772 14928 8315 23298 48176 966 42886 34268 44359 48152 5385 28576 5294 26122 21142 24558 6822 37331 44992 26503 2999 42012 869 31176 7142 
37545 17574 12224 45447 12548 28237 28705 27475 36551 40564 15698 26079 23497 1452 21923 11697 6836 39060 16990 21519 249 30110 28340 37579 26587 43404 40577 8647 44273 23238 15788 21865 29373 28012 18797 41920 7734 36063 9443 32846 28113 13702 10410 3095 15153 20894 14791 10550 11439 20343 20630 11687 1938 37531 752 17086 32421 41328 25732 16741 4614 30082 38605 22548 9579 45963 4516 5874 33512 13958 38719 1672 16221 37691 41842 31374 10070 8119 30485 10071 17023 2601 10319 7522 40131 11070 24607 24037 40960 38901 40777 34135 9030 19429 45244 18608 16878 1245 
13043 1875 3764 40323 40622 19985 29499 33949 39920 28131 30629 21890 38201 47651 24490 5 6658 16107 48151 19827 28705 29158 47289 20968 3340 7804 40396 69 14973 45835 38390 28015 36271 42153 8385 28378 2185 26446 13813 42104 6062 44441 15480 32824 32140 39969 21390 27359 44637 9588 35747 24828 38745 34521 34357 30646 30886 14800 19277 45858 12121 9152 13920 48391 39866 22305 28255 30613 37312 30629 24202 43373 15117 28243 27682 35818 19698 37633 14663 4382 47221 1895 29209 26013 24978 15051 8145 7349 18413 15983 41769 30533 13696 7174 18971 42123 18040 35787 
24221 6837 17901 48423 38771 33018 28151 6500 20321 36410 44133 23545 40792 42839 14002 10048 20337 38979 13661 17043 34889 32073 21587 28143 2653 35282 23879 21623 28891 30480 8896 4597 25879 15358 41581 16135 48375 21218 22635 8744 46189 18253 20850 38466 1139 34851 37076 21475 13877 2222 27080 37328 34294 152 5518 25508 35434 29396 47130 4372 48438 7511 46044 25802 22869 39111 41936 11291 376 4618 8596 46564 22870 29446 25078 24008 4344 13639 34045 6783 15860 1172 44110 38715 1323 1113 15708 25318 19071 14323 18251 18994 10396 15781 33357 21826 6377 26778 
21678 6752 19958 18836 4801 42827 36843 29878 6883 41186 32078 29489 47968 47937 30660 43563 26699 20544 33238 42406 34424 3794 45291 4160 11349 44248 19940 44705 17559 14878 11530 27798 10191 31487 46633 3554 14362 34961 33431 21244 16195 5557 39294 4210 4979 21439 47773 31678 30544 21058 14131 16453 24851 10907 9175 36199 43716 17676 20951 1322 21116 32480 29120 31306 15453 15800 34859 29814 2247 8338 39619 7003 13894 30398 11212 7434 40398 47546 27673 10989 20089 41804 16004 33501 41272 25178 9747 36474 31415 30697 26357 4016 14663 6962 35322 18677 22762 10228 
37052 13570 18565 28156 9134 32458 47115 20345 28454 27560 7939 7612 38548 28027 37977 43113 1576 19297 8338 11322 44332 39753 42019 22174 43768 45243 29136 19137 3967 40459 17927 41018 42590 36491 9221 3209 8997 44897 23553 37450 12504 31491 33623 39613 48080 23086 34212 1141 42382 42549 1024 38199 33787 31604 420 17603 28332 29555 25301 20860 10061 43227 13363 4136 19766 11145 7344 17324 44603 19459 43335 8592 39511 28443 48205 39076 40090 22464 28778 22519 16498 29802 765 38847 12891 1185 45011 29785 30739 10359 39206 40800 42148 4055 33497 13399 3761 40841 
19284 36926 11785 14104 45517 2781 42546 33769 30419 22684 7718 47758 45202 12778 17607 45967 40186 19060 47151 36682 330 17937 35602 39535 47298 29235 32151 32281 31195 24474 13169 1964 12885 24953 4629 46963 16295 47175 32218 46713 9906 28497 34519 6593 29836 3611 41121 21507 22670 28319 46750 11561 34818 33838 39658 33601 3120 11856 5929 34315 36329 19097 24840 37775 32611 29469 24786 37468 16691 45565 24228 26596 25547 10232 21750 6869 13843 14357 16937 25074 31237 15173 36635 17540 496 27778 39703 3615 39633 45631 26491 16010 4776 39893 42346 25948 20847 18617 
14901 26099 15667 39129 41256 29776 37922 14491 25206 3250 17409 42142 28324 132 8800 5006 17671 46371 32783 8859 38548 12463 43052 5086 17034 36389 44978 47942 13822 5872 18044 17285 31970 22273 7899 24711 40610 34382 27764 17301 37632 45172 10928 6003 33865 8290 11008 3022 43222 32352 442 33255 33376 43493 38341 1896 31367 23366 38399 33751 29238 7928 2521 1255 18762 47495 14528 10857 33362 42291 16719 11041 27510 16209 17043 12861 24498 16612 4444 19205 37525 4885 41022 10949 36940 30848 1406 19792 42775 39804 42104 23498 36293 44624 13315 6541 43604 27842 
5959 28452 10180 22678 28054 26251 27448 33659 39111 3431 38832 32116 11197 27843 37001 3704 38791 13988 23113 40196 22341 17374 31485 15931 29433 19263 12040 42747 14365 44206 10636 8886 12705 20815 20125 40758 47066 47572 25902 26224 2488 4782 46902 2246 32624 23950 5950 11462 37937 17624 40219 11763 23559 11751 16255 4478 19575 28295 35786 33940 12548 34984 31387 25252 44360 2997 6057 31473 2054 20521 9183 41617 25302 7570 43862 46487 31519 38373 9434 9503 7483 38214 21265 31041 1450 37520 24080 21024 5862 48428 6449 6971 34897 26397 20784 19304 29393 26840 
2263 31446 35922 7 24548 12709 44652 19896 47757 27656 46830 8676 25720 5798 46889 35546 25401 48338 13113 38042 9410 18974 26517 4420 14506 1461 30817 35289 20765 11695 2177 23027 43141 38098 23033 7736 39369 19170 16193 38611 35387 14509 35849 12592 8868 22785 48137 34268 22609 12736 12358 20580 20271 38874 24999 23339 40335 7301 10113 12585 18996 12289 24173 2184 38949 47205 9919 29803 17860 14674 8461 41808 29182 44309 5885 38049 18580 42583 12365 29750 43880 24722 1815 4199 3643 15375 27537 43977 22676 26211 45123 30233 27062 20781 32416 17496 8033 30896 
35860 14454 34131 44320 7747 14798 28677 2193 41409 47256 33338 5259 17053 28703 18542 7429 21463 22184 22803 485 6209 45478 26696 39893 15758 5243 722 36735 11300 8754 7679 47159 23208 41809 31526 30954 8093 11688 21709 38063 47505 6532 43321 4605 35234 1910 12033 8183 12655 34836 45743 7425 20361 12486 47318 36119 6290 48039 12901 17589 45354 20579 4795 20047 13874 36321 39563 10528 36570 12757 76 35561 7850 31958 40165 43083 33867 40760 39827 46521 27081 25618 5432 36003 38103 41311 12169 44393 29397 25070 2029 26236 45648 6824 46283 48083 43144 25893 
10096 31199 27211 10171 6807 35060 42128 46972 18190 27480 27779 9503 14049 6345 23682 8042 30909 13270 838 31640 46224 30234 45271 48253 45031 42404 6562 42799 30535 38267 8739 40630 20951 35949 2287 27758 22494 32976 14777 29246 504 42555 27310 3114 37461 2477 11155 8417 4308 554 40056 2018 19349 36812 38832 15865 19264 45393 47226 1284 35145 7450 30475 44657 31961 21323 12462 43016 5785 15800 23747 43364 46916 2542 46477 24424 5018 9117 32841 9326 46746 12944 48419 17580 38318 38736 33444 46143 24176 20717 35988 47882 16729 17948 44024 175 39271 45048 
31752 33617 12333 6985 28466 47811 46602 26428 23720 40182 24106 45122 38069 22337 9552 26535 39916 47869 16756 13407 45497 40931 34124 32970 28860 2338 39479 12931 39588 30235 9464 22825 3899 10359 18371 32364 9655 5021 47353 21936 33764 22944 18544 23318 45280 28095 38414 36681 16011 6655 38650 1555 36147 24259 23086 16492 15158 14050 29422 43307 32847 27448 17617 36745 37806 24550 9157 36022 18132 7995 46519 3381 30939 16548 15260 27704 33204 5159 4433 700 375 43082 39330 25083 7388 13901 30136 22545 16513 11043 17337 845 27052 23515 26151 4905 36626 35307 
29488 6243 43302 27493 46699 14288 44040 2006 41991 28730 44240 46423 17991 44614 29552 8807 21182 36939 11269 2803 48045 27781 2408 16867 28625 18021 28944 43338 22926 5617 30130 3899 422 13479 31391 47120 27766 15479 37688 9805 32770 33413 44789 2246 29513 25827 11052 39256 14251 22321 30621 2344 38663 21590 7772 18774 39610 36715 13597 2583 30894 32288 6482 31315 45767 26434 18482 13580 41912 7655 23384 26167 41068 19659 16975 10628 45485 16588 38445 48297 27470 9113 2126 17619 30702 46974 24954 10360 35174 38550 12942 6115 10885 19423 37429 45213 34419 7397 
10279 16378 3613 33662 31107 33242 41882 48081 43869 27414 4716 22362 27197 32186 31474 17884 1290 2224 16343 26243 12583 40079 4840 25524 46193 15724 33509 23670 985 19413 31066 11263 24352 23240 33486 6944 7968 26854 43586 40398 5753 48302 14245 21511 31973 34281 27957 21824 36504 32861 48066 572 12987 41467 26095 47742 8676 48165 22897 9660 7625 42524 9484 31977 17249 42970 27482 25216 9871 11116 17100 15623 10903 19906 25696 31437 5672 5138 4746 30737 26560 41373 31308 39547 34325 45965 38774 31562 34177 13156 29784 41802 44241 39267 25264 12975 22284 4231 
26753 32154 15346 32414 36339 14810 40881 13520 34808 35115 7219 28115 17337 33778 20973 37207 13372 43859 34657 3631 26907 20319 5348 45252 2168 1074 36004 27431 2611 46850 20224 17925 30489 24131 1824 18313 27503 31266 20394 13796 17866 16174 41911 35203 1438 2931 23895 3371 35352 47113 7002 2306 7479 911 47557 9647 39061 23608 25639 30233 21943 34424 48157 40994 10041 38542 47868 37543 21293 19748 39900 39159 35921 21858 14409 25920 13351 38303 29291 188 25463 24854 2493 32941 14326 1535 31149 41948 13704 8274 23666 35647 31259 23308 28126 41299 1897 27479 
18889 23190 35788 47351 2396 11757 20694 16804 26238 34044 43668 44090 34231 20616 8991 25285 42118 23317 15381 24753 16750 29085 21588 40416 16217 4332 3771 32904 34193 42744 430 4567 5981 36218 40479 8376 36536 12659 25179 14259 35264 20332 9835 20981 29509 18825 34827 23112 30703 1694 47864 47453 30778 9499 27916 35556 13831 20248 19945 36585 14477 20374 29713 20457 45153 21678 17394 33174 34336 31134 35995 21085 40027 45829 30627 21021 4701 16940 44133 35404 18633 32044 34342 37972 41543 2305 25013 43935 22552 44957 32005 25591 5378 13203 34609 39093 23442 3489 
12314 46339 34622 48308 18910 26135 45622 38098 35717 1809 43599 31335 25774 2279 14865 11601 40250 7893 2467 16748 40389 25018 1752 12441 39170 44206 14205 25265 34784 37647 17315 47097 35471 40498 46891 42942 6680 32560 21088 42397 22930 16172 25217 189 18451 28643 351 10186 25097 2817 15496 16971 16397 17247 29411 7052 12938 43616 20878 36283 21310 26754 34866 8266 18738 21804 39770 13979 5849 12343 7861 28779 28514 21640 17529 35526 1768 17880 45712 15427 20696 1255 20959 37092 7063 38932 32706 20001 34033 5069 7769 43904 31823 31196 40731 39122 4485 31986 
4586 10334 44328 1009 27674 12890 22648 33764 48415 12977 3129 34174 28403 23825 35428 848 964 42491 39779 33669 2539 13859 27300 47383 46324 47684 30065 38540 38291 34549 22012 31438 33444 6387 32446 1165 19276 43655 34929 7739 8118 26619 41912 25082 39005 17388 14491 39969 11364 42831 13685 2464 45251 29546 1332 43060 28715 19958 21648 7053 43069 32221 38491 16560 38607 10984 17725 46445 6125 41215 5669 2804 19319 36142 27885 46886 5015 42376 38340 4940 25254 40586 7403 21991 21618 45811 5098 1818 17254 26745 8871 11808 10451 35923 28368 544 35468 34654 
35550 41592 15916 29780 44395 23796 17407 23766 22167 10984 6189 11992 4485 20004 4064 450 41994 14243 46260 47092 16060 3561 25322 13492 15369 35773 37976 32298 24878 24930 6999 475 18007 22914 30254 2450 46709 36222 14777 20362 47205 9527 20915 3176 29530 13540 3625 23010 27782 38446 10149 32404 42006 24032 34457 45936 48366 23919 18281 24729 334 25279 13765 6902 48192 44018 46427 34949 31726 12689 6796 18978 22215 16272 10715 3231 18374 2901 14802 46155 29908 13512 18606 23400 37543 4549 9383 37395 28467 27664 2171 17362 4428 15936 24263 41182 11439 22176 
27616 31726 23426 34411 39266 34203 39244 1466 25995 9103 4367 40796 43820 34274 5793 13911 46235 31897 18459 44180 20777 35487 23329 22948 4334 16318 38883 17159 8985 38883 27896 36600 22095 2807 22496 12846 37009 1788 2873 14489 10890 44315 43846 6195 18637 38200 20106 4919 21583 27126 584 30921 14099 23912 5354 18432 40230 32798 24152 700 23167 3533 37300 33823 43416 48357 35230 20472 38706 38102 23523 1082 33903 7416 44352 41101 45616 4505 46019 7246 31631 46603 38166 34291 10562 32082 41284 39353 16365 16922 40053 39531 9016 17400 24839 3917 5804 116 
12951 44510 38218 36473 34153 12168 43888 29990 4754 29551 23057 39334 25358 43249 25984 3572 29025 36546 35653 21794 27384 3503 27277 7484 31596 24855 13445 44996 17333 7811 45112 30283 3806 34815 6803 26520 35544 39253 45071 28859 20289 19613 19678 34209 14347 45662 37780 31933 22255 24918 5213 38200 16982 21051 45684 63 45905 47690 33621 14724 6986 30218 33568 47867 5080 40371 25872 29185 31109 22429 9529 39959 30603 29206 25653 44950 14915 14918 28368 25731 28397 22142 15417 45379 43193 12586 34003 29145 11761 19109 32430 7309 37888 17484 6661 42967 9340 32533 
23637 40448 43523 21727 31892 25611 39495 46107 22046 5895 12510 38976 31626 40907 12603 47042 37771 44357 48189 11821 13550 48511 30930 45979 7305 20303 14948 13966 3318 24287 35060 15516 4782 30068 37243 25236 7164 28223 22828 17772 22679 35337 8233 42866 16291 9397 29955 42623 42316 18191 5930 7351 18188 25421 4815 14054 34285 19763 16581 37602 32611 3126 41680 37393 21755 18970 2676 17481 47192 25503 23814 9918 887 20608 41346 17178 30004 11348 48362 23805 29539 42853 19717 36288 19759 24532 1827 5530 32856 6970 31693 16952 47171 24858 42906 8974 43827 45581 
26454 31066 11131 38829 29546 12018 10922 10939 17757 29487 22286 6166 4778 3310 505 13056 39597 20263 37587 29986 14354 21928 36955 46047 38880 24173 10952 21833 33146 43341 7462 11085 14454 18592 1399 32561 19171 882 43499 25489 30369 17271 31655 23708 20580 32159 36763 225 3907 25836 18772 6823 36325 7212 4355 15252 31384 3868 37085 4578 47208 44546 15662 1710 3185 5623 34270 22356 6504 29255 47844 25434 35087 19546 627 44228 3190 37390 44452 44173 3273 14709 2481 39597 10482 43911 6335 30428 47778 43419 35005 35034 28012 39228 36743 19758 33412 22498 
42113 28478 40314 30005 5397 26886 38112 43100 22600 41302 31975 7099 25522 23809 10370 16564 14891 20851 522 9787 39840 48299 41767 14892 23380 21264 5606 11608 29584 27579 22668 11744 7542 3029 41748 1501 29915 19908 44600 41076 1257 16622 36736 26778 40430 47105 31903 43882 8004 32424 5155 47843 20770 35483 2783 44150 45309 45464 44319 26378 24528 18472 38121 20632 10063 19917 22132 28539 39824 6779 21100 41080 11962 9321 7905 3877 44988 39807 36320 4477 23716 30036 40881 44485 17005 43663 40120 13799 40612 35925 40176 16626 42958 29782 25819 4506 1184 36512 
33044 41007 43290 42705 22134 6737 40588 30038 47689 37061 21330 35494 30099 33607 5578 22465 29578 22582 6176 9745 24942 46787 34231 16603 3460 28675 34946 29278 21742 36130 17275 43348 17184 612 37538 39318 44424 18173 9403 43598 43795 30733 19140 25379 15825 24717 36406 33964 35860 42581 43709 12287 29415 17987 28889 21437 35223 15320 39276 8451 40011 45113 3284 45757 45724 29383 25122 41634 47556 34524 36717 42836 16742 44418 8263 21129 9182 33230 6578 45041 27296 38848 8813 45272 8321 26263 18194 43543 30145 8956 40555 21641 42630 32400 18883 39839 13269 44004 
21520 872 18576 46799 32269 35317 42702 29093 45007 3370 13808 40147 48410 29665 19042 45785 26423 27362 23533 33178 10953 5163 30695 40069 15366 24810 23955 34248 16135 25785 18300 26216 26656 36875 24500 47486 12239 18688 28065 45808 10619 41872 37440 10514 23023 7967 44860 38007 23891 19879 22670 23405 25041 41927 14959 40406 18222 38913 14702 22918 4745 21563 620 31400 46999 25119 18934 47799 32368 46998 33654 42986 28917 22579 42062 40501 19108 38407 29993 31560 9771 41225 6450 23374 34637 9970 3827 41420 37445 7090 15824 42189 17214 5005 13637 4260 18685 21132 
3545 2539 19615 37198 45524 37093 48339 27633 17642 7494 17526 36196 39053 15858 28906 34064 27793 3590 32595 31620 33572 10087 27271 37957 3762 44485 42961 5960 37306 13131 27091 29412 4231 35267 6658 38317 12407 6482 17435 30048 2537 23522 17730 30151 39380 35197 4262 18658 27349 36856 38839 12406 46943 6158 1848 39266 39204 33370 33787 27995 35062 12363 8893 39293 36191 15550 17657 83 10593 35091 30131 13129 47175 47860 43279 38040 34542 47540 45259 13376 24443 24146 14343 11433 30303 4752 39260 20992 38121 24532 472 13231 36894 46440 41085 24570 13475 10227 
13215 24067 33879 43345 37195 32539 31252 20521 10626 5841 8108 7371 7779 21113 20078 22121 32545 1866 26873 23291 11419 5041 36384 11890 18271 24764 9816 10841 37895 11852 9629 39671 35919 32070 34501 13161 16094 17238 22244 15282 23079 30351 11214 30857 40025 31291 41539 12618 33156 19897 24470 44574 13500 12339 45025 31770 25664 43402 31173 3607 6740 29363 43277 31220 12918 29264 44380 17574 35063 6671 32855 46703 25584 44068 17607 17094 26844 10632 29711 47 19090 5666 44620 32589 18005 29692 4407 32230 24580 24141 35836 19881 4989 30599 2586 17907 48424 35527 
35480 34972 42198 19820 21723 19267 15373 39329 36360 30778 38522 6119 30824 9098 346 15491 30248 18350 45182 34654 2066 9809 10280 26463 18251 3831 8547 20836 21737 8456 7849 45778 31990 38608 17083 5198 9360 21017 33088 34281 3280 23096 40399 22665 20755 40745 38155 2488 47656 23384 25704 38283 21755 24545 16232 40005 28375 13340 889 38673 21796 45813 35936 42347 35906 41580 47544 33827 14082 20679 19593 5923 43774 40 28587 4576 29346 6789 44140 17049 18735 21329 43894 40489 34435 173 20541 2858 13512 21429 41530 23869 18727 17514 17701 43194 10579 16730 
