85 60 9
9482 31063 27508 13911 10716 21520 25149 36781 11626 13537 35613 19994 45333 37859 45337 42986 29970 18790 7503 42111 13261 42849 11683 14385 32628 21318 33865 13796 17045 21325 30725 26526 1463 7308 37525 12179 25915 14661 46047 34628 25285 30735 6609 22606 20582 3933 14667 47639 19810 22170 41737 33070 17006 2495 44543 46721 20901 30395 12505 37945 
795 40317 13547 2258 44712 147 11524 22615 11895 6646 9230 37180 37380 12927 8861 7037 13947 23527 6663 33757 42784 45488 15902 8866 47982 12432 7574 20870 39915 17166 7891 37797 6558 18525 40054 3258 18671 653 22960 30565 7298 29277 16820 41766 42203 25680 790 8138 46295 4541 38982 41066 2016 6871 1919 47085 19303 6581 17031 8293 
20834 22009 46089 27392 40533 35219 27737 8279 35871 2684 35931 40257 29048 4739 34010 20327 30418 34799 28464 25788 36427 19433 18842 38442 23391 17848 34603 39781 24428 3621 61 45262 25629 43238 21729 15237 30444 1453 23515 15390 1224 8521 7634 30271 13259 41643 2585 40765 25518 28136 18540 13932 44656 34469 1450 20035 4305 36052 11803 25820 
36760 8952 20157 14376 4177 41885 26700 31708 40425 47302 47097 41648 7810 6719 20995 21069 45449 20667 10909 22954 791 29448 33974 42534 15905 32511 11644 17297 17638 20535 43116 6385 29486 15261 17848 30750 9133 44547 14445 1546 40924 13529 40281 721 17335 13263 18877 14772 31018 29785 34813 31808 11221 20774 23417 24213 2360 32149 41509 19997 
4671 36612 23469 31244 948 41316 13981 7169 34938 28425 8714 27849 39041 46082 25658 8364 8421 44534 23135 39438 26307 9935 20321 34615 27797 43737 7903 27244 27873 1399 47241 29631 35098 22697 12862 33134 13089 26842 40302 45114 4342 46103 22039 40471 44172 47696 822 4580 44217 21044 44017 22511 28066 16325 6201 4938 9138 14103 32182 34098 
15501 28498 15717 47687 270 25666 32808 13358 1584 25097 10460 3013 23187 29586 43483 16434 29269 41392 21014 25473 11511 14106 45072 39577 27519 3260 41602 33744 17363 22859 19829 29951 3344 32633 26713 3614 10287 8596 14059 11870 30780 21606 14882 3042 3179 7441 19476 32447 820 37577 6996 12331 3670 4055 983 28276 7314 39672 14007 21764 
14519 30924 3703 17862 15544 27503 18563 25830 36099 32622 34787 18866 6215 46757 21908 9394 6185 41383 38928 7004 30947 45923 16422 31704 1965 17404 9056 6367 9064 23062 28130 20670 3061 28920 35619 18605 8411 6170 41522 44509 38791 28297 15362 42093 27041 34357 562 33225 27727 39490 37316 7749 37400 5726 36541 39365 20217 45596 45731 29280 
17733 22936 47037 20794 3844 34644 36486 9342 40813 27083 5838 28679 4455 18287 22759 28583 4632 23321 10883 29446 11886 187 37195 1273 5912 22811 37725 26128 17482 32531 4484 35214 7455 3508 5083 8386 38151 38656 17727 28039 17727 20652 8705 22181 38938 28552 2752 40657 948 13634 22091 12833 13820 8361 14105 16819 31171 3818 40035 640 
36348 41606 32941 40890 42201 38024 1263 29428 25755 16077 9454 43481 36728 15247 17650 27654 43798 17489 20298 41833 31122 42388 6653 42030 2736 17845 10836 30994 18750 47958 31633 4174 41551 13650 45063 35740 749 43414 17155 26503 11478 23696 21972 45294 38942 36709 24935 31815 6185 42320 22723 34394 33784 29375 28411 33607 44308 39247 16589 15045 
36280 45309 16306 29819 10946 13357 14634 11694 5846 28876 38197 14411 4559 9244 11692 40589 43040 33714 21479 1212 28022 44202 35605 13793 22652 16004 44487 18947 4326 13063 31080 37693 7448 47385 19499 18393 9817 31220 27175 15662 12083 14447 27161 13730 20778 35940 3394 15805 21642 21960 14104 1651 18149 1696 12531 37889 14787 6093 8823 16200 
19156 39902 5881 23691 36363 22467 39171 46179 2763 18333 10917 11933 29867 38077 22750 2632 26004 26143 15524 44733 45191 29627 43471 15327 28411 5077 5203 40285 11170 11114 5561 30325 91 8529 3091 36453 28083 42261 34620 30845 9670 42624 39866 39536 29776 14603 39256 4855 37834 3855 1576 35012 33482 45046 47426 10968 2111 1705 3240 13280 
12818 8800 40692 12908 14416 43782 1349 42499 35118 33056 25331 44787 27667 17184 33399 9430 28875 21730 14284 18696 25584 12947 5695 8141 9981 5108 19108 9179 3900 19436 19546 16717 25323 12225 26713 39739 5082 25149 34225 37287 10192 8631 34062 34946 22903 19448 41463 3765 41177 4822 22460 15836 17769 25242 23977 24837 27437 43084 34015 31337 
11595 5548 45141 36918 14860 23841 28644 17029 977 11944 6303 8256 20574 40364 43201 43476 8887 33739 47240 47151 38561 18775 14975 8317 41104 36039 30241 20529 28198 16243 941 39793 18878 46081 28698 33737 21910 6417 47853 22886 18360 6143 28230 38933 43595 23418 31485 4469 6233 27800 696 44793 46575 12758 2185 36754 784 32425 9270 28981 
45755 7298 17849 16620 5367 46546 47444 24364 4950 47284 47249 23309 5414 24554 11318 996 45060 42802 2553 3280 19677 336 45160 18239 13093 47344 4069 10964 28844 13338 39944 26586 17724 9781 40293 23090 5402 39724 47453 7440 38995 43777 27836 41496 20319 39153 39580 14454 31030 42132 17733 2695 39555 14880 18021 4635 11299 22089 15598 37230 
32515 4617 12891 2226 11485 5171 22403 16887 44894 18931 24326 32964 14695 1237 23535 32101 40390 15102 46554 20495 6309 13362 23189 45863 28241 38298 2485 36627 12374 15170 25844 41976 16875 38734 44201 28359 40992 15679 42333 34961 34609 15734 19912 46392 16971 43447 27568 6436 10536 26110 26930 13933 36559 47207 11783 13876 37492 11356 2490 46953 
23613 28334 40917 40487 16143 37105 17922 9123 4772 12242 44083 39380 25064 13071 34847 39122 8505 14403 45557 16128 40512 21562 27148 26146 20756 38931 40021 10235 2274 42511 9176 25886 19920 2080 15449 36062 36272 33370 42272 38131 42699 38343 26587 19750 489 13421 10859 6081 27823 5491 19296 17410 27053 46444 43556 47808 37362 35564 7119 36723 
27150 13382 11684 47069 12549 27132 32207 808 9577 23554 36027 4264 10972 14601 21101 11460 28021 31960 17540 7832 34538 36836 25241 13578 35267 17872 10462 21704 5424 17580 10414 29661 28049 22097 25806 40597 1217 10000 38492 10793 30641 26506 12144 41613 41106 33245 5060 18203 14280 19688 23122 805 8511 350 14383 40865 15310 21932 14556 20733 
36599 24969 47481 16635 47065 25274 6307 45369 32361 44798 5238 14990 20380 14469 8590 10561 47713 10737 28763 11068 30424 3872 11873 38934 1310 23343 28874 16619 45274 43429 34439 33860 20385 33907 47582 16526 8257 5876 10970 40617 47761 13295 7594 17216 24852 16183 27777 24552 26920 5615 35620 6419 6575 44580 42441 4972 19910 23302 18678 14259 
18719 5104 45206 36191 36098 41863 1792 44354 47738 9850 36959 44574 23144 41640 13778 47995 9811 38642 21623 33818 44256 6318 40236 47918 2885 31752 4877 19882 7042 23554 31228 22848 25745 28421 11026 10919 22271 12818 7260 19084 19755 41306 12733 42898 34934 26510 39969 41832 14227 10667 24725 10471 14072 14036 7464 16956 45788 12341 33925 4817 
35894 17140 27664 10715 45560 35777 21633 16906 582 25980 35989 17424 19274 709 12310 3283 24307 1354 45114 38533 9108 21826 46091 23179 35861 5543 37222 33636 17883 23134 35540 2852 40273 15191 10654 34908 44 32286 889 625 10254 33965 18049 26615 34673 27446 29897 8055 25887 24086 43676 32082 45911 41754 7248 30847 44384 44469 13559 11342 
16678 46186 14194 6026 10453 21935 38021 10496 6209 38909 11120 13550 24861 26256 40164 8609 2777 22048 16664 25751 46133 12327 9820 41119 3156 14155 21041 47540 7699 31687 10869 24376 29861 22150 30401 40313 44085 17497 2796 47381 8393 11003 12918 33253 34347 5069 41862 34211 24204 7601 11950 19412 17015 18857 9606 20170 33012 30646 16785 40710 
14321 27654 14162 41269 46891 41650 33569 42963 11135 36364 42331 19527 44454 4324 1856 30788 9392 40805 16987 30683 45493 26024 2082 14495 44880 11687 31752 26967 42333 525 16753 5729 25266 30914 46997 24144 21639 29641 19095 32773 15080 10501 1376 11521 14825 319 42309 21304 41123 8371 3975 38603 34394 6056 2173 28349 14831 33924 7304 6239 
31536 21144 11967 8789 1133 8039 32933 22771 34767 1103 4620 1834 8691 3083 13354 20603 3401 4738 38995 41611 13108 40057 29289 44589 46112 31461 24926 10018 14460 29317 16256 43084 47548 25310 3860 668 33348 33880 20526 20102 32070 25145 19023 37849 25315 32377 10439 28715 34202 46521 19401 47310 38565 677 40974 33753 29225 14975 43770 40773 
44291 12014 35844 43826 37323 36791 41581 19747 22659 14095 36936 3804 36327 7947 41652 13630 37411 1167 39432 23600 47687 10821 19985 38240 8585 12947 21068 34898 27921 16825 27658 21288 25926 12577 14189 12325 1355 7758 32071 21101 18940 18082 24905 7254 26028 15632 17971 15426 16798 9391 36114 13561 17299 8086 876 25883 21032 21943 9856 46041 
35855 37513 19316 13769 47177 33504 26093 520 38349 7239 18708 9276 25320 43612 13618 3336 8320 31588 15849 22205 40978 3950 35765 7352 9124 33728 33235 27243 7658 40178 25271 40601 29679 44586 6357 25931 27166 29537 26450 17502 36775 42246 26778 14082 34933 40395 14505 43252 21058 30354 17445 11112 31391 2285 18463 37602 36013 773 16833 40758 
40951 42103 33346 19705 38677 36790 45635 14918 18314 21161 32419 7076 15394 11184 18246 2314 654 32750 42654 18800 12179 12086 29911 40658 14370 361 30247 47470 46234 47079 40216 39172 38258 22637 7952 26010 11415 5574 40927 29728 26734 25333 33892 39215 33605 4125 38617 31346 33962 33258 2133 46141 42431 32043 38786 5876 29492 18108 5334 27713 
17175 42637 18872 4508 17261 23911 30517 28675 29484 23431 7479 5294 751 38458 41596 34355 42582 32200 17689 28531 17445 19821 23747 11863 940 11608 17739 30431 29716 23072 10131 43978 14784 26090 473 32044 1988 30989 9795 28559 6407 17273 33852 4245 7718 27436 35688 47387 11623 2452 24993 26156 22272 728 35106 20299 9423 4832 2717 39138 
24991 12847 32191 39774 36024 32663 20894 38011 12727 30688 15646 16221 45048 1485 20466 4753 26008 5229 1215 34719 7680 26207 9950 27039 24022 45055 47338 33445 46975 2042 21658 23953 11977 5837 12803 48000 35587 33696 35087 302 13459 2720 13610 10494 1292 34075 12334 24388 39303 13548 8182 46982 36842 18131 26009 12852 15173 22422 46296 11223 
24463 19941 35176 36439 22865 45066 33515 10440 27837 17677 10741 41295 17484 24350 864 18775 7501 13197 40250 43891 23832 419 39949 12661 15637 15033 22600 27898 37454 20883 39120 10992 37912 23371 47431 12764 20424 30021 20291 45348 47697 31031 35718 17168 4457 36581 33030 9045 46865 25268 2011 19772 22774 41959 32433 38411 6067 7020 15384 43520 
24991 6491 6500 11978 29862 3006 21829 47373 33026 42120 44709 29798 22226 29502 44053 26682 18071 29070 32814 14011 3413 34825 33783 23275 25859 15291 10761 31926 22310 26144 27433 44388 32634 31020 5441 11571 31113 27270 8020 13214 21377 1804 43011 43602 31305 39051 19360 46463 17197 1249 12462 20609 36073 43332 43883 13920 10610 6631 42933 30007 
29862 19441 23471 14484 2449 28911 23142 30649 8168 31161 43863 29544 32964 38861 22222 16257 26988 38669 14707 41272 39917 24256 13868 27978 16663 6827 38985 27272 10545 33905 9267 40407 5333 32737 3966 4869 10723 27107 35518 18891 10256 28456 45522 40307 16392 16819 8551 43379 7475 20346 36638 47392 41689 47594 24445 10340 3496 12505 34699 14040 
46409 41053 3522 817 25777 7487 2774 33588 34594 35379 4466 41937 15822 47075 34231 32213 15882 39870 24668 23356 9291 10381 19823 55 9962 44267 10394 10545 5847 42181 24585 4243 35221 28106 2148 12986 32681 2009 46573 16350 37387 114 10274 5196 47188 41592 34496 15057 30537 11151 35501 39827 21532 7311 36970 28581 654 47363 39126 6500 
41531 12786 7831 28740 40891 7066 38813 22647 9074 34461 38996 43548 31662 46357 731 30837 39937 32314 42982 22461 43465 27558 11364 14072 31956 321 42652 32609 44771 30853 36197 35378 43638 41115 13193 33605 45268 1081 8239 6329 32629 47235 46964 16278 45579 44782 44202 34591 29083 39171 6128 24535 15804 14579 35694 47760 11987 30334 29444 8745 
13174 17628 41210 5888 7818 6390 39492 5073 4558 47730 8489 37186 44040 7440 2539 41607 4209 46741 25273 33292 34987 31400 6902 2779 45978 39684 2526 9952 22005 31969 15785 32266 46685 6070 38153 3578 9548 29632 8651 14105 26438 14227 367 22465 21667 2905 13147 22963 1633 38420 5330 33708 18895 9320 36486 13949 991 36099 20988 20083 
17143 33860 1424 12903 39930 39577 16481 1465 18284 25131 15569 41809 39357 15935 16262 10099 15928 26496 30150 17560 13991 35479 343 32886 41886 36828 43922 42876 22002 16897 14946 39145 2745 16370 4035 39762 5022 17603 41226 20393 42733 5870 14190 31166 18893 27539 38352 34820 6022 20489 1455 20013 5044 1798 1974 46929 35713 45895 41793 9703 
14779 5814 45935 14611 19271 47057 6360 24292 16648 44673 41773 8456 2531 7950 39621 21423 32576 27049 8230 38597 47537 6772 7685 1656 8569 9658 573 44282 7540 39453 5972 19407 45266 982 31105 16525 26 34553 37904 13761 28301 28752 22217 30831 33789 10913 1329 18352 37961 6646 6025 34574 13418 13709 36229 21986 20455 36801 15343 25082 
28241 18402 41576 22583 19383 21757 36195 16497 5385 23174 30257 33685 3914 4461 16504 37702 15374 14920 5130 5322 21566 11154 39895 32071 21950 28112 3132 39492 13988 18475 13650 42229 36876 7213 13887 8247 26057 2069 24743 31441 25242 4075 17114 29155 8536 33617 15933 20997 45624 18150 26318 19177 29303 15289 323 328 40488 3455 36908 6463 
21929 2545 45779 10792 6845 11653 16126 32902 13721 37956 16330 36051 42031 33443 14281 47654 16135 30213 20638 13747 350 44043 30011 26740 8407 30334 24156 882 33788 13051 4433 7704 12683 2199 15583 19527 10940 28797 4416 21748 18740 20746 9786 9846 3264 24067 6575 19399 3355 27212 30233 793 20331 12231 24620 28737 42564 763 26707 25427 
10901 31139 30218 23583 30425 42889 40198 41364 23673 44613 12188 39500 14434 21973 46434 17698 43127 4996 34184 43570 29296 16404 41450 1614 25722 18057 27438 17362 15908 6132 42788 26808 37270 22082 47479 19683 16958 39664 10122 40630 33352 22309 29205 44874 41370 27626 11647 33572 29710 45830 26217 10993 11309 19654 9694 37030 37711 37131 6379 5606 
40351 1155 29501 26696 23236 28967 43466 37281 17706 5576 29898 134 24972 8178 45007 15417 35804 8641 46077 17501 3546 24281 25581 14854 43935 32362 3871 30721 18568 10250 36326 10906 8492 14902 37602 28815 43869 33055 18083 10650 35718 45068 10783 9766 5233 4865 22270 38124 13505 20334 4700 17050 41703 27368 28991 34713 11717 32862 17421 30285 
40199 2822 38278 45778 17723 24955 26580 10667 7086 41750 18405 42803 35893 26275 1644 38213 31140 23914 28325 41732 44247 30112 10770 35025 9468 36848 21725 18272 21697 36233 544 13883 39054 35910 8736 5853 12852 35315 13607 19937 26140 32011 11816 14020 10274 13459 4221 38501 37372 29633 32220 30695 11732 40077 14795 18287 28913 36520 36559 2597 
24740 34190 13568 12870 22087 22303 15810 32027 6694 26504 3951 32833 7591 12854 43941 14952 26313 45249 5440 12760 26869 37659 40542 35688 29724 7325 5963 7712 43844 39609 7396 17659 25786 18051 27616 47873 40354 40513 31887 44135 19005 32925 26043 26595 45779 19059 41546 21167 16295 46985 33926 40251 33719 23544 27927 12518 30868 30977 20229 23787 
22573 27625 38533 346 45675 18137 45306 35104 7725 26268 31226 26729 11181 6345 2399 6035 25403 43944 27201 41698 40004 10202 31024 25711 33745 8026 35316 13688 39002 7533 37474 10650 32245 27995 8084 29907 43219 2465 14087 2931 28733 42400 29660 39913 732 29146 43035 23223 25078 19311 13996 14157 29512 45019 36955 12333 5033 24259 26020 41122 
31791 12570 848 16023 40564 8931 43017 35770 11395 9091 35788 37215 3479 14523 26203 1298 43669 21225 24520 20734 40535 38515 31978 19123 32610 20921 28543 37642 45179 3638 27839 26045 16207 28686 39155 5846 34704 31247 41615 43187 40338 29391 32389 40904 43913 10580 39289 36657 28892 15797 9378 18503 3387 38444 34713 35996 11352 15243 22713 5606 
15968 2540 31650 32175 28313 19880 38020 15005 3114 28711 10179 40539 7177 39655 33430 165 2222 24707 36822 28202 37591 43287 46704 40977 33718 33404 26049 45069 45734 749 2662 13689 3288 31399 45863 31601 3266 32959 43693 3468 13657 5859 44006 20833 42601 26512 20997 41911 3206 9806 22100 37884 5081 20791 27936 38798 3270 5972 32943 991 
6721 32692 14679 7096 16079 9618 35784 16432 42576 31464 16987 8220 34410 12981 29052 28999 39492 47136 22897 39785 8930 44996 26744 11098 14862 6667 46983 18131 12639 31913 19121 19359 16593 30887 23542 29759 40504 11314 43278 35067 42777 9341 40374 26263 22321 18501 7249 10888 17625 27233 47760 23642 21304 26491 31827 36165 33157 30797 3371 45795 
11786 19579 14229 25466 2453 37771 7212 40045 1072 47577 24187 40936 8905 16549 16274 28313 32137 20610 36288 1749 47842 36035 22478 21133 14513 6292 6373 44758 34177 6831 42540 45962 26409 5845 23415 25950 43615 27714 15070 41774 24366 39256 31785 30359 4880 47 7747 37017 20656 44035 35853 17574 32057 7407 35794 43658 10786 42167 37491 44962 
46085 32018 39999 24482 34950 12489 47519 30552 40202 11664 21401 13644 2907 2262 44002 4875 2308 3736 38979 20051 47770 23907 37624 28903 28401 25406 21636 39187 16648 11114 33224 14720 40219 22299 36289 27157 34787 32883 6784 26977 44546 25273 40620 44541 27534 33697 46503 26929 34520 34557 44067 34278 10451 33679 12256 38852 8160 30979 27114 21895 
39180 12325 33702 28474 34623 19067 4706 21398 1025 8578 45462 45571 33850 35157 39187 10459 17929 34765 34475 4436 21309 30529 35801 31759 13283 44 19686 18530 28110 46799 40424 19277 8200 23202 44839 39910 42268 1532 10383 40380 10109 7832 35026 41046 40076 26200 3492 9992 12952 37966 11516 31348 17571 47316 15095 30853 44448 31868 1371 24545 
27743 38882 40910 35942 14071 37736 27839 5414 36355 35310 45794 46464 43141 32807 39497 32293 8083 40077 39372 18122 27118 2875 1458 44688 2179 13640 27529 46626 42595 28899 20246 22325 19768 10231 10254 30927 47966 35181 36340 33397 22478 31209 31848 14694 13092 20420 44074 21174 12484 35434 36383 36690 35396 37840 33365 34662 555 12881 33275 43150 
38867 2597 17462 7711 12827 24804 38637 9869 9060 24052 43265 31537 7249 24188 43318 20340 41695 39380 38601 3255 23889 26971 39944 11272 13887 25296 45934 14441 35265 28284 6666 26119 27968 24128 30917 40795 46019 21541 47751 7066 42681 40091 35690 1917 16266 30995 19344 9948 19450 9932 13202 43338 36902 5133 3686 2776 27517 46707 14305 14769 
24066 20970 37975 4022 42185 17968 41904 40191 36596 41642 44344 31264 33720 32021 33180 47073 12092 4511 6096 31541 11530 19298 23955 420 21518 24728 283 46122 23422 14587 9966 44575 35557 45029 584 26817 14984 42487 18996 3567 36116 15327 34831 18911 47348 17086 15059 8515 18685 21155 37143 30214 37540 10173 27721 11045 34900 28004 6243 7397 
39678 16208 3960 24310 13224 4543 3115 28207 44118 22110 28862 29309 34524 15680 45308 30947 32765 12354 39461 3437 33508 28592 30739 23035 38764 10447 31168 22740 38450 37410 30136 27204 5605 31183 3501 15917 32814 3703 41211 28919 22900 22060 7303 9412 37739 4598 40358 19580 16952 28895 23016 47547 6562 5742 22570 42413 13277 5725 17140 802 
40222 44364 28005 45826 27534 28594 10818 9423 32296 4017 38341 7184 26076 42732 13683 12891 47329 3116 32470 13356 32010 4561 12891 35659 7391 35460 30060 20667 38272 47199 21468 30481 43550 46561 25382 20160 27142 36200 29582 8513 37304 16999 12784 15367 11718 23554 25345 8122 26670 9802 21478 7755 11451 31456 43414 18841 15991 25461 36595 6250 
21735 7138 33818 17273 5686 11187 34520 29915 44474 16089 35516 33765 33087 287 46220 41892 23841 23552 2002 47598 30442 20567 7340 41892 4010 47841 9808 20000 25289 43490 23337 44112 2615 9142 13372 8301 20328 47891 35303 13878 13055 22806 44730 46142 23093 42937 37109 44021 15565 36198 40694 46006 8752 21 36973 9849 44950 43868 26936 19314 
39345 2260 15413 41959 11401 25872 47347 28817 25750 34638 42694 35893 6519 39411 31110 26699 31424 20206 22707 46988 8392 12476 42069 14231 9585 28117 24080 6522 21060 3003 25835 12392 5263 41248 3426 13751 19107 47861 39655 41945 31574 31424 29825 38092 19911 10010 16779 3322 30215 36573 47397 35694 1037 38541 1913 10621 15733 25992 14230 36792 
26082 40064 46271 28432 30387 46784 39271 46582 46632 30913 37602 30193 14325 16502 20273 34235 26511 34139 34644 8713 22699 31116 44407 23735 21644 46319 31443 37376 21386 45672 23243 44555 34812 21501 24975 17186 20272 16233 12843 15980 47145 2432 46172 10545 18933 15520 41867 45443 1646 28498 6144 21433 11601 47638 42255 30332 43032 25686 16783 13493 
20433 37113 10035 7232 10601 35009 21506 27961 317 34348 41028 44550 36780 39187 7082 7700 3783 937 2219 2516 26522 5450 23948 35211 5075 18191 14618 45194 40964 31401 10674 13384 20501 17796 17704 28190 4793 39209 5226 2197 22632 46253 46746 11399 34515 5816 16187 35385 3840 18405 37901 30361 20942 13836 17559 26016 29114 29265 20285 22065 
12653 28046 32537 30241 45841 47328 7506 47721 35612 9819 1906 10231 5147 639 18718 39662 3542 31992 27034 7381 47484 14010 37742 20413 24934 4376 43516 6035 30728 15788 25188 43380 40921 6800 22697 38749 6115 27290 38458 41726 37109 37451 1032 42255 38089 16837 30992 38719 816 7102 46099 287 21111 32916 17787 46044 34380 13290 1155 17095 
26165 23430 9551 19073 30229 29335 6898 33431 8612 42443 24232 45720 31881 25263 37051 19045 42100 17118 9751 40003 21307 4926 37378 42418 37841 7152 37537 21296 20442 35779 38391 43694 11196 47941 14755 41424 29263 21652 26842 34962 16082 3061 29758 45050 25412 15884 16082 16587 33001 22921 8577 6296 27846 45954 45801 14762 5094 32413 36058 22623 
20180 23524 18304 31375 20540 30146 21875 46890 3785 45804 33839 16954 45953 15584 11079 23352 31467 24249 39938 13544 47169 45602 19839 24090 43544 14715 38851 45725 47127 23984 20335 19294 47507 35726 47757 20034 17860 18707 18911 18732 16498 1826 32774 14438 17409 43852 34877 45964 20088 26802 8583 19244 24392 28421 40421 17011 40223 31260 14723 39337 
7231 32145 7707 3814 19858 4539 23847 37717 23245 39846 5525 36830 41671 38298 3256 8155 34137 35220 3194 6213 14010 11776 22544 35489 37284 14953 1575 29494 43300 13385 20819 47618 45529 25613 507 14462 30151 24354 1255 2471 13275 6779 39300 6933 45076 39643 12175 28288 26851 15369 34500 40860 27144 6120 25424 13504 18160 24086 42997 10535 
37470 12891 7228 32074 38503 7735 46535 20641 29176 44877 23111 42450 3643 11487 46470 45806 3117 10632 26082 29967 26000 9657 19902 2220 12864 42413 15723 31023 18486 10707 38645 7943 20686 45873 40016 11176 5595 35627 28905 31858 32491 1091 26295 33222 12577 24752 28103 15694 35383 6172 42748 10459 12917 11726 12678 25780 6126 25488 5879 24612 
33282 44523 29642 5955 39471 21646 14219 42153 6348 43123 25998 38838 44213 4280 21135 5866 26119 1226 18647 13490 4485 13382 21036 17401 25107 30801 40269 28321 8276 46147 4920 38645 39745 31649 41688 28292 2370 7894 22432 8717 92 45518 44643 41392 46885 17765 47257 24992 16078 17891 35569 20563 28361 8592 37963 2543 39392 30219 27951 44755 
25441 29958 32475 17174 13595 26150 42553 15964 31131 14060 24681 31222 11565 21311 24602 7526 36163 23846 32517 4229 38825 17161 24791 16261 22840 11829 15891 11307 39136 43842 5137 16564 25787 37611 30825 39381 15749 25365 7333 43967 39425 29101 27177 65 2399 3766 7590 35649 24699 37194 39877 12599 6342 13743 25947 26269 25572 41838 37575 13783 
37667 42711 30346 12529 32310 10247 3898 45146 35611 8318 41100 24111 37418 20264 24176 36904 21117 28853 24540 42904 18035 13493 7490 21464 27235 33437 47733 1882 24350 37295 15664 11092 31994 43098 23620 13379 5332 24605 10512 38030 32922 687 11217 19415 18039 35392 8306 36243 13320 29934 31134 31354 43426 35712 4806 19736 18224 4526 18706 42573 
41820 31457 5652 22889 23630 26359 36267 28961 2952 43866 16067 35873 41641 27283 7276 11667 11750 12669 47909 25069 42602 31031 5499 35103 18730 10304 3915 34041 14829 22620 28601 5724 3152 31340 25701 26782 9686 13955 4818 12637 6897 20884 498 525 45254 4861 9279 6079 17529 9175 28236 9207 37293 33734 44309 5098 44037 45311 39138 7941 
17006 16814 10752 20158 141 36452 46939 9827 47495 3744 19551 3467 21716 17136 1079 18957 21996 10357 22124 36613 16619 2347 42907 2988 36080 36291 8085 29192 33590 44311 34220 2583 10200 44971 22740 10341 30499 18754 17255 27069 22498 36805 30535 44213 3017 31613 12245 25012 39057 34368 10700 7663 36714 2682 10650 21869 38973 15823 3048 24550 
9209 34355 24220 19408 31314 44048 26836 10888 14789 44090 37956 37286 29971 17566 30574 32987 46266 39907 7074 37310 26262 14862 42060 12052 17543 1786 31008 8503 14696 31144 30140 23904 17486 6348 40399 787 2383 19223 8762 14259 12388 43805 621 42358 13358 31194 24420 8699 23088 31494 43096 46438 46355 37144 7565 12973 36017 38572 21476 2700 
21703 691 23691 36277 4126 16077 37063 3596 32387 42913 17855 44775 38705 18475 36208 1139 1656 12616 9837 21832 41197 2009 17345 36627 39152 21997 1587 27156 9644 20150 26943 28435 20841 2621 16699 24966 18697 2837 28562 3072 45749 43504 44934 33530 13966 33129 34668 12709 42832 41592 31628 36016 43600 960 24630 31827 20044 23305 8058 26776 
43454 35000 7198 13370 34708 20984 38336 2481 23820 15973 5552 18645 11464 47573 1250 25429 29777 33005 35225 24597 26584 18841 12600 19260 16888 34318 162 36932 9610 5308 12783 2139 37395 19980 15509 24091 38051 2920 26571 13858 15980 29210 29590 24531 28770 30839 47047 10534 15831 34259 35130 39503 5087 44818 7838 21975 28211 5087 7982 37820 
10394 20764 37046 47789 37831 1630 23867 27869 4549 47525 38814 17616 28722 17480 42146 9479 45406 41180 17100 10313 27427 1306 46903 29601 46123 6728 651 26321 8902 5720 13216 19296 26483 47349 16160 13389 967 37114 38345 2603 36626 26235 20219 17335 43714 11440 23901 38195 1696 38088 495 29122 39393 47397 7798 34591 3200 8449 12899 12102 
14168 23202 28485 37739 22539 41732 203 20593 30833 38548 23195 19446 16770 40501 33868 9559 1017 6844 47753 2712 44931 236 28921 36312 44720 36718 22890 47920 42254 32877 12009 8410 5154 37581 43236 24780 31300 43438 45372 14120 31061 17643 30653 44918 7219 13596 6464 8235 20439 3293 10946 17357 616 39866 2744 45335 25660 25634 45242 19901 
7586 6326 25398 12739 40994 20621 37519 24281 13135 34878 35488 44195 1596 18128 41101 8815 28811 44652 17049 1237 47944 25083 18594 547 14024 21337 42970 39683 44058 37287 8660 3631 40701 34057 16370 33682 3754 5876 9951 16888 37841 45438 10158 39437 12642 334 45339 41452 44986 11463 39777 42005 36545 10358 39640 2557 28782 34597 39327 21916 
20959 47986 25546 13647 34031 39003 47329 34872 41966 6355 3747 31795 868 10992 20307 13509 11326 14721 4037 5387 26183 43813 44479 11804 3246 36106 14360 29115 19778 2762 3018 40737 2736 25652 3459 33854 16642 2775 20713 10596 9129 21547 39478 9997 29626 11772 20593 40951 26492 21717 43425 1750 14605 39892 13553 17850 25073 25000 44053 44851 
27762 47070 34663 27585 24709 38121 13426 41351 37984 31226 1022 47112 1848 40499 6184 31473 1346 23865 21500 27837 45581 16912 26674 12174 5879 40227 27111 30952 17214 23151 24878 42063 19297 8616 21635 44005 43824 32148 34431 33795 12449 35452 29983 14296 27938 33254 45769 29283 9106 19256 6195 6675 33255 29957 18848 39134 22171 43046 19161 36472 
18185 41126 27611 37481 1729 1233 30561 42640 30469 16980 28423 42917 1507 7481 6289 26533 40734 4045 4891 1828 20388 8174 5590 2718 38130 21525 38939 9376 16558 10087 42935 34742 288 22533 21298 47116 20854 3847 41744 3310 17914 19242 43314 19420 26722 1590 43040 16531 5634 47931 18358 23109 8092 21035 25827 43309 42559 16753 4672 11105 
23928 47606 42934 24215 22127 16220 23319 42980 17154 17050 43377 35067 33379 38678 3562 12088 40268 46602 25706 42989 46520 41152 18086 3687 14174 41000 46995 8721 9740 3654 16913 33667 335 11834 6958 22461 25141 30276 14516 42294 44413 9880 26436 29779 45646 29998 38954 37901 28587 13735 32877 24182 6874 38 27868 21048 41037 26850 26856 47865 
27591 43768 30607 27925 4677 37564 2374 26906 16915 13977 18275 10403 23857 44711 37269 21490 23784 28210 8466 1446 41945 38430 25627 45906 35556 5482 18941 28580 29419 45796 25520 8997 38639 8115 36921 40404 42766 36382 19297 11669 2347 37571 22071 26203 31357 11328 44780 4216 36625 2321 5661 27645 40750 31287 25539 28293 33856 41567 5949 15262 
36439 28556 24258 24153 36670 13167 16544 28512 1536 32928 37268 3882 22487 8414 27172 2919 16829 21027 7135 2530 23347 9883 30174 13173 41170 4788 41465 27013 43443 44501 42275 28957 25045 15608 5097 10790 25862 21641 39301 27398 6556 28556 28367 26130 36970 4615 26137 2874 22729 30359 5403 46076 40241 35577 8324 33398 37452 1776 9487 29970 
43365 837 10914 20397 16444 16011 31186 42306 34739 22475 18779 41294 106 44233 16500 34163 835 42636 37037 23564 22070 42439 18715 14298 27091 27038 44784 13619 25901 6258 43588 21253 4182 6490 41649 20625 19588 21911 12006 6314 41473 27872 44695 41578 24093 10270 27729 22015 4893 13841 42666 24050 8267 10456 38348 35358 34581 35119 964 12470 
38464 41639 30810 42645 45216 21535 12345 16791 40533 21439 20192 33993 1298 16875 27558 22478 27144 4362 44493 29125 18202 36234 5162 23557 46690 40597 10902 33258 27703 8953 42815 15242 47679 22701 9874 44883 41323 22219 10749 33843 43657 30941 19823 42042 44903 47380 16508 21122 818 10076 47334 19019 46309 1572 42575 42074 42168 2552 27320 18947 
8592 19210 34188 5347 41910 41150 2217 35220 15356 12965 21050 8088 40993 37960 47217 34971 37328 12800 8081 35233 22875 4490 6239 18260 6061 45902 12321 217 45541 36728 16251 3209 7926 2426 8555 46923 43575 7859 31219 8006 17911 1344 13181 10892 39304 12386 45862 25707 25185 3018 12927 45148 7508 19165 15395 13568 14142 27715 10872 8759 
13519 24210 11967 18532 26636 17609 17442 19286 25467 648 24380 40465 47092 37560 432 38383 47033 43382 16077 24206 46399 29003 18429 2982 45255 33823 13638 8473 10613 24509 14319 21219 707 26285 39750 24430 40981 9180 40803 15523 6915 17170 7975 5994 3806 8407 41464 2826 3776 6616 24119 47262 32706 42547 2232 27037 25445 15869 35509 33146 
37465 1815 6352 35259 25187 46102 11676 15243 4357 1555 30765 11271 18724 35827 14353 22529 44233 4892 25355 45096 11508 46561 44346 44213 41096 43665 20325 18528 8609 7821 749 46073 6723 7101 33320 28997 5190 42083 44239 9546 43637 24079 17904 14349 11894 32256 33965 5202 34236 8395 47386 45743 6944 40807 39031 27 36459 11344 15642 45067 
