36 16 9
10454 38782 91718 57689 12383 62031 47967 72963 81424 53461 33646 37661 28562 12237 17283 38233 
8303 91524 59404 3950 89204 39957 43928 84811 19871 10070 71072 9886 51972 14871 8934 62425 
53652 11515 27744 69268 76778 78943 49861 69065 40034 86740 14357 68596 6607 34872 17692 18143 
34026 77096 22092 34093 27916 69252 26535 47786 82554 8470 60905 42156 23341 73071 15444 80225 
87818 46421 57123 72226 32994 17848 52154 73028 12218 69743 52487 22057 12245 70178 43432 49504 
58137 68756 83596 86052 45638 20994 44702 39056 29464 13237 81211 56037 86307 7519 43892 81755 
53939 11879 64844 86932 29726 24628 70823 45176 2002 34173 67232 17479 15215 18295 66982 73351 
87050 58209 67034 43552 79202 19366 82607 19529 35835 74681 75565 29772 82199 30321 22390 47001 
42199 87233 44797 75157 22724 23250 27963 27958 60656 6058 45437 75870 27585 23282 56851 25499 
81490 31515 69050 71556 54113 62520 1948 89947 48064 80746 27349 41127 18697 52971 88127 64128 
51067 40554 46915 77024 67037 78110 15845 38556 84167 64514 22056 22616 87796 78906 48114 80149 
21285 28027 59335 75397 1410 64516 76208 49473 52892 14420 90599 74821 67391 89590 46579 26088 
41007 4357 13975 15674 85699 29820 57462 80729 1964 79517 10975 89759 69287 59088 77539 90571 
87114 47737 76831 88523 19883 60669 48860 76007 75089 50322 58458 53343 47542 15900 82663 88549 
20256 4269 15086 13585 34088 72548 1945 39284 59695 16152 36674 39845 75240 25076 41279 73217 
76045 28974 72604 6792 89642 32327 82798 75594 82648 52120 39800 37821 68019 30094 37233 91508 
34362 52318 15956 71682 32496 21133 18596 3055 37285 58502 46132 23388 86810 87411 4235 73719 
24015 80071 80510 24520 20028 74171 10978 10307 37154 50777 51360 12804 80870 88592 11942 26095 
51773 31130 8640 87502 52263 30469 1420 89547 92203 47551 20565 86644 42592 28032 67993 69839 
15734 59366 1990 38994 44400 16200 52533 81554 66976 11523 1988 58710 10978 17162 88037 62751 
48291 7541 61116 11417 38009 62535 8594 37842 17716 29158 35349 63541 60423 10972 41010 76156 
73570 46232 26013 25601 65664 78546 14785 40271 932 20005 9844 11910 40399 8744 77893 91922 
16284 46639 10970 54292 20037 19563 92134 37752 51954 35113 12156 23240 49318 56399 7026 33751 
13494 36271 59351 79158 22447 77368 30292 23379 8236 40135 38521 48634 48878 24044 48187 68395 
73915 62389 30317 1582 85184 33314 42566 48001 71660 54722 71240 31841 21984 81498 65591 35477 
25400 35806 22265 47846 20804 52556 74457 29040 3554 20608 80906 55665 47884 39956 31690 32662 
9975 65239 34243 6023 6184 80042 54023 81076 45627 32894 20547 67610 22022 86137 13950 50654 
32806 36215 6131 53610 92003 80587 85882 6421 12059 77651 62085 59942 25238 1405 235 38445 
66643 37710 44467 76059 28615 6121 64765 77474 42247 85311 52714 67501 82312 69897 25786 22748 
16975 31916 79590 16608 23366 76335 23028 38657 61617 88345 6230 90087 89749 9697 36162 67256 
50639 80629 54178 82487 89982 26574 67591 39859 22748 31169 14990 15923 8696 40775 41904 25670 
75923 32357 45510 10153 16323 68538 48809 81172 64513 58271 78889 65126 67967 25914 43245 29470 
17406 5053 19587 15018 34859 87177 58109 60840 25976 76332 76762 37904 27970 29529 63573 14757 
61886 16714 24909 78208 88484 76950 70243 63860 42852 56762 39849 21682 82675 83093 51151 7712 
91379 73970 25962 37101 72011 87304 5571 8850 71266 85566 46754 6866 22725 21190 21622 84610 
37903 49763 73681 37250 34344 51554 11974 77195 19179 51822 9740 9485 45779 60891 20429 48021 
