48 88 6
6872 8217 3445 3644 3234 6074 2738 7140 656 5299 5057 96 4822 6263 5010 1771 854 4555 6859 2152 3587 7754 6620 3145 678 4227 2343 4978 4901 4905 6579 3235 4585 1486 6879 6520 6261 8318 3824 6916 5080 344 7011 66 5308 3483 538 6161 6739 7396 8312 1788 5315 5096 4933 5992 786 5977 2433 5686 2344 474 7622 5630 661 4665 3613 6921 4446 7436 4001 8227 6481 1176 8292 3252 3360 292 8114 1561 6389 6591 3348 3166 3149 6982 621 2636 
4421 1755 7023 5467 930 6108 2559 292 937 4873 7212 4084 2474 1377 3773 417 2552 3527 2370 4613 2520 1947 6173 372 7239 8222 3537 1850 6667 2859 3188 1252 3315 1673 6718 2946 6482 7979 3237 6121 4314 613 1667 6787 1989 5440 5906 3242 7668 8275 7854 353 386 4191 7963 7624 3876 2962 8176 707 4523 2826 1958 7837 4498 7378 948 1145 5521 4184 7265 1297 4797 7633 6786 6785 3237 4154 192 2368 2593 8045 1422 2979 3699 847 2065 6276 
2510 1703 6982 7032 3230 7641 5034 7728 5183 5981 7574 2166 1627 5003 2165 5125 4098 413 3373 7335 3268 3564 8404 5860 1773 1288 7540 4173 2134 8307 1911 4643 1472 7594 1840 4702 6698 5575 2594 3343 1720 332 4211 2048 5334 6375 7173 894 5489 2008 6930 7458 4273 6796 3482 4747 6785 2485 383 381 2254 995 3726 2427 52 4267 5830 6749 6 8423 256 1725 7456 4466 3772 4252 1005 2407 3848 6493 3116 2240 4115 6090 7738 7597 2300 5985 
1544 1384 5068 2499 2378 7495 4925 2429 1926 2218 7879 1931 805 8135 3655 8261 2765 6128 3975 2472 8535 6524 427 3113 227 3244 7905 6666 2303 1667 4113 3846 3050 7882 5046 5427 6839 1433 6558 227 2352 4601 859 3157 2900 4513 1582 5665 2104 5556 8136 803 2245 7264 2617 1173 1970 1984 7838 2974 3650 2115 6819 5401 1460 2029 993 7000 3462 6252 5929 5813 2315 6787 7671 5215 1465 715 1044 2270 4973 642 3072 7217 6607 4390 7091 7279 
6374 6391 1715 188 8505 7236 4291 129 727 5283 7129 2890 2997 4520 7405 5311 2769 5240 1988 4233 5955 3031 5204 1092 2374 8275 7010 7683 4128 5563 5126 666 3416 6840 8092 2085 4240 3845 2214 3669 590 8044 5260 2288 2728 4127 6301 5496 830 8288 8431 5486 1484 5097 6577 2559 3537 5049 406 6366 2074 5531 5733 4191 2536 5287 4977 5477 7834 5892 608 7125 5398 5868 876 6827 159 7176 3786 988 5628 2381 6473 5813 6179 3214 7074 8417 
8262 7479 6245 500 4473 2142 3392 7008 7429 7071 2649 6725 4425 3257 5312 8525 7826 4889 6814 7984 2229 764 7674 7857 1846 4311 5132 6727 7525 3668 6606 5951 1312 3016 5153 5784 5157 7246 2956 4048 5779 5604 937 369 7562 4951 7595 5552 4 4573 4999 2233 4039 2837 1552 5884 7147 5385 4073 4836 7755 2142 952 529 5157 4806 5014 478 3514 6671 4526 7995 2439 4164 7065 1464 7816 6122 7015 7820 859 2178 1515 4897 3716 1768 946 2326 
5854 5018 5863 5071 5861 6814 4301 1182 3082 8016 1660 5298 6149 4887 4755 51 7752 3282 216 7031 8105 5932 5015 7665 8110 6529 4025 3288 6998 4970 4315 4314 152 343 8087 4715 7156 2552 4598 403 2031 6257 4402 6881 1308 619 6931 523 2602 5848 6255 871 3243 2732 8535 1517 7962 2724 3506 5124 7693 7821 900 6547 6865 7688 2724 5483 405 7321 4587 2435 3743 451 8017 3752 8308 5113 4274 1074 2423 693 646 5665 3424 644 5883 1550 
3367 852 6673 1225 135 6275 6473 6999 5425 659 2646 5829 6681 5935 6965 588 5087 6445 4340 3560 1722 7315 4633 4144 6710 3981 8511 1596 4624 5856 1848 6692 6707 8520 6618 5543 6257 4553 2706 1847 3913 4054 6377 759 153 3507 48 5239 116 4387 261 1837 1867 3596 5980 39 7576 4655 336 2364 1974 2183 7757 7382 868 5838 4388 7124 555 5795 7672 3170 1311 5512 3928 1463 481 2677 5404 7835 7064 4366 1134 7632 7961 5815 6372 5701 
1933 6707 8064 2608 7592 5986 1452 8459 3286 4541 5747 2542 501 4882 5711 513 558 8340 678 8277 2480 6081 7574 8245 611 7409 6041 7274 4686 3875 4437 5320 2044 2666 7927 8337 114 8081 8258 2101 2786 5468 3344 3286 514 518 3799 8310 7559 4476 8049 203 721 5787 8447 1331 4658 5950 67 8045 1287 4504 4828 2033 5871 4217 1832 4686 2462 255 6786 5248 4424 294 7235 3639 811 2496 3411 7072 5673 1624 7274 6393 6112 7184 7724 2232 
3298 6492 441 3287 1160 5268 4021 7030 8187 4554 3178 2111 4808 128 6060 694 422 4758 3034 8471 7253 6444 7005 4389 6769 4444 946 4343 1792 7371 5276 5089 5326 5717 8375 6485 1149 2560 4978 798 7114 6857 1611 3384 5687 7670 2780 4810 3890 5813 4743 1308 2422 1913 4398 653 6356 5343 4996 8147 2879 436 3400 8204 6152 1940 6151 7301 4499 1293 6800 3075 6852 8410 5161 2703 7543 7940 7512 1597 3917 2419 1606 6338 4331 6003 5693 851 
1511 853 7699 4389 1288 2562 2757 6142 3203 7609 4905 7701 365 1869 941 5918 1742 6101 83 7986 4205 6296 1045 8121 177 2651 4624 3210 7355 1779 4060 328 2631 1924 3418 2620 3187 6174 224 6389 5246 3830 4254 4312 5699 5194 394 6142 1459 7715 5590 4365 5473 6634 3949 5649 7986 7274 321 6804 7754 3083 5833 1847 5006 7953 3168 8192 4291 3392 6043 999 7221 461 4012 3084 5655 3107 688 5815 2284 6277 1643 7756 3076 4293 3570 1226 
3029 3890 6731 2245 6972 4027 2793 2142 2144 4662 1796 6434 8053 6540 6135 5439 7001 311 8522 2820 3418 673 97 5701 6949 1739 3622 189 4733 7191 1415 7761 1245 8145 170 6919 2336 1664 523 4479 6326 1021 2376 4543 7560 8510 1444 6023 283 1429 305 2402 2101 7641 8103 7751 842 1889 7940 4277 7781 817 3500 488 424 2372 6108 2760 2737 5333 5940 7764 6353 8315 3770 5375 6989 5213 1563 5974 6641 569 8375 7443 8209 6642 6657 7753 
7232 4761 3492 6475 5577 5693 5665 4702 8064 3235 6163 966 7269 3566 192 5084 3343 3961 624 497 637 2186 6470 5979 1456 5009 3587 1128 3114 1706 7582 1808 5168 2536 6985 2207 6930 4112 5610 5159 6048 3236 6124 4780 6801 5017 1326 308 441 1949 8043 8316 2836 5975 4459 4292 2447 8045 4121 4262 8452 3165 4771 5082 4402 3218 5990 2794 7329 3063 6654 3542 6298 2942 8321 3263 7959 8348 3570 8399 462 3076 6879 1999 7752 2800 6290 363 
2308 1873 4624 2222 3739 858 6006 6842 4075 3458 8338 1569 6520 6454 5110 2982 859 3595 6244 280 3405 8516 7380 2568 1756 5721 4567 970 8520 2319 35 992 2894 3360 1916 5334 2919 7921 3639 6994 2841 3439 7264 8063 57 2538 2507 8154 6132 7453 8433 8238 7431 5977 2269 649 3160 5537 320 1845 7855 7593 2836 913 2416 4751 4949 5334 2836 50 2492 4379 2190 8457 3904 948 2457 5112 565 7290 4027 460 6991 2920 6437 7961 2270 8298 
4960 1292 1605 2979 7586 4441 2594 1464 7893 7542 5500 2192 6293 7991 6570 7184 7911 638 8131 532 5749 158 7822 1239 7857 4977 2860 4458 4400 3832 4218 8061 3825 4525 2502 2873 428 5095 3039 7022 2801 1 7915 7795 6693 5947 6441 4768 5286 4737 5300 2498 4894 3286 2438 2915 8262 3999 7372 2826 6532 1755 2349 1819 6279 4850 3394 5408 110 5134 2594 1612 3836 1972 870 1991 6620 7310 5461 3369 3509 2223 4568 7105 5508 7005 1482 3934 
1168 7556 6759 7700 8012 570 8220 4455 4121 1778 1325 4230 6911 2620 5842 2209 4591 5413 2902 2674 4185 8362 4744 6396 749 774 4963 4958 7778 5146 354 408 2866 7112 6809 2340 7681 6492 6794 3264 6971 6820 6196 5345 903 2202 6255 4195 7614 7858 5570 1963 6384 1776 7060 7132 2549 2187 3552 491 7333 2607 8138 363 1181 6409 2703 7563 3065 8198 992 1499 5183 5889 5545 4787 8090 1964 444 5868 8524 6014 7830 6370 6491 6353 4965 503 
2 7218 993 6036 1288 593 6399 1170 7002 7803 196 231 6165 8426 1729 1512 5777 5975 6298 4031 7939 5444 1361 6627 1622 7892 4459 8112 4409 8125 7316 3113 5508 8309 7850 6795 364 4413 6666 6067 2380 5563 6298 8 5451 6728 221 1392 2868 6519 5422 971 2127 5484 7597 2450 3541 3518 2024 6651 3106 803 1226 76 7813 7778 5572 6878 3653 2402 4408 6033 7965 870 4742 3580 6299 4962 4972 629 1645 558 1599 2473 4744 658 4922 6986 
2878 6946 5099 4685 6450 5027 3462 5725 4267 496 4065 6621 2897 7174 4116 1026 6745 7559 4606 4507 2686 8279 3837 4330 299 4138 6803 3744 3497 3187 2192 6374 297 5993 2521 5448 2482 5982 1337 5450 5179 5402 3533 6778 2740 6351 7803 948 5372 2573 4156 8057 2314 6694 2552 1315 2294 817 3760 5791 2705 5952 3627 1704 2109 4850 7151 4590 996 8488 1502 6175 4054 3736 3117 5495 1549 2382 5144 6921 3657 762 5142 4672 7456 7693 5986 8451 
7211 1209 5704 1379 5862 8033 3082 7970 4345 397 2724 5340 7586 2927 1679 3102 6662 4795 7299 8211 5879 3905 5296 998 3369 1900 5669 989 1056 1820 902 8266 1730 6606 8346 6293 6101 1592 4427 610 1989 5852 4651 1037 241 6330 2841 5604 1289 304 5277 7167 4208 2035 6866 7576 3935 2700 27 3692 3221 929 3420 3652 6236 3229 1407 2501 4820 4535 3110 5510 1849 6462 5249 2089 2956 8089 7692 4245 7094 3134 1576 2764 3870 7144 505 6506 
8 531 1660 3228 161 3782 6879 6396 7010 6987 7598 1994 2984 872 7504 4832 7334 2917 5622 1752 2468 3478 4698 1024 6611 6274 2489 646 3582 2993 7151 3589 2226 274 5518 2386 2757 2561 7484 8468 1010 6544 1924 3993 7416 8129 7526 6212 2508 4610 6665 3677 6789 2826 3402 4863 7801 4593 5508 2845 7585 2823 5135 1273 1798 2115 2361 4554 4675 1307 4484 4386 7850 5110 7080 5430 3403 6068 3104 5911 842 8471 8289 7630 1461 1856 2657 724 
6448 6866 2270 4197 1152 7404 5470 2949 8220 6532 7503 3059 7838 2151 7444 5852 5962 5986 2745 828 2218 4550 5440 1761 4483 5191 8092 5943 5748 2212 5368 3658 540 7637 7855 393 5205 3489 3342 3589 185 1009 6647 8022 1861 4255 5336 7823 1703 6782 113 2622 2795 5552 4382 7277 907 3937 3385 6655 4850 215 477 4091 7852 7033 4484 3221 686 6527 6810 870 7535 3621 354 8097 7876 4392 7382 8280 2636 7494 1067 5430 3210 4150 2872 2819 
8086 6256 936 3100 6470 114 7191 4486 7147 3137 6409 6534 1126 3383 7404 7362 7003 6459 6921 5043 1015 4468 3488 3651 2126 4554 7782 4038 166 818 6856 6954 5775 6493 1516 3708 6606 169 6895 3917 2007 3468 1914 1834 6850 8019 7897 4018 5940 4983 7762 6955 913 2712 770 1740 7265 7253 5777 6133 6773 4095 4549 4010 2050 6064 6419 7358 4935 4777 1439 5643 6946 3352 7477 5259 1535 5538 7978 7475 1983 7202 4594 1597 1377 4065 3337 7343 
2780 576 4938 1015 4671 8188 3727 5422 5715 1608 2944 814 5086 4383 6456 3495 6436 4097 7455 7971 1098 6895 5610 1782 5559 1666 3379 5637 5730 6715 3145 7211 7290 6784 6928 2125 6435 2117 7547 2314 2426 655 3127 7512 5037 8284 2469 2936 2546 1386 1071 2345 6982 6680 4126 2705 8345 7504 8342 4239 4383 1651 1614 3136 8434 4 3962 6331 822 1673 107 3248 2328 1935 924 7364 384 3392 464 2929 3479 1534 5273 1923 8213 8100 4627 6722 
7067 3133 1125 1614 4783 2739 4749 3382 1444 7413 1175 968 548 8521 2917 2875 620 3840 404 1003 5933 8106 3931 874 1103 7905 1498 8017 7468 6124 6202 4699 7959 6028 6312 2906 229 1226 6287 375 7340 7462 1342 7887 6147 4258 927 6766 8097 32 7769 5492 8137 1864 5067 702 8471 6564 182 7401 2852 5085 2264 975 2575 7277 3881 1506 7204 1630 1880 6006 7793 3221 4058 4104 6180 4984 2333 5739 5015 266 1395 4614 2129 5163 4018 2062 
3189 2901 8164 4742 7985 592 5717 724 6571 1060 931 5237 1391 2810 2706 7886 4732 5465 3452 2374 1911 5784 6814 5627 6049 6910 405 6880 3535 4422 7643 5425 6024 5972 1630 4173 6563 6048 4897 4596 5809 5827 8535 7199 7339 1405 5249 3533 6869 164 4609 7481 4649 1587 4570 863 8497 4974 7742 2196 8098 5549 7621 5584 2983 7952 1220 8248 5462 4818 3008 2733 809 3005 96 8147 4409 5345 1845 2740 5508 5155 1683 1619 6741 4954 2481 5402 
93 387 7598 8190 5936 6681 3938 7620 6095 5157 7330 1721 139 1801 4453 948 4805 4548 7796 7916 57 1103 820 4266 6257 1205 5885 3163 6158 7067 27 4952 6156 7624 4604 2256 4469 7244 1338 728 2565 131 2448 2704 633 5602 3651 4139 315 2909 3517 371 2714 3039 4637 7672 4243 686 2297 565 6454 1026 5517 2774 7351 285 5029 1985 7528 6367 2712 1556 5199 3862 4259 5831 8165 6611 1432 8479 8221 3651 7552 1099 6689 2353 7473 1096 
1740 8471 1660 8193 959 7176 1132 7012 6163 6160 459 5153 2691 1872 5410 7889 5733 8370 3884 5361 5145 4018 4004 3531 6370 3018 4629 4521 5370 3564 5616 7109 3498 5977 5467 3158 3318 6598 1632 943 2922 792 4797 5613 2664 1670 3666 7098 204 7550 2623 5349 1732 6627 342 8101 8346 3672 2786 3881 7236 8401 1154 898 4542 6620 2757 7859 3382 3091 264 6304 3882 5061 2081 6545 5432 5746 3808 5635 3460 6430 2446 5191 3221 1489 3456 3030 
5161 6241 5612 2561 4806 6765 2160 811 3550 4916 132 6931 8006 7635 3399 2053 4158 5479 7299 1052 2688 2569 5388 6147 7701 7834 1503 2384 785 4958 4115 4647 1364 1189 7207 6169 6656 829 5681 1668 4447 5813 61 3915 4910 2162 5967 7769 7640 4729 7522 492 5999 4372 5341 5162 2370 6843 6248 1857 1965 1825 6503 3328 1716 3875 8199 8371 4703 5342 203 7851 1319 7502 3229 4930 1126 7897 4161 229 2790 1847 7959 7491 6219 4762 4115 7290 
3067 1825 609 3734 2352 5814 7061 2769 1151 5424 1304 4555 2229 1506 3869 3547 470 5799 7179 1596 3860 2802 526 5352 4649 8484 4305 1032 4709 8419 7023 6477 409 7632 1673 2760 3610 7436 4230 3462 4322 5533 8016 6550 7038 2049 262 6209 6549 7440 7804 1872 406 7031 7223 3756 6978 2990 3489 1851 1573 1975 8327 1981 8308 165 3442 3380 7600 7671 6841 2086 3368 5021 7338 1868 7070 6301 8077 5081 5203 6045 5654 4310 4539 3041 6768 1681 
4732 1719 3531 6305 2395 2022 6987 2165 888 594 5544 7189 8264 2549 738 3095 6272 8075 3664 4804 5838 1905 49 1205 7950 4405 4216 2653 7445 2446 4333 3640 2867 6565 109 5261 7288 7095 7426 8176 7688 3134 6827 6117 4385 6266 7913 2119 4505 3039 5624 1805 3646 5672 1711 3058 241 4629 4412 7686 7074 7446 2788 105 4175 2896 5366 2925 155 4254 1265 7843 6089 8092 4124 1936 4522 3499 4054 490 5239 1140 996 347 5514 1409 2106 5754 
6037 6517 3604 3275 5425 6391 3380 8301 7988 208 2689 6845 3163 3953 4852 7953 2209 438 1352 6731 3936 4107 5922 7876 3949 6917 8223 925 8325 1791 5380 5824 7010 447 7801 2599 5539 2643 2363 3692 1552 5051 1999 4714 7705 6850 2831 79 7287 4182 5511 1387 6991 2895 725 2402 1274 410 2028 1062 903 7407 5587 6614 6555 4850 675 3557 6194 3037 7248 7745 6789 709 2623 4659 6260 5454 4737 3711 8337 1710 5097 6790 4604 4523 654 4579 
4933 1383 4342 4537 253 1392 2613 6807 4943 3287 528 1302 5026 7775 509 1979 7185 1834 6637 3609 5989 2836 7319 5788 4545 3878 2743 7850 8401 2098 3892 3498 3481 8233 6736 2435 8326 811 7943 4732 2799 8471 6033 6526 6410 5243 8505 5058 5778 6604 129 3229 903 7448 7719 4149 1490 1924 3462 1353 2723 6055 3552 6203 5750 1750 7339 4241 1262 6745 435 2763 6678 5169 751 4550 576 718 8309 6354 6024 7140 8284 6926 6050 7465 1239 6241 
8090 3402 6296 2276 919 1310 7180 5371 1762 5982 1074 3023 4189 210 5785 1031 4080 6536 5580 4655 5955 4054 1173 3441 2656 920 531 168 7086 1770 5110 5341 5171 2868 6318 4792 4178 4960 1625 5939 1106 2698 7663 3996 2907 4911 5026 6986 1611 771 1805 7565 4824 2978 1171 7479 2599 1701 6348 8386 2172 2920 5189 7343 4490 2969 3597 130 6631 3923 4770 7736 6620 2597 3195 8228 7507 6922 5378 7819 6394 5884 6847 2680 7563 8017 323 1624 
8419 5372 1473 2054 8292 5363 8098 2946 8332 1859 1777 6425 5781 6546 5623 2565 605 7519 957 6814 4606 6334 6095 2462 3680 3106 3844 1408 1287 4166 3031 8408 1001 3205 1924 7994 31 1484 2402 8362 3342 4178 4951 7824 888 2036 1851 194 8257 2807 5709 3027 7842 1969 5488 1686 3776 8033 3093 5063 3662 4826 4933 3364 8030 5558 1522 6762 5743 2625 5288 547 5504 1701 7072 5093 2439 385 5286 860 1893 1160 3886 1197 3128 8075 1584 6903 
7571 4677 2130 1397 965 5764 3462 7696 2784 4983 5921 7228 6309 1373 7774 3275 3074 6308 8367 4214 5394 3817 5073 7286 4976 421 7184 6805 8495 231 3873 6230 4907 6002 7626 4573 3229 2550 2433 4714 6234 7055 3405 4005 8428 1343 5981 1666 6353 4512 5879 1911 8329 2414 660 3469 1536 6545 439 195 6775 4311 6425 1846 1775 4215 5120 3705 6765 7553 7121 3163 6070 690 5870 4662 734 3313 6327 7086 6527 2370 460 5020 4783 8358 8488 5020 
5067 389 5215 3305 4699 1804 3852 5176 6018 435 343 2947 6689 6165 6110 2923 6854 2144 7585 7588 4158 4076 4838 2147 6446 3999 7166 1393 2521 5819 6413 7588 6207 1792 1057 1071 3595 4908 4948 8314 4044 3992 2724 2195 1620 7535 5118 7175 1141 2867 4927 5298 6942 8467 6147 3552 3928 4775 3647 5151 2056 224 4201 6965 2015 3959 6737 4311 329 3147 2789 4373 5840 5512 6567 7459 3211 1849 4799 4351 4715 1188 8351 1822 1117 5960 4075 3747 
899 7721 360 1657 7944 3262 7323 123 7220 5522 3135 6250 7370 5924 787 4672 2898 6056 2296 6109 7904 7094 624 2784 6983 7676 4605 8100 3800 7381 2011 3401 6565 1072 5057 4673 3035 2544 4796 419 8065 7930 6668 5599 5316 6157 435 6916 3675 1432 3189 3041 8525 2514 4526 6971 1653 7832 5235 4154 6676 5947 7554 4703 7018 2775 838 1515 5318 4335 1933 3547 3728 7302 608 7745 4921 8282 6123 58 1176 774 1801 8403 3288 6326 5538 3642 
4323 937 7795 2461 6883 6812 5865 5363 1049 5404 5579 5069 1202 6213 78 4929 3679 7925 4136 7302 7669 424 7359 7546 1197 7861 7411 3186 4352 3113 6827 137 4049 6085 1299 2394 3061 7163 6458 2811 4029 3499 7879 5230 8413 6659 323 3555 6046 3161 2319 3879 3584 8379 2887 3482 6405 463 6668 921 3575 3659 8296 6326 8445 1057 182 2968 6921 5342 4481 1114 7542 3822 5046 7418 1943 5368 1137 6690 7230 2157 2031 978 1998 3620 3162 7104 
2784 8531 8024 5060 3652 6484 2848 3560 7540 1732 5229 4625 7073 1172 5739 6077 3696 2247 4957 4340 6316 4795 2493 3711 6951 3225 4688 7651 6844 6551 6217 8329 6544 4406 4852 1659 2352 7699 3920 57 893 7850 3383 6667 485 584 4207 2882 1532 7865 7221 6550 4123 8415 1723 2536 3103 5112 1649 111 3126 6568 8440 1132 1138 4754 1492 2191 2617 4113 2247 2212 3426 4332 341 2612 4915 4547 5493 5149 3875 2878 3161 6699 2756 4883 697 4560 
1457 1048 4670 3284 7615 3274 3118 7454 8027 4609 1107 809 185 2056 3020 2312 6387 3360 4923 1466 6609 580 6614 648 3457 1237 7346 4914 4821 6744 936 4980 7791 4308 8263 5570 7581 2843 4486 7071 6154 5593 6581 5040 7648 1063 7351 4199 3124 2438 5664 1195 3017 3741 544 5175 4977 7889 1552 1261 6096 1189 6240 4051 5496 4667 1084 4540 7510 4271 1775 5126 1326 8355 330 7675 8119 7680 2038 2705 1580 7702 2602 3298 2905 3145 7174 6583 
1199 188 6545 5996 1377 2949 1509 5574 7616 1294 1576 5290 5565 2052 580 5592 1869 909 3432 1450 7290 4171 2857 7571 3335 5458 2331 4941 7304 967 2987 8502 8394 8233 4662 8472 2645 4873 5508 425 6166 5786 5714 1895 6539 6293 6189 7110 5903 8322 7261 4655 3955 1580 3688 5992 5739 6018 2395 4506 5686 4083 3172 5542 3779 6536 4178 5125 2871 8388 5549 7738 4338 2725 8335 2339 7719 5986 911 5084 4472 8172 1201 7128 8453 4888 4582 5655 
1070 6977 325 6755 1224 2198 2462 5002 196 6639 1589 3066 5191 5839 969 991 7265 766 3330 6446 5453 2942 1694 1387 2576 2894 8514 1194 6483 3261 5550 7552 1700 5874 4472 2923 6773 5635 6627 6969 2438 6917 199 7629 4219 1167 82 2946 1932 2113 8094 7384 5055 1250 7472 7630 2846 6151 7525 8030 874 4537 5747 1275 575 1681 2899 7348 6017 988 5779 8454 6607 5977 7545 990 7144 6329 2637 7777 8441 2193 6624 4958 2145 5558 2753 3692 
3171 1740 3184 4044 4979 7632 4020 5553 775 6919 4363 5493 6608 306 5410 4677 6283 3119 5666 3591 8149 8303 2830 8053 660 8155 3175 1506 5176 5927 5197 7048 6369 7083 1257 2810 6177 5276 8362 5654 2359 2890 2609 430 3195 6720 3808 8179 1302 937 3232 913 7941 4764 7667 7302 4381 2305 271 8258 6933 4169 5471 4764 2714 6727 7573 7593 2167 6100 4709 4526 452 6019 4955 3646 4202 7464 3288 4205 7102 5221 5117 5207 1447 2949 3972 4530 
5253 2944 2952 3648 7112 8422 8412 8528 5313 6149 6285 7480 2413 1158 2170 2864 7176 5826 5212 2840 4752 7201 7044 3317 3884 2326 8523 4033 5274 3957 7264 691 5602 1678 4338 2879 265 2914 2869 5577 7765 7855 4519 1640 475 6688 3206 7650 3976 8417 655 191 5782 6400 2209 1128 188 2194 3862 4163 4853 2588 4853 1917 2968 7893 3497 3232 2269 5067 271 198 4384 3492 1838 4858 1642 3745 2673 4320 3624 3327 3212 8107 1189 5420 697 79 
6315 3261 4241 1332 5848 7796 1951 7517 7151 5447 2211 8121 1977 2482 8319 6360 4675 321 2681 6316 4065 4055 800 6390 7381 2713 5959 7271 6834 5357 7349 4612 80 1755 5943 4630 8252 6595 3609 5567 3505 4522 5150 5481 5705 3633 2005 1842 3953 3387 6859 6719 7441 7659 4571 6284 1834 694 3720 131 6051 2531 3444 4832 2987 8088 924 1403 6146 3235 6969 1113 7756 3582 5295 4923 7214 7299 5466 1332 2149 3787 6752 1052 1610 2786 6038 2146 
2181 1220 2276 6933 2452 4421 3228 4141 2673 2853 5543 281 6087 3975 95 4007 6258 4091 7631 4934 2853 3261 4967 3703 7048 3182 3456 120 4669 956 2265 6849 877 3242 5245 3329 6364 7174 7469 500 1489 3176 780 6278 7150 8114 449 4870 3667 6782 8506 5221 1505 3637 386 15 6818 3842 7374 1651 3499 8340 7202 4376 3045 2611 7704 871 1247 5337 1370 1437 7214 852 6416 5827 7667 6865 861 2796 3811 829 6719 5315 4466 7104 4032 1448 
1110 1570 3099 4609 1372 465 447 4416 3075 6852 3989 4321 2353 4060 4459 1029 3613 2338 6855 2742 7904 6418 4240 3177 7246 2421 8491 1876 8226 2687 2026 799 4256 3826 5407 5628 4290 5853 208 7364 4167 4196 1849 5221 8256 6307 6249 3331 107 3269 4775 6712 1149 477 1351 7096 1599 7 7674 1287 2693 1162 2085 5651 3689 7491 1443 6680 3508 1650 5506 6376 5846 6056 3059 4266 2527 771 6298 1336 4039 2535 8047 3889 1713 861 2447 3311 
867 285 3300 2261 148 5384 6613 3836 3040 8055 1978 6547 1168 6185 4386 5715 2405 7444 1443 4932 6916 6442 6267 1119 7679 5776 5007 8093 5338 6156 2867 4906 6440 4868 7167 5290 1714 5242 588 4753 4760 1268 1465 4629 6154 5850 1806 7261 4756 1950 3655 1837 8391 86 2955 6234 4563 7962 5790 1364 4282 7358 6269 886 3688 3600 6175 5401 305 5465 319 3766 5434 1783 8394 3050 7632 364 475 2552 2313 4129 3090 868 2916 6045 7102 7479 
