87 72 35
22862 9127 10450 23497 12766 7007 12351 3367 10992 13347 14569 21138 23973 23492 22929 11183 10996 22832 3561 13872 4074 5057 13987 14104 17669 15756 19712 17917 15515 8391 19029 14318 17518 11026 19362 11831 23638 7655 15197 10571 2549 11313 13257 8070 10747 17733 19252 3290 22112 22812 17161 7734 9416 7089 3385 3026 22844 23096 2490 14301 7429 21518 10166 6494 8486 5470 23930 8065 18730 15068 184 21278 
7929 19046 5289 18675 12720 6088 21964 10773 10448 15067 54 19863 3703 3439 4437 8095 2476 6926 3943 9904 9992 14108 22003 25 1125 21874 13695 1402 18490 19484 4228 2360 14471 15122 2582 8738 21210 6093 1059 13205 21159 1112 14615 6410 4550 19051 14504 7026 7525 18446 22535 17516 14101 2028 23146 20832 23901 12782 3781 23938 8208 8008 7845 22678 23130 16032 12964 1829 22125 14022 15033 773 
15133 5589 7182 19683 6188 3233 8256 19318 21678 6732 18381 17327 8759 17468 19706 14208 6191 23486 19693 20004 7436 3480 172 12113 1059 13135 13941 23183 3098 10521 23956 18230 21715 7079 13854 9450 10312 3657 4709 13537 10389 23089 12411 695 16498 8058 20508 4237 13092 21749 182 2075 6776 353 14187 7834 13487 9675 6959 16584 1743 6856 16362 23457 13934 11763 8849 5793 15420 19163 878 7356 
18194 13288 8050 10633 2894 10106 20475 15985 7796 20657 18059 14571 21009 13793 22404 16044 23467 5304 14175 1151 17765 6478 6155 13247 23847 20609 19039 15208 15714 19916 22563 9849 14752 12160 2029 17645 3813 22504 9571 11608 650 9177 7726 3206 22969 6072 19249 22377 16981 14972 5075 10688 2997 11229 23934 2785 13386 462 17992 5041 1926 22102 20495 16677 10204 22523 10263 14016 2516 1381 7172 3165 
10557 14897 6371 15073 20968 7167 13391 19497 3686 13 11732 6683 16847 11607 9467 6174 17674 3401 11214 19599 7050 13256 17823 17253 17327 9633 12817 19842 11013 19988 4555 3117 10826 16531 23795 13342 5245 13127 8780 8931 18745 20511 15613 11534 13665 6627 23313 7280 10027 16075 8427 22683 5272 7797 15877 22598 17430 4635 23988 9990 564 4484 18713 16996 2562 18449 6279 7806 13124 20664 22342 7810 
22722 19502 891 12328 2071 146 1155 17703 16220 15187 16327 21491 22984 8146 1579 16355 18386 1508 7892 498 11597 2546 17493 19764 20995 5319 9117 15666 7530 7401 23475 6193 2844 308 18520 4914 6059 1222 22617 22278 22015 14885 19710 20940 4578 2836 18842 4512 4343 2675 5009 21545 10827 4049 17250 13369 14973 2309 4976 22502 9709 9998 4636 18158 10305 4703 23072 16363 5924 3178 20188 9486 
23668 21446 6367 9794 223 6756 14305 4566 15037 19313 7658 1805 4909 850 15173 19881 3158 1696 18324 18472 11693 22959 12571 3546 9209 17190 1456 20738 1915 21644 6166 1525 19031 12532 11318 19253 19288 1564 5366 10266 2424 13024 17676 7332 19479 14396 3154 4184 16091 21477 22655 9331 1925 16773 12876 11133 15511 14332 7812 17425 11917 13977 497 6889 8057 17420 7689 8892 531 13055 705 2954 
7626 18380 15891 3046 14323 19044 7229 6355 22068 11431 15685 5540 9751 10109 16672 1203 382 6032 176 12298 1556 6278 734 9612 23698 14028 51 170 3024 755 8730 16255 682 562 848 15004 1154 13682 2906 4769 6660 139 10309 16411 10247 8528 23219 10628 20165 4942 4473 3269 11220 5206 12880 16465 19233 18537 22240 3805 19291 6911 1607 19973 13079 2455 16524 19838 21742 19430 6154 4344 
19568 22068 20754 5756 12144 1462 21989 8250 6404 2403 11518 23229 7608 5946 15635 8388 424 13816 17798 1262 2275 19405 2782 20959 3407 19306 22344 1090 14677 4439 11039 15792 2449 7734 21547 20198 14802 19477 4389 2753 3427 21513 1923 16640 9006 17557 969 15035 12920 315 16296 20800 1267 19078 17700 4673 19931 15985 11368 16155 1972 22407 7888 10026 11688 10982 6165 2431 12006 16159 5183 15432 
19219 12711 13619 4166 6209 14587 19200 677 20507 17044 21476 21773 17669 20724 2387 13541 18256 19361 5637 20227 17709 19130 11800 5338 11659 23570 13375 5212 15671 105 2191 10831 12816 15809 20603 572 11943 15744 1248 8392 8729 4272 6106 2339 937 14099 21485 19192 9401 8669 20967 8657 9346 8708 13994 21004 13826 8916 7763 5438 9021 9953 21874 21836 1703 24024 22407 13646 15710 5203 22037 5986 
9474 9690 13931 10410 23788 16963 5543 14736 1574 8057 23392 10919 22371 18934 13471 12138 3791 21233 23181 18417 7128 20996 16194 14436 20962 20149 4023 18219 1293 7607 5752 10766 22903 1230 21175 4180 18193 8265 18916 19766 16322 23855 12232 14634 18730 7250 8319 4069 4425 7441 22485 17158 9984 20227 7535 12493 16317 17164 6653 23215 6318 18011 9922 5162 19240 12644 9342 13374 20908 9805 14687 18777 
9601 8467 14958 9879 15716 23276 19553 1688 6658 23585 18845 16642 19753 7928 5076 17617 1033 17335 22379 12956 16893 8242 18118 12074 2433 9007 6996 23341 18811 3230 23665 9959 11696 14565 1385 8960 19388 20937 10647 1988 20464 11040 177 21764 18967 10858 20929 1547 4134 19249 14502 21026 9039 14167 14648 11471 23173 21643 16359 17925 814 15966 9432 18116 12078 10816 3017 7407 13301 13663 15000 15312 
644 15176 13017 1158 1976 15493 2704 11715 16290 22812 14289 1270 12920 4878 12740 12035 8068 10647 11507 8881 2554 20938 8544 20237 13302 11560 9191 2544 6771 133 17855 7414 20914 12419 14178 4437 3854 16881 21758 20143 21240 11988 2960 10102 22471 21305 22136 6480 7893 15190 20966 16052 12070 5452 12230 6919 17011 2969 9462 23781 3101 3258 12743 5562 21282 2862 9999 1077 1290 13304 2767 22530 
1233 11332 14179 23703 8579 12256 11730 22077 3387 8637 14071 21062 14088 7848 3922 12647 10816 18989 17975 19522 22246 6659 1026 1018 15126 16630 7700 22022 5875 10467 20493 12713 3346 10613 17963 11924 4416 5634 15549 13408 14270 5561 16018 9906 13408 19939 22552 5772 20476 16468 1235 18663 4675 2260 1228 19800 18889 8928 23369 6311 942 19803 19023 4287 11963 12927 21817 21984 18560 13307 11334 14378 
415 8899 225 13822 10385 4324 19593 6802 2339 20828 7013 7013 4635 8240 8361 5072 17167 7671 11382 18108 9022 11953 3943 2532 6427 1701 458 929 20613 17397 20912 21027 2237 21136 10790 12621 7007 11931 19423 9345 14306 2377 16358 488 10616 6266 5559 9331 13936 22547 3380 22957 10441 7322 7037 16867 14628 7494 23401 11182 832 20254 8150 8674 22937 488 2842 5885 18024 22264 15230 8271 
6188 13135 14364 16804 19400 19923 7682 14883 24017 11061 19388 10399 23989 2366 8813 14558 9859 13762 1682 16296 15563 15437 6517 14442 15924 9358 1874 9889 7564 22709 23765 13751 11785 14071 12102 12732 15541 19783 3557 15499 12392 22944 7445 12322 1251 21863 8427 16715 17172 15714 8952 8677 7093 21074 4666 23016 6373 12145 14453 19542 10796 14159 14841 22580 9777 2884 11254 1259 4215 20416 22363 22212 
19301 11355 10475 2099 9160 449 18813 2273 16163 9312 16555 23255 6327 21220 3760 12699 9307 18212 13789 1650 13919 4571 171 23695 7454 17030 6502 17274 18993 4806 15427 14235 21767 7449 16333 6868 7898 16693 14746 5608 1946 12849 4804 13878 10010 8563 8125 864 8323 21913 2513 22241 2425 8290 21877 15484 6867 9926 8700 1802 20338 5674 21642 18046 18729 19523 6461 2568 12157 2754 13781 19709 
15602 132 9528 1554 14300 17652 8023 22622 15506 16142 20804 17930 373 171 9356 12845 10096 23661 20252 6375 5276 17836 5968 5552 13300 12428 8119 7004 15182 3447 2654 6725 3578 12182 13884 17878 11381 3455 16441 2829 19596 18793 2306 1516 511 17267 14360 16212 22475 10554 22587 9299 9937 10102 14850 23236 22530 4517 11787 19259 7963 14441 7531 11541 8170 2963 10966 19550 12023 3348 3926 7560 
3688 11838 14681 4198 5046 10588 20410 9069 21141 486 18367 12625 16193 9158 11802 20270 13674 5137 15470 3185 19577 4549 14725 9294 13117 7238 10391 1081 16191 14317 14246 19879 7702 4868 5624 12747 15455 7581 3363 18144 8066 21729 6710 5807 12435 60 2018 7656 5196 17488 10840 6320 3584 7112 21219 16700 14349 7551 23386 6482 3415 13573 2302 11116 24046 13531 5411 21048 21112 8773 15133 10725 
6444 3391 16531 18878 9056 18549 8081 14251 17584 18921 2118 2715 1974 23336 19414 16323 12434 289 4352 15849 19467 12259 2906 19454 1731 8316 22049 22842 17089 18730 15115 5080 22120 7587 5505 7117 2077 13585 2915 1208 14053 10638 3922 16027 15521 4883 13897 3896 5171 18248 19744 579 6448 4198 1580 8178 18119 23629 12568 11149 18300 3624 21834 21967 11210 8886 10631 18893 4019 19151 1648 18071 
5730 5570 10039 2798 10452 5483 6693 21229 23730 7985 21807 11725 17788 4935 19903 11848 10111 14018 4545 9958 17641 2320 7866 10398 16812 44 10838 20830 19194 12486 14842 6471 23661 6429 9268 10054 11911 21566 7224 17189 11098 10579 4855 4827 21119 6305 16675 7171 20322 21219 17128 19510 5086 6541 5850 21897 6584 22293 18668 7325 16326 15058 19401 15928 3034 10216 1924 20550 7723 14753 13680 18821 
6879 18535 23647 3939 781 21869 11109 2651 19029 9784 22160 57 21930 9557 21953 4455 13398 22169 17385 5665 18774 18333 21593 3355 4490 23516 23904 17819 19816 13526 12581 2637 13608 17775 12181 19994 21192 4838 4192 16162 14621 2294 21824 12493 17456 19719 22553 6795 23435 21486 12460 23756 15760 15600 3052 1798 15057 8503 19616 16420 3576 13744 604 17183 13066 12785 18725 10199 23228 22916 2303 19396 
6757 68 13436 5761 1334 17537 18161 6316 14964 6562 11619 12271 22161 20276 14068 18765 4721 15231 16733 8296 4916 17336 7027 17982 11668 7299 4122 10837 11762 12030 6175 67 17704 19610 5827 19037 13088 23987 6901 9599 12097 18519 21870 15805 20343 17485 16118 1005 8658 8792 14906 19179 7675 3480 18708 19343 10778 4378 6121 22540 16407 17901 4154 10052 19059 9980 10637 8088 15514 23143 23293 3552 
17603 2652 905 13887 20136 17022 20497 10341 1755 11345 11068 15035 20430 5717 10319 7150 10094 22046 11237 8049 21494 15390 18100 16494 6917 10284 6130 22430 9368 5364 7530 8519 8015 8434 3953 9698 7003 5998 1587 14363 22948 12654 5339 19319 23976 15658 8016 15618 19251 19252 23666 16686 16189 23313 9122 23105 9539 15251 3025 454 2162 10554 14578 10176 535 79 1421 7537 6076 8613 21899 10571 
21266 3179 5831 2732 384 13847 18349 19634 14646 17956 17868 6777 22816 8537 11429 13902 5335 14453 14356 7496 6554 10481 23277 7088 10559 639 20230 22240 9252 23676 8752 12065 2797 20189 20402 8786 15583 20298 9968 6170 14195 3777 12946 18559 17919 317 8402 23253 20375 4305 6690 8477 14786 11514 15564 6892 17758 17342 10680 8557 16959 979 2170 1303 21167 22571 15695 12691 18811 1604 18861 14553 
10986 13354 9053 4846 19276 23061 9646 21199 3307 16335 5617 18092 9396 2728 6532 3095 20069 17211 11652 18576 18189 13821 19878 20904 17939 11514 9536 18297 18723 9944 8792 11256 4846 23450 21707 5669 22452 7294 2809 1701 23628 8425 1340 8965 11153 7871 17666 12769 1023 5259 7286 19212 627 8712 16057 113 1773 7140 18410 2044 22690 3143 13299 3477 8140 10948 9145 12140 18241 17560 13840 23417 
1926 15179 13929 18684 4598 7536 13001 5620 18400 1834 6379 574 10545 3983 687 17924 11123 19096 19967 15360 3786 9207 18836 11925 20154 9528 5612 19943 8635 19451 19301 10561 16178 9171 10792 2323 22313 5340 7942 16654 7174 19927 17228 17718 23909 17914 11583 16579 18557 7491 7880 22342 22304 8263 15814 24005 23397 21426 19889 7973 22424 15131 81 20149 5850 16479 22471 4104 21818 11961 2305 4933 
7829 19532 22651 7679 18993 15781 5806 13491 4820 13685 17380 8671 3496 14742 8617 2834 12109 4448 16412 16080 1126 16493 12171 6975 8913 16189 16684 12278 4091 18989 17211 11919 20068 21409 19598 15003 18737 6951 10041 23556 20635 3363 8168 5678 18104 22391 8511 11760 2780 6471 9387 3905 4511 21557 16486 19029 13688 9111 7248 17778 9647 400 11245 5657 21808 12390 2207 22093 19340 12247 21590 15916 
21215 11306 3142 20866 9638 17258 14173 18023 23728 23560 3475 4180 2606 19960 23208 16293 10619 6398 15619 1813 12403 2805 7469 15759 15194 9675 13793 10475 3470 16930 7938 6232 4177 11079 3040 19420 4279 22818 18990 9554 22319 22465 13734 867 23972 18489 22765 10532 6434 14325 12345 18837 22735 1361 10537 19476 16642 5877 5892 20111 22806 19436 2284 8531 12062 10929 3892 21946 9689 4430 7442 13555 
2836 21175 14421 2749 21211 18734 18887 3587 14606 12779 22423 13283 14139 14507 14306 6722 20383 1746 8380 19130 21181 16270 3602 14790 8746 13100 12678 18434 17529 20119 7931 1912 17235 3899 4660 14387 4180 5094 23579 18786 17872 21943 13616 13559 17997 3863 1828 14321 11214 10208 14999 8336 8025 148 23126 16770 13247 11745 11146 12323 7805 624 19840 6587 10128 442 2521 19914 11141 7648 14641 4955 
5532 9804 18513 23529 19272 20340 19397 6428 12095 10337 20369 20119 10485 984 12831 5279 12728 5524 23208 2080 11753 18989 14272 21880 978 22399 17735 12119 5988 13923 17073 17125 5274 17133 22201 488 13414 17540 6915 7057 9424 8831 3117 19908 9815 15947 6735 4090 21470 5884 6170 14770 6420 1989 12592 13004 5935 11874 1064 17528 7345 23742 10595 12618 22422 14343 13105 11777 13430 1567 381 22854 
10398 3498 251 20212 992 6985 243 4010 18474 12018 18779 6442 19613 7312 19445 7095 734 2056 565 8078 1739 16765 20695 102 7049 15348 17484 2027 16914 17865 822 8859 2910 1072 10618 3901 13663 16467 7910 13684 10032 2631 20125 5586 15548 21117 18287 16281 23172 18851 5906 6458 17163 8149 12165 5759 23496 5591 7785 21957 5003 8606 12364 13518 15284 22981 17418 10494 20995 6876 119 6969 
9506 1792 18160 6601 22908 12388 22882 22022 12786 10335 4421 5890 18483 16586 11649 23526 3724 981 2973 14332 9587 15336 3791 6418 19864 2756 16911 16801 9631 22635 23769 19136 368 23476 1679 23276 11806 6108 21239 533 22048 7207 12029 16473 5340 5225 21546 9063 6205 460 4942 21397 21401 8732 9362 17207 11488 2214 9949 21118 6397 15265 21802 6764 14682 5028 5981 2429 16741 8767 8568 14730 
21580 2144 12750 2861 7368 15844 11924 19178 16303 16865 16517 13646 7145 1820 6794 180 9640 22348 21297 16036 13554 588 4347 4177 11221 10328 12212 3903 642 2327 181 22221 4470 12930 1024 17443 4715 18553 12562 2566 16965 5020 16211 51 12446 4552 5836 3633 8447 8681 1216 22000 9268 5562 7724 20489 21495 1483 5939 3685 9415 6119 1847 13884 597 8476 7268 5311 8576 19830 13482 7089 
6397 5634 7139 390 15791 18581 4022 179 3203 10843 3726 12470 16405 17056 14506 19447 86 20445 23131 9501 8111 6526 4932 8707 15001 12200 14018 5125 13577 3441 12213 1521 14681 899 1911 12019 19479 11538 17804 22681 22381 3077 16699 20333 1680 7146 15721 1766 9138 14794 11266 17249 21319 16197 1897 17867 9944 21520 4539 5068 6509 16751 6589 2737 17650 8499 20361 18676 1584 14106 17299 5512 
22789 9939 1786 410 22690 23113 2175 13376 19454 19046 6566 22320 16791 14068 16128 2676 11530 2215 13350 23644 18965 19938 7928 18162 9984 4230 12780 11567 23942 11626 22685 22672 21564 412 23081 1743 5072 6804 15118 467 1791 3231 22786 18581 17299 20462 2805 10376 22676 21760 15567 17582 17639 23494 17292 3564 3665 6013 20736 3548 17638 910 7767 20749 1322 6790 4039 6393 13593 19157 12466 20989 
3935 11193 21118 2781 7596 5470 18762 11819 3171 10270 10949 20809 9705 4182 5920 18976 10194 8203 4071 9379 9113 11838 6069 16040 175 15713 3980 19373 16417 16445 16303 20352 9186 18968 23132 22387 379 17836 10148 9155 9653 21096 11511 906 1219 17430 1429 17018 7181 5499 2338 21899 22942 14012 13880 23116 5666 23465 24036 22083 21458 16281 23982 6585 16796 4603 4913 17175 3986 20666 2271 13639 
17703 13782 20150 469 12759 21578 17486 1487 8624 19823 23385 7508 15382 18812 12171 2596 18219 12149 620 15618 9977 6149 3750 2714 10751 8662 19888 20343 5270 3707 9923 4520 23094 11620 4989 17400 9139 4022 435 17762 5393 23819 1211 20774 121 13382 23369 23945 7078 5536 15504 17054 11684 19253 19767 3983 9462 21203 267 20337 6457 15795 6405 11098 3356 16999 10045 12494 21020 10479 11803 2354 
15846 13014 23128 15966 7943 3986 15852 20626 9522 12903 13621 2753 13703 14935 12341 4712 12079 12607 991 83 4343 13001 11180 13304 5941 21225 1739 2902 7645 13542 5256 23490 8103 9931 21003 21651 19522 12796 18218 10591 7246 13386 18950 20948 4262 7232 1602 21947 19839 8198 22029 5729 21198 9151 19033 3080 11923 2319 11587 19567 21466 22448 547 5510 8320 3097 8708 9390 15893 8473 19980 4686 
21858 14871 1576 2062 22103 8783 24008 23489 22586 3526 5159 19725 12676 5739 4352 540 8058 21544 1655 5465 19934 7807 16581 9801 10903 1230 19190 8343 9703 15112 13029 13108 11530 20210 20775 15180 4934 2272 14610 3461 5798 1317 4733 18473 7055 14690 561 20718 12175 7821 2125 8050 15627 253 17851 8077 1482 12982 16420 16790 9641 5390 11446 2719 1541 8162 17898 12080 10434 14056 21146 21837 
15372 1820 21857 3974 22115 22417 634 10231 11785 2758 18281 8959 3010 17679 17036 10097 12208 9397 8435 3397 20392 19880 6115 3480 9589 24012 21165 1570 14009 18252 23406 10928 1619 21205 14902 23733 1111 15535 9905 12896 23898 9733 3402 8455 8959 20437 99 21167 11381 8533 505 13320 9960 6619 22405 19549 12178 19511 21118 7735 13704 2014 18662 20928 23218 15111 20602 5876 6587 12055 18771 12032 
21787 22173 20486 6688 99 20585 9402 11480 10665 9906 6347 20625 22130 4694 21721 15855 146 328 23589 19456 2341 23799 16325 1500 14851 12869 7376 2986 6471 7694 15017 4199 11414 17051 16492 17119 19183 1835 10146 11395 17346 16492 7961 15417 21185 11229 7214 2879 11557 12350 22334 19503 17696 20206 21003 14095 14622 9926 17080 21092 23225 13644 1233 16187 12242 23330 9247 12972 1107 19392 309 18452 
17431 13875 15417 20164 1046 4178 23042 18208 22133 2865 13652 15771 23070 16202 5807 13634 7675 4434 10667 6842 23683 17505 4576 17473 16777 19428 6386 23489 20367 6694 23488 13739 20569 14846 9844 3162 571 14433 21369 22704 17297 16568 20022 16309 8712 7376 11490 21992 17415 22156 10381 17039 15603 14956 10453 13927 10325 22445 13357 12239 5080 18392 1920 7196 14786 17369 15963 15356 7744 18879 19607 6588 
11389 15570 22896 1648 22945 15933 23639 21907 14031 15568 14888 11181 6465 6888 6655 22396 5274 20011 10576 15960 19950 18101 4703 10677 11412 20666 1975 703 15486 21581 7290 2816 18699 11734 10069 23191 3608 15256 21040 23244 6765 17475 10366 18835 304 22626 17172 11184 126 9296 8691 20076 8944 13393 6694 20355 10000 14274 2605 1428 17403 15501 9849 12043 3176 1466 16781 12389 16721 13762 11575 23485 
12784 3488 18261 18694 2056 16981 5819 2181 7824 20115 22256 16767 9449 4892 18670 997 19165 2822 8030 12509 18322 23484 6099 21497 891 22880 9828 17611 18189 2950 22643 6915 6437 22452 7156 8492 15374 18580 10673 4745 14636 8870 3059 5632 19367 21728 6628 20080 492 20263 8530 361 19689 20235 21858 20579 604 13233 19738 18792 16182 18322 7254 22618 22321 14409 12658 13636 8930 23330 23986 5113 
13747 2987 10745 9056 6262 17372 10683 12359 19183 760 12720 14813 20994 16125 16939 21597 5299 18224 21937 3028 12488 5132 7193 10750 1089 19850 5934 15624 669 11467 20737 14416 14453 7423 5019 20715 6342 15701 9015 1466 16460 3282 21884 19002 19406 14765 16540 6252 8930 20024 9279 2965 1098 22078 19321 7792 17869 6802 23415 86 18268 20093 14501 14269 3457 1067 16531 9799 22373 1487 16870 20380 
10375 14696 15323 5722 11008 13411 11974 19937 9376 2800 4450 16079 819 23770 23870 236 12119 23227 321 11934 19261 20427 2144 4266 21493 18674 19670 1355 1709 12481 21734 12083 8724 18605 17804 19731 7957 11325 15610 22938 14125 1607 14959 14943 6924 20376 15178 19042 19544 21104 12523 20353 17472 14667 6166 20512 14888 1777 21866 22202 19863 19542 10226 4529 19694 9578 5807 3592 20902 2964 8077 16574 
4570 23035 13065 11493 901 9790 12082 20444 6836 547 22344 249 20819 4451 2309 11648 11833 116 9792 7638 1205 1565 17772 20898 11142 23578 6037 13592 2484 19720 11713 12659 244 719 5700 1144 10509 17781 3136 17344 23933 1421 23198 20693 11478 1448 8283 23310 7170 23680 12495 13980 1186 11814 16426 17934 16940 4010 13073 971 23729 6333 13629 23973 7052 19328 6664 17560 18657 9799 16451 18531 
16826 21196 15166 4245 4192 4996 9102 11361 4617 3145 6888 11408 14958 4861 10889 13445 8871 5509 14415 14147 11842 3986 14061 18893 4861 20725 18000 23517 12071 10392 17990 4838 13135 14703 9082 17326 19698 23790 10234 5862 2876 17122 22875 23439 21982 9706 12826 12400 15214 3182 2489 8603 12773 22155 3437 23240 369 21436 22698 12440 13375 22235 17277 2452 18485 7907 1325 14124 7638 11559 1533 16119 
10228 350 15499 8151 15661 9872 2099 12422 18660 4587 21025 7374 2683 403 12161 3052 3387 16407 15491 22367 14583 14315 6366 14616 3769 7691 4681 11406 19249 11820 9072 5418 17775 6119 19174 9377 15990 21272 21798 10591 7406 18764 23571 10089 715 11673 18746 9707 4021 15784 13621 152 6040 19987 14767 15415 3619 995 8368 4415 18420 17440 15438 12136 23558 16159 21512 21095 18979 800 13234 7932 
1111 12746 18020 1825 5966 18313 17137 15593 10038 6700 15744 21684 2628 12058 13040 11852 13052 21407 21872 13020 20394 18857 1097 1441 16563 22609 22536 11483 4956 11711 19415 6066 6004 18982 13497 11969 13237 6575 3503 4822 18880 794 8053 3055 12851 2640 20512 7451 24047 18325 20470 1930 18729 21566 3371 11234 1664 1848 4264 6619 13558 23678 12685 19561 150 7729 13077 18992 19909 16580 5361 14731 
17373 13414 17785 11772 16053 14239 19222 21647 14111 21239 23577 8782 18746 2889 1563 1958 4736 5826 8576 23899 5446 2808 949 11201 16142 19631 6134 11993 12152 11494 2665 11073 6455 1997 22844 22508 21841 23613 1644 11894 2341 1162 2223 2634 4050 9391 4591 14391 15216 18773 19837 2209 3128 2333 13409 19270 21964 1090 7204 15663 18190 15474 2677 586 17470 7068 4641 15253 12228 6285 8694 14568 
13052 16522 17202 17102 1854 3340 13040 17069 22112 14425 826 6788 16757 19840 1999 14662 20930 14808 6267 15061 6223 14549 21252 5240 3165 7441 20492 15392 13725 10733 11508 2718 8802 10257 1367 16261 13596 20013 14878 11650 10379 15703 18437 8683 11484 1983 23345 8355 16790 11159 4963 4560 7255 7763 9799 10419 15203 11839 7359 10475 22571 18866 18798 12921 5064 1713 5123 18659 21725 20000 11856 13651 
11644 11840 22333 4676 19428 3167 13030 12159 19931 23599 16718 3128 12909 8065 13546 4053 19903 20904 20133 24021 21317 20478 12883 7928 22190 23612 2529 1404 19553 19990 15054 12745 13378 18935 17420 8747 3649 11997 2454 23580 11537 719 2649 387 8783 21800 10045 10233 194 11725 10196 21510 8145 4626 5380 6276 4179 13514 13286 23732 15051 9887 12418 9976 4763 11385 271 14018 23381 2724 13539 10860 
9048 21793 16852 23437 19534 8445 9611 1275 20169 1354 22785 9861 5980 9712 16137 15764 4773 5364 21043 1371 20856 15008 11347 1561 2334 11617 15578 1657 19946 10664 12516 10541 8398 10915 9919 9479 19359 1078 10754 21076 2431 15086 6878 14016 6345 4562 5722 11117 15531 2706 12487 12329 23320 5381 19495 1595 22603 16620 3251 18490 3225 21372 10579 17228 8229 20497 2648 9135 3122 13401 11758 5553 
4428 184 1116 10772 4745 12443 3436 1824 20755 21529 14152 20016 2851 9588 21610 7002 7755 803 7039 10979 22174 17617 4148 11950 19662 12401 2633 22783 1744 14390 9883 11777 14573 10999 4097 866 23441 13138 2689 1685 10608 22446 21700 19065 13581 19252 7614 21335 1602 14652 8255 5323 8211 18008 22879 3814 6350 1453 2538 13699 21448 18027 7024 11963 4967 16726 18434 9955 5805 21122 11640 22019 
19509 9281 22631 9031 10080 6186 11913 11681 2385 1715 22610 10595 19722 21430 20014 7619 22882 4100 2866 20271 22126 15495 13781 3034 8162 8156 18594 19572 10825 6175 23138 11881 15456 3258 2459 7083 15049 14371 312 17434 16085 22921 3970 17354 1840 5532 6521 663 9631 14992 2481 7698 6428 21868 16337 20195 11571 10872 21314 22396 22653 20394 10218 19656 5199 12677 2680 20248 8595 2991 13623 622 
7459 17592 23581 9298 4671 6043 15566 14301 21034 18047 3546 9009 21462 1430 5145 8974 12302 2401 7311 10896 4342 23135 12099 9540 17359 14778 5729 1895 23375 19351 8122 6775 18491 7645 16073 23161 19293 7580 19010 16269 7174 22555 1219 10183 23985 11970 19157 17834 14370 8015 10277 259 7091 22375 9798 5997 13094 15527 13498 12410 16425 3167 733 10857 10811 16805 15566 11652 5932 10517 9468 18712 
9013 16292 4836 14545 4203 23992 8320 120 7949 18596 378 20645 22518 15782 8190 11554 7250 21687 5511 5222 795 6243 16079 17212 4595 13192 4805 10527 23708 19878 10786 14268 12111 15621 4755 16314 21161 18680 22039 10657 18824 3965 7243 17283 19746 21038 4778 2937 18666 15895 13764 1009 22137 11390 18220 2674 523 4572 18806 5778 391 5533 20046 12501 2701 6348 10362 23861 6575 13949 10459 1340 
17913 23308 18623 13600 20287 4948 22142 20501 20842 11847 21509 469 23237 21276 8748 23759 1789 9101 5479 7785 20239 7072 20285 22939 13419 12195 4290 19993 2085 14748 21333 19997 19603 21503 9538 21438 7998 7621 17880 4782 19467 20936 10856 193 18153 19603 23952 1489 10251 10978 9273 6431 18049 11105 5311 7409 23299 9600 8949 6931 5896 11829 8475 7046 14879 23618 4425 22877 12786 3852 3600 13801 
729 20061 13993 18881 21211 13886 20369 7403 805 5583 13833 401 22294 691 7809 21534 15897 22364 10013 21792 15740 18487 10385 6561 23653 14810 5379 12380 18661 14584 2122 19390 10586 21721 19818 13344 17154 21735 20746 17959 3259 16126 18359 1494 16816 7716 4576 14260 11627 20194 17599 3308 20228 3926 15474 19822 18735 20852 8144 18943 16983 15871 19880 9116 13533 15640 22459 6629 13316 694 6135 22180 
16819 6041 5222 15183 19362 15403 5384 12536 11538 4531 21450 7707 8456 12865 9077 8738 15265 22826 3622 8189 14638 5050 17305 9719 20689 21311 21953 15552 22005 9635 19279 20371 15675 442 17101 16585 21450 4033 5062 8929 8563 2453 22242 17018 15318 12866 7303 6524 11633 10924 20318 7818 15973 13564 17536 18209 16423 21036 9702 14369 6612 4923 16287 22287 10970 9330 20419 8362 18968 1422 22896 3472 
9481 21079 2037 6346 9886 9339 18475 3066 1810 14734 10884 17783 9846 9967 17539 2210 6945 3183 22184 13556 13711 14412 17390 6228 5289 13750 14589 198 20778 13427 9275 11806 16053 11311 18151 7487 2197 12567 10552 4007 8848 2983 21789 18693 12950 20875 2450 19894 5605 575 9391 19315 20593 8329 7091 1823 22078 21679 7627 345 16653 22507 12150 14254 9760 11848 3288 11956 5962 19445 15962 14810 
22428 19298 15050 11319 21721 17500 12760 3267 18074 22150 4130 20214 6420 11220 3585 10046 8840 11211 15996 7041 9659 9694 2842 966 21541 6129 18528 9051 1515 16037 23860 23942 16883 20457 16808 14545 13898 5509 17811 13520 9207 21940 9675 21232 9101 13259 12825 23547 6017 4763 12135 21282 20062 14976 22247 17544 21104 22322 8142 4166 14301 7943 4050 7125 9948 2405 21669 23845 13520 21027 13306 22726 
18909 4529 1447 9557 23393 14272 9045 5352 582 21179 2575 20643 12096 6369 19734 14747 4633 3818 18913 481 17366 4510 7605 3255 12520 10821 3042 1981 7789 21953 6254 8245 8029 7701 17802 7364 21972 2788 18321 4101 5515 20895 685 23216 8811 20418 13905 19049 5783 14365 19529 23149 18874 8681 2345 7335 1049 10992 14922 14444 14493 21175 22688 22521 4817 16431 11432 8336 767 5694 12436 11887 
8136 18726 11044 16947 20692 6496 17543 2416 20860 13014 1506 21281 3242 9457 10164 4291 1996 1027 18734 16488 22201 22969 20557 8566 15342 13536 22507 21714 19230 10885 9542 3307 11158 20585 1801 7791 8629 19344 10207 5430 13905 17318 8259 17146 2716 18422 2984 4712 19448 3265 2747 23196 2176 4851 13309 23123 18387 11758 20778 19164 4190 11867 22470 15347 13999 5819 23138 22627 6710 14892 3999 20614 
8151 12257 19307 10867 12226 3839 21184 13221 7103 5478 12358 9278 10329 7215 8342 10263 520 10667 5368 4709 22533 9385 1603 12474 15203 6288 11042 21912 21179 20646 15 10878 14450 19322 21744 2617 4708 417 15837 11810 5894 9743 2636 21828 22563 10977 13638 23082 21644 19005 9338 1666 9938 10940 14139 1082 22834 6729 4542 1502 3316 10162 12379 23372 11031 10064 1930 15738 16086 23373 3490 3528 
14663 6125 6903 13167 22707 20541 17796 1840 21093 3075 3506 6972 19620 17644 13660 18395 5920 23807 19897 9236 9910 8217 8549 20941 23887 16084 12620 15914 21004 16109 989 11608 3781 7892 6322 2430 4374 59 4269 1408 3133 7774 13986 22753 6966 3587 22695 12885 3335 18533 3668 13244 8298 17822 15732 8126 15454 4294 5587 12399 1950 6576 5555 5731 14467 11876 8160 388 17541 18034 1795 20673 
7356 15780 915 19927 914 23610 14359 4248 23690 18027 23098 7929 17396 14771 21660 14397 612 3189 2738 2562 15370 13898 13898 11384 7321 3605 11771 803 21638 19171 3024 10541 10893 3938 6409 17412 9095 20768 3208 14333 20342 2247 22261 13679 22623 1411 4018 4783 4599 12361 12950 1516 7806 2789 12899 15126 6393 611 15929 9578 1329 18952 20119 17827 4437 2469 11181 19138 4784 14388 9412 1067 
22240 13220 20352 2352 14630 5917 7134 776 18277 20083 2291 2024 4419 20795 22755 16417 2953 14625 1937 4282 15124 3603 22108 1109 11677 9230 20246 16461 5165 11205 23133 3346 366 19426 11304 20602 1284 18437 2925 1108 20068 10822 8737 6034 7558 7434 22451 10511 3606 329 20398 278 9537 24053 1386 21213 9225 3179 19221 19995 14383 18296 4889 20354 13663 16192 22503 20553 10570 1370 3208 12185 
12191 11945 18219 19748 926 22217 11806 10137 4093 13751 10414 13629 13746 11799 10783 4518 14977 11552 454 10907 5789 5342 12809 999 21533 11253 21551 13651 12622 6307 7383 754 23857 7149 2050 724 5307 19461 16466 9399 9154 2822 23027 22899 20226 15358 3358 16751 2851 9417 3599 14245 14759 16407 15243 17839 3602 18342 13037 21829 590 1968 4131 5994 9116 6180 12323 14423 1582 4730 5369 10735 
13157 4338 15181 9325 1243 18538 2017 9699 3897 11221 23943 203 9176 20733 23647 18383 20622 12626 21759 2759 14593 1831 8752 23708 8010 21074 19678 9592 7352 989 1874 20508 10932 17055 5774 17780 17140 13396 3420 2584 6165 8910 2786 20946 11190 2375 15270 7754 20606 12970 10512 11140 20407 812 16395 4358 21885 17621 19555 10784 157 2977 7234 11088 20031 18613 10415 18718 7951 13834 21302 19721 
4291 29 16608 15480 8009 13425 4781 4556 7942 20899 15695 4290 21710 13638 8648 1084 7200 9750 11868 12962 12726 19101 24049 14304 13655 16011 8964 3153 11392 6207 4421 15682 11841 21028 12709 1398 16000 23096 5953 23942 19936 3196 4173 17587 22439 18426 218 5580 9724 17691 18541 22449 18339 79 18301 13542 21695 3206 16694 9028 15018 21115 651 8406 23690 18965 9803 15632 18002 15756 15515 13879 
499 1235 13013 22937 1209 18837 10064 10932 12469 10152 14928 6750 15836 9170 1839 13472 17981 80 22499 8940 2742 4697 22952 2374 23661 8696 23611 23211 5999 20673 18637 12103 21907 13198 10981 4663 7976 2592 21200 1992 12743 17676 14347 4520 2787 16185 17991 20768 16265 22037 11255 19006 2675 15754 2927 7884 5998 2479 12642 11996 23151 7220 5647 2548 1965 22233 12816 9940 767 9958 17538 13509 
3575 13432 23635 11967 5559 23173 14282 3371 21152 7085 3924 23826 22838 12457 13257 4777 14935 1840 22379 19634 14666 9573 3729 16630 7747 16544 8118 8513 2443 1597 3570 11623 15028 3146 5138 2134 2260 19419 11110 23411 8051 20640 4727 6831 9038 17983 17213 5520 1371 21139 6701 16036 6653 10429 8607 14400 2915 16724 22912 10963 23926 2423 4134 14896 11174 9271 22635 13434 10237 9687 18392 18288 
11874 4666 6666 20911 4197 5426 7978 5567 2507 14679 21602 14765 1049 11756 5106 3963 4422 9566 20532 4289 17594 607 732 10316 9877 4915 5297 1661 14601 23688 19948 8022 4296 8161 10480 8492 13587 18457 19664 21699 14683 17207 12405 15732 10510 23117 1242 14931 14230 21773 768 13371 3927 7105 23686 13803 12019 10530 21070 8167 10160 16959 16188 20061 6668 2609 10100 20254 2614 5705 23500 17296 
4459 17452 8969 20574 22116 15817 17053 17893 19137 17820 7206 23064 6472 12439 18414 18491 22969 15425 2599 14676 8326 335 16284 20599 8549 2325 16794 11162 13635 21841 4400 23699 15234 18974 20214 18898 10732 13208 12732 11417 12575 1485 10422 19047 19530 4777 19085 24046 20202 3231 20269 10075 3565 12494 6615 12114 20424 4956 23275 15606 2738 9222 20852 23577 4138 17007 24022 20475 11763 12696 7833 5885 
19786 18254 873 15257 4579 1505 15244 722 4736 17060 16402 8300 5495 23016 1961 7466 9519 6784 23071 12256 16005 19864 17380 1690 18419 17344 22165 6123 11587 11545 12007 7314 11347 18486 22571 15925 19990 19362 22252 667 12364 14595 14573 23464 13552 16533 6872 4618 23316 5884 16873 20869 7296 15800 22558 1656 14691 2212 13384 2219 13757 1332 9533 1045 1365 13651 22575 2903 14560 20768 3569 2865 
11304 23747 2271 6403 16222 14748 11020 21085 2179 9440 23501 9474 6787 22001 11129 21478 5760 6060 23696 19516 12998 14776 2108 14362 4368 624 17264 476 2939 2381 3340 19848 2069 11216 2192 23896 7511 18817 20923 9690 9804 20365 19163 16591 23913 11840 14010 5615 17899 19253 6678 6838 9971 14392 2748 19944 20621 20011 20419 23560 22391 5307 19349 6008 22128 3089 5845 5581 21905 8315 15270 7651 
10228 15980 183 10082 3761 19798 21302 3208 14992 3922 10045 6510 18313 12792 8002 14875 14351 4362 19982 18289 15274 15273 238 18950 23967 11689 472 21813 20003 21347 11011 6172 18874 16799 21860 22635 12538 19103 7390 9078 4572 17434 15587 4432 11774 23588 19307 7672 9498 20836 1902 6319 12050 7746 1210 11958 19434 7287 15319 20984 10181 7877 3098 4997 618 6505 9179 18761 1549 16568 9386 11727 
15549 6521 16158 8870 11656 17012 16541 2701 13790 24049 9020 7387 7736 15835 19345 8717 23122 16211 5642 9244 29 14345 19846 6252 20849 4966 6561 3946 3081 15946 15672 178 4014 7771 9047 15670 725 7136 18370 20120 7126 3331 3448 20467 19166 4340 10731 23835 20550 16372 14626 2127 12265 10414 13984 9055 20985 20544 18606 5614 18038 10219 5791 22051 23596 20443 19268 5868 3520 13580 1929 16251 
22516 5376 12659 23229 9716 4937 23005 11813 21309 19179 13939 15121 11140 9471 117 8066 11562 18723 19285 11147 10489 1017 9140 10026 21460 4349 15893 6527 23534 17821 22778 21992 4745 16984 2710 14460 21921 1657 2214 719 2383 21759 15839 13522 7171 21561 21587 280 21831 22420 11427 8262 23436 20566 23893 2385 6462 21334 8912 11544 15096 7631 15083 1388 6162 17792 15847 4024 996 23667 10348 3378 
21367 2128 16899 10085 23689 20034 10364 3009 18395 21790 11270 23378 23903 16711 1705 11913 13986 10616 23456 5023 23852 14480 12017 5955 13819 3805 15585 14815 3413 1874 18192 6327 4002 16639 16411 9238 18220 8323 12246 12556 6054 5064 11875 11505 21774 19185 23417 11701 5742 4362 22329 11141 389 10287 17096 14207 19698 8622 4963 23110 16101 4703 10985 20102 2889 3337 10887 21108 11659 4681 9605 23319 
9744 3027 10765 13065 22212 10123 707 9501 20090 4583 20642 20478 14870 19285 10626 16115 9454 21195 15166 1496 7445 7698 3146 10333 11035 14032 7382 4241 260 22592 9107 15609 1560 19871 4615 5319 11541 10927 14820 7572 15510 17009 9597 11927 12235 20223 3983 21688 22965 696 4731 6351 8394 7876 16683 976 3456 5612 10822 3715 4145 19929 19324 11310 21347 5486 16629 14436 16413 12996 3555 7864 
5946 13152 1338 23786 14922 5320 21415 13828 6015 2087 20178 20014 15569 18408 20989 19024 24019 7753 4286 9711 9229 23609 21020 6517 5037 19196 20952 2997 8133 449 10860 19684 19206 17803 19411 10069 23122 22373 23896 10684 402 1563 6640 15970 1518 3570 16541 7084 16928 20826 16794 2098 1925 19361 8615 12567 14499 11114 15563 4179 17168 7970 23863 12315 1714 763 3931 777 23136 3768 17066 23537 
10936 23705 21054 18059 8823 13536 1084 1692 15909 23483 3790 17833 334 18010 6341 20438 10671 21903 558 3781 11420 5968 21701 13133 6731 1574 19515 5808 10947 12523 10892 3431 17775 13493 21489 2539 8576 4121 9837 426 9151 19232 23865 9484 13183 6147 11469 5401 9598 12027 14787 2565 23600 12430 15698 11878 19609 16760 23291 12103 10830 15730 15533 4547 5164 18570 7085 19345 22690 16921 1319 13388 
12094 1125 22872 6824 12877 10282 12225 22474 3856 8559 981 9004 2536 22284 20881 22144 14985 1662 15795 1757 17391 7269 11909 4103 7386 18993 23447 11623 17462 707 953 11103 7437 5372 23533 20314 21259 17305 18729 1057 1805 1257 15666 4341 5088 18094 8032 1621 19755 23826 8983 13088 12643 20891 22796 20028 21431 22184 13199 20440 4439 14151 7485 11875 1070 6959 8130 22328 205 8407 4932 7615 
