49 90 36
68243 32257 27976 72643 76085 29184 56413 77606 48836 75390 52883 67746 43964 33174 33535 66517 20818 5226 3977 72194 76763 7542 61583 44728 30805 8784 2554 78707 21349 24827 40038 31942 57084 68013 22743 75519 15355 79155 71283 64191 15054 66516 74287 59017 42040 25981 67884 62857 55398 71860 77401 50320 79402 57142 37398 28365 8276 64143 49422 29624 7129 7618 61565 6563 75630 26659 24432 33336 48164 38065 15685 63218 22739 8130 64585 7129 58302 50628 12336 56051 64838 7895 48721 4749 7387 4277 57306 15663 10770 24886 
69478 42090 56696 73394 48652 74676 18211 15434 26170 66374 53498 66046 71942 18587 16527 54686 25715 17179 47664 38050 73229 30660 45944 40108 35409 77523 68576 10873 11344 79346 59950 23172 39594 34804 14724 30597 51831 32934 46030 20351 41659 41879 28748 31759 60465 69466 28795 4339 4803 76458 66580 20383 25277 54875 60490 3036 50556 71417 13908 4250 11272 73857 51613 50865 51012 66337 23812 45193 41621 12193 7894 25630 54071 36641 57389 32694 24265 28534 61224 53260 23151 70155 73642 72619 43188 76482 75654 36094 66057 31912 
64535 77328 23927 34306 70544 17289 42993 12514 62481 2773 24706 70375 28402 78776 49366 28141 53821 15982 56675 33203 69241 22176 45708 61041 37145 7054 55681 55149 67339 64089 5219 50032 59575 53337 26689 48277 12977 69681 3142 75457 14804 27847 6341 43206 48974 79899 13697 20953 14039 70371 78347 1438 34897 42214 4829 14392 73459 2860 69540 58957 66948 17109 51339 44682 12797 78027 35309 25773 8218 38450 43580 23021 8648 74113 66226 57621 72170 22274 20924 28559 10803 41621 54188 69892 1993 59016 2442 17803 61875 14333 
76759 71174 31441 70448 58206 44237 66634 11673 70009 17202 74315 55940 40222 25313 48211 48799 25284 38539 71072 46207 67097 24225 5986 39443 12275 32171 40809 38909 49973 45034 77433 69082 34366 27032 57688 34922 13620 66672 46595 25979 2032 63260 77 42254 30923 48287 9211 56206 29176 80282 44763 38623 46857 50748 20416 1483 25269 61224 40391 17592 48609 35982 4832 25325 5364 62520 60247 43175 71542 49192 69154 73574 30610 11581 58178 3883 2219 67388 60088 55586 8179 23009 12368 55035 16107 32783 56517 41376 36358 39258 
58967 27317 17590 6150 52641 47146 11020 31046 8479 720 80237 19983 16644 53197 55756 74821 57079 57974 2718 59517 55910 35088 684 68277 8282 16791 43411 7149 517 22119 70599 59483 49435 6347 7983 20234 77684 19002 75472 4322 43914 16218 24304 60557 11766 80059 53537 11195 80383 56254 70712 54452 9501 71395 65079 41974 6344 26648 73314 6860 72958 4422 8694 64743 34961 40868 27328 30803 59870 20958 35124 21942 61367 1779 24849 73132 24188 78385 2486 22730 76990 73197 19532 28841 62750 2769 13165 11445 53609 28829 
42496 44725 33251 75381 27627 10562 34408 79146 41364 36628 18262 18839 920 79628 20617 25768 70919 44804 46504 15755 9884 65844 7110 29415 12843 12210 32184 50199 23654 28143 79027 8501 15218 54628 2040 42844 65189 60639 64340 24712 15425 760 67742 16344 22739 6517 66304 36008 75512 30966 51762 3555 39160 58871 57161 52002 71080 31695 20359 37085 59837 41736 45585 75055 14523 47624 60249 79711 26422 42748 46773 66038 67699 32673 24733 8596 63381 9195 44603 81244 64352 14523 2957 21670 15744 2468 16022 29175 34163 60572 
66259 12158 20466 30002 29563 59180 19976 7971 57050 70589 74910 46173 78978 60767 21197 21869 69363 2736 55255 56316 2138 37765 13190 29286 1785 28933 55946 17806 58107 8267 78377 66716 44616 41193 39068 74179 18532 59044 24500 17932 71983 17568 6455 69119 78334 27651 33338 8206 54579 6751 64522 56716 68707 77711 28353 70491 48994 2457 6455 25260 34915 27182 34326 21881 10726 73394 38410 29257 74788 62909 71380 7280 22827 77834 18750 43512 23644 52087 51717 20573 58838 58589 19639 69895 54458 47991 58545 21611 74639 7350 
71062 51904 58724 47738 73785 69449 39290 30353 41056 56428 35613 30594 63708 58439 50778 24808 44301 74421 76894 14177 37344 78082 15116 56983 66136 69574 23132 67031 33535 40122 74380 46947 10184 51262 12843 26319 38869 52133 56672 22275 50911 10443 52868 56969 11232 21805 81776 55533 38576 76829 12060 75920 15420 27175 51061 23906 39099 16543 9095 72633 80856 1634 37738 9199 77087 50581 35517 58307 45064 34539 80581 38325 69173 51608 13453 80405 15763 37579 78288 54338 56758 32698 72608 72178 2223 66019 14242 41322 721 23337 
56305 81576 49162 36394 33125 44407 29325 10993 20872 16739 45531 19612 55063 57055 13570 10866 79810 53524 48445 76256 26020 23361 51304 40979 37889 53526 25156 76323 37198 50068 42010 35854 73995 9330 72247 25278 77928 19730 60462 16959 36468 48344 60762 33881 23557 16682 44747 21525 70205 35542 40131 38575 1253 33785 79553 63334 29661 47060 57815 66859 15286 17983 20871 7439 51504 35468 56909 47590 55197 35529 64548 34015 26223 67660 67895 49779 2500 54992 13654 15055 32884 77976 53630 34137 29919 51341 15629 59580 16559 15794 
68789 56037 33776 32010 63475 27630 67477 38542 75219 65024 16422 57926 17197 42644 67936 27442 34774 12787 24785 48427 27841 57668 68754 81470 34155 16831 75162 49783 76410 9879 7927 5708 65915 65894 37717 71741 11682 23352 52633 5060 6534 11405 5336 47922 54049 73271 75364 31173 4216 18307 21950 32057 18325 8862 55877 52480 25693 49197 44613 44453 59076 52540 74353 67341 36592 30228 81432 48274 77772 52224 77525 2464 63628 1019 74578 60027 16640 68100 33550 45048 28757 55500 77104 47081 64361 51139 17719 32404 18495 62332 
19208 19921 33030 11719 29612 11972 66138 53395 2596 62068 23777 80120 6883 29755 23489 81460 32133 64321 10069 65682 27527 38825 39340 46981 4064 46052 40470 45975 20806 1315 26465 64205 21235 1845 75923 75039 38008 2571 46592 64796 64638 12719 63074 71520 66665 28914 71138 16956 11393 81206 797 63111 62381 64328 28250 8796 52730 68719 54770 73536 70034 23585 80091 33619 49621 74173 26816 5787 76743 15758 70582 1890 28476 76007 73410 37492 47271 5057 54447 1014 28614 79435 64124 33345 4273 10532 42140 57002 79250 39260 
72888 9793 62844 71138 43412 54815 5820 12578 2953 24913 52528 73534 26802 23354 10050 42562 60845 81512 71811 33451 684 42775 55236 7158 76119 59508 41881 36418 58861 39290 75677 74099 73274 80872 63395 34844 53845 11565 71614 56797 60669 42300 72682 5630 65653 25082 72383 44657 48945 62352 20458 73820 23285 75693 80978 41755 77552 41017 20523 54571 22657 14358 46828 14090 37580 52574 73125 33776 6489 5248 32923 67158 47547 23763 72787 55551 73037 5679 42558 40140 68031 63015 32118 33666 81058 55446 75420 76768 14622 38293 
49497 61470 52651 38676 17910 32581 9408 9194 66356 15896 38633 17438 1212 4339 65392 16349 2240 80779 46220 44797 39077 56601 25970 13546 8425 25186 11342 26196 20113 25963 64488 11960 29784 59489 50635 47693 34421 60042 56886 43127 18289 37870 2915 43692 42208 68307 2392 68639 9595 48611 31594 72864 23370 81755 4568 55986 49291 15909 24532 11754 66064 31371 23714 14006 33210 74348 4049 67630 76741 3286 28916 37380 41155 56022 23422 1521 42487 25813 12510 52082 16774 44103 67296 64335 44016 71863 62672 11465 30122 5362 
47411 38536 60924 71124 76733 12293 5981 80782 22273 25072 2226 75380 4802 43380 49561 28224 69092 34398 78228 81601 28830 13161 68054 14284 19846 54420 28497 676 8235 970 30230 55645 39505 9312 69119 58589 21604 75100 81721 68069 42522 2105 61607 47324 69676 29326 17898 81118 63724 14284 23228 34904 51636 33632 49188 71482 6210 77684 14508 14444 78653 44737 12440 60509 78241 81558 37256 42195 17167 37135 28422 59689 63431 8188 49363 75457 61705 67260 17084 67779 81543 64503 20842 75530 16293 12380 7521 22502 8222 22028 
61137 29226 9116 15927 7893 5515 15644 69340 47709 32810 48825 76131 10657 54606 26669 60019 48221 30724 69629 7655 40854 11682 72157 61695 5370 6608 16425 12890 53301 24646 59109 56788 78063 10575 72715 4114 16089 6517 15804 6149 63518 64628 24630 16526 37392 51298 18895 27963 24372 6683 59809 65225 18364 50124 69270 23733 80923 3853 60814 76574 28499 62273 51521 24720 15199 66586 53026 31287 15453 11180 61627 78970 75808 4415 13654 55550 79904 56741 25864 22435 63423 3831 5818 81786 78147 75088 47869 77228 78940 51033 
71961 49789 55656 65832 16860 70854 50576 12236 44492 66028 23415 24277 5507 41573 52884 43353 39474 50946 18252 7688 15731 81674 11518 21549 23969 32015 38987 14188 27402 60277 7571 41713 52417 63226 25703 69276 76431 76278 23862 39081 2815 71468 5708 32513 31200 58591 75865 13024 51888 12275 20711 67618 36299 56420 31517 2618 6594 12854 16805 58187 73131 24375 18058 43706 29952 67952 55332 24541 4739 21544 5972 7553 11170 11679 40065 66561 12621 58281 79584 64508 70555 42645 74476 49205 17224 24152 51822 48009 37005 68627 
24354 52486 35352 66603 38542 65303 52713 36224 8002 57451 57767 13973 7354 68937 49844 71610 53656 62464 48049 75591 69322 60955 36394 4307 28318 77809 28458 80139 43976 7814 9275 10680 60299 44627 77282 41192 52280 48153 77415 60282 47954 53341 16605 55307 64628 8799 45076 60634 13613 35475 54383 1093 14588 8936 5400 42905 29095 58049 65395 73071 8213 74669 1909 68512 61646 21542 27862 32085 12045 47627 34717 59999 19126 51321 57656 26104 60120 45082 4897 16083 80557 59279 17176 37495 10565 46767 80400 39660 47166 6304 
55081 55379 23323 81181 66241 3128 20881 36453 59404 32926 2238 12279 35275 45556 5950 11089 71659 8420 56171 76555 24503 79078 78185 65870 34731 6908 54987 57481 70759 20311 63784 68190 18040 29458 67530 2439 32585 6569 38891 34339 39494 65321 70809 74768 29035 19109 28208 18852 51721 26729 37758 76223 23965 34101 2602 1046 65200 81780 58527 78310 20249 64661 64658 62481 12277 50346 64919 69053 56915 46161 21550 38759 53832 34709 55878 1025 53818 2244 44068 23697 28972 81825 42270 77128 58276 44871 78173 41635 69001 79050 
38103 7408 61870 45111 12239 16497 13616 77158 3709 12881 65669 49450 51639 61851 2318 49867 62875 80327 52110 49293 22182 23432 73469 6802 42910 49903 75864 63434 33888 63023 60642 71990 12781 64862 35260 25020 23710 73067 44528 27418 4106 28355 19218 79936 32556 45727 47962 37781 44212 42422 5232 8744 8205 21051 15545 51114 70954 33759 56898 23000 14940 59891 37341 27721 42911 14951 52740 8971 30368 15426 60580 34473 67972 79798 56759 42878 43683 47071 80658 30246 7652 4048 63181 40048 25099 21077 33512 38403 54835 8569 
3753 69775 68459 65285 39846 53720 22586 10744 5042 52953 50361 65621 29776 60683 63577 4694 21719 49611 51764 20535 22207 1766 48774 3546 66005 16223 24622 17676 78817 79457 50436 729 9741 61245 8364 49586 57315 30950 2680 62356 2061 77232 46136 31837 80265 52063 60722 44334 19832 54836 7219 66230 80794 80184 69776 7308 14566 36748 24983 35733 58555 17769 36461 68295 21364 69017 60231 78679 18125 5261 1544 44377 24843 71871 18564 23266 42093 79285 9950 4275 76472 17168 70505 75424 15511 790 890 54268 37537 50065 
8159 14251 10184 68812 24896 31548 55987 27478 52577 16462 32738 78312 60838 57581 68342 79402 23197 52785 19196 33147 81251 13826 50314 12265 31600 8175 13054 56682 62442 50591 49097 12952 7192 59280 81763 56279 33178 80100 1915 28105 14720 34653 48768 75557 34584 59460 15468 57780 54595 34664 9085 54004 48489 1750 66269 22440 9924 79322 79121 14717 72263 70568 27668 21805 72198 27589 20435 23535 50039 22349 75831 64758 81193 66949 58473 33935 44567 16292 34066 41512 50955 43150 13675 41794 44899 22294 64233 79015 19774 3863 
11890 34388 74430 39557 80384 64787 9496 18977 30672 59534 41326 48853 42450 64869 33961 43273 16963 20878 59564 75220 62390 52869 36528 18415 12822 23778 40708 77054 45143 60481 23268 57032 37219 15856 38939 59954 80642 48434 78930 29472 50318 62606 78325 35118 45634 54636 78390 4947 75513 80305 80166 80253 75524 59044 16826 6504 25172 57533 25909 70314 60365 49176 69696 15742 65031 26793 75695 6183 17577 15135 35654 67894 77740 56329 21170 65724 29123 41911 13021 46987 64566 11345 45398 58248 12740 62224 64752 37911 37915 33011 
50576 40630 345 38430 56372 7726 7574 74417 13908 25150 31902 73754 11203 51993 48241 56564 35875 19715 16633 48896 9052 81198 2591 54449 81797 15330 59023 64707 77433 39289 15876 70359 79918 40412 26947 78640 48137 58712 13567 4396 2021 45468 78149 37415 15619 68740 12137 75686 30805 52962 42740 39856 76510 45330 36656 76465 3011 13837 1681 80443 53125 41748 68960 75394 318 38257 72192 72647 15128 28109 19393 41340 73577 39892 78754 31546 26790 33241 25390 81787 28553 68129 39801 23222 55810 76456 42037 1171 32644 43718 
23964 28119 3624 35274 21671 28134 73530 36214 43131 31008 64322 62523 72347 80249 20573 11610 29954 71554 69043 79535 71499 15754 8174 53651 63167 63983 48265 23363 65153 23259 67080 31467 51378 13054 66740 15399 65379 779 51612 26668 31787 58285 7349 46484 56692 52113 445 28996 41826 69487 26690 31483 27591 34863 27484 8917 41196 75749 32279 48699 41358 41709 80165 10894 78954 65063 26293 62492 65841 20255 7318 39978 78539 38859 4621 77582 9130 29257 24736 75147 41094 51425 48981 68684 28638 76464 77600 69833 12722 52229 
36690 54080 36288 35013 7324 33401 18234 33616 38243 2234 78063 69752 42211 17111 50961 71023 12851 2442 42630 37587 77588 1882 31362 44727 70566 60000 39350 8675 47991 76263 3255 27032 48501 39542 62044 55825 15293 80278 31791 77727 24862 28012 65638 9423 69315 34757 22797 324 61390 65426 62102 57137 67308 35815 20022 80224 38165 1722 7057 4314 77985 10311 55537 68836 74045 35740 42819 7496 58368 16961 3382 1388 69164 11370 35002 56637 70318 57798 81153 49867 65575 61413 25162 75233 39578 69375 73615 77742 13448 23022 
24407 33783 33333 79943 44969 49728 33841 30139 57223 10367 47099 2955 35946 58613 38516 70948 33409 51185 71096 56912 19210 54829 60675 68563 48220 18412 80288 64185 14312 36086 5366 38718 12219 62890 61012 57188 30776 13011 5485 30349 47570 76775 33304 1674 53546 14170 14972 29305 65354 28419 4375 26914 1406 65050 13635 73818 25812 36274 56161 40123 72359 3877 21192 26929 66766 362 2275 15700 37564 31951 46049 27484 26884 21703 53350 22780 60064 68321 52085 43577 14898 80651 70490 40496 63859 26476 56664 32021 62749 55175 
72144 77458 59052 35686 22545 43976 60239 24819 2027 40153 80961 48075 67637 26003 12128 39145 48783 72191 49816 43218 33926 7065 42027 46767 47560 48237 73242 22382 80257 78341 77556 70559 73957 78958 48595 38853 41093 26992 6022 43119 67145 5142 33544 52940 31144 45671 34435 22277 36020 2409 65494 12297 9473 25680 1414 81224 73916 17006 45956 14682 13505 41671 3400 29812 38787 76186 68664 22230 45529 17037 7699 30832 22178 41242 26122 77513 5071 2907 42141 65283 5315 25793 19930 38980 75664 45535 38362 10089 62540 26669 
24771 76044 68339 52362 48206 49476 46706 59221 14057 10393 76257 21755 65416 16593 62997 33888 36456 10418 36794 78596 18051 66301 46740 62172 23439 40562 25865 4151 74843 6563 30819 17772 765 41508 70133 73163 33335 59189 50542 71583 11933 44957 11496 77348 3900 16843 29395 64547 27261 8539 61302 69503 74839 50392 49834 40628 33304 75698 44779 26305 420 17948 44076 25376 1807 56559 16697 35141 33907 9589 24882 45839 54545 60569 65537 795 77412 37282 65342 47023 45821 68994 34684 38818 37544 26868 21797 70847 20725 66575 
15311 45336 26873 1737 70711 28679 58296 29759 6170 34553 39347 55243 22742 36243 33971 6437 37037 53733 43719 44729 18914 7698 31881 77789 70707 11775 22816 10662 781 43540 19587 40283 7034 46460 66211 20095 17489 66857 74045 23659 19568 31551 78901 42309 10144 55222 48746 71372 27113 34815 34260 46026 42512 66140 66166 55569 20266 7140 66231 45238 74871 3976 3679 24255 74627 12240 44349 10275 79097 60745 58125 16823 34646 55184 1483 44789 28565 74420 34319 55677 27393 10929 44054 12255 19420 28378 67823 39685 59709 52212 
3081 52738 80380 30951 76992 73165 43190 63691 1598 40445 42594 2073 81460 77239 57257 25293 64378 28172 17871 41048 26199 45263 51976 70252 57517 71395 40980 43498 29238 18847 38061 32318 13935 36599 5619 33277 27922 48809 15127 53712 31604 71 55784 55414 19661 55391 80706 2197 1721 40927 67436 27920 28540 37571 40522 28407 27124 23853 71905 80554 66891 52316 55222 80826 7073 60841 56453 59186 52000 13930 55248 1762 14001 53383 81368 57853 51124 22583 2400 52845 63510 69836 23115 10208 25565 5987 38615 76880 29839 52870 
75592 39081 47536 48973 62257 78800 27972 36868 56144 79971 50798 53743 24083 7149 49476 23609 65001 18758 70384 67400 13953 52052 55394 61259 4610 23309 67246 67416 18348 39435 62636 12098 20866 28330 61070 1281 25288 31392 38149 23783 53713 7105 19876 77796 14253 69351 43755 21604 6267 32297 7162 44412 2507 4907 23829 31309 28215 33425 41075 70754 72860 21870 1011 36076 74391 4431 37357 42030 35823 75505 8163 31886 24960 28038 27840 63404 15547 71595 3166 46005 46242 34519 8575 72941 63617 32404 22408 9991 8179 63482 
80744 81038 27702 24105 35273 44444 52728 14980 4632 30901 8643 12794 62786 57794 65023 8785 39356 22920 22730 42521 68924 11322 19390 19850 2421 1166 76445 49020 35348 2782 54853 58442 26171 713 706 3794 45156 77625 18773 73979 26684 51607 29123 7628 27559 12304 40604 9265 59415 63333 75977 46498 74655 13525 8698 19426 14690 3301 68446 74229 30274 41457 50830 56444 66361 75727 60237 53868 71510 21360 46005 16352 72966 17479 23979 42875 53974 6934 52139 31548 70266 46274 20396 5430 59799 29093 49048 16839 32393 35652 
9227 62666 77108 2407 61461 61627 78133 64048 57845 10152 3567 22009 50695 76532 39487 17024 61758 35811 23957 32055 67358 36574 78329 5912 66195 80478 35004 33401 15475 9747 69052 48893 14764 6669 51299 76224 10647 71782 781 68491 92 4347 32850 50786 23230 14687 67810 3146 50498 9925 35200 36014 46498 31687 41926 55044 54515 19280 6603 69990 53219 75655 37041 67982 24674 30691 4715 35320 20631 5495 46162 44915 34034 79011 38051 57263 11857 48211 60408 62354 58136 37958 40718 46984 11996 24994 20186 66510 44274 50981 
54658 39843 68986 34050 50175 11818 7091 54889 71330 27721 2734 35650 14986 60959 57011 53037 36380 68867 19406 39138 73571 19892 77096 56640 9227 7250 81633 53604 73759 68257 22743 70768 26258 9887 22976 76432 21705 54258 73671 35385 137 18756 13385 39315 79714 70395 10510 58445 81613 54107 15741 73342 73999 10995 48140 1384 42436 72124 79179 34354 58539 20081 47472 2956 29967 12798 21738 75863 67055 13568 53598 9542 56515 66982 48856 54387 55536 59365 30990 55307 55823 70923 70999 47980 76 61490 73555 66704 51772 70892 
43408 28469 33323 9038 55616 5641 21835 77354 23854 31240 33272 77452 40781 7945 62592 7796 4682 60478 9511 35672 33943 65333 48945 23101 55663 73212 2749 71568 58074 78712 2970 19640 25339 36292 52869 80955 41932 17054 18818 8137 48293 52089 3747 31425 2384 8689 39220 7065 69167 72922 66928 21268 80606 34031 68560 78619 25402 13659 68346 1634 10529 13666 45466 60060 49957 16493 1524 34240 57739 20341 42376 24190 14780 70314 55614 17163 79002 37184 48419 66327 52457 33506 29946 75413 67536 40856 72190 35288 54515 1045 
61114 7394 14710 48930 67453 7018 65422 68976 41257 65511 31667 25983 7860 46446 14455 5824 5959 11615 67200 54378 20293 62007 30234 50238 79770 40120 9252 70118 75408 6117 13514 78872 13511 52415 45960 23314 59432 53732 34641 43039 37402 66307 69021 69453 55104 25826 17627 3413 61633 2985 141 84 7342 30374 50321 5270 70494 59572 17739 6411 8040 55444 3441 21550 26017 49400 44863 27800 21290 21854 70838 1042 6320 369 70494 3774 50386 6280 7186 30177 33456 7327 30260 40798 61892 80580 70259 74736 662 30348 
81146 8701 3950 2745 54442 54159 76336 41655 117 39977 63509 70954 41018 12179 13673 29671 15952 64059 35950 47329 12394 11756 78847 42654 52553 58898 65584 65163 51792 8596 13669 75289 17296 17619 20384 71737 71777 39071 55743 14244 79047 37410 27548 62415 49588 41221 10244 7890 47630 70385 79410 60023 300 76416 45027 77044 77664 52962 60365 71806 61557 16385 65253 78853 58195 27988 11099 48130 67058 9192 4724 6614 46601 32271 69028 38539 73491 21623 70620 63471 10166 68189 65845 34657 62763 29030 29860 936 24342 32575 
72741 4058 48959 80345 25261 25312 26491 60551 15792 35899 69743 20515 42512 58694 76978 29698 15392 10978 51320 28362 74449 3837 14709 58452 38493 77471 29832 10703 20757 54174 67470 11657 58231 58779 10160 1650 2250 60842 62200 42233 14899 74293 5099 57410 51146 235 5266 8888 11212 80778 37249 28011 2773 51958 4621 41265 71779 34453 76160 10695 6785 61788 22351 7366 38725 56702 9015 65166 59894 13565 49750 74792 6017 54848 50360 81354 79274 79817 8400 32836 78753 45648 60847 81525 39956 7818 65141 29894 42270 59459 
40588 73246 39405 5289 80611 20480 4341 31976 3805 64234 69733 53554 57184 18100 50752 49894 17612 72376 72061 26011 23370 11324 14009 26567 35199 53965 34385 18498 2017 19005 20307 66796 34602 2062 14435 33371 22542 18775 7698 50538 25359 77430 46442 24893 13688 15352 17137 55491 5886 31548 81501 53447 42871 37860 80014 78070 9983 56749 38918 36191 75753 1576 45337 52705 3637 2122 4235 50370 45088 36124 19066 70446 31712 65507 13497 69591 23209 54825 43240 29094 4532 67091 24892 71594 47301 23064 10173 57284 22163 49091 
35825 40266 50666 23513 11130 78494 25634 39556 47023 70722 75679 66088 59326 49741 73946 15174 61682 15313 12349 47272 68599 16880 56713 11649 6633 22172 58904 16805 79455 81066 8246 57631 63682 1262 81143 74811 79756 24935 56717 69129 38007 50554 77567 39684 42645 69671 54857 22485 27335 67205 12107 14092 26436 68819 25740 57260 9150 26994 74064 30955 50410 24661 6744 32250 25922 30237 25220 48028 79364 24287 35315 35529 74841 55233 75212 59836 43062 72419 24672 12747 134 36778 26838 26569 23756 76769 1987 32905 21921 18401 
63859 72330 43061 12954 22739 11334 67382 72150 1712 7255 38787 61219 42784 31786 34610 60346 33973 20022 75116 58644 32769 75249 13580 59606 44168 37335 54534 70346 12590 18805 31097 18800 33486 16509 55945 80416 52034 41485 13075 53745 48740 51861 33122 33874 1806 67731 36570 59970 30104 29844 36772 62872 47443 50351 64828 33961 30037 61712 46657 42626 80517 77754 61425 32161 36613 35528 30735 6805 19364 68001 2900 68103 38020 36022 44327 64017 46103 80896 42145 76206 28899 78916 81428 18692 47426 64415 52653 77462 44285 17468 
62438 42960 37572 66214 17471 74184 19900 72397 23339 39263 58556 26239 49716 14735 4611 12201 21102 50713 11256 63247 69270 64346 60321 68856 1196 50097 75621 78040 69909 38065 13667 50506 23375 75430 34878 65038 10124 78969 55593 33462 60583 56500 2051 28457 13585 6661 64850 34686 81566 76105 16091 68994 960 18763 80200 2155 68859 73980 80195 56927 54395 36212 25591 77769 53992 2819 60965 64115 81787 58909 39928 60528 57759 41978 31336 71343 48639 14344 48379 72555 32799 64470 2058 33758 1391 416 60104 12600 16746 808 
69526 13491 37019 37467 33611 9170 40285 12734 15635 64423 13993 55562 43109 71751 15699 74444 3603 6688 31138 51982 21593 63936 58802 23650 40044 60192 48257 18307 72791 7354 19114 2827 20844 80325 40293 54454 31845 22929 9539 47479 5510 23531 21200 72810 37633 61090 65413 41235 10128 38901 11375 31720 20996 70176 55369 61039 72718 21784 21696 6019 29137 40810 8845 74173 63485 73329 46785 13488 38608 56323 60966 44117 22205 24516 35086 59837 27956 42849 19230 38083 81749 30605 12153 45095 43131 9872 48485 34008 31656 70180 
40026 3143 53340 73062 77315 34983 6900 66451 72662 45508 65124 51787 7783 5487 18653 67060 65323 46609 52259 26904 2850 76359 81700 39195 63804 42989 49066 30447 19347 23072 42978 1723 50407 38668 74784 70072 16002 24035 54681 6822 69542 37964 58608 19675 43450 77261 29086 51124 42028 81344 78027 69069 18212 77885 50614 175 39032 17839 54813 730 65102 15949 2452 33667 78809 19587 21898 12969 43621 18929 19790 31321 56892 20749 75187 42693 40360 22431 11975 24738 46126 32352 36157 64337 28395 4930 64511 9777 46960 37483 
10506 30220 77623 12958 6238 74590 56736 28135 29909 18515 47063 49699 74027 46306 70447 9723 7157 28965 32154 43323 53702 20630 75674 32209 27317 22227 37138 9987 56195 2256 71661 9052 56668 9793 22009 62905 26734 21095 9198 56642 39609 80452 48691 55986 44916 37296 65708 76264 8611 16020 37745 4663 60841 31577 36872 6317 77995 16360 40495 52349 18616 54506 61400 75283 64298 25759 80538 33382 46853 7894 8183 28812 30696 56873 2956 75612 36520 68663 70034 69322 27034 25938 16336 6033 81706 77399 12349 77860 11917 52843 
48367 54724 25507 52117 72357 32156 20226 71053 65537 67078 21297 16070 38240 51993 72943 41195 45763 51813 28016 58147 39293 55049 26435 79820 3433 26300 75377 15781 22318 29645 10975 13035 26719 60673 65151 17235 10987 3535 30638 18875 12963 51935 34944 51202 22086 26045 34747 10199 20208 62762 68345 1852 60162 12939 81671 63594 39238 17558 21725 3906 71394 32699 16940 16271 11531 24441 33505 46709 52167 6494 65583 65129 58428 18686 58681 80513 68922 35778 33062 7289 16698 19565 9140 19210 56695 33161 25154 38283 74910 46879 
42188 64462 21928 59127 80733 33458 1726 56588 22518 53892 63081 6259 61371 39667 24944 62402 62530 36217 16338 37942 43505 57228 57507 76836 76437 56552 28155 43942 12994 21224 8979 55181 3844 30906 32467 26927 6715 58384 1674 29232 54627 7105 59682 58348 70964 2785 63101 75844 63193 79438 31945 24856 79016 31802 44042 15963 6512 72196 59904 19505 35770 68882 17037 63806 42138 73695 33083 48852 50237 34756 20434 47214 66053 80116 23721 55175 25251 4980 49177 6602 26768 23472 55649 23943 55273 17849 39905 61785 32395 17967 
23640 68165 29199 40676 74321 71336 32529 25562 62539 25117 2669 1131 14681 68721 23597 38401 66246 48847 67572 33581 55448 36691 81245 29255 60633 54676 71295 42888 58811 21849 3205 610 8172 56595 65477 24843 46089 40357 50404 50978 7824 53072 52109 22504 39951 75705 3256 48547 66903 70827 287 40509 49868 23882 12115 28659 78557 25760 13897 55527 47608 41293 80328 79971 16046 6314 22972 62135 46670 73376 55463 78685 44606 49922 19348 26908 43786 22603 75454 53039 35780 18091 35898 3807 66164 48012 56657 62880 73772 12905 
60757 63730 54197 1594 61860 70243 7907 2990 74728 78769 76365 48349 75612 63322 16430 37310 32580 2566 59912 50384 55604 38043 10826 9660 66041 76989 23 65048 58027 16145 77952 61134 79874 74500 62727 59892 62901 70634 62882 55787 9912 81597 46486 3682 5428 62915 40992 38007 7831 43254 30742 63434 23647 41567 73094 32038 60906 15467 39437 61284 31611 35547 40576 29643 52397 45654 31886 33456 58638 37118 31593 68549 36873 78079 14581 66493 1503 79764 46850 9334 65369 77591 15118 7174 61508 30562 63404 40573 46028 20999 
