31 18 12
61569 54099 39642 15624 30510 82884 31487 44887 44158 42760 70114 18230 37821 50144 63779 57586 18564 74458 
89592 17270 86331 11197 66692 60758 19483 26707 17784 41509 27396 72528 52973 41028 34572 560 8715 17146 
35508 40201 62032 31729 82960 40091 2023 72844 90235 65801 82494 60862 268 80031 30195 86598 43292 4833 
55302 14838 75657 73085 56347 10998 5622 17265 4089 84312 61942 12803 9403 49513 5067 23498 81242 88026 
15653 83264 20880 13833 9074 11319 26758 9341 43413 9016 3885 86704 13848 11250 9488 89504 36398 17898 
52565 42020 79280 8717 34277 49167 21519 87797 6626 26585 19240 39931 66675 34892 31140 39618 788 40213 
50936 71663 49553 46412 80679 5501 41062 46590 16750 2613 44040 5212 20510 48668 47231 7735 57385 33571 
8965 30967 73431 59708 9616 616 7584 76290 79626 82841 23853 80413 30999 26852 12086 32616 73263 710 
82234 66388 47299 51048 69000 43402 56259 41573 44134 55553 1371 9464 89123 10336 40430 22563 22107 50045 
23178 73809 78398 54867 64595 54314 87344 47658 33229 7375 80273 58556 52202 70452 32889 51564 73563 53953 
47030 37767 3471 91163 1265 4842 8572 42451 59295 1065 65013 81401 51110 40255 63155 81571 3067 79814 
43831 90410 35417 77059 49848 67753 43560 9995 90268 28513 61559 71777 82465 16534 17489 37999 59760 18754 
86958 68331 13268 54198 69395 78281 87663 72568 26481 10827 62085 73665 42704 13861 72021 78120 42983 29814 
53818 86543 83927 52032 67119 53431 31754 57529 22028 49242 47591 81787 20059 42495 10127 33327 48756 79521 
63671 88482 12099 42215 51373 74183 23825 2022 40107 3791 80142 83089 77723 41905 29641 69595 46000 4705 
75089 77753 62233 49180 79059 17770 83030 51181 12328 1102 36571 61083 32686 8187 57511 44784 2465 60947 
71030 26290 62968 19082 30080 51055 10117 59866 45024 39757 37406 91023 44462 64558 28786 58758 21683 15790 
28591 56776 19034 40918 57877 7669 54065 42627 59973 63639 39474 62438 32531 18450 88727 3444 81649 70870 
6563 91765 38682 51586 83586 28151 2618 35993 655 31403 46814 66455 91310 27469 31177 62408 68386 41117 
70076 74514 83743 37994 90216 75281 8377 74810 45794 5049 30318 35388 27983 36880 35099 66664 40529 70748 
46878 43146 58804 91650 74549 13563 66051 25868 41031 5173 88275 61481 90407 66296 88058 82096 56354 86220 
17386 64730 21039 63179 21843 51356 6512 49825 88235 85728 68552 36709 64421 23375 31919 31170 22971 14413 
88851 41085 84398 81945 90375 80619 51371 88727 6924 91493 30832 63277 37722 48217 80071 58760 19341 9859 
18062 25853 11747 14242 63644 32362 3015 36011 7800 34933 19244 74888 1409 60158 23918 85806 50049 22238 
26434 53483 63029 77476 52921 1806 762 90642 50023 80832 57348 21427 42754 75409 91397 54500 41714 62987 
38925 44728 51061 46725 31724 70304 29558 33132 82526 5540 71002 40520 27777 5381 1948 42869 34920 54869 
44675 35682 5520 46761 24459 62867 68187 19277 90339 67530 25840 39999 38462 64765 36790 89522 19435 68514 
19835 1056 9591 10306 6595 80592 2889 78490 38037 4837 29304 72956 11769 73978 60701 17288 72802 37224 
32219 48935 56500 30503 24410 82339 70501 14935 7113 15237 56520 26547 35814 28418 27603 45404 82842 34197 
78060 85730 20632 24042 42630 2000 49061 54398 28041 17708 23750 8789 6995 55968 57723 63494 38534 34196 
5842 61099 49130 12955 28399 13595 83619 64212 86130 19167 17561 76917 5428 3566 70593 70177 71725 21168 
