84 72 44
60040 34196 4956 69885 2757 58264 18122 36241 17204 46165 64597 55452 58837 42747 82816 44494 47800 38604 76651 66708 56590 51419 46369 5191 46268 28311 69426 57111 58734 37237 19282 33153 71433 61429 54610 74189 34072 24303 24809 2848 70467 40977 9871 80876 35296 7066 39749 83095 82862 67971 15754 5403 33770 62123 10593 31609 4813 31590 3100 15118 68826 59573 85463 54638 72574 54452 43207 58217 78754 19587 12636 63601 
12136 22506 58856 47431 66764 50176 44905 64005 32526 60659 20979 17867 74353 31571 49476 30737 63160 4147 45854 83557 15291 45696 52575 39436 51719 47353 12033 44853 66939 61860 60025 79074 35938 70452 40884 17081 35007 37361 32657 19104 49591 53635 74163 75515 36777 38018 20631 51508 79356 18056 49444 46218 63752 16398 34 29850 15322 49258 26274 82261 25497 678 27286 61434 22701 19742 78514 9279 8674 62742 28383 58264 
30756 16925 48158 19104 6514 20360 70611 37441 38415 34435 83658 16546 2404 83691 83588 17726 47328 61433 51558 24397 13683 78843 210 36383 50156 30296 45662 58829 44609 25616 31472 75365 79732 31201 8848 37817 51560 31031 75257 41547 65465 24866 9664 19440 60129 44823 74357 59028 20636 40294 83424 34318 70709 35206 22272 35244 17073 19505 8453 61681 82312 77116 2997 76423 59889 49037 65811 63020 80067 7019 18946 11483 
31885 28610 30922 43585 25004 19659 16992 45639 11524 51988 79956 33804 1573 53800 20620 55837 73304 66264 31897 69996 9331 34894 12370 69219 35502 78181 83811 29948 36771 54328 41430 20227 34509 23923 63811 59513 80773 80803 19531 6677 47170 51059 77672 314 19238 12671 56150 6921 78934 39618 28488 2645 26083 40858 23435 61584 70610 21625 5911 21760 75953 84532 41987 24841 22835 20177 84353 17987 52551 55456 61855 51292 
20894 5479 51605 77323 18149 59326 35815 48655 13324 64303 2871 76598 56732 26305 52562 41721 85122 10044 15052 27026 46148 57038 3438 20554 28787 39363 38540 32909 9198 51967 84201 67283 57445 1757 58985 27165 61083 9179 27391 25978 73481 30261 16955 44592 8138 21088 37884 44831 68324 52936 71856 28851 61545 26865 49404 4711 66227 39515 74812 26996 43053 73392 8658 52069 75148 67642 79234 2182 76821 58196 65351 16253 
2837 33878 12417 48166 54965 1872 7376 74860 54807 30803 18090 30732 57667 19065 72634 75466 58580 61825 16841 16012 1168 25499 19653 27888 44712 50458 30069 73104 23033 46992 40929 63061 80869 53345 25606 1785 55216 32981 76645 61595 15355 46306 43898 24594 65371 68103 14439 75522 81500 68471 5913 82667 8349 62757 24934 4633 27594 6575 77736 50627 5138 70236 28067 386 37960 53673 39362 44748 38225 67578 57914 5152 
28264 16191 29745 45206 35865 44183 35107 31744 27033 78211 28791 72574 55348 5296 28778 82941 49062 58085 85139 54199 42701 27586 6156 32232 32830 45518 28551 22626 27475 844 27777 7310 54226 57521 52515 4471 53275 2001 36214 80308 80212 16576 18833 1511 59064 47610 84451 22505 20074 83970 76704 62774 63127 82859 9386 10336 79948 75128 32961 58995 75972 12310 66304 44577 69830 33199 49047 37485 72391 36833 69364 18554 
53408 2576 20064 26851 1757 56087 928 21830 6008 77631 36176 20706 26441 82753 31041 57961 72260 15573 31335 14183 65074 12018 58760 49284 82408 59378 38340 69179 10590 22083 2112 15570 61850 59368 79612 15178 67026 80539 74199 73033 24121 24754 8118 2134 59078 76350 60094 45718 43494 43000 11472 22948 6589 70231 23803 3377 81181 62142 24127 43342 35796 63430 58911 49217 37177 52903 64394 18582 85013 52972 43186 23514 
29298 51303 62839 39947 79224 74504 37236 37098 31883 48708 11617 38471 33318 35419 79039 28878 49132 17545 72220 36499 80975 82702 95 32531 1556 16060 2685 949 20603 45870 61654 49900 48745 76064 4227 79540 64947 78654 68209 11209 41741 79825 1251 75059 66815 80290 55508 30326 12214 79299 66824 44760 27953 18490 28863 29508 34549 31547 67648 55152 28988 80873 56623 29304 71316 12421 23224 50642 5455 5812 13422 47195 
37209 14673 73825 18403 9342 80905 301 58747 26155 67124 17887 54107 37186 46749 35187 71734 29867 17214 78457 58854 49659 1032 39730 35354 13452 62953 37568 56098 20336 50989 54865 57544 65661 43069 27519 26574 75545 27819 36893 16080 46514 54779 70186 83699 53099 19752 21385 82965 74158 14221 7770 38196 15252 47499 25121 65896 24831 62688 36373 82359 28057 42809 54282 45289 37450 33372 23435 27374 61190 60327 43453 22084 
66677 65211 57354 34155 36534 78738 31499 62263 7339 76460 14838 59782 38339 39959 40057 14741 54218 28002 11479 82274 70810 17333 79135 22639 50704 16949 1585 26274 28847 82229 85549 9903 61819 57282 44057 49925 1972 27127 26567 46502 17966 78597 20663 56304 70127 12292 22617 38724 77485 34095 72570 14246 51427 66084 36885 16511 34604 38469 79976 63450 72269 79904 73352 48468 3137 68980 49964 5108 47678 76530 3181 17215 
21078 23844 25091 5584 73327 47707 44308 65191 81801 31257 79436 84800 11720 67892 15690 83515 57932 10045 61344 44581 41520 647 44620 81848 21198 8963 1336 68875 37064 4516 37661 58142 65551 62751 63725 4829 24837 59604 21591 58210 5240 15407 57389 54151 34870 24650 3617 44374 71886 64960 3334 27785 17178 85145 24012 38375 8487 62539 58821 82742 18627 10862 6835 35749 73612 22132 40578 50021 81735 62168 22610 38547 
29146 79998 44269 15588 56219 47886 59961 42484 64417 14866 70268 81595 14390 45851 34349 60068 59962 7550 57189 30160 55603 15596 65908 43594 37727 58057 7994 33841 71797 67795 23959 52514 13744 19800 68101 69962 67685 79633 26825 83673 8878 48664 79647 60459 8895 65568 34906 68856 24689 43667 50587 80291 59262 30874 38264 11368 40503 83450 82400 26679 17196 20739 79192 30940 77730 13245 15281 59794 7257 42106 9418 16135 
42341 3445 76593 51235 69012 63071 71662 8080 21117 36628 39942 80378 19074 29777 43317 59576 27606 40096 634 81994 12406 31397 27313 4515 44641 79785 15880 3470 73462 25298 56796 30183 65934 84960 81417 897 62410 19031 46168 83526 7230 489 29855 26303 30265 73171 37450 9443 64839 75275 5816 28816 21052 70320 33331 17264 64484 782 20733 52326 63271 77528 82508 43584 76868 29876 44480 5229 478 42219 40327 7708 
42707 70181 71202 72972 9304 60224 33986 25714 49878 39801 54529 22501 61692 39431 39765 40555 40213 12069 7260 17863 41169 41339 13019 69608 22787 9070 74836 23264 51289 29542 68163 8375 51295 53745 32918 12170 65540 18475 37883 29797 58275 43983 52298 71538 83414 43634 26473 75198 7274 70924 7440 48442 26643 57650 32429 49429 66720 58837 24264 32388 39950 6807 77954 5624 12123 62444 54985 77662 80918 44439 59030 5145 
2802 25707 76682 37787 20912 17534 27364 28186 2838 34803 28199 66672 44025 12200 67672 25124 71036 6315 9083 25365 50313 38608 68181 14007 15431 37545 6048 10729 33556 16650 15873 36357 79548 44126 74143 14840 61660 15886 80217 16069 2260 59987 34312 46284 72186 16363 22979 57601 59869 32061 34538 61754 70669 54290 75760 479 6214 33380 48399 76961 50029 15843 27697 43956 59969 53411 10367 73200 20868 42155 40840 23128 
16522 75151 20983 3087 43085 43962 12260 54525 76022 83989 67850 12642 52658 9562 50313 10443 42941 13091 1784 44541 66126 66672 40068 40474 34463 2007 65245 55330 44161 20464 30029 12254 47186 51012 15341 41842 9353 64792 47938 36946 63160 67360 1160 67389 76921 51472 77831 71433 16134 79614 30353 82259 60666 21992 74304 46700 61190 53928 16409 19731 25963 46438 31984 24720 49021 84516 66561 9945 63687 66071 84082 78418 
47810 85241 60186 39110 2664 3969 62114 18798 83582 6846 15436 10199 66029 4120 56898 41599 9619 24879 12901 35582 22888 82076 60301 71908 80972 78434 33424 10610 10456 31885 40600 9837 31506 52357 518 34169 56325 62631 4538 5859 21048 19974 16057 1456 61285 24527 80246 22475 977 7526 58056 23864 3982 69929 47343 36525 14314 80766 84326 24769 27030 39305 71797 10107 43234 72314 81468 13938 49324 385 19796 70371 
57550 73045 23398 70406 11951 18024 44453 12927 25549 16888 73982 66722 38388 35704 54818 4273 68041 53524 66233 46642 44400 52409 8321 2013 39102 4168 53143 39997 41744 72938 24747 50866 11934 48145 35651 23884 66168 80103 74002 43288 48563 13935 61582 38522 49638 67971 79987 69250 73066 60599 30272 31846 27388 38592 71050 18061 79951 75764 58058 36074 63082 34376 1319 75015 82520 74162 50471 14639 20216 76044 9499 20350 
4359 22652 10444 5568 5002 4810 74818 78068 16980 19469 61485 81559 9632 84106 14000 3962 74250 23629 40035 51711 58004 78546 78297 6476 18659 80339 58306 38874 70763 67804 10796 26693 4835 21239 32260 47029 63240 21457 39476 80219 78117 52532 76158 2128 51017 41729 6089 39646 65357 83316 42928 74932 76241 72797 81407 9279 67515 54093 85344 4229 73468 10519 68113 29875 68949 14753 76903 83760 73401 67950 78359 65898 
34861 20468 19597 257 13768 25686 77095 79124 23381 34402 20007 14001 21578 52986 60471 40665 58650 60194 82085 46497 70713 64578 76371 5613 30902 19225 3753 18682 1554 33683 36151 73606 5722 55748 25435 19489 81433 16909 50184 56385 51310 70190 70385 24460 37555 82427 16696 10584 57000 13160 8653 79284 77737 36595 84897 60210 55820 40221 78892 8945 25475 29422 34123 31196 85169 59557 50684 32553 76465 15247 3317 79346 
37008 25273 55377 74563 22079 72072 36718 30651 85232 82562 24314 28920 33537 60782 3510 3736 52574 33973 49872 78048 14966 83994 23623 51707 57930 74306 35831 346 41124 39148 31264 78132 15992 1020 18646 75263 24664 6935 20293 24275 3877 81798 4766 37413 8532 45467 78340 61105 31011 42591 53533 45977 40965 28727 49255 50466 54605 85085 2384 10108 75804 33647 39811 6176 71858 58456 33010 10901 16963 4874 72367 20839 
1051 77133 9823 46774 74171 2542 22259 56754 82324 27363 54302 74860 56089 17936 39706 25073 17400 79281 72373 7584 27307 26563 50951 13544 36591 35532 24445 53553 40405 11191 25963 78647 39895 72977 39801 65638 27090 13631 36771 23793 40993 5452 13033 48653 23387 4310 73726 77978 83590 12050 37133 62468 38612 2463 76011 26774 75186 52027 80326 29970 14790 57860 22997 6256 45216 14369 71893 72305 27999 60235 47670 20563 
65686 12274 69215 40644 53775 8892 33002 51744 20941 21706 65783 11125 61361 7745 37898 50926 11344 69796 80896 26133 42035 55464 32388 38823 69832 55853 62699 49402 30467 24748 69964 10533 37021 5130 2748 42367 51214 35749 45682 72154 9027 25844 34850 70387 33589 72748 35692 44932 56923 30967 22636 50529 38002 6595 40923 22213 62447 18002 23186 7294 79941 44721 55018 68534 49851 57765 25280 15444 45086 70962 39169 54112 
11185 74019 38878 81965 12718 74569 78468 21212 57108 52675 71740 9489 59270 27043 68894 36096 82236 6459 80581 76556 2752 49978 11041 4174 59315 36321 56809 18780 21662 10357 24463 70038 35947 14912 17955 48664 41052 10802 69875 49731 15049 7567 59220 74318 71801 79685 61985 19988 37715 56946 48115 40466 58495 59156 44639 32189 47048 15827 2540 20281 63376 64194 4698 50894 79105 59844 51130 71729 22218 35384 35839 37266 
80142 46630 25963 17894 40694 39519 37881 29981 10844 376 22018 20911 59531 18229 4671 20958 71247 44403 78430 49002 22976 83127 51468 53653 8923 16977 76953 31140 3932 27171 68405 84074 73801 45939 16347 66066 85457 54228 47618 47873 6175 69636 20355 17277 39436 25025 75426 25062 69427 68235 25636 43975 17313 77103 49199 26235 8459 40531 57374 12390 19273 77350 48035 44645 74860 64382 62283 74697 70181 24280 74141 27927 
45487 8875 45203 84922 71091 35008 24364 54898 17622 49999 50444 34934 78673 51214 12741 1511 6124 21686 13900 62588 13416 61935 21613 2655 77888 35467 28923 14020 59746 54635 41946 56805 15081 1528 56106 552 36535 32041 55449 5728 33611 57464 77853 26663 23057 4973 65365 66372 63851 30837 80531 77266 44343 16523 31492 36610 51989 11987 2201 63307 66621 44146 71683 81702 45673 42168 33825 33779 25781 3653 76698 10963 
12688 20502 74818 72936 62667 54562 5259 40897 85398 169 32542 44120 53884 15605 32301 20252 27591 34501 35130 45784 78646 21192 79057 75890 14932 27261 61240 77904 68105 3889 3246 32364 24391 78063 19679 1437 84197 24937 42333 35546 25105 26446 79666 78988 42050 63538 50812 21213 12419 37513 18568 42636 10277 49196 70098 25208 76456 45717 54683 10512 49606 57928 42875 73996 1943 14125 27004 37711 39061 69336 73256 15737 
10161 67301 46297 3782 82411 11488 62186 9209 572 80753 3416 10848 44328 73513 73247 72355 70802 42309 82866 71979 51809 77312 11926 53751 5816 38929 5841 82068 59836 79096 12185 69996 12349 58481 25349 9139 21540 1915 55539 59303 82667 58954 70151 78567 84039 57777 65301 69220 14466 14119 7150 66274 5810 19075 71596 48818 58003 29008 45265 32218 59675 9021 53785 23595 67501 79133 69925 40612 32619 39843 14295 66858 
50369 36017 59804 359 8173 76676 21150 59830 42366 28299 77675 85368 47373 15222 48565 19755 81421 45401 3544 55476 54422 57328 79070 73494 2412 14947 28486 35031 54789 79972 53460 56729 30368 27643 57087 75732 55890 29808 1514 12636 58106 30760 49575 19858 45982 12519 76804 41782 57919 80347 48829 26720 3626 79471 14594 6038 8797 80271 78260 15157 26194 46099 71886 56561 25313 80544 83864 32774 24732 85377 82601 82837 
30517 46555 54267 28070 59073 45450 21423 68564 77369 70252 46855 32566 64102 13020 38603 24470 7670 68434 39626 71055 66104 25891 79187 42988 58007 77431 75762 34310 28759 24314 68718 10847 70869 37364 38916 81513 34386 60339 64456 63326 82162 25691 10271 60643 75902 446 36684 83572 68879 76309 20578 935 53772 14145 81114 26158 5955 22827 12039 71905 47141 80756 82752 32389 69692 36047 65473 18457 47957 44309 81782 81690 
21571 6432 56712 11852 44069 7775 46995 27328 35656 67573 65454 3807 81717 60947 67156 39243 83774 79194 25527 45294 74329 22658 29254 58400 10277 9106 28428 9805 4986 61781 5875 63748 19785 14158 75600 63853 59125 74166 42752 9160 7690 22585 50158 40978 35104 31693 80220 70449 25266 57319 30122 51166 79976 10947 61138 41824 57244 41137 3201 62230 17298 9075 40357 74274 60424 67528 52506 33928 7646 46830 80279 15335 
20986 44816 56313 56089 28080 50912 40917 4917 22610 22610 56083 54158 70748 68792 47553 42372 24308 50753 56173 78797 11399 10909 19022 71823 30009 71528 57322 37654 69929 3553 52988 5294 85560 23680 12955 28020 26164 5443 32936 345 65245 40590 6074 50372 60953 53627 44315 36833 55951 14867 67201 67350 25776 603 5124 7356 23702 14017 45009 8010 17569 49568 13303 54701 73248 26257 82720 50983 31700 67227 2899 11324 
59389 8973 13267 71913 14171 57582 23125 70121 72448 4706 3422 49795 5308 8545 57150 29009 22562 53730 74210 77322 17678 1892 46402 42497 65341 80693 45051 48612 13872 47949 59935 73260 8493 24773 11124 22663 82354 34249 44356 20754 76146 47777 22120 33025 56322 30842 13605 30455 84571 2194 22156 16628 4085 20130 10696 20997 15202 55746 69608 29073 55267 81114 53904 63759 20267 16600 802 54192 50848 45157 74945 78565 
44505 11445 25969 15206 42286 39573 82852 78428 41766 56580 46628 83042 76709 57323 55611 43482 64641 39598 24127 34287 35092 29602 12425 55358 46201 50418 61121 48620 47146 50446 41564 6031 13462 67532 58428 7319 58676 55660 126 52013 26619 46753 1007 54899 55648 56617 12760 34668 10594 36886 68954 45685 18060 81378 52614 64260 83368 28115 27260 44893 30132 68823 50923 43593 2307 23731 2483 60982 79390 2608 27375 57580 
933 28381 26858 8152 84997 76809 42819 47162 28075 26152 44419 83326 59101 11412 61965 56848 76718 40796 53313 21229 23999 18615 16393 26305 42345 18875 38858 73306 58675 17804 82457 11179 46184 23694 19330 82752 14883 62148 81486 80149 39871 40284 77854 50543 51695 5770 58963 42793 46566 26655 15593 22136 45269 31986 48440 39186 2432 38869 64063 12678 56673 60900 23856 54428 36165 43185 3132 51047 19712 84617 82767 11154 
39280 26572 61697 42546 32342 72231 85338 30479 13265 52503 52614 10105 36060 52625 49290 75683 5873 64925 2741 14117 40204 26596 68545 76368 69781 71676 78987 41064 22244 27705 52218 61523 54277 65486 18448 38190 52096 55358 68668 16932 22240 72853 27036 9871 39857 76326 85553 45729 7202 2673 11418 47405 29269 79962 75344 50621 17589 20282 6064 39832 47987 9853 15734 53835 26910 71373 43596 30577 41110 63835 47508 14921 
51067 74544 61983 42495 16821 61916 39795 24022 16160 51212 71426 82620 45553 12721 47620 14713 70195 5256 54544 69753 15108 21849 75159 79210 7602 33134 24166 283 48540 71674 52396 51178 60597 28758 8052 77417 42245 47846 15818 58405 13438 38815 55404 10562 3107 54596 25275 73301 59851 79818 57433 26530 53239 46971 20119 12412 31676 81477 12694 80215 67530 16661 45772 79698 45419 53823 71494 2043 53241 38883 12019 66678 
77697 67423 77239 32375 73590 16893 20056 47820 48283 29060 25921 15901 76031 83232 28312 59278 79088 78197 53873 60997 9238 51216 55074 54656 56611 78139 8270 24231 31401 20289 42480 60669 39283 34098 7423 64444 2563 27478 26643 2417 56538 52563 18317 84140 50174 83820 57797 80833 76396 63241 56209 13 66029 62854 6240 37019 6944 51702 12821 38344 23562 55300 50584 62844 40969 58007 41667 80723 37056 19881 83139 45165 
24015 53027 80876 25761 51226 53053 20973 42002 67865 28754 79206 48273 43179 37018 36863 50123 3099 1255 2846 26660 8126 5002 41075 667 63008 34313 81389 51635 54193 30480 11180 29779 83506 43627 55539 684 11059 28084 79877 30496 56837 73462 30340 14395 62051 67203 64517 65149 68457 18935 6188 76583 23936 47262 77249 38515 33146 24589 4529 1718 55068 52900 31497 4526 10907 38607 42401 59157 66690 36657 4032 37906 
61690 34372 3873 38121 53146 68389 17649 73174 38895 61029 64136 62830 59862 7336 15724 7388 69117 57445 9105 75756 61916 77793 80281 72822 30780 37061 83551 49041 25289 1962 38519 1359 73525 42391 39479 78242 62351 57127 65796 15626 32535 81503 30027 43969 3219 45751 51356 72335 54767 12032 62470 31062 4205 8703 55456 72176 82955 53386 72788 22624 6919 25686 23982 32016 68076 63460 24637 44807 72158 4812 12004 56265 
695 42030 14613 41105 39352 17540 65011 8498 29571 41860 76752 70967 2134 46587 9094 36661 14352 81882 59284 21270 21947 34837 53285 41595 12676 29494 37973 36405 71497 49976 44241 72191 6385 58853 64867 82929 27964 44257 5806 57535 37689 34129 80073 77014 80715 3547 28054 46638 85428 1717 67908 58946 36553 72764 52112 800 53829 4464 74397 39706 54439 33017 63468 12396 43442 42715 9704 71405 38543 52701 43319 76231 
1210 37772 67625 33496 78510 10058 80134 78317 48967 13993 3214 85519 38328 55326 37891 6537 59789 26667 83434 65800 11255 61281 29767 54696 18375 39470 40481 56918 43742 83799 84720 82143 73142 18296 30019 66031 28354 24532 10299 77320 75716 50705 28790 28423 20410 18252 72151 31770 44918 69964 11949 56173 45625 78907 62440 15571 32756 17300 24060 28070 52671 23160 24592 77384 41455 6182 57795 21380 67905 19665 50271 58000 
70369 79061 803 5158 11692 24525 74120 8182 8869 37640 15926 54493 30927 78365 21635 15254 47237 45695 43323 14287 20426 19487 6050 13452 25668 15416 34832 7953 35081 85102 65952 57021 30114 18326 62179 78998 42851 2250 38751 3291 39889 54676 9355 70815 84612 30989 449 83420 28255 43771 49278 48680 63257 55328 62132 40497 22315 48535 48449 8967 85208 65972 65988 66894 35870 79738 60271 78720 81987 13401 33582 36255 
19648 42936 21450 55831 73924 21898 53631 16559 17240 17288 16810 32069 24187 30513 72565 83694 30619 72585 7040 30207 52936 24599 48672 40377 18716 60514 33476 52274 25486 18629 2909 45133 61564 61550 52535 1440 35019 57737 55190 3830 26597 71999 35898 2355 54084 60034 428 84702 46998 44660 66480 51506 69258 29531 6262 39546 4424 76930 6199 29909 9938 46299 26613 23074 59420 30720 24513 8818 40028 79702 12648 66624 
66080 117 68979 71735 60151 20978 70817 58720 17209 3248 24605 38039 32779 68059 77584 74394 59368 35354 55875 20877 33225 34059 43950 7024 64778 68462 53034 19186 14115 17253 37381 31767 17369 57931 17881 29091 30481 3077 2191 47689 6325 63987 107 76295 46425 29262 16640 57364 64616 24086 78241 12220 58145 73762 56435 74494 56604 23848 45251 70718 41100 82632 16864 10041 6514 34745 39131 36994 75013 41321 84683 32909 
19688 84789 60775 17684 28431 28987 75048 44618 53072 67668 8409 25596 55809 64843 14470 63984 40263 11292 654 81362 8303 54709 5782 14817 3833 82105 3382 30418 37805 2444 14898 9064 38805 27245 26748 18807 56231 16175 14996 23682 35414 23404 850 5602 39818 52511 21158 80080 63802 21811 27394 23677 76519 70367 38493 31924 66851 41874 13913 56228 81510 66002 65291 71886 7626 6418 5072 63856 59784 20067 39110 9577 
80662 77151 52371 34859 44041 73528 66511 22222 46910 8284 45898 37808 78650 35962 21303 11453 29408 35215 67680 62489 15597 47350 48754 60414 5340 5397 38650 65123 25463 29331 74700 57696 20861 78642 6934 64901 66549 73444 38694 27838 33299 36164 17217 63521 23697 75712 74973 53104 25306 8604 67164 78094 7525 30297 52888 12864 35693 43109 29559 12727 24011 55830 70422 44871 48851 28928 61343 66971 16751 51608 9188 50050 
2151 63596 27950 63040 53687 54494 67715 30565 63097 49259 60230 70621 31127 64689 35057 66820 59369 64615 31118 83379 72016 53112 79821 35246 82039 7115 16596 13169 58723 62975 14790 12445 40950 79931 75484 46209 48804 9151 76773 26280 58409 2954 48473 3915 67643 83529 22306 41391 14095 4996 39150 490 58107 70542 72927 54525 77657 3902 19265 50759 18448 34055 14775 10969 28365 41831 57177 28741 50981 85521 6592 60961 
2855 55064 16447 70497 4544 75945 63459 18638 80940 16988 56319 4998 39102 43625 11094 31138 84718 30358 33468 17545 15984 48242 28514 44349 41644 37262 24661 44196 37163 31252 19536 77209 696 73175 13657 5239 63499 77115 61069 10390 45675 31767 15387 84776 75392 26480 67485 74489 8409 15332 43606 24393 15145 72119 20313 56789 60952 44973 52556 12494 76224 72092 41274 28491 11218 6502 70922 74716 83617 46370 36677 80863 
29708 52063 31590 56671 30114 13454 82732 75714 28785 40717 14486 81121 64407 34798 52289 39738 31342 56417 3804 59138 42888 45077 2008 5677 51579 72929 80392 1147 70870 31448 33581 52150 35082 65170 23200 16767 30195 20311 6860 58979 12599 58538 54479 77005 7715 58340 68315 76249 29136 72118 49766 23595 68766 51773 29271 71916 76274 61234 24634 13095 44253 58214 65244 30906 37763 2824 47672 67957 60326 6103 78507 72925 
64640 84558 15881 72355 8849 84195 62983 75176 70692 64320 50342 5410 30472 31184 77325 58317 6797 16339 71412 2621 26124 51035 33526 63887 5430 81197 83415 65756 1679 27874 4632 17891 64003 20512 41817 72851 19087 56371 13978 41350 35070 64319 83951 65541 9882 75656 75430 53870 43566 61221 56490 69689 63827 4395 85147 69257 37163 34514 964 76033 62387 5595 8303 77961 26106 50119 65191 82384 20869 79168 75306 55938 
9438 73636 73051 19319 15243 62860 24760 58808 75652 81249 80069 5430 37215 79595 74686 74377 65680 27221 64789 79638 32815 24664 71978 10493 74782 3120 44448 47223 82287 34133 17540 43296 59341 42162 62614 74583 56593 1753 84963 46624 34573 30983 52054 71787 62149 78311 60543 42209 57104 76904 36226 41490 15947 22584 51982 42300 62895 48002 3902 59562 33706 58634 54429 7426 15175 31423 33581 71768 70367 32923 69963 56512 
63905 73588 42678 40433 17851 54793 34213 74954 46076 22011 30823 13594 44594 34377 55893 21868 82378 59795 33001 67655 70000 39002 75081 85174 70424 23041 22893 6742 7535 44428 63253 71439 69587 57503 63443 1817 26675 49228 28342 24322 71238 10737 37915 67403 45113 45379 40842 79062 56745 25415 61096 41124 64416 2128 77870 791 25168 15142 7532 32702 11141 22357 55712 80728 31431 70727 34116 58105 34334 62458 82426 57143 
73194 71912 38925 69878 31670 79766 14891 2795 19560 27558 43918 35547 29686 36167 36337 6425 2881 81061 76319 51213 17797 83602 46320 49227 68708 32008 58903 54613 8845 7280 26135 33610 79191 16631 55059 25240 47969 21521 65226 19100 49078 23524 54647 30335 11262 5363 73952 51334 803 64650 16927 55791 62631 14818 56589 82911 46825 29871 3475 7241 74342 29610 40850 67912 83432 47480 44724 45780 69000 24329 64880 69650 
85044 33906 51556 47878 39268 39887 13591 77263 56108 30517 47433 33119 82527 55594 67601 43731 37036 71075 50972 25758 52256 43393 45241 50068 5253 4344 47419 25824 65865 26678 9853 16860 60583 12981 64737 51423 52867 78328 80257 23355 60416 79261 8045 57322 49234 27217 15433 650 12671 17976 63599 16499 61368 23219 18138 18192 64755 65556 81208 44999 6614 42632 61858 18768 55612 78167 21762 22859 70874 53590 83405 82861 
47231 43021 54563 48036 70237 21567 48685 34479 39542 63855 50977 52481 1454 69114 22245 66208 622 55024 62778 44427 12035 76207 14766 67647 68753 36528 42077 5578 41689 39861 2819 3299 82881 8953 51335 19069 30519 51591 53547 21632 29826 56096 25684 31279 76781 85120 49058 77402 54523 26215 36208 66558 16801 50974 156 85554 39073 42232 42703 80761 33664 45521 35632 68116 54473 1346 1564 36563 52936 6682 58194 34333 
62777 35450 17183 53938 34949 66240 82911 41044 44026 33499 21981 60827 36044 59328 12332 26688 15939 55034 59020 1174 52127 9031 69289 58171 10376 22424 9114 14884 29105 18879 788 43454 54328 17971 11771 40849 35782 9061 81892 79808 79751 55444 55014 67366 29151 18917 8433 82281 25522 67453 83454 29220 28055 67122 1771 38431 3925 10884 4886 70221 29762 42865 28054 35662 60835 77016 76510 10997 37649 72781 5184 31779 
42604 11769 50717 71754 67877 59149 68414 44970 78173 66247 74190 20608 84940 75960 10610 40436 1223 52687 25036 68176 9931 4662 18217 22338 81677 9106 70526 33705 33458 75709 65484 76061 39049 67772 13766 58497 78492 33751 17846 71045 51569 43607 43224 2460 33946 5405 42895 72360 9663 19503 54916 19593 24164 24704 79122 20220 71002 64027 53925 18839 5687 70980 46472 44735 53131 11809 54803 46002 45560 24221 68618 48700 
67827 63413 51160 16153 68817 8434 40084 78479 27936 46571 49644 52099 71275 43145 23891 56656 21552 77815 27066 27238 14746 73537 23545 67876 36918 78347 65449 82477 54139 19 82748 36346 63431 48287 4070 83820 8293 81345 76678 36228 42296 77893 39899 27950 35418 63789 36177 56969 7555 63242 35778 22300 2731 59322 41747 39648 3621 58767 73696 57759 10357 70823 45676 73788 70682 1317 71987 78974 82662 14616 29581 39337 
6889 21051 18858 42306 36411 55034 50846 81157 69847 1003 17836 72577 11897 11154 63796 15517 21493 3443 24847 31849 74266 22095 57208 59327 23411 43574 52680 57644 9762 33832 48552 16650 6455 67409 10527 42865 74014 61372 38402 9813 13946 7809 82389 25842 56155 12137 78550 29219 15579 17777 61067 41416 39871 32655 15122 14853 27800 19373 24069 37561 4777 72620 5782 11231 5981 16308 54095 31566 29251 44068 41378 80389 
51877 75339 20610 22411 1855 13540 3201 54625 68508 64267 10421 59950 48493 62734 26374 27865 82107 50442 16997 1263 37442 22779 49685 80614 76278 18159 26559 57101 62227 67937 51869 65675 57655 72478 39657 11081 37589 42857 65705 57668 58695 76125 31997 58760 53239 9943 1004 1297 60384 55192 39751 49397 77970 3815 44390 20200 59165 70949 77300 72963 4837 43548 53017 62491 67597 7053 25143 56758 1481 5227 65997 60176 
32924 49566 33315 542 59508 71510 39030 34271 41081 78780 83668 70623 82594 79629 5202 7710 64957 34073 80673 21365 29192 48069 35427 48360 6694 60569 19497 8174 65796 37066 19921 50291 1011 53235 50832 60518 76316 41433 46360 31777 34592 81599 16779 68757 75608 59172 76466 54944 7624 23090 76309 36815 71159 26115 36746 29424 38256 56243 37597 55623 44880 57518 20293 45890 62324 22696 57979 53020 64128 18718 36368 50291 
51889 53146 70619 41876 63889 13036 48391 71512 36126 76271 59898 58856 53958 11023 2659 6593 18837 40255 62215 15288 49344 82507 61177 63240 19582 70727 30639 35281 3825 67006 85571 55713 71723 22141 49160 49991 35176 11930 73074 71301 2581 47351 44536 56538 9945 84386 14702 65974 39021 76916 81261 39936 25374 8390 17555 82147 79116 85385 31807 34512 66770 68949 41796 4444 5469 5335 54434 77836 17265 41887 15089 57037 
40809 11196 65146 2326 9962 79847 68299 48982 71142 15511 40489 48087 23900 58044 44613 17396 57808 27991 51907 76150 11319 45275 80593 53979 50609 49407 83386 19445 42865 12854 76481 83674 24050 56006 37571 34011 50232 20249 34564 72945 72951 75052 35411 11231 47475 31595 65818 56855 59585 69296 47384 22475 28950 42356 28025 79559 43334 25791 13383 37771 38644 41436 73016 62693 11821 24966 48275 13625 82406 82838 949 69736 
72270 73552 80966 71316 19526 61163 79742 79111 44839 41505 53157 73788 35433 81182 19298 78766 21352 32681 68108 59995 74116 55503 74260 37508 80468 36914 51132 77253 71324 3653 61369 9545 77204 8286 80860 11109 21021 74982 41791 17431 68058 9328 42790 17870 4889 62088 48208 63432 46340 30695 74998 72027 578 63637 23914 32617 52123 26618 24250 37826 30270 37190 47370 59045 45475 79801 21725 66495 20734 63516 35497 3172 
24415 78287 58233 66495 54754 20820 44306 15473 3087 33683 1879 40856 48892 62984 73472 15394 41173 12101 4791 23014 862 52160 82058 46337 83532 18163 64403 18646 33250 14280 59009 9236 44138 31621 27302 13271 4013 71607 65935 7099 56861 19385 47954 57324 82368 35805 72717 75113 85098 29079 12506 339 81238 8944 83867 30722 64298 14222 49367 49119 65693 22755 9926 24210 5947 37227 37480 9959 60405 17794 17057 31645 
74370 16582 3349 22689 3959 27637 12181 3436 56716 24687 40966 3905 70822 39213 34626 1071 5006 35564 50189 70698 9890 11686 9287 15837 48912 83958 25795 23696 53323 80044 6912 42072 11005 10260 16332 14963 75089 28513 55590 83376 4771 10936 1660 75592 1720 73478 76662 43917 23421 78422 28994 70503 4487 75472 719 4970 25381 63705 28665 78703 58128 35576 72346 20705 83028 3057 72859 24068 31569 42829 21823 36339 
5336 60674 63502 7055 48531 6115 50971 23524 36108 31536 8406 77786 58579 46316 82755 83959 24400 62991 77041 34100 50139 15338 54804 84738 18394 42042 23185 1535 84870 45007 75065 4585 20060 4519 48831 20163 10633 51373 43686 46741 34480 3663 76098 7438 49978 73233 5776 74377 2175 34388 60048 52313 49725 29231 51430 19691 22845 74614 58417 22094 71192 47861 63871 5632 52379 64273 62986 14584 67218 21051 12896 16077 
24713 3373 60707 26262 28177 66482 52210 30352 52442 26638 34236 16546 55868 46 73428 30284 26231 46224 3950 11803 45657 67820 54626 49607 83664 31991 64190 16833 4613 28657 70102 66517 32030 45188 7158 11778 63241 59367 79321 30062 384 27937 83800 7824 65174 71607 38107 5784 69403 42056 54778 29439 61447 60975 79045 11063 7345 9187 27895 49149 37843 12376 30045 21444 57563 37202 33222 72376 48141 26922 16817 48524 
6430 52188 7919 71603 75367 46026 28959 59149 39653 83736 40159 15480 59091 33583 26542 18007 42769 6008 18728 32184 18384 48772 53627 27518 37546 1228 14273 66 65342 68282 48589 23343 34849 56508 46518 24595 54105 75476 83743 8137 25163 38281 60808 35825 23436 1729 53832 17776 44929 72559 49959 63312 72902 17966 42401 24827 56385 8246 24892 73298 76527 25053 11021 25755 81560 57538 1922 1616 84585 37236 9752 24127 
27089 70560 59952 50524 23860 65355 68299 68788 3865 69830 83671 76766 2175 77644 53165 10131 269 78056 83429 28367 17488 46021 5693 50619 55130 7614 52234 54094 44850 13558 29792 71938 35689 4123 74033 59548 21049 8283 79908 24913 78112 29530 53251 31858 58745 20795 41989 59013 50422 76989 38951 67910 74581 44644 32908 44090 3829 36714 49755 48678 50271 79546 72187 339 35241 12171 11458 56289 20454 42937 32774 12945 
72467 37596 81995 82783 58390 38363 56176 23191 66923 46698 42672 55883 5721 27152 14352 9550 63865 15678 9799 65707 9603 33558 66045 82035 45728 29074 4276 17753 72011 37049 30698 10429 74644 27072 7591 84605 17006 15338 22175 83928 62036 16419 5762 19328 43570 57305 66069 21814 72982 27440 39092 34156 60997 19516 30571 58296 161 34846 76049 23743 23466 58318 34171 12489 36961 78954 48665 53966 45863 22411 3845 22278 
38829 46798 78798 82398 18482 59246 55783 5843 1065 9254 77190 13633 65961 59332 71929 17694 8557 13929 41436 69214 72246 75607 33274 23586 20512 81938 29123 66374 18729 70159 40224 57557 31336 33401 5907 1389 44218 61689 44423 82475 22515 35992 10487 40047 9704 33987 57740 55452 47915 13556 39046 71732 3542 72319 46889 24053 68637 27583 41998 38937 49313 82221 10873 32220 30001 16779 33608 74219 30040 78030 22645 52554 
28402 33131 6980 75297 18690 64720 45128 18176 29847 84173 4288 33388 22444 2748 9012 42652 30331 51009 81588 79643 47610 44032 26243 29182 12383 59850 54972 42422 3832 77616 46547 32233 62319 5098 21909 32580 21389 18608 50755 51235 54353 6614 36194 76796 9362 45205 71019 39692 47786 18558 70906 46967 14161 48720 27720 26543 60142 82692 20536 63973 26259 18654 10585 40149 23752 69685 72728 45140 39864 37863 10755 8596 
81668 46948 36963 5409 43725 22361 82292 43082 78110 19150 41620 6651 67869 20911 70385 42390 55174 5301 20742 81433 23954 68518 73153 84897 4154 60261 44417 44018 49695 6743 52613 45742 5262 3956 2723 558 63508 85014 43639 7570 18543 36830 14220 37984 57741 36176 80373 27294 78668 52687 60298 17002 72776 47831 16278 76930 22471 12266 72519 23737 19008 39511 69478 61462 80658 23772 62019 10118 23166 57230 17687 78900 
8439 69098 68455 17751 56845 63208 45045 49893 67466 56914 66894 54621 19124 34743 83122 78786 84201 70020 16902 54780 61103 37952 30621 56140 61723 44212 17829 36460 15821 72707 66932 24259 56184 49766 79202 27409 64545 75818 28873 46390 47111 10146 52583 66235 82080 50084 10972 32232 71676 27874 1392 47158 17397 69204 54869 79119 27795 72698 29959 43615 59784 11270 19446 67540 61035 50219 46520 77152 40416 75392 37921 1906 
37109 4883 68140 70760 6539 79112 54564 78214 58557 7527 76943 75953 76730 46191 21023 56097 70460 2553 51283 81816 13822 22300 15307 26429 72518 61826 17960 27313 3169 7452 29219 77469 49527 48930 62608 56065 79613 68743 230 52549 76269 28744 80073 67379 74934 15476 75047 11346 18028 40709 7541 69042 14581 22847 47042 1478 36244 16573 28791 76604 24024 9581 68452 73550 58510 82631 81186 4075 65754 32987 56623 56402 
61730 2648 75352 2616 18123 64778 13961 73342 57059 21501 8335 71639 81539 55376 73116 69354 71948 53478 60337 47544 14630 43168 72665 73140 40178 19803 28786 57503 52789 36980 28285 66091 39627 18016 68706 9321 34366 34238 34235 5804 7310 42569 29014 3228 12325 53701 72581 35844 21559 84489 83387 73380 42036 70432 60899 33785 4614 41256 5668 8974 78236 71144 75064 32242 40731 9721 78755 26668 43958 27369 69663 51267 
69937 13056 6066 82261 66757 30218 32485 39887 29086 67443 27646 22693 52254 40117 56478 56867 81372 13717 17413 25559 84860 6856 57801 77162 16577 2507 18210 60534 29875 2252 63373 14191 52500 69438 48024 33636 14036 32080 25094 80313 13902 4311 17386 17728 44427 73863 74594 77371 39151 43578 17309 75582 50434 26681 67123 18582 29187 36904 30687 59061 39156 8439 24824 43227 29449 72847 76862 80676 56498 53527 75368 70399 
57837 7133 2506 53836 32567 28672 45586 71717 72249 14466 13250 74254 41147 80373 7215 21905 68848 37902 80966 59575 83532 57361 17181 27360 81779 45614 59607 52656 13520 49355 74626 71357 8059 28704 39572 40626 8947 36729 63914 81195 51194 77164 21401 43912 23488 28615 65817 6715 18088 12734 17862 53192 70094 35042 80551 66252 80656 6110 70479 8555 55464 59484 31483 15094 2567 22626 7291 11513 10926 71205 44280 13692 
14320 65680 57603 74999 45866 74991 33285 15526 2104 51146 68717 23769 37760 15219 4400 32795 21328 74878 78541 28363 314 61596 43457 2880 84221 50747 51585 46719 73523 47436 60410 39414 27495 69584 28792 24932 58955 13649 40457 12630 16366 60745 36399 54125 75964 77990 1299 48863 67248 31412 77226 67561 7387 35062 22012 43179 188 25168 41469 25283 72603 16258 64696 51669 222 7868 28173 10748 58708 68629 23377 75073 
80946 59775 43578 71289 52145 82068 34531 70964 65051 63328 4476 24009 12769 63679 67188 50149 3227 23036 75431 27401 76486 54506 79070 76707 13945 21622 39026 72652 41822 62402 13677 37147 73749 57254 60007 40273 5273 46110 62808 70324 23817 67283 8712 73778 82533 27471 38306 139 50507 28116 27540 78564 34193 58181 21222 48138 79802 60247 72361 36003 37028 417 24722 62348 9242 36300 17000 14515 82409 31379 84838 57798 
50233 7929 45955 47146 35400 35832 84476 37478 15519 26395 67613 49711 84575 3214 49420 30328 63460 73353 17903 52059 73769 42624 28787 83011 30495 82978 49097 27284 65929 48314 36653 30541 7814 34179 77686 80405 70010 76542 69454 85528 54508 51446 1190 5035 6231 50610 72554 21262 38342 4836 73321 63682 84651 53679 12644 29526 2608 61740 8381 68536 61625 45033 50649 21011 30783 79906 15795 15172 70827 36821 52271 76907 
