99 22 1
46923 44075 42622 33793 18520 55201 71599 80044 44762 6351 24038 8115 48635 17589 30609 62509 21604 43716 12837 65503 21925 2402 
33063 42402 77529 64355 2779 37240 10313 1190 26515 57235 46819 69136 8947 65339 43810 19 64856 8045 6369 6813 16160 56558 
25956 46768 36985 49114 8402 51376 32536 30326 53777 65598 74282 50779 49426 78615 5937 59738 79804 34006 36447 46097 22615 45393 
29354 66424 45411 12128 76023 53334 20495 10101 27810 46450 58423 66349 13483 66824 35643 47573 16623 8893 31089 10378 59671 80515 
6911 67162 59726 6189 19086 14091 52285 41700 61038 1112 27597 25922 14794 21538 79255 35289 33194 26538 1212 9535 12360 16249 
77914 48002 63821 14010 58449 12829 24388 37593 12817 32853 22673 74097 39041 43313 7662 10799 4486 70254 11910 33637 14095 28259 
55175 12823 63547 7842 40916 66313 17376 53275 481 14763 20751 64301 28773 79199 78684 54715 34711 10974 5486 58938 2990 46082 
21725 12206 56880 26210 378 70345 59847 16027 18077 34495 28850 81623 42336 69765 67409 61266 42513 67889 76029 63263 51664 22720 
60381 48266 77434 14565 60795 2393 75057 65339 48474 14700 77544 24828 40910 79476 14646 20230 13422 32722 54724 43826 33818 16533 
33064 19145 77798 75576 6508 71745 56758 58171 13938 36612 25910 10845 52731 4623 13238 45706 69961 63266 60406 66978 6012 20789 
64373 20657 42573 79349 53378 15215 41093 6669 33302 74156 25814 29018 67650 32321 20237 43881 9965 34174 80492 35874 46574 51141 
42052 59811 16321 31486 40995 78281 16383 47007 16988 229 69218 59560 81132 42070 76329 40143 48738 27549 33772 76106 58121 20895 
27900 78357 64776 37864 32005 64741 75293 78578 33801 35263 56307 50121 66748 16775 46320 2604 65336 64862 2832 52473 43895 1882 
14016 39697 43579 64308 67245 78905 58333 44839 17719 4151 41115 1968 43570 73119 66708 36781 71170 19982 72043 45395 71657 56709 
63724 37450 60868 46979 21785 65254 18925 65679 68691 34495 24849 30188 16721 10012 28567 76608 54851 47840 80759 15439 49807 42247 
8031 35988 79027 79200 57525 70543 44068 47100 46725 25710 4024 25511 74243 25808 8684 11086 10961 77374 45580 35809 27035 63856 
47376 55601 58382 21700 21359 58614 37138 72720 20334 45168 26627 17279 43841 2070 7295 5827 50724 54020 33091 54747 79530 25253 
80555 6132 37893 9434 2979 2947 45242 30014 66802 12091 3533 43102 33790 26447 21190 72482 17085 41523 37123 45266 60357 80963 
48890 67651 6263 17533 39589 39354 72279 37038 64606 72307 44724 21972 1214 47703 24918 48011 77716 9638 60101 722 54295 11810 
27168 75484 2210 45808 34925 39333 8992 13200 39769 57882 80851 46032 75414 39913 3304 67166 78505 69464 57392 42703 9354 60160 
8324 34272 26089 5513 43909 4109 7789 17677 17473 34957 11079 19682 80764 47559 60569 9229 60758 18257 67110 61082 64288 61997 
20469 69146 47082 16892 56528 23947 59594 65881 2025 69472 19626 28114 74984 63535 32222 692 685 51249 37203 11764 70930 37440 
59322 50973 46668 39553 69229 33252 20109 52990 13167 40577 40054 60248 57468 14500 3668 36536 81935 5693 23926 19480 35361 18384 
2488 69137 20630 3172 38304 59387 16490 28707 14745 77366 79679 62967 34838 68381 14137 54946 39289 27304 13441 80897 7025 72463 
14870 10693 26917 16279 17940 52398 35758 53300 70781 39800 41910 10884 42971 80213 70270 61016 28393 2933 56300 25991 67454 9056 
13845 81591 65556 54689 28368 80551 53504 35392 70933 68374 47639 17323 4126 65578 69720 39883 38351 59974 79682 80260 70857 42126 
79946 59045 22615 26258 63532 78915 53803 48905 7444 67647 49969 73000 40254 78336 71469 11677 31646 61875 81605 79285 80753 3649 
62781 68391 45086 20606 46284 44241 20339 36614 5840 18204 13578 28455 46016 78664 26843 17737 45487 34286 3302 13374 26759 45111 
9628 17702 58342 42829 79576 57865 40032 78247 63068 22286 66112 27627 44446 31869 73422 64785 68482 79261 907 1533 27189 46922 
81752 54031 66213 45157 7791 69514 60086 34549 34098 71268 52250 10358 32015 51300 68222 73601 49020 50763 15361 34605 79944 59806 
66473 71284 42509 54429 68464 44970 57516 15126 11365 57186 69157 77577 21817 76947 66565 1376 30969 18581 74198 1138 28939 25687 
53992 16634 17206 22485 68952 34121 57090 66814 11846 43036 56017 55909 15383 43954 20353 74454 59079 31717 51113 46154 27213 72929 
42574 13251 75859 73543 31831 67976 76235 60769 11581 49700 78958 30341 72184 65828 64462 47192 50560 77862 8147 26050 51689 25084 
70003 72041 19011 47001 23232 70124 12628 50444 62526 56757 63694 56304 49773 14998 42198 43926 77322 55333 11544 74198 3592 3201 
59499 68053 50393 27977 63833 60094 54027 34996 3096 43503 26510 22107 9977 49741 10149 22605 19658 74229 79361 2825 48451 47052 
19378 10122 10451 14618 65454 23549 8289 69046 26749 67787 56572 78696 15237 39879 56708 70818 76429 61359 32240 20857 1384 42216 
72153 13087 66375 11284 5234 65209 15664 55240 31734 36596 65361 42184 51213 50289 67287 61056 37253 13510 46761 13298 10124 63552 
53176 68387 52289 47523 47664 4002 69935 49047 47772 61561 63688 33621 74399 70476 16748 9536 43634 48482 46131 28469 10139 15262 
78757 77426 77872 33928 10409 44106 48780 20532 25577 19875 6837 79420 67397 56055 2895 56805 24575 52221 36284 6181 3760 30157 
76657 20508 39692 39764 70544 3742 68232 80682 20558 64907 77581 16349 18308 5908 60454 67088 27995 5504 4881 36386 4397 73832 
10360 7291 50111 34934 59512 5868 42670 64826 36024 38800 3252 77271 78563 75350 81012 64714 75506 21043 49094 71005 38946 67402 
78468 17319 53963 25936 24377 60398 62321 28774 52148 72680 37619 21732 27088 15049 27600 71312 79875 63623 28030 2600 58812 24511 
77950 59297 8698 72929 80340 59347 61852 37204 46222 59793 56077 18103 3647 82009 78500 65968 28701 50121 58121 66319 71853 4682 
842 17371 75993 190 467 21941 4344 60834 48007 1767 38049 58259 74695 37862 35524 56021 76621 1219 33732 52171 19321 38934 
52098 15739 24375 272 67415 414 68146 57186 6651 68987 76111 2117 70731 76577 25613 75074 55329 75174 76841 12852 51351 69454 
50713 6349 43393 46807 7567 77125 16897 28443 35532 68994 45736 59906 70821 31069 60319 56885 7728 68524 43790 1757 70641 32439 
78334 14172 26986 53136 7264 21745 65987 60169 9118 36174 68072 52510 899 77194 49108 19350 23555 2558 6263 69290 62463 78638 
19833 42256 53441 27560 30253 15149 30872 18812 49142 27124 34538 76127 80259 43356 17346 65720 21444 26463 19812 8989 80527 22265 
4101 49109 41615 27655 53221 49432 16419 35158 45988 37806 78968 17347 66920 27139 34050 15710 47506 2665 44388 82043 80346 42566 
44873 15610 27759 67871 43627 47570 76859 42073 71389 80960 10655 30922 28088 63875 80353 46061 16951 45814 1785 13837 63160 70260 
42531 16683 3888 7955 19347 48276 9471 17612 10315 54343 33221 38073 40132 76848 5116 34910 38394 76504 35343 49048 26900 63430 
32396 25171 28965 49347 70985 32304 64738 53618 20482 26742 70301 25925 34696 7566 75755 45722 26732 3988 17983 61508 43615 59670 
57829 50285 12498 14141 44707 49395 64743 71606 30743 15057 16251 61262 65958 6709 11485 50170 60326 33521 76911 50100 59445 31081 
59221 53118 76802 3871 58660 14258 66933 21748 73927 42680 72032 4343 58375 36213 53737 41036 27292 3954 57648 45097 66770 43079 
51805 78254 11167 31605 29694 7552 81704 8612 40187 58843 61730 34907 64269 39863 49164 49120 61611 41010 11274 53116 46907 69648 
7247 20118 30158 34539 25626 7279 79635 10314 50357 50914 6487 63079 1992 37735 72185 1614 47901 30290 62012 27549 65196 45754 
68967 33833 14347 50051 76397 25620 21085 41223 13187 28332 61340 44899 64425 6439 52177 63533 16752 20452 33920 24793 1449 35911 
64082 75188 37525 29902 23396 19010 59005 6510 66318 45890 41898 80664 13859 36213 24203 36499 77435 38944 64830 58248 1761 48728 
64686 53937 31734 912 74388 65654 25704 77392 19483 9260 72053 58562 39161 13368 79126 16084 21432 63362 63529 63329 61945 78942 
17461 5621 33359 14369 44564 17662 74172 46324 66389 58331 19734 16042 59242 13595 81695 4420 8905 20651 15234 80958 79213 54394 
13799 76257 72032 35230 59093 53479 16478 38956 50340 35493 46131 1617 51416 8613 19279 45061 56491 5141 21311 76224 21182 26 
7737 22350 6000 18197 44556 21233 18628 41687 75626 32426 37417 67132 67655 14428 38529 3606 54938 8342 40653 18987 11514 11543 
29154 30792 56603 3563 37487 79468 81341 60224 79494 6997 2047 3412 25193 46602 26200 45375 6207 21299 77800 45179 6349 64928 
59606 44878 70089 34018 53219 30215 54559 64732 41757 1632 14997 17834 6749 54039 15220 6009 32181 12632 13005 34227 17599 39752 
80829 43798 3045 6509 65096 318 51687 71445 66800 30767 35796 54807 64784 8488 2941 38816 74775 46252 40447 9245 64085 47196 
63283 79305 53204 13382 11410 67763 49164 29008 26988 47911 72805 30032 55974 57375 31904 25580 48293 16622 57901 2007 72984 42158 
12049 75924 80973 4742 41649 40894 13987 23653 6008 77269 22431 60766 10125 33840 48002 59288 62848 74989 26672 55126 24494 564 
31974 56397 27698 80266 74573 3517 191 65475 47229 13795 60872 47676 18536 20440 6488 32522 45647 14050 29265 68077 76370 39389 
21390 42290 16595 3711 36752 44821 58837 61245 45384 8729 37115 73082 8469 31161 78153 10214 14555 44856 24008 76981 10450 42544 
15339 16937 76620 62540 32541 23803 50090 26829 64746 71480 69118 81340 76745 23788 44079 55055 4506 8937 65339 41620 1492 73807 
72780 81199 1939 6808 43973 25947 1708 54422 70045 18601 72913 64583 615 23372 7860 50704 51755 72605 41657 38791 73419 37876 
64133 36971 10849 68638 45907 76187 29731 48953 67912 21985 48071 71406 30347 9962 15271 32054 65939 4789 52210 58325 70926 52824 
1171 78785 23001 52925 70864 66213 9635 62201 22007 75322 18645 32855 63434 66107 26961 11083 32978 14346 34622 81048 3670 64969 
10484 20495 16496 76422 25283 68705 54220 15683 41002 55390 12386 65558 26234 2723 49689 37423 66478 73250 30663 3042 24023 12015 
70703 52538 24653 21599 66884 59274 22121 70553 43716 32604 8967 60212 28499 35804 46835 637 51486 7311 56027 65427 72868 1734 
68149 42030 39156 52546 33198 71373 57142 58775 2862 45763 30787 29069 68916 15589 6261 8955 5615 51532 43113 16136 29662 71611 
51940 78051 73803 21344 3280 49303 6244 77702 51036 74393 39205 9665 46412 73957 81037 23027 50651 3372 68789 911 32440 55623 
18054 40256 66133 23668 9706 27164 39804 40922 16694 11217 36891 9970 34115 41726 59272 40359 37346 28226 34225 78106 37890 110 
69981 38400 23136 40105 43327 11398 41015 75766 68575 59068 35495 52626 655 45200 79790 42013 5595 15957 54784 42486 25926 6817 
2130 3116 48730 41030 32896 873 37054 72340 982 26509 30213 25672 66613 73539 37069 25547 67224 23563 4088 22192 76188 6297 
68947 75451 48309 74541 10881 21011 34945 36806 29383 38629 41476 78112 81214 75926 78985 37741 66184 81521 64249 14316 25112 48781 
7328 62180 75882 76106 5216 79969 16217 878 4185 3082 77883 54048 79177 6683 76614 32041 45043 23915 72224 5993 21500 71356 
81918 19958 27016 67576 19398 10738 1365 46064 59518 8692 27717 54873 4272 32933 54316 20488 33810 60055 25124 29611 32021 22219 
37848 28108 55814 810 53577 45957 6802 75077 36786 8193 12953 65356 77323 33905 76094 78687 79968 55085 6853 25604 27877 11124 
60091 1666 33166 11819 61720 58289 42984 13214 80507 80832 41322 55795 1115 14372 19670 9471 7367 58010 19218 21875 41285 14460 
57334 35297 11065 55221 8300 19472 298 37731 30595 60388 40951 63760 73761 20589 41522 34663 33803 41503 34968 76679 15216 37637 
8969 36440 47107 17891 12368 67880 41320 53652 258 16572 8422 12877 71792 18277 32349 73644 57562 62943 51950 16432 46177 43629 
37020 5617 79847 72377 47119 34288 66974 63889 71925 77498 18247 38505 13307 30615 24303 54626 3740 24560 71197 12162 37437 62463 
31993 71340 54025 7473 52201 25449 23904 17851 69077 62479 25023 66842 52774 72141 19049 39222 55504 10447 34638 73750 50506 49499 
22283 74809 23598 27578 18842 12713 41294 57833 76730 73286 47091 50229 232 18766 75677 25691 36616 64227 6088 61638 48988 60416 
53253 69591 17556 26675 81592 53748 19898 50016 21165 43736 44298 44762 71313 63140 59030 32080 38891 55233 23284 5456 23380 25070 
24221 18530 50760 62391 676 56847 43503 49663 35182 16229 38727 54292 44458 39792 25959 64355 7726 48678 26009 52024 12914 16795 
34637 73498 48874 73527 46649 73712 80537 71584 16701 22676 8032 67460 2986 8707 43781 48043 59924 80517 64271 16569 52727 26647 
57915 80240 8920 65641 48392 34929 37138 61305 51723 71774 54276 20071 64774 18843 11701 63230 9900 28401 5379 17932 15335 9919 
26638 59115 57961 4481 57550 40150 22604 28195 66796 80519 27909 77271 65633 76300 31673 20689 57078 2869 11936 30827 22939 76709 
51224 34640 59412 61124 64595 64791 79055 79929 76264 23611 56962 52144 29646 33985 11767 52250 63735 80118 52242 9562 75307 35793 
5335 26453 56481 63967 29321 69971 12712 52260 64598 63935 6373 43484 42977 72522 26193 39950 70370 20375 65116 46805 74073 12680 
80790 3759 64929 63998 1795 35089 73559 78656 72436 80448 23027 48390 62333 52347 36279 76599 24080 18796 58452 32007 62279 20903 
22448 7945 60852 12291 29874 45441 59095 21866 58121 59358 27179 42523 41274 28973 79167 34306 27102 69521 32672 50128 35830 14478 
