93 69 48
6878 7005 3475 7805 3562 3010 8081 16348 2795 18418 7333 7899 92 4812 16723 15162 12279 13678 5054 18195 16384 15661 16770 15784 15421 1858 17652 15033 12639 17630 9460 15307 847 12935 18901 4409 15944 7404 1179 18738 2034 4301 2850 2126 9112 15362 13077 17181 5252 18130 11588 2058 14214 4571 13631 5847 6428 11706 16669 14857 9758 6552 6376 10605 15276 5699 10803 11642 8892 
11981 6592 10925 12072 5231 13050 1606 1015 6549 18786 6266 5102 10797 4114 15105 15367 17744 16741 17584 5662 13833 8653 11210 16174 15028 17604 11872 1149 8829 3936 10040 16599 6317 16755 9093 11548 6017 10699 8352 12566 5697 10408 13457 12283 14521 4774 3862 8477 1937 1869 14139 15769 10521 5771 8155 5972 3797 449 2910 8415 174 8740 5436 6491 5917 14529 13828 11933 1440 
2602 711 7136 13009 9957 15209 7952 14730 19070 16429 16667 16728 6780 8648 7672 8340 16803 9433 7926 13041 8132 16340 13215 16871 2198 15495 3210 12516 9745 10933 13955 12346 11643 16881 5778 2023 12512 9519 12542 12004 2160 9631 4945 4729 14069 8406 13068 7084 17838 1416 15914 2182 17755 9551 19053 376 1258 18052 8681 11002 9407 3059 19138 16840 362 1128 14652 8663 6436 
7616 16456 4386 13037 1823 9114 3318 10228 2605 10401 4278 19387 6737 6460 17565 12078 5935 13730 9125 199 2833 15917 5396 1681 15477 18025 17409 12394 13099 6494 18829 16504 3373 3637 9963 985 8541 9070 11213 6935 15260 15490 6744 17787 17739 521 10287 19463 14250 15201 85 12873 11540 5480 14553 3229 3927 12385 15622 12815 14668 10664 9741 13830 10090 15494 14815 18630 4986 
6450 5987 669 17729 12731 14245 15891 13251 744 15776 3714 15944 15860 12376 7907 17129 3141 11135 16845 11315 2970 5872 6406 13633 11403 658 4145 7319 11262 18565 8094 17711 4974 4552 11653 13494 18796 7966 2958 19539 19531 2461 11696 11604 14836 25 4945 17976 6949 2213 9714 9918 3874 11909 19340 15276 8356 3908 18384 41 2895 2691 13541 3658 7242 5616 12942 2251 13581 
11689 17579 9325 14149 9697 1351 5197 5511 6295 18962 12460 4297 4888 18167 8171 16796 17930 19236 5575 17627 18043 1405 16311 1156 14945 391 4187 984 9122 2227 10354 1233 229 101 11171 5715 1451 16367 11226 3536 15752 19475 7832 16429 13854 11792 13648 12206 11451 15012 10255 5706 16416 2778 2651 7573 18536 2627 8556 8080 4854 14700 5103 872 14800 16273 2376 12041 13063 
9391 15576 5027 9288 19197 1878 3565 11412 11315 11560 18652 2539 17605 4780 14744 805 7430 2740 19340 5846 11295 3633 10699 6417 8735 7360 17007 1220 9736 9470 10072 19126 1258 15098 4627 877 12766 3981 8078 293 15540 7152 2832 9357 7721 17575 5952 10940 737 5714 16786 7822 5136 7907 10028 13870 11057 7457 10880 1215 12716 1374 763 9763 16472 1179 6430 5450 5159 
14507 5742 1122 17449 8573 6268 5592 2361 12219 16532 18464 13723 13740 6708 18858 17436 12526 8941 8915 15772 243 5919 8911 1616 2472 14463 13877 3650 1315 19326 8809 11612 1281 5720 9483 5643 11987 10864 8003 4629 3608 6890 14141 17347 9387 13421 10996 2335 18151 15700 18107 18393 2042 3230 15799 303 17692 10098 3952 14797 5637 12760 6831 2707 14269 12103 8349 6679 18756 
12142 7097 2787 14821 1660 15923 4630 10870 3131 2755 9444 18831 1284 4049 16662 303 270 16964 17994 6158 16705 9003 7584 9888 11623 6080 369 19515 10218 7047 18694 2782 9933 1903 13392 7382 13615 18022 18252 16746 16566 3908 11789 17849 7956 8873 18151 4016 2049 12357 5963 14543 17150 9336 4853 9195 15415 1012 4923 6055 8058 4039 4627 13781 1731 18018 1585 11135 12252 
15626 8303 9240 19533 514 7511 3702 5176 1874 3507 3014 10021 9469 17557 3383 18804 18199 8367 10431 19210 13289 16485 3481 13117 1534 17261 10637 15342 14635 2195 8016 10684 10497 17256 10639 6801 979 10130 7766 18220 13636 6570 4453 18894 4549 7835 13910 18537 16201 4763 18170 5703 17038 17440 18819 14361 15123 9879 10125 10180 12073 18141 16653 18359 15819 3505 1372 16797 13634 
9138 11229 3483 15707 15681 2799 16045 3938 16709 15004 15929 1894 9386 17421 14721 7248 16662 9505 18160 2753 52 4553 10615 18192 1628 5187 10223 5132 6558 7443 14556 11485 18671 18038 3404 10565 1259 19448 10292 13757 10665 6643 11441 473 4486 6584 3511 16938 16088 2093 15480 16140 2435 6518 10544 4063 7494 1190 4984 14051 4422 15329 1749 18882 13789 5152 9869 15048 813 
584 9227 11477 3016 1090 7739 3292 3464 11249 652 19551 9132 11921 11903 7356 18438 2870 7208 6354 19426 12192 16195 4270 7943 17943 3574 17522 18884 9233 8782 119 9816 13798 7385 12831 10678 10914 16122 14141 17952 12563 14114 3296 4907 2230 10652 19134 5099 17859 1701 737 6263 13685 5006 14206 7840 4369 7940 7146 13601 16721 3055 19206 10941 6229 8250 2041 17142 584 
16181 15517 8937 6508 14602 13843 8737 5676 9189 9625 3958 6679 10361 6010 786 15366 16005 8625 15524 4367 15771 9548 1510 14615 4966 12451 1266 13215 14491 14198 13799 6885 5927 3158 13392 951 12790 2551 6627 17768 7965 6374 4870 18325 12383 5655 9903 8811 14280 5849 13177 6263 11186 10477 1300 16152 3350 17932 5579 13630 12552 15167 937 18478 14114 10118 19429 3116 8458 
2268 1307 16422 8641 1966 15169 16813 7620 5494 1836 17689 7133 10803 4374 18318 1702 1463 10682 841 19395 12051 14470 12369 7640 11197 11270 17544 17104 6911 1082 5985 9178 17755 2829 13608 143 17998 6633 7763 19281 8469 1664 6836 19271 6038 1367 16762 7500 7838 17602 3107 311 8284 15476 3741 15270 2958 17074 12797 9868 18155 18781 14835 12123 2032 8865 12265 15819 15497 
15817 11313 178 13271 13938 19448 19308 15304 16632 3020 18932 10446 6127 15032 18730 17392 18772 14422 772 12058 7641 10639 6426 6844 1686 18548 4666 10550 7025 16274 2259 18632 8009 2437 12325 2370 17674 7845 13463 10519 10864 8607 1387 12780 4062 15906 10594 18623 10751 11365 11104 14181 17793 17529 16815 19478 16499 1903 6240 19313 13966 8499 18367 2398 6725 6904 557 4821 14748 
14019 15339 1825 3049 16726 14604 2900 13054 5621 1945 17 12775 8838 14198 6781 6789 7225 6681 19077 4917 12921 18813 18882 17209 13392 1702 4356 719 17625 9176 11256 7857 728 13080 6695 13243 3897 9594 2509 9517 7328 2526 18081 16166 12513 5284 3377 160 7755 18244 866 16465 13269 170 14096 7083 17239 14241 3591 15286 19206 14847 3565 356 4139 6049 13598 8035 15642 
16107 13341 3393 14422 7635 15348 3147 12918 18724 18673 16462 13180 19538 13349 6871 130 3657 13954 17368 17897 13334 8867 17526 4393 8221 13671 8532 14270 7692 12356 6124 11 6120 5306 10222 13754 1076 13368 2884 15590 12463 19346 9192 12423 13117 16063 8342 12564 6229 1923 10883 19562 10789 4621 4378 14799 18292 8699 5281 2196 1477 11405 2206 3386 12500 8217 12929 13576 2007 
15813 9588 10259 11371 14569 3104 700 11054 7235 13263 13072 9157 359 8847 15735 4979 9014 10957 3693 17712 12027 1678 14978 3854 3883 18364 16354 7889 7505 6142 9895 19107 11519 15943 10900 6510 14836 7390 13354 2494 1075 6848 11650 1433 15694 7808 2202 920 14554 5894 18631 2793 7572 9822 6647 7244 4398 18790 15133 11902 1144 1240 11432 12662 12973 18121 14961 8231 5933 
8737 10724 7008 11375 18164 4230 3281 6394 6431 4201 16737 8115 3254 19529 11476 8865 2388 18719 13262 16967 10064 5587 13900 7094 17018 6984 489 11351 2368 8719 17284 6894 15233 504 18268 13819 523 1972 16002 6954 1962 8951 10858 1005 4692 2756 9870 2870 17264 3554 259 3541 9140 9949 6424 2370 16932 6912 13721 15089 11420 7217 2406 2865 7720 16463 16683 4032 14224 
13107 10985 16185 17847 17632 17190 2962 810 3272 5831 18074 6825 1879 2037 11755 11827 8460 14124 9182 11161 4057 483 18370 11273 18255 1658 14782 10931 14130 18814 5577 3450 6011 17552 1719 4066 10954 4680 665 14225 10510 18738 1472 12389 16564 13226 4638 1236 3563 9609 8186 7619 5882 6979 14682 4559 4426 5676 15489 14345 702 16856 17794 6713 14830 19513 6568 1996 405 
7232 16220 10915 2183 13481 19093 18746 2920 19520 15772 2272 9552 4380 5680 11223 7148 16151 11571 11573 2250 3273 2131 2951 551 347 5453 11170 15649 7810 8955 16054 15042 5597 7391 13014 14867 2696 12182 13576 2638 4166 15847 7979 8546 17317 19201 15693 13890 11195 3479 16139 14467 5609 14880 10807 5955 16122 17766 2027 4355 7143 18080 15186 8529 1683 8622 19185 4378 16593 
13184 2805 1182 5243 10784 9727 2982 10407 1632 16872 17391 900 9223 8070 6508 4525 14666 8253 16437 12854 6069 1214 419 361 12189 4737 2043 16600 4345 2210 13615 17528 5014 10586 18560 11587 16102 1965 17784 17734 14626 15597 18633 4271 19457 1354 4586 14545 9606 1445 7822 11464 18025 4030 11824 6426 8767 9656 3448 13111 7655 12852 11061 8458 19228 10043 468 15752 7797 
18251 9698 2845 10060 4544 2906 9939 1687 7491 4907 11292 4725 12728 18545 18539 16757 10791 5387 5946 16236 4624 14846 4313 13265 2119 12770 12915 12162 9027 9090 15748 7700 14577 14383 17760 19120 17288 8121 1229 991 13027 8310 5715 1967 3067 466 18724 13857 5852 882 10515 6265 15728 10617 19529 17846 19177 12867 6220 8626 17746 17758 16326 8535 12563 10298 3868 10273 18418 
886 11263 7658 4986 12767 9624 8052 13232 8770 2332 14873 5442 8636 1560 16959 15043 16878 15227 14642 5957 17237 3690 4125 15417 15805 12660 8402 6525 16527 14464 5366 13202 1939 13023 18187 14705 3069 6662 8359 7629 4783 19021 8860 9208 1003 6241 4673 17880 17257 19314 4260 10706 18794 4174 6545 15021 12623 10736 1969 5362 5622 7334 18564 7560 16146 17173 18054 15004 4257 
2625 18422 9039 2068 3494 18247 18437 9734 18709 12530 3204 18446 16789 13909 13452 16752 16244 8895 5588 7402 10863 10949 8814 13986 5725 12163 6344 3321 10640 1771 3367 13264 15982 8196 11122 19476 6865 9981 5422 5996 2933 8625 654 15511 18324 14105 12686 14990 18790 18273 2814 10075 5434 7417 274 11159 3 6617 10269 6432 4177 13635 15485 15949 2253 7029 15847 4907 12800 
17058 6693 15732 1896 7346 11666 642 17241 564 15631 12243 14626 14234 18107 15849 17441 18380 7430 17443 1210 17698 87 1176 7546 15571 17124 9798 18390 9183 14705 11612 2454 1820 3556 4349 4955 11011 4990 17985 7364 16410 10650 17779 6856 9180 14051 4719 7982 17270 17951 4981 11181 18037 6157 18726 9821 19070 4736 4423 4466 19440 11824 6919 17049 11169 7057 2427 2603 7836 
834 5756 4668 7274 19325 7313 16453 13798 12032 647 7280 6195 5628 14250 445 7574 9188 6055 2856 13924 10477 7321 9576 18090 10029 7048 5471 17085 5264 8073 5343 1887 9619 5800 9160 9366 13113 6035 18953 1357 6682 2445 7551 12309 16695 3785 15672 6305 9839 18527 16018 16105 2061 6017 10407 12089 8854 15878 5387 14117 163 10729 16003 9781 12319 1376 14936 5854 7410 
14311 3000 9881 16756 6340 17979 9663 10125 14073 15967 15753 13023 8198 12281 10873 14214 3110 3384 3490 14777 8770 13396 14940 15289 5611 933 8030 6986 15869 9673 10186 6392 12672 489 18937 19011 18468 9022 5348 8753 1202 1524 17565 9399 9594 8860 19402 12703 12244 18681 3693 16803 12499 18632 12514 13899 19564 16333 16675 11645 6428 7283 18037 14889 3561 17396 10113 17818 2631 
15460 6994 3832 16983 4981 9020 6999 9631 8844 15492 17664 7947 19184 14889 16235 14028 3616 10556 14014 15738 7653 6082 2589 14935 331 13267 14286 13516 3802 12526 16146 19262 19519 15767 12457 713 5209 15246 10343 14052 11160 8429 2421 6556 19107 18655 1006 3145 5424 10809 14673 13076 12680 17261 4224 8800 10950 18509 2739 10542 11457 18884 10226 7189 15074 18472 7901 16072 14140 
18243 10547 1512 2884 8757 3857 2413 3625 652 1348 9048 11461 16020 17913 353 9493 2559 9153 16232 16857 7681 7196 8737 2777 13211 15925 13640 12106 38 10135 2458 14070 16471 19337 16953 5650 3616 15155 9274 4268 16502 14111 11518 8734 12447 7660 18226 10795 12602 10671 3865 705 13656 8391 18849 7290 4738 12911 15185 565 3468 13432 14634 15728 13191 12009 1801 12597 7586 
6864 16864 301 16765 4594 9034 5424 8043 3473 12008 1068 9933 15872 17139 4011 4685 16410 7090 5212 5534 18064 5776 4791 11919 832 942 5532 8630 2742 13918 12006 5395 6994 12306 2582 11587 17129 3795 53 16391 15803 16487 6746 12097 9838 6547 16782 6671 13636 2416 7994 12123 8192 12784 4464 4813 13725 5785 13443 12256 15493 5871 13441 2909 13966 11812 14496 7307 15607 
10338 4121 11832 3037 6656 4351 12874 13202 1555 15334 3051 19338 3750 15173 7952 16534 15426 8554 6471 17000 2419 14517 12915 4079 8380 15824 13834 15981 6532 1564 12010 16869 1474 4264 15695 8129 4405 8991 1754 5959 4748 4804 5719 8497 15766 9460 1243 7404 18014 3504 4826 16222 18020 17741 16091 2612 9777 6137 18592 16308 7700 11025 9389 9173 11078 5506 13092 15482 14496 
10635 17231 15033 15438 18739 3953 7416 8622 985 14819 2848 4488 15434 14859 18297 9387 11372 1331 19163 17509 15713 11683 1421 7160 1494 6384 14027 2789 19475 9932 17285 10532 7585 12740 2182 6746 12482 9597 11157 9257 628 9794 13744 16061 5076 12464 5871 12237 9584 1246 5958 5719 12929 7379 8668 14422 13762 3118 17211 9449 8839 10708 403 16423 19237 2584 18958 7932 7970 
6328 17188 4387 16121 7144 870 16986 15397 2530 9646 1194 3776 15603 6912 16704 18771 11370 7338 12955 14487 761 18193 3748 11468 18595 15960 6918 16968 11130 14849 1150 13247 8249 5536 9791 11182 6406 7199 7002 4725 12634 8195 8500 8660 10896 5626 7853 2688 8754 16598 12964 9514 11003 12501 1405 10021 4673 4112 7411 11593 18960 4351 5262 3421 9886 10842 14602 12081 13831 
17393 16806 6887 6010 5728 11336 12696 7144 14979 11173 11687 7789 350 1623 18791 12850 18394 9234 13313 2928 12435 5328 2310 16785 10589 1520 2883 17221 16122 14964 11474 13937 12192 18360 15737 13709 5909 4645 16642 1310 15817 8751 9098 11956 6164 4101 1019 4980 13335 14331 7908 1982 15448 6007 14556 2249 7527 17438 19469 19438 8614 11365 13797 16595 5938 5746 10727 11846 6180 
3581 13155 2420 8122 18042 10165 14285 2565 11183 19264 11689 5936 7594 9460 1806 13601 4438 4055 16917 17666 19313 16777 6702 11101 10996 3720 17038 12532 10236 5096 18711 9606 14040 16920 13517 12504 7508 8224 10858 18690 3701 18337 839 7084 8219 18011 1107 8447 17855 18023 6535 17591 11012 9026 9114 2431 8535 2364 10752 14560 7459 5675 4589 1921 3018 13895 10214 6315 2542 
16861 1217 2032 15620 2055 9115 4262 15856 6012 8498 14133 247 10822 12146 11259 270 17049 9479 4595 15202 653 19154 3083 6327 19532 793 5134 9640 6796 11448 12181 4080 12665 10002 15489 10509 19116 15540 6787 5550 4460 1343 1587 15281 9278 12845 11341 2540 2746 11725 17741 18765 7091 16614 1304 2836 13196 6438 12475 415 13675 868 284 2552 10869 15772 13061 6197 7525 
15637 11747 11984 12769 13333 3478 2470 2390 10608 5009 5135 2755 18539 4322 9845 15575 1415 8470 9194 7852 1367 9608 1950 2234 5681 4501 8892 17242 13351 15089 5189 9411 3048 17173 2602 12170 16440 861 14559 7470 1659 15483 10224 621 15594 15858 11985 17008 4751 1601 5283 1907 6998 3022 4141 12678 3312 8822 10343 12453 4333 15531 2286 7380 8916 677 19549 5778 16905 
10320 9037 14353 6225 15050 14973 2241 7121 7381 19249 7661 4771 744 9567 11769 3765 9497 659 2866 18319 11001 15318 3074 2745 13393 10454 7450 9860 6215 9018 7187 12325 18054 1962 18549 9317 12725 16580 16437 15895 16251 4520 1088 12784 14086 8646 12338 4006 9305 15203 2747 16095 6734 1610 14629 15916 7853 2502 6198 14068 7309 9174 2605 1575 6926 1576 10891 73 18155 
7750 11757 10618 12269 8634 19191 2568 17280 11951 6573 7007 3367 5109 18891 10100 6718 13943 6438 14571 12234 12636 4851 15332 17599 7455 16906 4947 4820 8220 809 18765 11759 12565 9805 4451 16989 9419 2808 14691 17159 9380 17487 948 10278 16800 11047 12785 6955 13275 7778 19188 2123 8418 10732 144 15872 8061 881 16482 16280 1689 15669 8461 10044 5896 8701 7455 11104 11508 
17935 4476 16677 15844 5423 3167 8856 12260 15952 15811 5957 19519 11211 8079 8360 2366 4012 444 10426 4892 16925 2918 6581 13016 7168 12414 14702 11659 15658 2018 18956 14015 6493 11846 10281 11916 15012 19136 4598 11386 11159 6344 11328 2793 10212 15477 948 14223 15920 11373 19115 13268 10080 1908 6706 13037 14321 1830 5118 10401 3848 287 628 6130 12132 10908 13835 3356 6256 
18432 10532 17415 988 17649 15997 11199 13548 16944 5845 9890 4529 1172 18947 14608 3079 6076 3857 13189 3695 4765 19379 3332 5051 429 9462 12972 7126 3719 16327 13381 17941 7281 7008 14718 1142 3427 6340 14689 793 7974 792 1111 9145 161 15718 12223 2026 15365 1624 1511 552 1425 4842 5602 1853 10093 18573 8978 9602 11112 18148 3755 14183 5579 18472 15324 4795 1024 
6226 5588 8997 7017 6698 13931 2967 18206 2366 783 13993 3989 2293 14544 5413 2924 15935 7265 8807 10720 12032 14198 2254 10603 17952 12226 11971 12636 7973 16765 9450 9988 2775 14236 17004 5263 8590 15760 19258 10955 16542 9463 14944 14624 219 16146 13338 16153 3834 2567 7295 11655 16764 5338 2680 10928 13354 14650 19353 1749 11838 5015 11736 10402 19251 4952 11454 4053 16501 
6924 10797 9256 16386 1953 4302 16604 18099 17639 8969 17722 15995 12053 9799 8971 17391 8269 15688 11167 3341 11254 8705 10968 16268 16230 17160 11731 16971 9036 11573 13894 15960 2793 3572 8558 535 3664 5585 18633 17092 14553 12567 13510 7029 2789 18270 632 11057 14381 7588 10187 6057 12082 16945 18114 4524 14527 6058 1917 19352 17630 11600 15734 16212 10962 505 16747 14625 6089 
11592 12139 16431 4582 1861 19249 3160 15921 15670 14216 10724 19047 615 12570 11551 17559 6896 16074 12508 12953 13780 12283 11006 5803 4229 3430 16764 4733 15966 7601 6611 7981 15529 3465 8352 13180 3136 11511 9523 14596 6149 16036 14065 6763 9028 6039 535 11713 17902 13042 5089 12105 1537 11884 13697 5766 15313 10883 10498 11702 14273 17109 15472 10224 16363 4246 3826 15288 15756 
13348 10306 17694 9806 4794 669 14623 6622 1203 6759 4946 10035 7637 12840 11571 19520 6959 13126 11045 13631 19414 18536 8326 12735 10220 14340 9520 10255 18165 1020 2223 7726 11326 339 13321 11909 16375 4157 18530 13367 6705 19265 19191 14341 8318 11185 10073 15276 523 16907 5120 359 15866 9235 13093 2298 3997 3035 12553 2585 4055 14775 6100 11170 10904 19420 3501 3491 19366 
17820 16857 6493 13297 12261 1256 2037 19235 7118 13103 180 4448 14012 539 16103 3669 13631 18400 7666 12456 11375 6040 12300 2363 12139 3892 13266 7771 3182 16756 7560 16791 9825 9842 6300 17875 6888 4127 17532 14005 13019 17712 18452 7453 14040 10767 11121 8093 9590 18786 16338 16754 5248 9060 19116 13176 8741 8594 1370 7712 1562 4719 715 7177 14560 7015 5474 17237 11141 
3429 11665 4582 16930 6329 12034 7182 17096 18944 15274 7108 18153 7825 74 19190 12674 19190 12789 1838 3996 9948 5339 5558 10456 6054 8524 1228 13068 13997 18465 421 13215 10552 5002 6357 16880 12825 13538 14398 12191 5025 17295 6556 12849 17369 6169 5945 12771 14747 3572 12556 907 8911 13903 7152 14964 2849 8379 8454 16846 3056 4664 10483 9397 9665 16840 2490 18279 6590 
12677 6682 11614 10395 9028 4885 3976 10986 6620 12536 6155 10191 5514 2851 19101 19417 10002 14487 2688 14170 18730 15323 17226 3816 2019 2835 9270 14648 5324 3761 1660 18001 6233 13274 4608 15260 18158 8583 6668 5200 16908 8612 11181 2844 11462 10704 18050 17253 1404 16528 11845 15923 8063 5283 162 10081 8118 5221 941 9231 4772 2601 7654 11004 11664 12261 6686 6034 16633 
13353 7024 13963 2387 18204 12597 9638 9330 6859 7313 6523 19176 14947 2869 7662 16020 18397 13532 350 19407 14473 9580 4601 12863 17234 15604 4949 5707 2712 10982 2763 11854 18005 12515 10030 16631 5534 90 2174 8183 3192 4486 7781 13929 7354 11232 10371 1963 5187 10720 1793 82 722 6393 8734 17955 2420 13682 4085 921 876 2637 12775 18881 15151 3227 11724 16475 18684 
9687 5080 2298 14173 8650 16226 17316 305 7019 19279 5491 13528 16861 1362 14250 3676 10095 8417 1885 4199 8291 18173 864 10927 11370 167 2291 10386 7681 18765 9492 17367 57 7580 11962 8706 4228 9701 9010 7037 5192 14500 987 2475 11651 11026 1940 2168 19443 19192 2156 8156 13577 3020 14873 5369 18553 17163 11544 6656 12140 1459 4446 12196 9038 12197 16691 9055 17687 
6124 16091 3301 16413 12868 1565 8487 106 18872 6444 19548 14276 8600 3917 8275 7409 14579 9433 6384 7954 1399 8830 516 18224 13275 8501 3474 1684 5614 12529 19371 7527 4832 3094 4363 13489 449 8639 13595 15110 15082 9355 9808 19471 9061 13872 3092 4062 3727 5266 12015 915 14095 8320 14929 3582 12610 18402 5265 14014 7143 5058 1963 7765 3942 2115 1676 180 10753 
11060 15289 2048 838 1309 17308 5688 10970 823 9750 10486 6088 17554 11400 15972 2087 6751 19553 10486 1366 5240 4922 8508 6088 6885 16272 10029 4789 13738 10208 15542 1010 1709 13379 1847 18384 11109 7535 9776 11931 13074 684 13808 6840 12083 10202 8926 14624 5967 19412 15989 11207 4756 709 13084 7430 12771 18902 8009 2721 5322 19340 3730 7030 13141 1367 5836 4672 4691 
11401 12393 17764 12084 2413 5026 379 12615 9742 15002 18581 5366 7203 6000 5911 3702 14873 13341 16472 14197 1772 14982 19518 16901 18711 2760 10464 500 8595 10925 980 418 19107 18743 8291 1943 19559 8670 10347 5513 4094 9350 10878 7087 11140 16788 6578 6435 6341 3472 1055 3902 14243 16362 1225 13376 19122 11688 9666 3929 18403 10645 137 17932 5601 8427 297 1372 17096 
6433 6884 16980 15783 17761 279 3135 10761 6856 9569 17102 6117 6413 16793 782 3198 18018 14157 18109 5918 35 2460 533 6470 2596 18465 12070 11023 14551 13441 4331 1407 16114 1733 12979 10087 2011 11903 1270 4656 17261 14161 10772 4097 11377 11553 3084 5607 1923 1615 7314 1957 4074 7847 8426 2460 2524 16285 13482 12864 5938 13602 10060 2474 15335 18828 12560 13135 11153 
13830 17791 8837 4203 4775 12933 15579 16328 11806 16975 18250 13420 4712 15996 13283 8348 635 15742 6661 16919 5436 19524 18647 19038 10007 1543 10585 9257 14103 19509 16200 4145 13512 5459 8347 18287 14181 139 15037 6409 17113 9499 15618 17614 5917 5113 2174 2341 1278 8834 15050 2503 4571 14119 1963 10367 15661 8337 15413 5976 8269 12035 10120 2203 17493 14257 912 7886 14395 
11738 14294 7720 1659 6124 1547 3366 11237 19087 1496 8304 8344 16545 10806 8704 11086 8559 19070 2960 12685 10695 8935 1376 3153 14845 18946 16435 9524 280 4744 131 7808 14827 7850 9466 16741 5186 8621 8400 4696 10117 12493 13039 7084 19088 17532 13960 8069 12814 12709 1177 3931 17433 17919 2873 12700 17287 19308 18013 13357 264 18143 1587 10880 2206 6842 8043 7391 15463 
12232 12086 1792 5147 1337 4665 4658 14658 14414 8516 7894 7545 5482 11825 5401 19191 14697 13890 16900 10217 8116 6469 10480 2471 3845 17150 4676 10687 5615 7857 2362 17847 15732 19520 18783 12859 4607 19230 7939 19021 8169 11623 2778 9440 3870 3968 9053 14356 17858 2166 786 2186 4424 7055 4656 8269 4627 5122 14745 10242 12978 17106 4301 4922 12838 3506 17780 17444 3159 
1932 12677 7117 13554 15455 16556 13213 19422 1822 7991 13492 19354 4566 15677 4200 11621 756 8258 16247 5877 3425 6911 14644 16320 11211 15355 9580 10507 9348 3237 13665 11279 15913 1204 1045 11790 13549 14257 7425 15370 18037 1339 10936 3026 17016 10926 14646 13561 19183 11315 15227 18398 14016 6083 15140 1439 1860 933 11945 11207 4169 6032 18275 504 3025 19319 8084 16574 9788 
15508 8156 4038 12636 19092 7063 5864 6230 17498 19424 1625 5025 15073 445 19040 16945 11375 902 18805 12307 12846 6224 16475 14668 712 12768 17692 15820 1274 10478 6031 12571 18634 10068 5630 13938 12920 11493 590 10840 7130 2214 15864 17992 18026 15327 15360 9823 12018 10377 2552 1076 12390 14816 15743 13101 8006 9648 9344 5070 548 15374 17640 19181 1654 19059 9331 14573 10975 
5710 1625 18104 7924 17488 12308 6372 9027 8090 11984 16834 18466 14535 17910 11279 5563 9865 592 13568 19512 9935 18637 15850 1521 12490 11243 18541 11971 997 13536 3368 6706 10950 17261 10419 8861 9992 12580 13677 13871 4986 10934 12760 15310 5056 251 1295 14920 16209 14863 10645 6567 9712 6917 3877 2624 18159 2841 14595 14945 12166 13752 2074 3539 7226 8282 8189 13007 1285 
17655 7300 6270 9011 15849 2003 9856 11889 3297 5199 8521 13949 15843 10877 4084 18549 14753 2497 12920 13383 12881 8288 5972 2846 6151 5300 5861 14432 13488 18867 15716 11565 2379 17776 16366 18228 201 6644 6329 18864 7632 14849 13236 19264 6148 13109 14025 16691 15605 7368 10496 4699 15655 16467 7544 17595 2189 13404 12449 11466 8483 8588 18821 10861 6786 11399 9511 2776 13832 
11630 2062 1887 6901 11087 16940 8839 4618 11388 5952 16013 14545 12237 16501 10622 4917 4467 8639 2895 13660 16877 14361 2565 1677 9394 9215 4252 1215 14516 7027 15046 6568 4879 12722 9258 15965 5875 18096 16373 13052 260 12808 8019 12497 9731 14430 17413 9987 18858 16097 19436 16157 10880 17790 17834 16063 7427 2508 17277 2365 5325 8536 4722 10203 17047 13980 2380 18711 12498 
18752 12185 8548 7772 626 16834 13292 10845 10459 3701 10125 6978 18926 6705 13648 17138 4961 10133 778 3258 3623 3142 8582 7948 3654 14574 5417 17633 16954 341 6343 16128 12525 14890 113 8941 12146 13404 208 3027 17105 10333 5795 12243 12827 19442 9804 13577 9997 10581 16834 9409 9512 1629 17356 13165 16202 18563 11220 13578 18903 17563 5919 11850 8665 6031 16580 16601 19434 
16788 50 12751 3333 1634 5417 16159 1498 11010 10158 7285 2013 3204 16693 7314 4832 10262 902 1457 9247 7911 10824 4362 1686 16742 12001 6141 18562 9004 3164 14209 2004 18580 7382 5336 637 8588 17284 17501 20 3654 5208 17399 6857 17691 5136 11689 4165 1827 8935 9201 9737 181 13562 7213 12713 5985 13353 7487 10778 16516 2118 12781 15518 9500 13906 11944 13877 7402 
9868 13897 11055 15075 11718 13702 8978 16853 5813 13142 18679 10537 2765 4629 6507 12116 7631 19219 13891 1406 7129 5091 13711 9246 13662 5441 14535 3780 17385 8835 11182 7675 18521 18026 18539 10661 12150 3730 3727 17962 16871 18195 4711 15426 18613 11218 3754 6666 10859 17644 3861 13777 3158 17571 18813 12609 18802 9560 16388 16609 14184 7992 496 13127 6441 14824 1 18590 18553 
19094 12765 11637 13501 17475 7485 12537 9115 11238 14992 15764 5095 18853 5753 8252 12636 778 1283 11860 10338 13460 4681 4944 1875 966 13861 4105 15790 9651 18484 14765 4957 11671 6824 18457 5359 10098 11416 10263 17126 2621 2239 2643 17263 7992 6684 10321 8769 3756 17971 14896 17215 18441 15630 14879 19407 9913 18983 15619 15353 17890 10806 732 5773 13420 19188 6921 3940 6817 
17184 1488 9437 15212 4130 2912 18993 10813 13232 3975 10358 7415 18870 7996 6279 14922 3297 1898 1047 2703 17516 12189 16382 4534 12920 2577 17953 8321 9498 2316 10927 2894 3803 786 13895 3723 3697 13311 10325 12718 17285 1106 15923 16577 9101 17991 7712 8187 311 4548 6679 17826 16737 3483 18149 10079 1850 16525 14189 7137 14630 5538 10030 14222 2113 4347 17944 1599 13447 
4482 10107 11154 1377 6452 3944 6267 4865 11655 14453 5175 16202 1555 18790 9151 5037 17361 19230 6886 10098 9631 14022 5150 15169 264 19372 17281 401 13528 14670 13847 18009 5199 1214 19385 11650 5157 6074 16514 16811 950 17478 9225 17871 12480 18376 3330 10263 13818 6006 16151 3871 15817 1723 14829 16081 1517 8323 12271 10835 3415 2330 9266 8613 3543 4864 16052 8699 6727 
12988 1722 7676 6678 6737 1759 19157 5535 879 5632 15142 6884 2205 14802 3123 3928 10054 14993 1234 14166 3476 12068 17580 5806 17124 2405 5138 2410 18456 13837 9136 7656 11348 12602 14333 18084 14360 9702 19408 15238 15333 10762 17911 17538 5987 16824 17255 11830 8029 18488 2208 11505 6769 15577 13100 4315 17981 18237 2514 12649 8286 7439 727 15424 463 10849 13930 10613 973 
9551 2063 16305 735 397 10055 2511 13010 3522 10130 1461 2433 12337 8755 4991 8336 17644 5095 6739 12094 7608 15177 802 15046 15903 12015 11299 7174 6368 2334 3936 11708 4396 16031 8232 582 6508 10743 13591 10030 16662 10842 8252 9422 19 9032 17757 13453 14126 709 5969 17523 15885 2560 8781 8001 14575 502 10964 16732 18202 14900 8862 18388 11353 17093 14759 13650 4048 
8773 19469 1133 15404 3933 6344 11212 12964 313 5087 3302 1021 11055 1247 12696 9405 10028 1119 4402 6319 7872 1556 4944 3194 6207 19121 10336 19089 14302 4409 3560 18864 90 482 14690 4023 6825 6325 12776 2927 11411 16078 3948 18256 13114 12433 8083 3564 9341 8274 5673 17212 9829 6406 16196 16035 5949 6954 15546 673 7152 14895 19537 7242 11166 10439 7054 13780 16763 
252 16707 4387 16329 1077 18432 9866 9299 2727 9219 18639 11000 10681 12063 1251 17086 8681 13075 3457 11425 9043 19497 18576 151 15246 2030 11316 6107 4873 5519 18660 5125 2648 3469 17243 19091 2323 3321 4602 5049 8330 19030 11838 19010 11515 13088 16519 619 6585 15765 12043 11417 15684 6831 7357 11352 4651 14463 13249 9523 15771 12331 14647 14208 11589 8103 13721 13911 11423 
14112 14749 175 13564 2799 19185 5501 15886 11916 1909 18260 8103 9741 5889 19577 16572 9036 7141 17012 3921 812 6957 114 8932 2027 14321 943 5919 4254 10643 17341 18365 1604 13306 8141 4402 8703 13641 16077 1041 15550 10549 4933 1503 16438 722 18074 1686 3653 11298 5606 254 18255 1509 9186 16071 15829 10128 2412 15872 16561 15542 10449 18164 9270 18589 18356 17972 12652 
14855 14802 4414 5827 15525 1707 18054 16246 203 162 321 7291 1557 575 5968 3065 5550 2461 14683 11467 4872 10977 8450 836 17215 2827 5896 16226 1605 80 5090 12249 10672 5294 18075 6619 7000 12341 18654 2992 12502 14765 10282 14058 11129 16249 12912 16678 14499 8017 8567 15160 14783 12807 11786 12420 15633 17681 4858 13027 13550 9948 5698 4644 11031 19563 11262 18030 12326 
10339 16811 5251 1316 7516 15098 12444 19554 8433 5334 10266 12239 9690 5848 7445 2919 17633 287 14341 11526 5145 7790 5499 10882 13488 10142 2335 9263 17194 16154 2011 3745 9177 3051 5060 16692 18149 17503 12459 2794 18626 3147 15032 8738 4784 18266 11657 2840 18553 6420 10155 19487 10000 15653 6581 19277 6218 4705 8962 3834 16648 10972 7578 6247 14023 8427 18729 8384 2142 
11610 6967 1190 10546 2421 9927 15329 1110 17373 13958 15452 4216 4536 11151 10005 611 17731 9704 2618 18225 14455 2241 15295 5849 5608 1964 15661 14034 1115 257 16175 8514 7223 17364 14849 5434 3504 10601 2333 1299 771 13574 1304 5306 5147 11308 1707 18667 16801 4324 13104 11678 6565 8821 13317 7962 6574 5190 2419 3479 5447 14383 11992 8459 7960 3054 13892 11463 13654 
12014 8551 14424 6010 9855 15520 6946 16952 17226 1825 14176 1972 14928 6276 4326 19538 15382 8078 6535 995 10496 10013 6441 1091 17794 10689 9050 1270 5004 16302 10713 12807 5276 1350 14607 10920 12659 1975 8294 10307 19167 2892 8068 14517 4958 8184 14478 16129 16261 16802 17123 2969 3027 19353 4059 16610 10465 8899 13670 15468 1413 595 4487 6688 1944 19093 17607 14602 16858 
2114 1121 16447 5005 9189 7176 5752 17372 17443 2304 14055 14667 15216 17023 13483 14992 16871 10516 5879 6192 4608 17136 7605 5202 2045 10082 2936 16928 3902 13327 14208 6015 14448 6867 6809 19426 14042 12561 17220 11908 10654 7487 2787 6292 4932 16270 1706 2225 7208 3374 4207 7605 932 7601 8596 18344 17682 11531 15694 2006 5281 10324 3810 15518 12980 10619 15366 7444 18969 
13008 15141 10045 16284 17928 12126 1638 10410 9622 19229 13407 8785 19225 1434 9717 7248 10029 8483 1143 17350 389 18515 18420 6502 2748 14360 19481 13366 10148 7347 12757 18945 2911 18591 15651 16628 6929 13078 7460 12340 8519 1289 1548 8167 18089 11264 11204 8540 15536 12346 6312 15924 7074 5154 2848 9821 15303 2751 3609 1663 5887 12155 16397 4587 11168 8260 1637 13886 1760 
9096 6649 6069 6174 8196 10025 4685 15249 17018 9015 11207 5577 11116 3343 12650 16270 6190 2893 7785 4730 6501 9448 6406 14445 6267 10993 6035 14527 8419 15710 12076 13305 2781 13934 19478 10976 171 376 6647 17189 9390 13643 3188 928 16985 15837 12987 18964 14519 1195 19483 1442 10642 6312 15886 12698 13094 17710 3437 17302 13842 11303 11029 12413 1449 6720 3811 1620 7095 
6248 18808 16484 313 2418 17411 13088 14044 10821 12474 8985 7805 8170 6216 18446 10271 17891 7356 19154 11813 6583 16878 1867 17885 8330 14279 19333 15049 13880 1375 17933 550 15972 14839 16229 14179 8462 9739 8645 19282 18003 13419 7509 6595 15424 2167 12655 13737 5313 12231 1762 11895 9531 3629 5992 13650 13697 5747 4911 7999 2912 3266 8548 18883 18104 990 13485 6989 6518 
17919 2483 4943 7551 5782 7327 3397 3738 404 17134 9050 12634 14685 1367 17955 18313 7358 12027 12433 8895 16938 854 7596 626 5192 6901 14520 1971 16175 1931 8488 14517 203 9221 2490 5984 12337 1676 5512 8531 18809 14561 1587 13917 11718 15331 8442 14865 7781 16664 4182 5141 17518 11777 1556 18499 14468 16075 16259 11065 13795 5169 1794 9788 10179 73 15771 2939 1749 
17072 11469 16347 12056 8845 6476 4196 4599 10708 19060 8169 7794 19032 9099 1524 7021 10654 15812 1911 7152 12493 8766 16736 17662 10559 6946 4053 6422 18507 6991 3960 16001 14249 16096 8479 18884 2995 8464 19272 13702 3737 7863 17285 3191 16961 18809 10211 3827 15043 7912 6768 7959 16677 3927 1833 3448 6662 5885 5659 5591 8666 9618 2015 18704 6137 6283 18010 4921 10537 
17704 14412 14273 1779 12119 13253 14529 7140 19253 18356 2606 7587 5546 10564 476 5262 8186 19291 11924 9860 5372 17514 14315 10780 15318 13442 12706 17391 7664 17626 8350 1581 8250 18412 3359 791 12087 13678 7931 11762 12456 6326 15139 13791 12679 15614 14843 1287 15327 7189 11146 16489 915 1674 7691 12023 15115 819 9836 3201 14234 13975 571 2906 12809 19297 19063 5318 13397 
7416 17079 2065 13741 8430 11645 2632 4467 6910 3918 15583 9888 10854 12494 10803 12527 15974 3248 3854 16792 8873 2844 11448 3270 3415 10143 16078 3134 9629 17185 12320 17044 10476 14384 6998 18906 6451 5419 19162 13361 9337 15167 3671 15980 3874 10263 4719 15637 9300 8572 12852 13962 11415 512 17231 10619 10655 9521 9542 16073 7128 2284 9329 17604 16667 16326 16932 3541 2168 
16516 12691 7294 7895 12151 19063 7558 2837 4204 3618 7926 12775 12259 2311 402 8560 19541 6811 15004 5275 16352 11499 12402 18636 1251 6218 15725 13366 3572 15055 11323 15877 3958 18616 19562 16109 18101 7542 14735 18094 6949 3083 7081 19207 1183 3273 8190 16514 10083 3616 2211 6857 15115 10402 1705 12155 16620 13220 5943 614 8697 17266 12281 8445 16304 12265 766 10618 15596 
15500 4924 2968 14372 12005 2597 15555 15277 6576 12491 1572 5982 10491 4218 16886 1315 5923 9463 17934 19142 15405 14338 4051 13093 2831 12495 5610 15095 9050 12017 6903 4972 16940 9870 15134 5157 8257 11111 16223 14832 19391 17794 16603 6094 2435 13911 7408 4147 3796 1555 3711 14991 11682 3551 8506 14512 11836 9905 5819 1308 2344 12721 6280 15074 18381 17203 653 7060 8736 
12666 2314 4339 10882 18917 10432 9106 9040 13629 13252 8626 10973 16962 4039 18444 16303 8334 9168 8561 18239 14986 9868 16372 3920 11937 7658 2723 9562 4101 9782 14087 16766 7885 14215 8070 3014 859 17176 7844 10278 10850 16469 1673 4025 930 540 750 9263 9707 9310 3714 906 14967 509 615 7327 8166 3337 12678 8056 8908 2978 5244 12582 17192 13314 11386 18051 6702 
19229 8751 13341 16120 6213 17365 17049 2542 18114 2524 8039 3636 6238 4734 18603 2536 5348 2142 6491 4474 10609 14547 9171 13586 213 2175 6991 9316 9350 1254 16017 9001 5794 9781 5543 12006 3358 18381 10338 17262 16695 18376 1320 3355 3532 15712 5890 4669 13643 8170 9142 465 3139 18312 9840 3352 16276 16830 8457 6049 13873 687 10839 89 10467 12172 7885 9614 10975 
18222 7298 8092 12810 4408 7236 16341 15909 8915 1432 5765 17085 6363 2019 646 887 11858 19364 17162 4901 8244 19000 18773 4720 10262 18862 10976 2856 7169 1012 9620 5813 4100 13502 18622 8507 1160 11175 628 10075 8396 6392 7582 14758 4200 4017 11434 16058 3804 4808 1381 7837 4231 576 12556 10282 19437 3954 8927 2818 755 18546 4420 4854 8260 18831 9150 9420 10428 
9778 15284 14613 11959 3288 5583 16159 3094 17016 12639 6897 2247 9809 10523 2267 10384 18868 8338 6034 18611 17264 8851 19366 12022 13271 432 705 12524 9582 5914 18742 19359 1620 13777 7530 4907 19360 4111 8000 12588 12539 10687 14834 2770 16999 12890 8944 16290 1650 14977 11113 18913 4250 6691 7148 13310 7123 7852 6257 16704 13765 5421 12275 15384 14987 227 16080 10559 128 
292 3570 12666 6768 14193 11226 4190 7506 592 16269 9155 11358 3594 4281 15607 10285 11428 5130 17407 15069 11386 14533 9256 12596 7230 852 3795 3246 12721 14354 3373 13012 17923 16039 15570 12538 3477 15549 15833 4068 8030 5411 15425 11623 5481 7244 2330 16908 8163 15526 12399 15338 6271 17444 8356 13500 14085 7941 12536 7228 2717 15908 16029 16429 8159 7811 5179 11635 3782 
