85 82 9
57722 40860 69795 62077 61240 50603 22333 48610 43217 58060 53601 2230 28232 45444 30266 68203 10238 45784 67038 48652 63713 19598 10441 42608 620 54006 43721 44195 28076 31275 20603 14708 1046 19308 49648 62285 42774 44844 12669 58855 31815 66269 61084 60046 13488 64214 30023 23725 38908 25971 1287 4395 45568 55680 47003 19051 11461 19634 63245 39536 23772 56711 54243 68770 4930 32801 32830 20567 6556 45498 8332 11234 13542 42280 190 27029 35404 30213 23617 47175 29047 68857 
51570 47479 53447 347 66529 64907 19980 31549 33353 16615 17170 60459 14296 66052 66124 47125 15530 1590 65486 67814 12823 7938 39004 56965 7830 3318 60041 31447 50493 17999 29214 3837 38341 55524 4183 33780 49342 68115 65328 55558 13640 55362 17792 799 50324 12826 47923 65853 58368 42320 35442 44054 23121 3356 29929 30951 50627 62834 62397 2894 53696 64474 6730 20947 48908 54865 54726 24 51890 21829 28446 38393 6101 46237 39192 56424 31926 59978 24052 19204 31208 32357 
63257 27193 8576 22096 58143 59202 57793 22314 34959 40399 15698 14552 61345 37469 69416 17846 10357 23080 12538 11666 34337 62591 30766 2439 47925 62691 35280 44840 10805 39352 50060 2972 66544 58636 69020 53597 19612 55724 48774 54571 25033 37335 69122 59242 47667 40313 49951 58023 63392 62488 42552 26639 53989 2228 1941 3688 64918 37221 21392 4633 5483 362 51557 44890 31861 49488 261 51473 34122 49034 7818 32018 15279 5850 64123 62945 19026 42984 22743 11329 7246 65294 
37967 61234 67522 12772 37786 34214 49992 32041 11711 28338 5266 63267 46091 37127 14529 46351 61463 48650 24295 69280 53532 12437 47993 46565 4292 67019 18460 70987 51211 69658 65192 62041 59803 34488 3723 70452 41565 26578 31403 53275 27779 36668 18317 2780 46658 32845 49130 37031 54359 2335 8085 36801 14771 28942 56229 63016 24871 47552 62913 4992 46121 29879 67032 7698 37230 43619 7060 7706 70196 11326 33844 26886 20857 25024 2529 67515 57869 51659 6320 14002 26857 58358 
23666 14492 16210 8805 6418 41080 29221 42194 18935 4252 44937 58830 11949 55030 4223 62961 35599 3330 47150 69443 3079 68006 23377 5607 37295 54109 30129 16479 40974 56986 3747 37503 388 63909 46308 50758 6763 48392 65815 25697 52643 39662 57390 37455 23603 61613 2190 32065 37806 22203 30418 13748 63072 26659 63307 2142 53631 22347 18620 23516 8243 66319 61018 52583 59138 9100 32251 65900 30355 26976 64460 55861 39502 23624 22226 35968 58100 68368 68032 24816 19481 225 
11427 11464 26883 3645 13605 53377 25991 5088 49756 7097 44270 12549 59679 32318 65601 20840 71081 24867 20679 37315 9638 60180 60938 4728 69011 47949 2006 65954 45628 65440 66178 57055 49767 65924 33563 36235 48211 32417 41322 70831 39513 14502 12290 28102 19683 6801 21805 63627 31667 15347 29852 14169 48391 63653 18896 46312 13376 64854 14040 31868 59204 53081 61786 10745 20779 24259 46979 41854 56675 61164 41595 69051 4576 53884 70016 68211 33548 64684 33612 65215 8941 36327 
8294 30195 28891 53 5418 15130 64906 63410 19861 25885 18266 10557 36629 39044 7679 56472 9808 37217 46546 24266 35178 51122 7060 34104 21107 40608 27698 54719 7597 9503 19956 59843 39697 21710 59895 17978 9704 53711 54252 29564 52459 1428 12985 17999 13335 64616 3381 67096 30744 49926 20272 65921 2822 196 1800 67882 40803 2361 24375 21263 55816 44330 10016 24424 38904 42774 15265 48607 69348 69516 51034 50718 43807 64018 41580 57142 57545 17824 26012 61152 40613 46283 
28847 16299 46478 3510 13091 60144 5871 37465 54270 61686 54658 64285 58973 22472 8833 47102 43942 7092 18392 23887 57809 62199 60768 28299 21115 20087 46122 47126 10149 59598 66272 38996 4807 41661 15369 17897 3579 21239 28225 57849 55789 11794 23908 16536 7129 32741 63637 51071 39832 54893 3868 70504 46002 37499 27713 39980 57586 46698 59969 67734 35206 28015 8504 12877 69675 23873 30773 46118 17975 31862 32877 46627 16519 29648 63163 23647 62388 28574 3628 31130 12377 51448 
30544 31242 17858 31120 44085 48307 50681 32964 17815 58751 60979 70272 538 32428 67008 4174 51409 13893 36035 13196 33384 52553 42844 25457 49064 7006 54030 25555 11000 39271 5914 41543 70512 67724 45527 43508 44941 25118 49335 35619 56732 12088 34801 57269 44516 30719 34307 68788 17476 43205 54848 50859 68622 26602 49179 46596 6471 32119 1061 17470 44253 50927 31877 43676 47561 6314 60047 65365 4295 38292 2759 61027 50380 37559 20070 67759 41142 54376 65457 58617 70445 49215 
11250 67977 48680 60428 43483 55151 21457 44543 45484 38574 68334 6271 11160 17669 12584 117 55898 16879 38408 58656 50769 61651 25125 70838 58320 39130 26989 25552 26657 26344 3677 37906 23231 25221 108 39577 53235 65518 56983 27629 33002 54227 33900 44161 807 46483 17141 56704 36225 28412 17134 15904 18974 42258 59606 50157 54252 59458 48572 9819 14712 52249 20589 10806 50333 20696 23246 32478 15124 9139 60106 20989 36230 22916 65149 9900 42263 55153 39467 7398 12476 56600 
67255 4313 27768 55771 54469 10930 17003 31952 64702 4578 57064 58154 59336 36307 51713 11492 41648 39701 64583 30664 60689 29723 26444 27613 12486 68706 11676 51952 48967 24151 37462 45132 28463 38094 2677 55796 21887 19679 60611 15499 24256 19449 46516 56455 28619 4 67946 70266 39704 61440 29840 2167 64026 29147 29779 5423 26763 14319 30238 4641 11333 67700 22636 12660 34704 25313 68455 56590 17855 30840 44953 14975 50288 64332 340 7817 64335 68286 6993 5813 31500 9696 
7980 68389 38843 10622 46675 38469 24940 5824 15973 36273 2434 38609 48932 10001 63921 19161 66590 54639 50000 13317 69613 2062 6560 69953 53831 70894 40013 33687 5618 44376 16246 57550 14539 27952 68171 61214 66421 65975 67037 11304 4022 42334 49912 25817 52334 15607 17841 20698 70246 40704 34015 41633 42765 40574 13360 25506 13242 26236 32056 62812 43475 48301 49272 58014 5164 19218 48138 495 58056 16949 55751 34941 59282 7438 60757 13390 23044 7508 34087 66153 21075 40965 
9561 63839 54402 22920 62208 67644 22020 67127 59366 65494 44338 10413 52418 49501 2494 29466 22859 33413 19278 51474 68353 51423 58911 30884 64812 54818 11255 674 49882 32329 41638 32306 69031 24951 55225 33013 65458 6155 29050 26598 44513 2298 9874 25841 24663 12367 55307 20385 18643 47448 769 15906 27782 59679 46789 21504 16272 58043 66130 66153 63235 9543 27369 61176 7357 55457 23099 1725 34476 25012 1186 7899 174 11060 33739 24836 67379 61909 18084 14933 11132 18853 
30838 38913 51395 50491 33280 67666 37444 28321 35593 29590 37863 35825 63629 18083 64146 15639 19807 27532 40650 20992 8294 40823 32051 14896 38522 28341 49669 56606 43273 60800 48322 46974 28623 28627 26375 61902 69157 36683 63086 33660 39136 2723 69485 31675 20805 62541 20177 13475 62936 33691 7331 44093 47377 39381 58988 14810 40585 37567 44279 56721 141 21511 5470 1627 23001 31844 63529 21068 41390 28389 54728 9436 3976 25987 41111 24780 61391 61287 38255 53237 23888 45585 
70193 176 57829 58091 58938 189 68522 32127 29773 41526 26501 8106 43153 49501 39950 8456 43433 10250 36844 27071 63639 40819 25921 33660 38463 16222 23857 49581 42322 20609 68029 41425 20784 27632 1290 8632 27820 69811 13622 30457 13112 40122 38562 56264 18533 51375 64719 34829 34489 3337 61899 27038 44156 60683 60697 55482 5815 57417 33973 21000 6936 30912 35288 583 58543 36578 9214 59227 8163 22835 62547 21274 62956 2883 6448 54353 54258 77 18092 61610 3414 52855 
61511 20433 15312 23982 4825 65080 10309 38797 14990 61198 42572 50278 61780 30025 15766 43858 62115 67881 66692 53572 18066 31423 29319 24513 58639 12487 68543 49594 46960 44820 4223 37381 65252 19535 34226 42940 13525 44534 54600 28514 7506 26082 51655 42150 28970 40284 14918 63949 37076 54473 19295 28005 14806 48613 25381 46308 33963 22834 24813 9833 40517 1899 20077 7543 21433 54302 50482 34957 611 6856 36335 52069 32937 60853 23129 34771 30048 38046 27630 39987 21430 19788 
67991 9099 68401 22282 55407 31274 17980 53083 13971 31360 54981 34047 38903 5325 61213 62248 13145 34687 69104 22343 15666 3815 12107 38795 38585 15018 5751 39078 55004 44 58866 51905 9143 29041 47050 37413 60314 37893 19406 47148 69253 47250 54059 37066 52574 44182 28224 38583 7779 70191 60925 67397 2917 45895 35102 14365 60912 13717 53443 44826 13760 14083 69594 66855 43123 18419 6042 5211 56311 25447 52359 27338 1608 8192 64403 27045 52373 65491 38491 33015 64592 28327 
29322 67508 3132 37288 10784 36908 51004 37090 10644 37627 24036 9149 6257 40022 431 12298 45232 56741 10609 70454 12990 56169 7556 50256 56077 32792 17521 23479 38670 11024 24669 40856 51395 664 7054 35042 37571 30921 44995 48215 41411 69030 30227 20531 37962 30657 32829 56058 60261 16301 28286 46114 1380 35842 25281 57456 41497 42801 9845 53031 26688 7377 22797 50947 8041 2714 14899 18475 33634 32758 66689 47908 30698 69779 68439 41524 2210 3042 26492 35335 19342 54777 
10359 20721 63482 8503 51040 6754 24168 60885 59784 23719 41125 11491 3576 49165 14204 62428 67640 20701 24096 36103 68608 54793 7657 38821 69180 53819 41862 24582 18064 61203 52223 1287 54787 44615 9789 34738 24232 6820 68486 12926 30539 38521 24416 34114 60550 11483 69405 29964 32183 22411 66066 2566 50068 46586 41386 48158 29316 56112 45604 20243 19089 26737 21529 2787 44215 4182 37524 68447 11001 7784 10283 14403 46304 7563 48517 8628 19045 46832 38591 24092 42107 6432 
70610 21085 53017 40906 42106 55196 69881 16620 4350 17881 16220 69831 20667 60435 2923 31054 30656 57877 11701 13802 1190 58004 65317 22570 39496 57226 42266 6997 10228 13283 13428 9748 7231 39309 23517 49336 23415 22309 65956 628 13053 11086 70459 6583 44384 46245 37636 47903 33032 49336 34569 7086 9114 28796 29655 48609 14932 831 28470 69112 58066 41897 51723 65296 10116 4151 43543 6395 70412 11273 7022 56328 66311 50344 62910 12470 25500 29456 60372 58531 51655 67804 
38480 33632 25511 68135 55105 40442 41829 12485 11329 28806 54381 63051 66965 37361 40065 12282 43755 12251 67507 23640 68578 62729 2895 60398 48062 28394 62717 10208 59788 16146 6923 27179 49778 32433 68177 33793 45738 38916 19141 57066 40585 46385 49028 9325 56609 61956 21606 29274 3118 18024 25778 606 53616 28672 61004 30588 57065 25495 13659 18627 41641 20581 18669 20329 25877 15756 26985 526 27536 18989 30455 68120 65373 52346 50308 50893 43213 825 53030 46330 62801 7718 
19799 45327 36389 53666 48778 66317 8072 35300 57808 49712 55881 5387 42904 54621 21143 69888 55146 21542 61740 58465 18572 56023 39721 68880 8690 55797 42568 61720 31037 34279 69437 23700 52469 7601 6276 3021 46781 14347 38320 33499 36922 67064 38886 8736 50596 32892 51487 7516 54433 42137 38844 45868 27071 7476 16522 8624 36136 31953 70343 40037 66231 41555 63736 20474 49155 70011 67447 68799 57222 7542 31209 23054 3516 42958 4654 26975 48713 56140 7355 32056 27188 19062 
50787 27122 70490 67309 35745 35537 28172 7863 4484 67267 49417 68219 60604 346 40004 56962 69144 26136 64503 2127 22054 40882 17948 26707 40721 66660 11757 20939 490 11808 40000 51277 11793 39401 20360 20402 3848 21395 28264 8331 17572 6591 49413 7087 50889 18327 36912 21807 17327 3189 23934 39380 44070 14745 66086 57654 10316 50706 7503 10805 35378 20367 34945 47170 59767 55304 67571 36478 5610 24745 17672 67134 4199 67084 47084 55087 58274 12906 5805 4511 16094 2602 
16754 33028 17346 11750 63545 525 35320 43912 55283 70697 64278 19138 19641 25819 47306 16123 35160 52915 13731 52831 21823 61883 21689 68907 18744 8873 10723 68501 13384 70770 13 30137 5572 61312 14751 69116 34700 22934 14802 18893 66494 51943 10895 15045 6672 58200 4031 41831 12889 61715 67525 34711 52508 18124 32528 162 26997 16115 68663 13244 59748 41539 16244 65319 31761 3858 36209 39325 26791 51011 58217 66148 31864 41975 10104 11400 29085 58087 26094 14837 48712 66483 
49548 30130 13517 54939 30292 13377 43917 729 70573 32575 42267 15728 26804 46892 63538 35877 15127 19240 59751 46207 58251 64478 17093 41218 4788 19041 28216 3746 6742 5838 70228 29153 8832 12655 13002 39123 69985 56919 12715 69468 18404 54981 14106 18072 30783 6555 26812 18773 69747 15473 64980 56908 8861 54936 27037 13649 46840 28116 61347 53581 33953 60485 11644 42784 46003 68599 54770 44898 54428 40348 43277 45695 24240 30246 36630 27886 36800 63441 46659 8321 7824 13413 
38093 60638 41212 37993 3197 16962 66108 37407 70543 1835 26802 11097 17483 1715 8606 45116 46613 35897 14375 62753 54456 38614 21909 19996 39363 31573 56301 14932 39893 36988 1208 50849 26536 42419 17752 2596 59381 56723 40002 31698 58558 66803 15658 48904 41382 68217 22930 60858 5888 37304 52521 60343 48781 3340 53203 17055 7776 38414 4850 47669 4312 50011 292 3712 21340 18044 6307 53584 3677 46309 14192 35098 14886 2714 56865 29131 70930 8706 18899 5728 18873 330 
38935 40518 47623 21048 30436 55398 32325 8149 4841 9500 58159 5133 13211 52363 67129 19518 34857 43669 38690 21913 51631 26439 68579 37406 55570 68419 18975 47332 47010 37848 47662 14855 7276 68148 35902 10575 25320 68226 18723 3025 50590 5793 52110 63800 31019 21013 56181 38739 64681 67734 60651 45222 23084 58140 55492 51517 28333 3377 27759 4254 41224 48284 63061 21363 18206 738 4801 16390 41827 23524 19414 21327 2180 44387 14038 33198 65399 43082 847 58990 39727 34362 
5987 35674 65365 61478 16101 66562 37718 16723 70815 51806 65007 35650 46032 12123 36387 50833 28512 7125 3267 20789 28451 5446 65175 15352 11507 59484 31298 12353 20249 71024 19578 26235 8472 13854 60576 24572 9326 27204 41294 53004 51873 8075 17564 26816 20198 26815 6559 21573 33939 9825 42362 35253 59223 9311 23469 70729 68795 54766 55945 17954 27564 4434 17052 8899 18287 50491 6334 476 50558 20491 53479 31342 28566 43906 58157 21627 70720 64715 43199 6433 47403 58424 
14550 35536 67735 10882 8039 65440 38511 63983 56257 38938 41280 46172 47836 32430 25573 54169 32905 5041 3570 59247 36382 32135 32064 23449 53761 4558 61027 69824 54944 37340 57158 42357 45739 26667 53238 53777 64970 20659 19535 50137 59596 60814 25219 36342 22155 50791 63374 55059 28696 66943 16081 65077 27989 21008 61390 54613 25565 51327 26211 53372 61531 12280 24639 36180 11810 50740 62821 5691 309 11266 55827 32768 44943 53910 41973 67097 6475 34257 23931 35170 2975 12875 
2022 30963 33882 63411 58439 32310 16512 13561 14593 50906 69793 12095 59950 10513 62835 24545 16203 36007 8674 44894 41639 53616 578 12522 22488 7052 19643 19282 15086 22617 32156 17107 26443 66037 53381 57745 27257 42756 216 14713 66526 42872 70761 55386 26249 62506 52794 15315 27423 61467 60208 69061 16857 33649 54447 39344 40701 46953 58625 28650 69569 63644 45756 68875 31455 911 55530 31576 16530 55746 46288 11966 392 45959 40215 26640 10239 21919 41955 10526 56249 3937 
52450 2017 37586 35807 14224 51150 11670 1760 8710 54102 38267 27329 51887 69722 1103 36328 30208 17632 64937 49359 2462 65328 24229 42676 64832 7331 37459 35697 17856 66571 12497 70306 68587 50082 7887 11722 3006 63510 57434 11715 19386 24611 39043 184 67196 40145 9375 26314 30641 47175 48537 33102 14277 45629 48641 8019 52959 58963 16579 70815 54445 29076 42895 24806 52021 23645 36527 55027 16065 66824 66741 35451 64299 7559 8498 60405 20567 61825 59583 51207 37910 37030 
57172 52186 11569 34724 60205 37391 22597 49647 37116 49905 51586 52874 3622 32518 5430 13012 60408 21494 8747 28923 29808 1956 36481 11169 35224 29912 1904 67670 53982 39813 6474 40065 20910 18042 47652 53978 28297 43112 32535 65412 21928 13032 20061 69502 18413 25490 11424 7731 19847 20170 36653 22519 66078 45998 33687 3077 4820 35591 70746 31665 48267 6131 640 69176 68125 48291 24928 25332 20314 57463 63608 15105 43358 12579 13517 61770 10932 24940 42364 3642 17974 51880 
26160 56915 26788 32711 59991 4471 68301 59648 36136 45478 38642 36775 16429 35677 57930 41356 33873 51107 593 26391 66211 43950 11833 52591 7494 66717 6441 22721 70358 68367 3512 69382 54193 30299 31003 43094 7634 28214 4516 43769 46555 43157 53407 62983 51698 13111 6114 14481 64217 6706 13735 32202 23520 69520 13703 3877 65147 64097 26598 37279 61374 30109 35571 17341 33271 39437 60435 40904 67650 37814 57536 15980 53835 39854 51826 34443 52964 57939 21787 18956 37509 8385 
51157 33892 6815 37724 37768 44825 3595 37229 54967 37832 67337 63402 55173 2383 31749 17382 16150 1174 55195 2597 17153 37940 15314 41842 45246 68277 1556 67032 60096 39064 4327 13028 1866 55094 50751 12497 28829 27209 49726 12707 65040 18837 5019 49123 21219 9631 66504 37369 10804 23474 12829 27956 61413 28142 69798 35570 69282 44217 31512 58289 12191 8703 227 58009 63796 23841 70505 65489 51049 49141 51059 44999 67978 28941 23033 62060 38571 62400 28339 49375 14784 41167 
50194 49061 42172 21766 13541 40365 65982 17916 27564 7083 70571 27790 37955 63278 24494 37371 30541 4453 15422 10510 22315 56263 39450 18211 47234 6931 9522 48436 29169 68258 18514 8274 46229 33549 30039 32633 2824 24932 50549 30387 4878 50030 31040 42833 15082 55533 53067 45622 32849 68488 56131 55164 53662 68444 46238 2670 48239 55759 51105 6318 25792 42482 58544 931 4942 17494 33564 7765 15289 56976 11016 64119 35916 14919 8726 23862 43316 61792 69483 5075 32055 27389 
33102 58580 24743 8251 61249 1892 36873 41264 52163 62664 12657 39617 36459 61551 29974 70022 42179 18126 55908 53194 11156 64687 68113 63834 17459 40339 54537 59806 18277 15502 16105 24243 46945 13711 5357 37104 59556 42229 51231 13493 6668 36751 53109 43126 27212 55947 14922 69391 2983 43693 24359 58091 37290 21382 50836 27613 34584 7147 16329 25725 66601 5297 22831 42456 62960 28187 52423 51426 43279 32564 64918 49946 69315 19802 65935 25437 4659 9767 67691 51594 26323 20961 
11460 63613 15206 62295 64089 22654 42305 53281 21242 10680 31441 44072 53135 23311 1169 34468 47601 17311 67031 14293 40121 38120 34094 34966 36421 11616 17597 33022 36074 43919 26846 47533 9306 42052 11602 46258 37569 53906 28449 58810 64585 59889 31792 19494 12111 5824 26825 32575 23134 66719 46867 63254 33750 53825 71084 70170 65440 61544 4966 3288 7237 31812 50820 60496 46727 62421 35664 13206 18101 64113 44879 55549 52912 5581 47906 37886 55357 3641 70460 7401 70360 19102 
43519 33020 1837 16377 4964 40140 6831 53882 43428 14067 14604 67111 3473 34194 31307 39137 20263 22271 5024 65141 50684 30799 43585 27500 68685 27852 31141 40919 8117 3275 32884 24499 9158 34720 40875 58074 47724 47705 40866 64015 34635 28334 60036 10972 62527 20253 50108 55654 15388 27995 22569 66071 58793 66154 22481 29252 66869 26485 43035 47849 2623 4829 1258 11780 12413 42132 69853 60136 62700 39630 53061 26246 67963 14871 37217 32264 7988 60188 60781 23375 17093 12261 
18356 48749 51278 40836 6912 19921 40185 22810 67770 42807 27638 41891 27451 12914 12934 26214 45913 48497 38707 27884 3653 8444 15619 13733 13572 23606 2831 3263 46980 63876 15523 65335 41536 66800 7945 21311 15632 48129 44120 56265 63800 44621 27066 20161 30399 12863 19238 5222 61360 30809 5970 37876 39252 21588 51609 52823 45193 27303 56086 21083 20090 44472 59281 34489 40183 67225 28663 28678 17129 45646 13853 9839 63130 13782 2863 22439 26645 22100 27661 60868 52908 33630 
27654 65024 55217 8173 46757 2184 35476 4617 23266 28429 49089 11457 35781 62135 51545 64443 63676 68673 38999 50392 51375 3903 64173 54237 26342 63681 49201 54002 53459 3883 60495 10024 68906 17486 62149 17438 19669 26535 66007 15798 27827 16870 118 63607 7915 51662 56960 44454 22110 68822 23756 2395 1636 60793 29496 841 53384 7607 54842 35754 11489 17111 18641 53259 34596 9700 70696 54264 9099 65613 70061 36925 11394 70178 2307 63261 23614 32130 36626 45723 29863 33245 
48118 4362 22948 50477 5202 5243 58083 32907 13860 42435 50017 32500 68557 13523 42199 68163 40650 24161 35551 12485 33950 19808 11573 36256 11979 8050 68385 21468 53773 22 54713 3665 48336 6571 54141 53537 55766 13998 59307 69625 29296 38234 31035 26764 24620 46098 67790 38133 70258 32251 50617 5982 52058 35053 42237 36901 43103 12397 58368 69739 12418 14855 2314 60754 65379 29318 16065 50055 43315 4283 21455 1521 15380 25353 1148 12864 44314 68938 50996 43483 2963 3388 
22328 27885 38440 64565 64785 54406 5872 24927 53055 18289 39782 55368 51906 34071 13596 67971 56989 29774 45117 7354 4159 60496 32707 5306 2270 5931 47107 26130 22277 22934 29517 44605 50818 40820 10944 44513 24137 16815 69439 6102 7967 10995 34334 32737 45065 20793 2482 30965 50567 47598 38318 54725 37004 43888 32894 12138 22683 52865 11131 44959 4709 40647 62427 55526 10377 2281 1813 7377 63048 44115 13479 43879 55110 20676 5526 29085 41468 8007 32913 64898 55604 44095 
21397 65471 60846 54291 50472 12439 8930 61602 30262 57591 4023 21599 14891 58353 67833 16703 65729 32655 33681 52071 5444 17701 1657 10969 19650 15989 62928 25426 9797 47442 69520 31194 14688 59277 58348 38023 44579 67277 1400 3751 53778 5422 69303 41532 36638 66046 58234 31278 27611 64778 56212 5919 11390 57869 16887 3903 46721 52679 2192 56517 1895 623 60574 16582 32763 47832 27469 6252 16883 28868 53956 43524 34289 52169 13966 70927 19989 45063 3979 20463 38752 60190 
26381 23005 19833 16132 26907 66553 68810 29098 24845 70704 2584 14329 60150 8210 62161 16529 58415 51907 18260 41281 24342 52548 22360 38307 25249 15212 12281 2091 35674 23896 35145 62055 46900 54977 51050 46670 23305 48770 48631 48149 21248 51215 35341 54261 32288 70365 70789 19613 51183 17959 33757 4435 43371 56116 15605 41483 238 749 16438 8776 24644 51582 43694 454 8333 23654 19987 31637 45287 68618 52649 66534 21607 16901 49706 53894 60129 22269 46371 40222 13092 9038 
17520 29326 38018 33125 70808 11119 6737 60109 19894 31381 40601 63587 4698 48934 16151 24685 53434 61437 22213 34994 29746 16683 24758 8362 70576 13797 3494 18721 26883 16585 27759 44402 18774 65776 50390 18493 49758 57127 51465 69652 61371 20977 35013 66068 69910 51164 19663 52254 14375 14739 60111 44120 31421 13779 25345 3772 440 1703 66445 27322 62240 23114 44587 9925 61753 23888 1281 40422 53878 52745 11848 44159 2632 46860 39137 45405 70887 31664 70523 14173 19266 32408 
31156 23551 19051 29365 27322 19490 31067 22677 19675 66170 18655 64261 5005 9318 61012 6285 22603 16664 59030 34450 60822 34525 10221 1734 52794 10018 33397 25091 68143 25526 57498 1074 49076 5459 30438 5308 24948 34368 849 17486 29448 63456 54611 7317 45637 17397 13601 68240 34061 45494 4464 23793 52883 58637 25526 7451 41519 31786 32541 38572 57312 18949 12509 35298 68361 15810 13470 66172 50177 58271 12569 52489 50637 67179 32669 25184 13486 19133 66287 47546 37491 70751 
44203 19284 58298 42592 70687 1591 3289 32138 13027 60600 23950 25535 68761 21221 41345 11141 16304 64385 42275 28872 18648 21822 68914 51316 19870 55263 70449 15067 4584 9714 58681 48786 28997 45890 20288 1458 20344 67529 33595 33370 29903 30408 58905 27575 51629 29160 11579 40796 22455 53854 42531 13967 48539 40355 65282 68408 68481 37505 12386 1975 47218 71066 23624 49078 18730 16776 50535 39074 13215 56993 1354 43118 16312 33122 70692 40804 62281 55134 10510 57600 10762 25904 
477 59301 39122 38622 29483 36513 5038 41868 11352 25119 14709 34975 3108 6302 51750 26506 18239 64965 12410 63546 9857 1585 25578 53412 15252 16770 37456 69714 47233 48218 24528 20573 9293 63649 59194 38775 1936 37095 53507 13287 62214 41079 48262 38185 47380 1786 64690 65619 39614 49963 58075 49470 51547 12563 31792 39662 2196 42112 38286 49428 19240 35677 42864 1396 28236 30969 40170 30172 68063 66540 16322 32051 36529 64583 70235 12820 39233 63836 51302 7757 15573 38287 
57227 39984 23713 61882 8556 69862 32904 19706 21064 25007 55382 63928 26402 56482 23807 39436 59517 64733 34886 4749 25695 326 42196 68793 13145 10339 34403 37310 18095 49976 48460 48185 18870 1083 38978 27425 70944 792 47130 64872 25799 31423 57710 25064 60768 10427 64499 49195 48023 28296 53943 46581 1485 69002 44285 58582 8251 7598 24802 70299 57573 2172 47394 5353 47207 15282 5642 19926 60027 52771 13708 14736 57057 328 39799 46735 54707 6073 68793 31640 34368 24511 
7132 8716 22423 24280 67297 3538 31877 21009 2747 18361 67133 50140 67666 43250 38286 2218 63175 27223 27853 5793 41958 13820 50073 54620 33419 33690 60692 3986 65330 67923 28496 45325 5549 23783 69604 1756 27320 3255 66717 30066 21615 62760 53069 62145 34921 20265 64362 27006 47487 21125 5663 18355 7809 55735 45839 41227 18336 35441 18076 56529 32275 46572 3628 10687 43218 46095 12443 70537 49349 8070 2377 70964 43694 55445 62019 7525 4621 28155 7394 52107 49280 13056 
43326 29952 41655 18075 44042 59990 53515 62117 18293 58653 10463 21920 42204 53680 68014 54646 25991 46273 35579 28367 19011 52136 12723 53893 59660 61296 54912 67054 42313 5966 52973 14549 35917 23538 32623 8869 56391 59002 70985 3594 19429 10359 69466 61632 36902 39254 18052 62893 58391 26495 20170 6312 7541 5756 33069 40065 67051 16891 8893 38275 22856 61865 25687 58772 58267 31174 40504 43568 63039 40399 20026 11378 23621 18402 45874 60523 57656 36789 52326 44957 63283 45359 
24132 43688 51115 30064 56616 19940 46954 65508 31078 42673 29147 56765 3219 16324 60802 43722 32756 52751 13032 52781 36992 9516 44046 11776 70038 3476 21429 24138 21296 57575 69497 45428 30173 22386 48355 15699 15189 68173 54070 46267 39756 12128 4806 42975 1315 65607 59560 34070 20132 45455 59714 57123 54971 32671 41763 53919 9010 63191 50921 30306 49676 49328 48597 52713 44577 25862 41275 59765 22945 24256 34942 35565 36383 12611 51403 10561 7128 39873 44631 123 14239 6119 
57246 42073 11653 27919 68855 20663 63973 48686 50968 42559 26924 1339 24182 44364 27200 65457 33040 23009 62576 40845 58573 733 53456 38886 11293 33447 7669 28787 33570 65860 34906 63679 36843 46558 64461 34609 67220 57344 56158 19962 1677 11993 21300 69812 29220 21364 64179 62259 44372 28529 4879 31855 29261 58334 70740 40553 64644 51272 69340 71077 18907 6020 63666 28613 52577 57037 36085 21572 16155 21154 14397 17832 6010 35697 16554 35229 29924 53596 70352 3206 11035 4141 
7924 13159 35338 51527 53711 28892 4573 24825 1744 23479 30844 65409 52092 56285 24221 61040 50720 13239 11104 65116 3934 17113 2587 20487 52342 32510 46946 51604 8579 30844 28608 16502 44002 63945 68028 70577 65700 1512 24312 67443 68943 28020 61763 22809 57168 58847 12760 36798 996 23863 3688 4930 13840 50228 69369 66181 55601 18090 19559 64180 48933 48166 9592 65799 13885 50484 65286 8495 24859 18508 4849 22712 19391 39475 45521 5469 27232 58280 15130 1091 55006 62771 
6020 68845 41909 48253 36800 26420 66342 29222 63463 17049 6298 1966 11758 20182 25313 5954 1541 50171 68415 6389 45746 16716 45863 20177 66138 45958 51320 54131 47048 35237 45812 25932 5856 60584 3095 42656 59868 42300 44741 52241 32212 51039 27070 43970 44084 52382 22787 18488 4327 20112 24876 50073 9692 43602 43113 48693 18470 23344 31734 65518 31444 50410 64313 10163 12768 67407 25682 1546 11481 70423 53787 43692 23236 9767 60525 40183 35013 56176 58671 39339 5198 56410 
62275 58842 28923 34299 9309 20256 30506 13907 14684 34813 64316 51860 44975 5994 21041 43521 51493 32521 42854 34190 49077 38953 16820 11376 8046 51832 67551 39580 64035 45613 24901 28084 33365 26687 62382 42674 46942 65751 56580 34490 29474 22670 15260 47313 1527 36301 63697 53019 41685 35461 16119 19672 47277 5803 31048 28186 57634 373 67766 23443 45985 65530 51527 8261 21127 15683 23798 40932 10345 53241 4332 12682 48774 19592 32858 50300 28756 25465 5094 70440 33789 21212 
62976 9976 70967 22934 38162 57512 23306 7702 53818 42155 2142 34255 50415 67221 49938 47076 37063 60282 2091 41395 45827 50864 33850 7596 2938 62605 5924 8031 34819 39713 2107 26705 22552 1984 22502 60713 32359 18672 41278 15088 60826 43419 49342 13015 39550 1054 60090 5524 34199 35044 19782 8937 58771 26495 60485 61708 61963 66408 42603 25692 7895 44709 52397 30447 19556 47762 64023 51915 66433 34212 39866 56169 6541 62071 69183 18955 63125 31047 68431 26234 66090 17123 
8034 53771 16481 41382 17254 7354 9565 59856 33045 17459 33475 58305 47905 25894 34978 13703 6719 3185 47914 46584 59354 27318 10430 30311 46272 2465 61358 43613 1562 29222 33599 53549 11904 50079 23841 29157 30296 33405 61876 36205 23728 68214 67373 543 23018 4125 58198 29737 7310 35022 49184 66663 62340 32477 25884 10386 34941 60105 26863 9367 18238 60461 62915 3005 12315 59619 5025 15474 21935 66900 51678 18526 64024 47962 63021 15952 52086 50130 18552 59395 14062 40600 
27832 49265 1987 26580 59651 9792 15595 59377 19158 6696 21612 54936 9700 33926 43465 14724 49400 38263 10534 2852 56788 3468 50813 48720 63373 31810 27760 10835 64068 14685 24298 20811 63950 26285 47390 25375 8940 35848 57615 28097 42544 8137 55896 52243 14927 28271 39831 64326 66534 50364 67177 25096 26696 19765 2726 62932 51574 3349 46630 17416 18034 70928 38226 54847 70076 58479 53085 7926 23238 39610 8886 38645 20610 64781 63751 35536 65915 32492 28772 34223 55720 68813 
59319 55279 61441 34908 19985 14789 38257 66614 32204 29154 66452 70430 56864 38302 30683 38859 19091 26784 51332 27976 38292 852 65620 30954 36388 60446 36309 38023 23579 64892 8610 55761 21945 70050 19580 41929 13749 30700 37454 18817 59853 5680 62110 45627 16846 21703 57349 35936 48487 37591 36776 15689 11306 4170 19506 47693 64615 28679 58580 61058 22481 40053 18593 17290 39014 38172 59218 25626 68871 69535 17306 30498 48079 8326 5035 64924 30029 62383 2634 51379 1748 39409 
39931 13054 43579 32301 33610 9968 60979 21100 43889 56323 34017 62482 2523 1941 2428 34605 430 210 5914 17736 30707 26856 26061 8606 20690 28953 43852 67277 53195 45600 8460 65990 31517 52038 27201 65126 34870 61043 59090 51622 46276 22017 43014 21663 67910 45442 29131 41203 18515 35044 31802 22085 34764 30727 30690 55453 59679 3453 24504 14649 21916 32964 9549 53432 57865 36749 20332 21645 26702 8332 46131 45841 3212 18055 67503 43985 36360 69497 14099 27738 6316 45900 
49823 41079 5537 53376 69395 38080 29692 22810 52728 24471 55773 62276 6813 15412 27935 9 37057 27500 8340 56051 2251 55505 46969 42618 28400 12240 41025 15362 12841 20204 61262 35527 61282 39662 61767 59588 6652 20369 55261 59379 17704 12808 50565 24516 28219 51363 68477 38139 7773 5728 23100 53977 34096 70069 25505 35359 55172 39393 50721 68012 59597 40893 5314 49789 9465 67080 11151 60070 60312 66411 48359 6926 8129 699 4306 36348 24925 1693 3397 5562 51373 70450 
59538 14379 69429 57906 49738 53511 26209 29369 23297 14716 43125 28610 37369 25453 24600 21383 14433 13823 60658 35656 64701 41650 36354 69006 50861 34142 70699 27122 39703 50982 26482 28151 38225 24821 14967 60826 51195 14040 19105 47355 28755 35093 4876 38987 60545 2339 33234 47842 16161 22802 12408 9773 37315 21625 51642 17087 55766 51251 44208 24380 4008 43553 25394 42232 41237 40361 31968 65295 54400 23936 41560 56018 31892 46435 67869 21347 48774 30013 42052 37798 25678 27323 
20434 62992 48947 987 52942 6488 25101 70013 30867 29108 42476 56260 44203 56576 69484 49034 50781 25658 1880 21252 10587 6635 67686 51319 846 18234 10242 42897 28896 8783 70220 49329 44638 20941 23179 26491 27428 48280 25414 31158 50251 40754 60282 67318 26240 58676 45262 5932 13245 20006 47 67784 26640 40596 48013 27485 58830 31118 43246 60589 39900 42376 38828 57401 36180 34871 56755 63608 56014 11080 67629 8039 24697 56821 4267 23800 44408 22393 2595 30516 42398 2641 
27210 41901 43237 48086 42250 3841 8114 14406 64429 20877 29645 5031 7188 65824 39901 63943 31206 68778 47886 27746 5728 45446 13477 9994 69245 30748 32386 751 34127 47647 47344 61336 18459 19491 38332 33572 67284 19309 47977 60623 40185 50485 38518 20237 18083 7329 13090 22153 5018 33839 49898 54698 8195 36238 64691 50303 39850 69941 51053 2887 46498 172 37087 37820 63615 4329 302 59810 23638 21142 22207 36686 44490 60724 56922 62573 40917 70011 13636 18798 5624 36397 
2406 13818 45498 39960 64121 14258 38811 16948 17145 58173 17119 54231 68856 53598 31423 42022 42318 27924 36027 37388 64610 9428 27023 23306 44864 40803 22228 58499 59600 715 67759 62005 14533 42167 30875 51517 29289 42550 68464 19297 29633 58447 46391 263 40955 6724 42284 56136 7512 7222 22434 44985 16649 22320 68290 61512 63122 19428 21785 51632 64096 62407 15411 7539 33484 46286 31919 62772 17746 2157 54932 20242 33467 30233 20504 3332 9821 35652 32331 17332 42873 54765 
62316 32385 5995 59516 66760 69117 51808 61408 22523 44814 52725 37934 25216 59072 13130 57134 23619 3739 59290 7461 67933 21668 37694 61300 68952 47514 25862 30194 64845 41598 57822 28935 2893 36680 17361 42516 7571 42032 32834 30094 15756 14469 68027 13835 46405 54020 70968 70023 30622 32033 6394 329 26564 44087 61628 68379 64464 60354 347 31083 30862 58168 60017 6619 67712 50242 49134 4193 21184 10879 7150 9804 69300 4087 23638 44615 30970 67470 43548 34455 1277 22806 
7647 27840 39756 42139 25129 33131 31403 25476 64213 35128 56507 26005 41746 53129 5157 19791 30186 70293 3533 37335 9007 45696 14286 5509 19222 45255 1889 35633 52574 3165 58438 60220 3868 27105 31269 1860 33099 35535 199 26222 70663 56706 25090 41319 11609 30246 33973 41794 2314 37505 8040 11320 56065 22325 16828 4197 40443 62669 12693 65880 38697 42 55011 15428 10 59143 17288 33108 23589 17486 32193 67115 47055 57283 37344 31528 60392 44181 2232 62705 54549 54224 
46889 39524 49412 36580 43720 62719 1024 29277 57509 39720 2182 14294 55148 2191 46301 45299 8162 42753 35648 13218 38778 11614 43364 5032 43141 5531 22076 18236 68235 5536 45324 16898 45059 23646 53478 61643 15275 54501 19830 45648 67084 22011 32805 24006 68154 8016 69304 49179 50768 6727 62396 18456 18340 7535 67441 34344 13065 18427 25443 54163 23962 70766 71061 41885 67276 53449 32438 55414 9724 25131 29972 5718 47141 62777 2588 17069 43656 802 66247 23335 51481 30417 
14654 42684 37951 11005 5938 51015 29432 4245 34089 26257 47874 6924 68141 44060 60372 2353 28385 42959 27483 31220 21540 47487 66860 24127 37419 39427 68882 32576 62761 49273 35857 6325 20868 46671 61283 70758 70550 63578 3913 6413 62698 51787 13336 59750 24757 46571 34966 26005 18440 62449 57225 12843 11710 52995 36970 49129 65285 34762 10615 56956 12945 19335 36145 6676 38870 70291 6345 38330 62779 10257 44742 54387 34907 30941 15911 32528 50375 50877 58532 68814 15100 17531 
54520 26809 70526 20400 4848 64721 28025 59416 23452 40970 51614 32460 47645 19394 31661 26853 57723 67303 37110 4239 23464 44880 35179 39375 6318 14464 63115 64850 56141 7125 55244 39572 33933 27544 32835 11645 21176 60860 71060 17491 3604 51584 22814 24112 70978 27338 50965 30475 23551 60938 34714 47014 34728 42756 15299 13910 30084 51277 51623 15135 58401 35777 27570 65198 63321 33269 49706 57360 23039 49676 3761 26642 3034 70527 23617 46875 26775 3492 6261 50325 37293 13838 
26249 932 56593 14412 14841 15587 38552 66463 3586 69817 31150 4019 63925 67334 37287 15405 53604 60325 37944 30228 59830 40977 29665 12358 60716 56439 59802 39840 8538 26006 53677 7651 70890 12044 66015 58594 27631 33477 53967 4080 32204 57980 8098 68992 54225 45385 13307 9603 7484 51250 39831 40178 65091 69495 25399 27581 27709 14111 67420 36246 12980 50007 43896 12780 62050 38821 284 62544 1209 27114 39487 6276 57958 47585 4179 13957 65833 17485 23559 46180 41599 63389 
15268 8464 34659 40666 36044 62367 27641 32374 387 40620 55244 44283 26264 46204 55967 26547 10523 30039 26525 50009 36315 13393 70457 40493 27349 38064 30841 23771 13155 1350 60024 1286 9813 23593 14816 18720 58823 42456 51093 32073 55939 35247 5266 11113 54315 34097 10524 64837 64135 37048 16620 29360 23304 59941 69852 23516 26915 2468 47286 12933 3817 9084 58172 57583 32676 1898 5213 64362 17217 29170 25346 2066 64416 3475 57132 47641 37571 40519 14252 30617 50430 3736 
32840 2644 63676 31603 70112 63454 6934 46308 49251 10750 55392 36333 41196 60931 38230 19273 27068 28310 48442 52413 30375 14632 28751 60370 35137 66322 29799 49388 69802 9139 25987 31552 55735 62526 36018 54757 27755 42951 2840 5916 26565 31095 15112 40624 64889 26205 59896 20867 54514 10112 46143 57752 68697 3805 47033 32744 42990 49695 54995 41702 58834 9893 46117 43479 1329 11046 27147 1947 26860 2850 7862 53424 33944 66926 22959 27743 22041 55718 48610 5465 38694 23663 
36081 36301 331 12024 69044 43320 61718 52949 13932 22326 35705 60049 38669 9898 43958 38679 11844 70817 41528 63659 53152 4382 59495 48974 32124 54400 6466 53597 32728 45159 50124 68808 10370 50454 53695 52277 66638 44324 7001 9480 39513 42705 42392 7092 25466 59213 45770 37310 58941 16208 2743 13867 64542 35101 62840 69530 18411 69305 52037 51139 16239 3935 48857 70561 54389 31463 51749 49937 48650 58749 32280 17073 3228 47536 68118 28694 35659 42798 38867 23510 31870 14473 
37376 25322 49573 1990 23762 40848 44159 48663 20897 60397 52597 42617 59868 8760 46943 13391 31560 24503 45003 63840 14440 48231 40286 55421 49788 48808 71082 61518 1229 31862 48854 11468 30048 201 57411 26673 41048 3344 4246 61944 63740 56843 6336 25382 38466 53278 11637 70026 50645 56639 62776 65084 6644 4836 49415 29295 53643 49407 19723 27735 54133 68576 12067 13091 68777 69477 39763 11599 1731 16873 46407 38334 46579 52742 36579 13955 34930 48215 12891 14485 6629 48530 
52432 13272 26229 3621 42567 8783 25892 35153 9381 8935 5504 65400 65978 47144 36651 7515 58742 11245 24387 34059 49578 70965 59664 59021 57784 23505 9010 70674 10853 15638 20979 63285 1774 47207 39769 17204 28853 65660 52356 11098 3505 57859 5408 69482 6777 42059 5908 65519 53303 3158 1352 4656 46987 61016 63676 33681 57384 45549 6129 41100 34051 27107 6159 35824 3225 45928 53027 4941 40498 7157 16038 16867 37880 21446 15259 44656 36368 65119 11949 18581 41141 57254 
23236 17038 20044 59775 50718 6338 7099 56846 47437 41149 56817 53596 49836 32905 28434 4637 37845 41795 11793 53883 58661 22536 48192 46784 67192 13470 40813 52004 4914 54817 38168 28150 765 58211 60788 24346 37412 67886 10103 13760 10809 66919 40219 60644 28734 41516 38144 39442 12221 49937 66188 43746 1383 43290 19440 41438 29623 33116 22353 34537 16844 33384 35550 61561 64459 69201 14818 30781 38862 24920 17404 49670 64702 30486 12089 66299 912 50232 7515 57086 1943 2614 
2606 3326 45903 22045 17627 48390 55160 12843 11837 44867 19091 20250 35339 12460 18361 50156 43240 57222 47939 33508 8667 14415 63993 20755 9624 37769 43850 61091 67718 45793 63704 70323 21982 11382 21278 39608 59771 49301 25315 44471 67032 44405 37584 31281 56864 55944 54300 1878 14941 31149 35385 67560 18427 1153 61178 914 38921 33938 62004 8413 8641 54619 7646 30622 66000 1787 43094 27545 23951 68408 926 19893 14587 38509 24037 361 67316 7247 46191 55120 11259 54440 
51590 29685 28456 14542 30598 67376 48480 21513 48652 29984 5042 56297 33470 43905 30947 5474 360 54897 46745 45238 3701 61331 56610 27737 34555 52836 7848 53609 9731 19106 36959 34184 48791 65414 48726 52252 34564 26116 2675 12126 56099 51669 41286 18479 24484 45096 67905 68796 28904 43560 15808 5468 6665 1328 6068 14083 27028 13915 67692 36758 5885 6425 70941 54675 44703 48577 8701 8177 47556 11376 64256 32566 35908 7316 23908 33256 52412 20724 30962 54179 37147 46770 
59646 16676 20961 65713 30758 47988 52492 224 57609 58376 50602 57461 14825 24215 7812 23525 5255 55368 34900 42374 16844 43672 49690 13615 5838 3876 7202 9663 58054 44349 56432 19474 33888 50257 58050 37509 27155 39452 10597 13675 26738 61198 43999 41562 14323 51810 65087 19577 36088 1761 61951 25795 45432 13415 39410 51269 17290 46611 60932 48207 63823 19138 67680 70574 42258 54640 36994 42277 66956 47590 55951 22604 37698 1724 37030 52020 53533 3891 44460 62485 5651 35321 
17190 23947 21599 56599 48079 38888 4985 10785 59958 41671 29923 29412 41156 45044 56916 7060 16231 52782 27513 1092 48249 65210 46768 14189 19004 29212 18079 63463 64560 23730 559 10660 20540 22157 40123 68618 33909 17971 8314 66730 59641 11100 25053 29707 56143 54832 36766 1285 36524 37142 46329 13683 31262 22008 27872 23129 24083 18814 59456 17553 15407 32878 1076 35946 55034 41198 6339 61806 59168 14652 57447 47720 69704 55363 50290 54757 39105 59920 28905 48492 25972 48098 
35038 30098 42969 35773 53226 67051 54587 41592 57467 69993 3380 58542 34850 31278 1515 41188 65947 33546 28703 25168 10176 27317 53394 33330 54937 65362 22160 56706 42764 48131 33714 6713 7139 5593 42485 33229 45507 25982 47684 31884 68839 51064 63289 5463 55205 64803 19514 22926 27260 48216 48094 10299 48396 30398 43628 5107 24671 65787 61812 40298 15693 24436 47010 22831 2892 62359 28923 48398 17251 5518 9192 58953 29445 45345 64415 13560 39058 12839 36485 39181 61054 57442 
22344 11224 16751 65971 16331 14285 33533 7053 54582 49225 4353 3367 44919 7244 65725 2753 55642 11886 8270 37697 70839 37714 11952 37028 24137 23874 49867 33485 35918 12695 19838 58261 23919 9452 26007 40249 23736 59539 20165 51181 10538 68470 54547 55456 48578 49182 31072 5994 33932 12205 43690 6545 22782 28506 43572 46918 25243 22349 53267 61160 35044 2015 21196 58962 55419 47202 985 8065 8515 65102 32109 19052 35347 15567 47371 12835 64748 51307 18828 454 63511 35381 
6998 15204 63886 50570 34985 61992 45782 17162 24927 53689 63129 46122 14425 47458 66187 15409 28386 3612 53375 60495 66616 17632 48925 42897 3330 15447 67067 22157 15901 59489 57537 22898 47556 23198 46331 55404 14100 64977 1477 39026 47576 64605 58011 62001 13838 53108 50273 42223 56719 32558 4492 52245 23053 53416 68006 26382 68863 63983 21402 13674 25246 7850 9435 1712 31047 28630 57116 18010 22517 31456 29900 42956 68924 16821 33867 11672 69929 13051 26759 28422 18472 31250 
