56 83 2
27572 53973 50191 30794 52146 5406 43014 24819 33467 28191 46756 7192 735 60463 42689 11370 29925 40467 22066 11253 56607 45395 36800 22251 57388 62834 16800 61215 17790 9344 26447 45362 76 4385 3903 43210 9790 46916 59018 34245 2854 42532 32426 3589 30742 11873 5947 60666 52339 28013 8677 36693 1155 36465 58944 49532 27046 3491 47505 44836 12835 1700 17945 3899 6084 21847 38097 6863 59751 33873 41107 53593 4153 10291 57181 34894 22163 54117 32319 2250 18888 31984 38942 
11031 59438 25633 60562 23242 29124 35815 59066 32947 37514 13769 36845 34586 26604 11700 41448 14102 36562 19314 4454 40714 20593 52623 12366 42756 43498 35673 45005 53374 58646 11694 1164 54842 37327 61725 14842 57439 25287 1656 27144 62800 6413 54977 25134 24006 57665 57570 38107 21974 4631 33549 62687 25224 22931 2801 4738 57417 38473 40731 47550 33877 43413 48713 16466 8487 38185 22297 2684 231 23952 20816 54019 30364 3540 6900 45358 52194 1229 20224 10926 5859 44761 1361 
22071 58680 4161 17797 52856 33622 58527 28153 58488 29688 4613 11712 38174 42797 34008 40858 34016 48948 52662 15783 7060 56202 13671 52417 36143 5888 388 47068 11747 45149 48428 24806 31576 43577 42603 12179 4947 28877 40331 193 58564 44943 11904 33497 15488 36901 2102 40492 22607 54763 56274 20655 38712 60934 9831 2602 3580 10218 49670 6315 46355 25845 31121 14690 6181 10482 17857 11127 30347 58188 2308 25670 39889 5200 50155 55376 42100 43245 32627 55696 25755 16648 13109 
1226 5329 13928 3827 8909 15135 44485 15223 61489 61319 37332 3926 4258 38802 21783 6373 5908 7718 62910 22566 47606 4868 9479 30730 37957 43712 54345 21400 6225 7751 25497 61680 13080 39425 56496 12977 54559 37739 19188 43795 35816 56520 38710 31062 32080 51481 28423 28976 59198 28091 42530 43562 23948 42997 11050 61904 23467 2153 20062 29692 893 45558 28130 4961 12730 21384 8926 58277 59123 28113 38831 22686 12380 14299 44737 44460 2538 9918 1183 52724 28998 43713 33044 
52945 23468 35083 42596 46935 28224 62657 13385 20105 35962 41514 16054 48692 53887 24979 34716 40757 53092 10305 201 2230 15592 44937 37678 9118 45844 29850 61841 2589 10321 22633 55533 24777 57715 34887 62700 13686 25291 12843 33791 52241 45346 40833 28680 35991 2571 155 4495 46651 10459 4695 39869 17040 40621 5295 17146 14212 35144 15746 16800 36453 29367 80 61229 14829 34966 60688 28514 51245 1278 53293 40244 37612 30885 5683 1350 33455 5837 5844 7853 7284 1528 47721 
15312 42148 44004 32458 47348 15906 39192 906 43347 5317 55215 41335 20145 26939 29770 39647 5931 22036 29699 46174 59648 51572 42845 51986 12774 39670 57830 20626 46954 59357 59335 62265 29252 40098 22470 13358 46992 61661 5252 27098 57966 60466 59421 5858 15152 25949 36494 12071 38973 2951 49233 26368 45511 28837 15113 58284 5265 9701 6657 43207 60046 56980 33220 17045 33836 55689 21391 17587 45098 26642 44684 39822 14855 31852 36669 20995 57800 9921 33065 24520 3860 19056 50888 
49370 38881 2759 35401 35135 3448 33046 15100 54482 26784 48319 8285 60620 40767 29675 5954 13612 47305 41626 44422 53148 10236 17849 1890 59024 18758 34954 11291 22617 44998 62178 62975 11627 55925 26123 46761 50361 59168 61860 41601 22711 37927 40874 11078 6441 61537 17031 20052 45600 49645 1232 35506 50869 10070 37395 46651 28827 96 57941 51444 36083 47867 42166 47709 31539 5048 22217 18659 974 20835 51248 14673 58761 19870 25750 1960 18165 42780 13000 524 20172 14232 27018 
7799 24301 55402 45438 44116 46486 31127 23307 10316 15752 2232 49013 47290 61509 7988 56937 62482 19812 35933 13914 6320 55802 30652 62510 10725 1180 12268 2237 21351 17488 29255 29150 41788 12404 11346 13652 49878 42472 36958 60194 49212 30178 45965 24250 28445 44942 17945 18675 1512 53877 23577 62061 37426 54228 61329 48151 55407 10356 50387 13517 27843 7389 33655 60620 10781 35989 11030 60659 15220 38976 48600 55420 5913 22312 16428 34357 4012 25362 53031 59753 6986 4355 58573 
44412 58583 56660 20310 50748 58004 61685 55253 22606 60063 25666 10973 7602 61655 22002 59249 4622 60977 44607 51030 3648 57908 4217 28994 52908 29578 9772 49420 27552 14127 35740 8722 9468 20147 20020 51204 14910 18464 43216 37515 15285 59870 48487 13875 58283 61477 9883 53893 50201 45478 41682 44838 40144 36887 10590 20800 57453 11350 6978 21763 25476 33706 21474 25932 53852 41493 13895 5520 50945 48099 43034 2988 44727 19268 7852 30758 8492 17734 21409 58693 54200 54079 40289 
22092 27724 41867 42891 21935 53216 40857 34687 15451 11321 56160 41382 1931 25400 46265 7451 13104 31122 41473 7080 12608 51730 14931 43365 60221 23653 55762 55672 5601 46600 23708 27692 2071 2333 61571 24006 55549 39186 58692 61988 50506 42599 40128 52436 4757 23152 50875 8849 45262 29107 15929 57869 17595 21848 28981 14574 36490 12491 61235 42090 59090 21701 60770 52149 24034 59099 12913 7330 26032 62593 6076 13296 41950 37192 56720 37696 51332 44354 46544 33353 1208 53461 18969 
9791 3057 47950 15353 39546 60440 13346 9383 47277 26036 61141 36184 41058 47987 40086 48387 10777 30426 45451 24072 124 19401 8539 37819 7492 43881 12110 31833 45088 2330 50801 45867 59616 26498 61220 26909 23696 2313 36291 61961 28348 25179 25893 6164 9924 2737 45539 20700 33162 18737 35760 33285 38138 44298 62092 36618 15927 10961 59439 52003 4279 46998 34629 653 10255 32607 27561 24939 34919 54840 14648 54256 16777 40540 51408 26700 34265 33706 47399 4185 43431 19917 28459 
18327 55203 27309 45933 7888 29258 42130 59891 33536 16876 22267 34188 18119 45862 52737 34046 8528 44335 48693 62783 61111 25991 50950 24569 60255 12403 62956 55429 55833 19631 11635 1908 2582 29932 38829 1458 59190 8707 61348 29484 25582 11362 54661 43700 57223 44156 14504 2510 25250 54186 2051 23119 7924 43989 38677 4938 47380 38391 51355 39972 49011 62989 32868 51592 29679 8455 53049 16616 17161 42145 37089 33731 53506 28508 5178 47488 411 10671 40986 25660 1615 34025 39768 
9538 14773 6192 5464 62152 44582 56818 29871 30351 47554 62738 9690 4981 62182 53728 21596 7090 32631 49673 40821 13884 14939 45998 52360 6339 56668 30104 22987 49271 888 62754 58809 6649 5704 1031 5559 41275 48838 26419 62614 24139 16904 52 20108 15844 53779 32693 22934 14157 19124 54743 19029 25052 37499 8148 31390 21915 29240 54376 7944 21116 44878 57741 27764 41570 49761 24312 19603 35357 50730 9965 50484 4392 10016 7351 11225 54783 40043 25147 5698 59166 16648 24726 
20976 45135 23862 52365 58038 53102 34489 56971 1965 16125 51470 29729 57694 37989 45029 5045 1093 32517 15009 51577 27897 25024 49916 30110 7554 26717 55256 13251 13630 62892 28965 25595 35775 52827 5707 30571 33676 40195 24300 35640 56319 12529 56357 41761 41506 38144 46805 42599 61649 61813 21923 17294 14584 62827 47403 22137 26302 30407 26376 30920 21046 55340 56514 56820 35914 62221 24150 60578 39174 39438 32977 23241 42955 17081 1760 21220 55225 48564 54807 44621 38124 4477 61914 
52707 4062 37065 2591 21352 58460 28966 52271 16264 12053 36533 9843 38956 35512 24981 36292 2433 55407 60257 25673 35121 14097 18421 47329 60310 57973 29883 41689 32855 34359 31351 22320 29409 5174 15899 50760 392 44864 30778 16655 47906 4069 17486 23620 30569 33455 50900 33002 16610 47916 49663 51730 53001 59073 26806 50069 53804 56688 28516 23418 18794 59866 36726 48202 56028 52625 35720 56419 25236 57486 822 9900 61555 9296 24508 28882 33740 12167 52872 50349 60082 30283 29826 
49841 26114 56631 27657 16676 41066 56172 40093 59859 43786 13578 44819 36572 2961 8286 20739 28196 2530 12549 29085 55073 21844 53592 11703 46572 56747 55563 33679 44576 22604 54493 22164 48717 47882 49820 2152 25706 33740 33233 13312 14284 46810 58130 41844 40759 57404 53571 59944 50923 2878 25787 42754 15711 7126 45445 53271 632 37767 23709 36196 60370 14960 58360 36835 53831 44938 38986 7284 15436 63207 20596 20708 37765 6473 53541 15282 636 34859 2973 51558 28726 19748 22059 
35425 26874 4263 25454 18494 42029 40151 54689 30146 46100 40796 3739 36689 22493 33713 34961 28917 24668 55556 40614 62432 62029 30913 5461 53653 56760 8434 41969 22244 28181 55016 57668 46043 59278 19881 55525 29054 51020 37962 50189 33878 15516 44916 7325 38008 6377 33275 57914 31044 25589 35286 30234 15365 57187 35694 5776 50705 35116 38733 9708 54286 30508 58364 37087 26544 5992 20360 46587 57012 58321 33534 27648 1584 15208 25962 39592 12573 59236 25253 43616 21583 60538 10608 
27937 54483 37291 33712 32935 154 9204 33631 54439 39711 28754 19274 57243 34745 39633 40588 28515 25701 1869 56163 27284 8066 9872 57864 20638 5866 19875 1013 18437 17171 2609 46373 62642 30888 16844 23325 31042 17036 56955 13228 47735 22467 32501 41736 57212 8892 10072 13474 34592 2929 60625 52865 10994 7255 47487 22621 4109 4121 23633 22546 12280 17230 59907 2670 39107 4498 25994 61137 21533 19707 11123 6026 42174 43624 38751 27133 43504 39811 31595 14855 42739 28979 58708 
53733 27222 42953 13112 31331 38062 27733 44865 41331 35951 41530 44000 11816 46028 6752 9711 58549 17447 11823 55564 50609 55446 31073 5489 35708 7642 37084 41551 50380 57051 37017 31860 21031 7718 35960 43350 45779 54681 24973 23868 18380 57492 4626 30195 31267 2366 30895 26574 10802 33706 9885 61410 25910 40957 3658 61617 39587 31730 30916 17715 25539 4691 40563 37558 12408 4271 17667 49176 58951 33628 9802 14089 18867 5417 35273 50133 62012 57156 4455 561 27620 14339 61971 
44518 46285 56617 42893 22630 16094 10567 31333 41632 6247 62885 15948 9643 3914 24603 58818 62864 58231 59609 4701 4845 56014 39973 54978 54784 24876 59432 55345 43484 1518 45063 24760 47802 29427 4411 61421 45520 5967 29512 14899 3202 20144 21835 3833 24057 46438 62651 23680 32416 50007 19369 37260 42779 50330 19985 25310 11964 16175 17413 55447 8682 53464 16965 56483 10638 12364 54662 56157 9319 11922 7814 3509 32065 20638 7342 56122 3834 6751 7549 27238 56757 26917 55486 
27283 14005 12230 52592 16957 19393 60994 151 28074 51216 8104 21316 61854 20467 3725 45758 20775 15646 44561 24283 38700 1957 31624 31580 60020 29363 30117 24016 13867 48022 16260 41149 53015 19478 30500 6730 38871 19241 61110 57933 61445 5972 16007 51046 26438 10721 33563 38201 26366 5871 62484 56054 7827 21855 15381 4605 51218 45497 19609 1843 21266 26857 33981 11039 46335 55469 8757 12953 11468 6625 7644 9671 12596 14640 51706 30023 25360 22027 4982 42714 27897 58454 35527 
26712 17068 50907 22305 5044 33163 41913 61116 54428 59758 22844 56456 33840 15071 1971 46792 17527 8596 45425 18187 12180 60064 6651 42202 13171 28677 38173 55884 47562 33385 28169 11032 50452 15835 24325 46484 39986 57226 35348 22161 53742 58191 15375 24341 10021 8335 62121 18536 16930 35293 36722 29109 23104 43372 62300 36274 63037 37231 28917 47357 7374 48074 49377 48815 667 10460 32057 31641 58674 4163 53802 49175 53343 60165 1263 122 5258 54372 18657 13176 26424 46368 33274 
49527 26498 32332 13549 17283 60551 42465 55628 4683 18286 32753 44486 18953 43212 13302 41582 29634 8453 23131 15567 61795 20055 7818 52905 16301 62189 62551 20466 16360 45677 53739 56876 63163 13818 7183 17204 11127 40636 9591 6798 58921 42343 51284 5621 13302 1344 47203 42935 785 7092 49490 62580 18135 57307 43232 25425 47244 42541 45890 362 15965 36387 57237 15887 50204 55408 24079 52319 32802 33669 59116 19471 3759 47158 25091 8050 39490 41 41973 40275 61363 28222 30602 
7245 13276 10592 32669 60519 44122 15317 60881 60086 42692 45865 12731 20643 38032 36810 9720 61822 61467 59825 18051 56215 43741 34131 1023 19990 34171 33984 51253 23281 62205 18613 30526 12240 20193 63194 506 1073 6259 61386 61159 39939 44010 1637 60582 9789 38446 61290 8369 27661 57873 17409 20634 38373 51539 12645 49351 13457 46628 28351 36738 36581 46963 58252 39809 58144 49193 40314 59217 55451 29448 48123 32149 1205 49759 20478 10993 24964 18526 10350 43613 4147 27758 55235 
33508 7044 58868 10606 20501 42254 38956 48227 6582 13666 43237 46390 8568 20177 23463 58773 12387 52910 43654 35524 54114 30172 56001 56095 46124 2274 3203 26495 60650 21950 9477 30916 28993 5103 41521 40482 38345 17235 16456 44927 21889 50681 28075 30457 7617 42526 16977 20003 32194 60631 46515 14055 27561 30263 6908 1432 23525 1100 18915 20934 23049 28391 51849 52041 33493 21118 20271 8596 29341 36726 44511 51230 24166 9345 18445 31782 42859 26410 42773 11812 23799 26046 16855 
51359 56308 14752 43779 16591 15851 62693 28513 29888 27842 17121 9676 52323 38238 29946 51908 4337 3431 33177 46555 18585 33510 55988 50366 13128 19157 20886 15928 42955 46931 32782 22062 30986 38522 2599 38565 45361 2051 3837 12007 20881 11946 21683 9963 41172 42617 61870 45508 37036 22794 28822 46609 56304 21568 33733 6190 40724 45607 13106 11427 20285 36876 33488 51270 12157 36086 17583 57517 29125 21419 60513 50006 33364 9943 59968 2283 52559 49585 47790 17343 9137 4359 710 
2199 16916 25432 62618 48628 7797 3471 60054 28082 40347 21289 7099 52503 48364 24681 37767 14247 37088 35038 55241 61440 44980 42956 481 25287 29299 39260 42629 38436 43618 43338 31623 51522 59758 21989 27898 4314 25459 15699 23384 56794 36988 30482 46055 22110 55163 20581 27345 29009 46607 19345 27208 28346 62300 18677 53632 19347 57936 24008 48771 38313 58334 8141 17582 54851 30129 45479 59164 46577 61178 10295 40129 25913 40776 13932 39011 23686 25501 57344 52695 8866 4436 7650 
37211 57725 26326 18590 13830 21021 33586 62600 50322 28679 7499 58892 20288 28617 32119 7199 11952 21044 17493 43069 46956 58268 57000 13714 18713 19259 7816 62396 28125 12252 61034 56324 6735 15107 2662 20564 27116 36247 10911 5185 1684 9398 836 12960 38014 32954 11147 40954 53997 28639 11771 28700 14655 5529 42413 24356 15777 50228 14499 34890 62479 12291 18961 60202 18386 21622 8513 45502 48858 19423 50686 41530 19810 51521 54490 57823 12222 56625 26525 2977 22023 38295 22665 
27666 34812 1836 43010 50588 52064 57508 13225 42290 60787 32186 39251 6920 53807 38752 52421 30412 58175 30855 8701 5732 10123 54179 313 22345 47562 17826 16310 60573 47109 38975 15986 18680 40810 58995 60256 20621 44250 10240 53900 41795 42425 20898 48715 23979 59649 28883 54391 45571 59737 54080 51302 6619 45017 42604 19952 20326 60429 27250 17658 44297 2983 33643 62976 34782 20386 50979 46391 1394 61218 37049 34178 31390 57946 10640 55369 54354 39522 37507 27672 27007 28345 15733 
24614 10120 58336 44565 21434 55523 62803 39091 27567 2545 482 18290 28315 20867 6028 11464 22260 58234 39502 56437 26383 25195 3835 18510 7296 34346 47005 34968 52341 12108 50700 13713 13216 45794 49266 34649 29064 48827 1488 47620 42360 1969 2668 7433 22835 62925 9886 36083 57918 49387 29279 21059 2329 24102 30557 9625 49436 5309 44592 38535 17416 23039 43236 21620 5591 29260 47257 25643 5835 48744 1010 48194 50712 3678 46616 1294 57591 47490 37377 52267 24624 57644 1073 
26952 9493 22618 36576 58929 27926 8915 25211 36330 31953 5206 57949 28532 25454 32954 45164 22277 18456 46173 61460 60157 49850 44834 52439 35189 29082 26574 15203 44694 11965 16276 8404 21458 29882 35969 8134 57808 44883 33344 30896 13595 29538 16593 33115 45981 49546 15037 5016 58990 61210 3234 55905 38807 39056 45103 10754 59126 62665 25957 40578 2378 33221 48982 23835 63102 21709 22957 48657 57580 47289 7301 7933 13586 14882 32037 50555 55416 47073 55570 51164 45041 58804 34817 
11596 34618 7667 22349 30503 61320 39294 7839 456 262 47809 15279 54353 6276 38235 30757 54845 22283 38057 62777 26857 43927 31572 14170 36101 6393 6498 15013 51433 56290 49829 54017 18656 48484 13125 49158 46562 43407 47985 47018 43669 32553 62296 25769 29817 28279 56525 21420 50561 31341 11945 5165 3015 34505 10323 39116 40897 7809 45117 20078 858 22693 10853 19513 7935 14966 59659 45485 58373 35391 29261 29789 4702 19305 55557 25508 47583 48840 37916 25891 7928 40849 22044 
10943 12113 32366 41047 43998 31163 22922 55064 32020 45614 56906 42521 44537 8630 29927 26780 57991 2077 47030 15527 6778 3093 62072 23274 41664 47671 61190 58543 46587 29786 8334 48518 41898 31688 26323 13644 62850 40233 59696 22618 13594 53360 1897 58130 52979 31824 12658 38717 33900 59687 54244 31666 62779 53074 45929 32190 28492 34866 18480 2827 1410 26813 51344 34297 58500 5415 38929 49097 36636 35383 8473 50230 25502 10370 36107 6228 33182 48764 44944 58070 45209 26935 17483 
35735 16768 170 58913 36248 35035 14151 30063 27434 31952 18166 61730 27210 14569 28406 4055 51204 547 12527 29181 17037 22896 56277 23264 47066 32788 4967 41894 5745 31901 59377 32468 39657 59546 28140 3653 22329 42290 33715 40751 1990 42869 30228 20188 48426 58633 24242 27378 59179 36769 47547 12975 59664 40582 27227 34478 1118 32193 13130 6862 55083 9265 39329 22487 59800 4227 17128 9876 37506 50843 41615 30484 21459 8601 50671 6644 3992 11672 34021 54159 48440 18326 58122 
35851 49897 22108 7087 51014 45289 11206 48864 28119 11459 24951 50606 62247 20167 4492 8881 48661 46323 41484 15903 58771 50084 57562 2173 54075 5992 27182 35982 45420 36496 30862 18030 14140 52969 16105 1912 26006 27310 41764 54124 29758 57704 41488 28763 14629 36969 28633 54278 11039 6875 61169 6568 56959 55489 62970 38781 61481 17899 11521 34648 54395 33372 52677 59523 23099 59771 61435 49104 14828 30946 39987 44585 25408 9222 10107 31025 37179 38739 22061 48218 36602 19988 54785 
30319 12236 45503 60089 1464 160 62598 36111 54554 32728 16536 41825 55827 4054 31007 32678 18881 61952 412 54455 24119 623 1320 55143 37801 31047 4952 22777 4407 24939 5310 25715 28163 50812 13551 20615 41960 12907 47715 24262 45635 55239 2845 29209 59292 33851 61886 5920 32561 53287 60374 56679 53909 52682 39570 19457 11476 44521 33223 6872 60448 38532 23575 16359 17091 37125 36973 59050 50031 12435 20070 32424 4432 13903 61632 54712 47753 51266 60632 17073 32300 48753 1499 
13956 38194 41068 33412 40658 13336 3393 47529 10543 32913 7862 26901 40992 44986 54862 27790 31776 4056 38848 55188 8487 52751 44568 63199 37262 23581 51578 45323 55880 37089 46822 6594 3030 15637 30994 43688 28973 25376 18964 30504 58288 26826 57404 27028 62800 49024 54817 22323 44068 21412 14270 52555 10921 49826 43501 39172 10165 31837 21253 57033 5684 4833 54615 62944 11459 13356 43390 40431 38731 62353 61923 24767 16926 56085 51794 16485 32856 34358 29796 13683 55769 35054 57226 
3449 21638 37485 42620 22791 60310 631 16582 2752 59694 62185 2454 62141 12300 36832 30319 51030 26933 29000 12555 43858 21843 55337 51331 45687 26453 17886 50358 18981 43928 44342 22429 2325 9574 56037 16104 6642 47656 23675 383 35097 22618 57066 33996 25906 21646 1073 13695 48578 30072 17238 20183 42903 323 62503 16338 26775 17147 3454 45755 52063 38785 59172 54387 39347 42956 7250 45989 27371 30924 37360 62467 44530 22173 24211 7195 43818 25283 11878 20143 46344 20104 40326 
26005 20426 30576 42342 47201 38711 36785 20703 27532 3317 7623 18678 42663 50578 16916 16399 14707 38828 44747 4922 20116 3679 29132 18299 38485 45403 21165 49617 28505 41269 26701 45499 52683 48265 15588 36642 23734 43361 48334 51265 46677 55956 6701 26099 43292 14605 42497 48988 53432 14992 44898 1296 18670 1777 10583 48143 38168 31748 34518 57662 764 52207 39919 53446 37230 46495 17836 60963 26615 2928 48987 10050 49872 46676 27137 20911 61281 60623 6657 42460 12373 42543 43755 
31042 44319 45327 6932 19246 13833 41450 13666 14596 30415 44573 4800 4404 27826 13624 2125 45429 16551 51111 55479 3181 34546 10363 24092 23574 7744 21737 2792 11105 1039 37536 33135 36346 19621 40067 46580 24442 18275 51234 30026 48689 23554 25814 44081 42369 39438 46206 24556 55988 25064 7782 50158 50598 18145 1997 10930 16877 23733 13722 27982 15760 42246 61116 43095 52855 37941 17422 14055 56215 5415 44080 32652 19957 60882 13491 62325 37078 50685 23640 20814 12508 31421 7730 
54094 40554 715 1783 48420 24447 6493 13160 31196 48738 11034 2038 38351 39964 19459 43394 23926 24873 15221 47566 44830 12861 61057 34902 49939 39489 58541 7511 51996 17710 6229 33838 49252 6943 35620 34430 22378 33101 47589 44562 18597 49612 46599 47936 17323 2817 28088 41248 18678 43308 25573 54496 47157 14377 26157 33854 53865 12445 32353 33609 30154 29570 4205 16165 27501 39824 50594 40868 9683 25931 22188 19268 12301 59776 58192 29623 62592 14027 61859 9017 48323 24190 272 
32238 29555 17417 57081 20179 29861 26192 53787 51004 46751 48980 3927 11010 16551 45509 51877 26233 8198 1813 36489 11487 61588 31439 32098 51927 36454 21705 60943 21535 45894 52203 53772 3197 60608 47611 23375 18217 1551 4909 5979 48301 53888 9905 50299 7197 46402 29924 24418 45589 31736 60906 48064 21071 20092 16921 745 56545 38625 61687 14838 12266 41638 59598 15462 29993 43968 29825 48209 36507 34733 54187 21566 25379 55080 62853 32575 38241 29535 47981 11577 52259 45645 59640 
10088 56725 13319 10832 41017 42932 267 46843 46187 32893 34189 52637 62885 14915 19221 38842 51421 44942 20776 734 7080 12615 345 30643 41844 29880 15383 53420 18897 52016 40807 19974 36489 45115 30805 5253 24805 22060 52096 61980 45941 23043 51376 45585 28946 61585 12174 8114 43285 32949 8847 41353 45563 180 62985 15154 30059 6115 59562 39945 58130 37128 50907 22366 19001 18470 27619 34794 31519 7462 33533 14218 21493 12656 50791 50438 1988 62964 49540 45272 23661 58386 14373 
5982 49554 14116 12125 16372 20230 8445 47305 6107 36561 34970 28473 55561 44428 47080 27114 3694 54541 51635 17912 12792 1049 5461 54218 3036 59414 40516 39296 19833 35660 44657 16803 12961 49761 28927 29332 60979 28361 4384 3845 1680 30342 23306 48230 11529 7144 12102 15222 61684 54725 24122 2223 55773 20572 56440 49797 16744 33714 16840 27565 60362 61497 44367 10081 39005 1042 30402 36743 20391 34785 40587 13059 1886 54881 61288 4403 62024 1137 10613 51455 55861 34735 53677 
39381 55306 46875 25936 8808 17347 33765 27361 5456 23009 62716 15536 62013 54746 45937 35514 11895 8470 3848 15943 1344 58728 13989 5746 48499 15126 16358 27701 7745 51092 18136 47126 34145 55999 809 33941 1093 34573 61301 6548 48570 60776 22084 47342 52280 59009 19614 55164 58467 14451 7865 59810 926 21853 2314 49425 27967 9661 4873 26701 51741 23009 1574 22645 6755 56612 56585 7848 18933 54645 14395 4261 43168 27467 51602 23195 14224 62205 15117 9449 13414 13970 6018 
5328 26812 62561 45741 54778 63210 50614 9226 51710 1370 10799 2102 8124 58400 58686 15971 14091 41078 21355 18351 21004 39810 60942 44199 54033 59905 50304 54471 1066 1033 51477 60623 27844 41785 43123 10369 41754 30495 19595 30222 31864 21382 32323 39987 7529 18756 46947 21619 59834 59290 30959 8585 35858 28659 43772 17639 16311 30835 63098 8365 22856 51333 5746 41688 29876 48868 52056 8388 7110 62639 29598 29962 11769 52909 60938 19297 62654 44643 31905 59246 40691 62863 58819 
4296 19269 39350 21934 35579 61173 21790 43943 11776 870 49688 53463 30746 26304 33266 30122 33413 32664 59720 134 35421 40376 61071 45706 39788 33461 14369 26781 1899 13990 13348 6194 33258 43686 19117 59825 41617 40906 40526 44381 41776 17962 34602 269 35254 4626 30390 59655 28278 17857 50777 457 49222 48606 37152 25768 9814 51520 43538 11712 56499 56885 8895 17504 37329 28011 14088 6693 59905 45602 51073 29428 54552 13422 29696 26564 18047 51075 22978 37314 59920 1502 28759 
45900 50108 2669 62657 50910 54189 42953 53611 47446 27585 62505 55938 55902 18263 6784 53583 14926 43375 32403 44354 34685 45824 1797 52238 54859 43860 2963 28931 40539 4464 48679 23197 45560 51347 13601 24218 33283 47542 14587 8476 11885 4839 1173 58775 23101 7956 40105 29015 42319 9266 10127 13763 46078 2913 56989 37696 46772 50940 57615 15058 55403 34041 29244 28711 22147 42844 52928 55429 27145 4273 664 30018 9111 1836 16541 23200 780 56645 52214 34088 56900 53330 38839 
39736 56242 32586 5179 30761 20284 53783 36808 3434 24582 2810 32144 46728 45653 21830 29905 545 17091 21557 21552 17190 14381 38092 40389 6149 22484 29362 40236 16142 19450 15833 55878 3439 48418 52045 25188 59690 42586 52984 63124 3927 55793 23015 41643 29194 44845 62536 20727 52924 20851 42278 6873 26220 17128 47261 32369 39612 4370 9363 46742 14808 16185 39378 9235 1361 19171 34423 52040 61756 15154 42911 56671 7706 2684 26062 27888 38517 16345 48614 19189 28185 27651 26061 
54404 35767 1069 23531 3126 5439 23883 49868 20246 40067 26004 20470 32416 36163 45881 12203 25667 61034 55113 19096 5498 48786 36146 33385 15050 52491 9747 34238 17434 37397 51287 62826 911 52356 23116 4037 48783 37987 53904 60017 14812 7655 17245 38216 43818 63125 50419 6243 60918 33279 16327 57404 18823 52473 27548 24862 32711 28283 50088 41133 56668 38134 40717 57578 27248 54821 61614 3778 29566 43265 553 35366 50920 17798 10341 22485 8670 60759 28727 6346 30796 36042 509 
40608 16262 19045 2228 48972 47327 52315 17852 31742 18196 58569 26078 36432 50148 15440 40209 7462 58704 40762 42827 37371 49548 44156 59855 58217 32662 16329 55552 217 52371 56060 31813 5391 2852 25029 45352 41167 5091 63203 9667 23287 49519 26733 59718 27415 42172 27675 34876 28624 59425 5450 2753 36720 49606 62608 31695 19026 15695 14994 10231 59054 62042 33032 1204 1652 58060 46555 33807 63151 37505 43473 14185 23783 6965 1650 51197 40125 29324 13820 5507 16496 19269 62490 
53215 59863 61856 12658 15648 5298 27651 16867 1111 26452 49899 56544 19092 44717 39857 52899 35615 5109 24119 40788 28891 22072 42438 7835 53186 62750 21654 58692 16005 31912 57940 60208 28533 47543 9624 35169 43830 37275 52036 35929 54715 38693 29231 1554 11157 60076 45441 37761 1943 6319 15307 21823 19379 48733 29657 9323 39231 42300 59004 46224 10970 44691 43190 30491 28993 52814 2419 570 26847 54454 36498 9309 20894 56717 10862 32050 53551 56303 60799 46482 53610 12865 5063 
736 52586 25709 10059 28575 4767 5821 11557 15736 50511 54747 37215 7251 44319 39633 62050 62154 21834 26295 62451 42727 19770 10071 2525 1068 57362 82 38539 38719 3935 34590 39455 56521 60298 40502 21854 1823 37311 33411 8547 15569 15905 45762 22820 51212 13142 12617 50124 34976 38912 49333 5450 49670 50392 7974 41727 35502 62286 17024 10979 2979 51613 41422 50488 39659 18682 90 32470 46981 24489 41017 62550 40393 14526 13117 28363 18656 25733 6234 53631 55633 55566 59081 
42062 33705 58043 11536 5965 57087 28559 7933 51055 7919 40343 29290 47577 50014 29379 7795 33753 53867 39800 33061 31018 54325 46177 59380 728 62899 2372 54359 55290 48926 41187 25099 10379 26977 36634 16343 11812 56181 15264 53855 55089 55607 19903 30413 42379 49282 38207 12890 39907 14765 36940 61914 60078 10864 58052 60806 10521 51413 42912 56800 28086 11846 9646 38464 38822 37269 45796 50633 21197 61059 41246 13044 53424 61149 43457 23550 38178 18422 36440 14843 24176 1127 13515 
21012 11990 62556 9565 13500 41716 52476 61288 60790 1080 7692 36013 39902 35949 9556 18282 57146 61603 50517 6948 51786 39413 41393 3083 14349 50804 30511 20180 11738 31637 24684 23738 43627 23998 33303 57126 56702 13526 55172 54250 14606 53852 18010 45496 26560 27565 54766 11453 25927 42041 9389 5460 9201 50782 62772 23549 29333 30042 43729 32059 61678 5171 55796 42063 20157 16846 26936 13617 30372 9855 58855 35966 466 13624 18220 18014 32177 733 20455 49092 42774 29843 45540 
51974 8372 45071 3271 37704 11871 37988 6521 1296 34147 53306 43359 45292 61140 61283 49897 28270 7897 45510 55224 62592 50122 10202 8353 10047 1924 28807 50127 44697 58649 32426 24418 3780 5244 18677 32472 8103 47653 29982 9398 18558 11035 43745 608 8933 32776 41493 28192 40672 23762 20174 31011 1631 21365 30352 11677 23288 59158 61804 58973 45554 21977 11138 40322 18209 29815 542 26311 5215 30523 26697 23773 41557 7201 15369 50489 30965 56862 6428 8395 8371 26602 30394 
