55 63 12
9811 19781 13230 11820 7136 19595 12996 22501 19938 15037 17224 14693 4853 17085 5701 1453 28315 6916 17785 21534 7381 23522 7466 27095 8102 20940 19411 11869 13744 22787 16785 23554 13951 1397 6756 14352 14257 13018 8235 27461 21320 25458 6802 19438 7191 12502 20890 6889 12683 10057 21688 13329 4961 22419 5072 6328 14741 24482 18197 28484 11918 6364 16687 
25868 1026 23442 11602 15282 7842 13102 14125 544 9942 20926 13247 10399 26693 5519 17287 4025 15575 3623 10619 13802 26041 15691 20129 5430 4821 2974 27180 16738 2603 15249 13988 25511 3339 18855 12176 4447 25222 19566 26873 6547 5141 11503 10211 3216 17021 27497 506 25862 24385 11125 11046 15074 26815 24440 20503 3018 27414 12331 13022 23282 20845 20275 
20176 17450 3779 25617 21896 383 16565 13417 195 21705 24919 10405 18187 6589 2550 18692 3833 26934 23082 14878 13390 21279 10700 27159 17563 2762 4138 23850 19310 24983 15507 10868 7081 19285 7867 359 19668 17697 7041 19862 10785 3343 1650 22237 3197 4199 5577 7029 24399 42 15172 2437 14586 19137 978 3531 21899 26999 27380 12591 16630 7536 16724 
23710 26820 17856 24068 17870 6935 24374 2381 10985 27716 4030 4604 2295 1494 10181 2589 19158 3488 17760 21595 18073 8280 22572 14870 23444 20953 6898 683 8965 14433 17406 25940 5902 6644 14656 23771 6844 10413 19417 17829 9511 16712 15698 5072 18206 19144 7660 8746 22631 18686 1723 12087 26965 17561 20222 15057 3162 27119 15739 5393 6201 26410 2715 
12102 26319 17371 521 4545 27783 19938 15639 1942 8032 2720 7013 19503 21863 7939 21515 15877 26624 16503 21229 18237 27329 6099 26559 1874 4600 13680 532 4066 4738 25129 16167 24322 13882 9954 22132 6313 23157 9154 8255 2571 11873 8533 15340 27001 9737 1503 7526 1009 18005 137 12511 16717 6235 10452 11856 4101 17397 5653 1432 15400 2164 10865 
11104 9312 20818 4619 15624 15357 7038 17144 11193 12176 18943 19798 10559 62 21300 18085 22954 3954 11487 6847 20670 10988 10565 25791 8354 27961 2826 9785 14744 26872 13915 25847 7566 6115 23731 23190 14737 2151 4982 19196 14326 23924 10376 18151 17252 3059 884 11588 7012 5636 11700 20947 9889 22264 11386 18242 21608 7477 21293 1000 5731 28473 26846 
6563 5971 15226 23018 13973 10642 27999 4551 24968 23306 14927 7767 5206 11251 8650 16793 11528 7551 21758 25740 17440 15405 8508 330 1661 9250 14888 2660 8246 14744 22771 14808 13980 9379 9208 27952 20021 8590 3886 9637 25161 12078 10669 1749 16594 12584 11807 21387 20134 4947 18509 8956 20351 20282 2552 15277 914 17439 17936 2425 25448 12090 17233 
10810 14734 26440 10145 28020 6412 7296 2305 24838 12639 12973 26586 615 25556 3041 22001 10339 7988 5158 12560 21604 18705 15111 8264 12884 25816 19465 15308 22646 24820 3923 26722 10937 1746 1515 3605 1423 8810 5910 26261 21448 18882 17495 15328 9087 20536 1977 19425 21789 7134 3367 8041 25838 11744 16304 10104 8942 418 18677 24853 25237 22600 22957 
822 17611 24471 4427 19033 26546 10336 9942 12642 22483 27437 27969 24835 12621 23211 15642 27675 23610 12275 7098 20830 24018 16668 24199 4342 17085 14259 577 13704 1507 16800 14526 19117 12653 12218 9532 3848 22553 12740 16489 9684 4825 9107 5902 10711 3700 14809 9768 27310 27083 16865 12788 22483 4915 1636 20090 21999 9160 20667 352 3932 2115 8143 
23048 14767 20360 25845 11880 7561 9967 28369 17244 8057 2124 16411 18767 5823 2603 28534 26398 1068 10048 3835 16817 14962 27353 8289 1610 1161 22221 23844 5092 24335 3369 28139 3751 23728 25366 15630 2671 28599 15381 13180 8038 10770 974 26805 9859 3576 19987 7639 26526 1417 4739 14725 9645 25357 16280 11254 26517 9883 28363 2991 5601 3114 2512 
9351 20107 21144 18246 16043 14391 26893 605 15694 9045 1578 7147 18903 27036 27134 19808 18211 21816 24546 26201 2843 21286 13863 7362 19185 23746 7107 15442 22612 3486 11219 25228 23592 3745 14856 11017 11401 13131 11622 27095 22176 6465 27507 12461 26767 19289 3651 16360 12488 21463 13943 15330 7397 27806 15958 19847 16200 23064 6671 10194 19816 17890 6804 
14790 14900 14925 25807 19567 28056 2077 11310 14880 1807 10199 20606 28573 871 17523 9581 13358 10368 16790 21953 11030 9244 9293 2259 25443 25623 2196 285 16821 20085 354 24876 28250 15278 15331 19199 7982 10673 1891 22861 12480 12090 14850 5701 12960 3755 8548 19583 7388 25337 12918 18417 5963 15477 13941 2788 5748 16136 24955 15834 7603 25308 12092 
7236 11968 27423 19700 13216 9478 21591 7459 15223 5063 15574 14190 11288 12594 22737 24136 19981 19456 1702 3046 25418 17178 16987 21471 16191 4505 17808 3407 5374 14498 15499 5875 19731 7570 25574 26212 10313 18547 5054 18802 16875 13893 4374 21428 26487 27110 16946 11116 17948 18648 14162 8014 474 24414 867 16665 301 11940 20071 5674 19703 218 4814 
4082 7787 1771 1677 11366 20317 6730 1550 1841 13888 5923 23268 11757 26298 11597 16139 15628 23510 23566 16907 23983 19362 17773 12030 19662 22978 25367 18602 14063 25584 23415 18144 26637 18451 19820 2651 10151 19815 4200 11991 26969 3388 28524 10108 22951 11503 19512 3227 28278 14460 20133 23644 5204 2554 322 18132 25531 18954 1382 4242 9187 18062 22385 
7206 7896 6854 3122 11312 19934 587 16568 18285 25857 16474 21659 20190 21243 12553 23416 20903 20279 8197 9195 25482 10750 9517 8262 929 21736 9643 5170 2305 27705 20820 2776 249 20939 5897 11560 12256 6483 28127 1923 3722 15983 16847 17177 8608 783 11975 22777 21061 13437 3354 11191 24186 6136 19453 18380 27872 22361 23549 23442 14714 9018 26218 
14962 1339 3497 19787 6860 3246 19296 2049 233 28545 18895 17410 1801 12943 22650 24577 27269 7470 27931 3109 24921 27332 22561 14684 26586 9570 2881 21411 24284 11898 12277 10628 6503 9039 1798 6628 12284 14359 1942 5783 14286 20837 23192 16087 27045 10490 5312 18963 11225 26508 22071 7529 25223 9280 15478 16457 18849 18358 2516 14515 23522 14792 18409 
23290 23831 13472 1300 763 27830 3242 6545 6765 17344 23002 16117 9037 26758 21428 27999 9365 19319 14718 16893 9190 23997 3753 25646 7495 15377 21428 15275 10281 7602 5066 4953 24698 11803 28135 25461 4282 24642 25271 11046 13368 19656 20428 15671 17796 6504 8318 27160 19088 23036 8702 28277 11681 5720 18572 19175 14362 11382 27716 24642 12249 26047 22860 
8330 9233 15644 27056 13514 11668 23709 17825 18302 14747 9635 5355 25808 16138 13672 17617 6609 1356 19584 28151 13037 18569 18105 25477 4314 22752 24575 22221 6384 22005 9730 7979 2620 25373 6417 9399 8423 1508 20489 19990 9521 23389 25344 6711 4175 3665 17593 4049 5020 8559 3583 11322 20394 14953 8182 24707 9088 4139 18310 8737 26143 21305 16715 
22028 18060 23131 24692 19749 17904 16563 11121 27424 11334 1114 27401 15509 4778 9642 19557 3063 18201 16405 14385 3243 2741 22566 27949 5094 19970 10907 7096 17496 3595 23810 4172 21654 11589 247 6051 22758 10075 17172 21565 21409 11551 13614 1566 9594 23255 14388 12656 6104 2176 20306 9346 26799 7520 1943 25158 27490 12850 3636 9634 9710 20711 13805 
24629 25565 7317 2063 19705 17392 12500 5918 10183 24050 12797 5014 26909 701 19401 10947 70 14842 24519 2682 6289 3421 4624 24712 2293 10739 21613 11926 20448 6972 18997 16460 3919 26313 11788 16890 15087 17553 16073 18535 6251 22136 16814 4542 22836 7598 8754 22905 15705 4655 18852 15260 8076 23476 11354 10368 27480 4350 15560 19311 11321 5939 419 
15240 25517 5472 25395 11987 23024 6116 23787 657 28251 11984 5198 22469 12847 13951 10023 21817 18606 257 8459 26681 16998 19813 1697 15861 24162 17256 28437 6865 16460 238 15370 13360 5709 5413 25346 115 11529 13781 22654 11162 19030 27851 26897 25142 13184 8302 18342 25055 1824 26800 16384 18822 11261 18081 27948 6805 28602 27767 6936 16445 28004 15571 
1187 26978 14250 19798 20358 25778 4961 14394 1588 17257 6893 28484 13781 20076 1434 3505 9780 25141 23571 26163 8611 6214 8892 7941 6285 8877 7090 6486 25321 28359 22056 26507 19985 954 17687 11725 26731 15913 19384 21585 4552 26276 21451 18333 11000 16151 15103 20779 12674 10056 11591 21284 9536 20482 607 15820 741 962 22305 19327 22586 9009 10482 
13953 9963 28168 18943 1342 8730 9709 22926 13281 633 9026 24879 11632 25176 11365 25677 2498 14686 1916 23781 24221 22397 17653 4689 16404 18614 26993 379 12582 651 10861 19800 3879 3677 10125 5220 12406 13099 28146 18953 13731 1820 8480 18628 20261 13110 8953 22758 27796 10868 17921 16665 26531 222 21354 7583 18835 12995 7961 24682 6911 18821 9130 
10789 22498 19254 16009 28169 3735 8803 11770 10731 10622 20250 741 2265 4742 9694 18288 25803 13827 7591 7117 11740 1078 28470 19322 13178 6113 27283 9242 13024 10752 11637 17078 4632 2273 4469 26067 27890 6537 9219 10003 10424 22734 4009 5954 20742 13702 24241 17927 27529 25097 18309 3917 26174 11427 23239 10734 17540 21904 13241 23829 25921 24877 12289 
23819 27149 10024 21268 19687 16560 23752 1072 26984 11135 5081 4320 3259 12048 21827 14451 4225 18306 4143 8142 15863 15569 2763 19862 26374 17932 4486 14851 15235 745 20406 10436 21160 1812 24969 5495 11637 13370 28450 10003 24504 26796 7589 27762 10226 22681 13595 7717 12369 11003 15858 21497 19838 11886 12742 17594 23083 17227 25711 2966 11237 17499 13402 
25662 19310 3019 2540 24212 16388 2372 27481 12274 550 28335 4684 4041 22398 18279 11757 6149 22547 20880 20912 13767 4148 5036 24627 20496 15528 21720 23462 20030 10601 1512 17075 23176 4530 12880 18770 14184 8517 17633 26457 9066 10616 2524 6372 4396 14068 18129 3811 1263 3657 24722 15030 1071 23023 11039 21566 9933 26024 16410 23228 1273 11187 11685 
24448 15717 17830 7866 23166 26346 18765 14271 60 763 10060 6432 27042 24127 17826 2235 25390 21482 26956 5068 22552 21361 9372 8767 24559 6778 25176 19169 8050 7746 24120 25763 16728 13332 5011 11276 11061 17041 25546 4386 11070 6989 10817 9494 24381 21908 11728 14419 14773 10066 19486 1973 24692 240 10739 20633 283 564 4450 8332 8309 28569 5477 
18302 13284 3754 22843 17610 20794 13037 21995 3246 13291 26078 6005 9055 19368 17732 16739 5523 21063 874 762 17137 22996 11500 2418 23279 12063 6868 2993 13637 85 1736 3321 13368 5489 19429 24243 19548 3849 10887 16060 17139 8347 22064 19459 27714 4445 7581 26503 25507 1720 27264 7293 24715 3412 2976 19376 8741 9843 15635 22377 9928 10636 18964 
16561 9390 9775 5453 22203 6889 16339 2911 24028 24685 18241 8135 17047 22685 15715 14932 19574 10700 6844 20132 6798 3522 23108 19439 12262 26216 28339 27904 792 3623 18250 10619 13012 21291 16071 28481 28179 3792 2774 16855 21742 21014 24990 3437 15081 5353 11635 27921 16053 18478 19435 16116 21999 7191 203 27526 4790 28542 26813 5581 3547 9711 16199 
9825 2384 25535 9688 23829 22592 12461 5332 15716 4858 23587 19153 13204 22206 24053 12507 9641 13913 25208 19022 561 3781 19224 28086 1836 12414 19547 683 15961 641 10147 19051 24907 7065 121 13384 1039 5847 18716 10021 3970 13685 22439 17174 539 17874 22946 3445 25052 19536 22466 25612 16583 6339 18347 11684 18752 9276 12366 6095 3182 22513 18411 
28089 960 18531 12855 23881 17644 24836 5284 21613 3170 20988 10169 3708 10244 4498 7153 6679 17299 1001 25556 5264 7339 8551 16948 26091 17827 22579 25451 14274 9740 8511 13745 3965 27041 26600 27846 9333 22818 26395 2329 25987 18766 12497 1078 22275 10260 1496 22219 27559 2496 19158 26088 3101 20974 7684 22457 3449 1646 12556 17723 11385 21066 2850 
15350 12756 22715 7844 22088 10182 5621 24416 7551 17652 1562 1894 4576 5087 3389 26794 4028 27768 10600 23382 24134 2957 2448 17973 6405 25976 23794 24127 2010 16243 20243 17359 381 14340 18468 15734 24521 24088 11533 25338 6389 6360 20497 10964 11446 17152 2406 8740 16302 13006 3504 5084 15962 27834 16322 15632 25193 11498 4408 27202 27740 24650 9209 
21386 10372 27676 8503 28159 16412 13301 24879 16066 19660 16758 20295 24371 5292 22701 26376 14859 7089 23145 19942 16316 22362 7646 25213 12203 12410 1003 4053 11532 25652 6527 4301 673 5585 12803 214 15262 26103 18358 2711 10411 28381 23005 28047 5056 17088 25806 13180 17442 13599 26388 27023 7343 27299 23619 12811 11091 24621 10129 22623 14922 16655 20189 
15594 22239 4374 9073 2150 23742 27430 26743 5535 27193 14396 26847 25514 2867 24035 10077 13574 9017 1113 11980 9625 28411 6981 15702 10885 24867 25830 26773 11171 13868 18344 26764 755 15983 7219 2904 11107 27914 1029 9907 26490 15425 8136 16652 11557 25437 26728 18396 27719 27840 1758 8726 20900 2004 17693 3167 26871 14906 1322 9424 156 12931 7571 
910 296 8055 25697 4668 7352 26725 14574 27107 6798 15975 15141 11620 12794 6518 1399 5161 27623 3156 13887 19905 5160 2962 23071 25296 11133 17658 6102 11288 1971 6938 5464 24149 14993 24426 199 15610 15799 8038 14099 22597 24013 622 5599 1455 405 6997 6616 28028 3419 13768 19315 1844 9995 7035 27139 21128 17958 26506 25681 13195 4827 24410 
8726 19819 20218 2191 77 7400 10228 14175 23262 5623 8062 243 344 8467 506 225 1143 3924 13992 13723 27650 23986 14023 19437 9762 3364 17325 92 9824 22151 24501 18549 6618 16102 20739 6694 16767 24233 14134 11411 1238 22196 4919 23464 23928 5424 23688 18336 2613 9062 3441 23528 26314 17464 14347 724 20827 3055 815 2033 18471 25316 13847 
25089 6066 27852 3165 16098 23467 10565 27508 17970 4143 25692 12817 21336 24382 1153 11054 26994 3481 7760 15171 1177 25223 900 23783 10698 25837 24598 5996 15691 21296 19843 12162 20627 12343 8592 8107 7192 12422 263 18427 9830 25954 24509 2548 21718 25662 6867 13361 525 14627 21797 23584 4498 22696 18749 15196 13182 14729 21191 255 673 5682 5682 
14565 11290 7539 15937 11747 19961 16199 1557 1173 6802 26065 25604 21785 16375 3853 28411 16899 11745 21590 5131 16243 8935 23880 2821 22116 3257 17277 15636 25813 16225 21317 5026 20780 238 20963 3910 13464 1810 5466 14637 8611 24796 11623 23662 12554 8741 16721 22718 20486 9694 27849 8111 11894 16377 4197 27275 12899 14739 14293 10094 24229 6992 15120 
16392 495 731 20301 13959 2540 19032 21861 11151 8476 26749 28078 14295 6872 16181 8396 27357 19140 893 116 2416 17269 4312 1073 1550 12317 8631 4910 7928 8888 13295 17585 9383 14025 9268 16607 16564 21565 3116 20980 1424 1247 13706 15718 8118 1270 17379 124 20409 18271 239 16091 188 26434 10429 23621 10133 19060 28530 11326 27947 6473 22177 
1978 20497 2827 11850 1709 17658 8231 22689 12347 9477 7777 21330 10861 2312 10092 10984 15987 21628 11222 3460 15082 2304 7154 10085 5702 26213 9997 17028 18809 9735 10587 14052 1614 6679 19168 3322 17602 27398 19276 1331 8258 20319 15927 12384 15896 26018 23367 3265 12294 27854 6724 27375 1541 7144 8842 7242 4739 12104 17535 16813 21838 21387 2248 
16717 21332 21415 13305 10316 13461 3963 4913 21718 17547 20839 27367 4826 11505 22116 8090 23798 14619 8080 15822 16159 8489 17929 16666 6493 23299 5584 23306 16519 20236 18819 26502 12950 4882 11189 16532 18342 8417 14710 4709 19230 6931 3458 24055 11701 18840 25410 147 4841 26755 15968 20999 6626 5280 9047 13119 21844 7896 1073 3011 28132 19891 895 
5730 24772 5349 22261 7762 13766 1619 12470 4378 8549 15928 21698 20249 6150 11756 20396 10990 3160 1012 25254 3051 28174 27566 9435 21400 6845 3773 24411 28242 23663 18571 5354 13083 23920 20881 14111 2334 15765 26580 6711 24314 7156 21674 9211 6571 26695 22872 10826 23120 17150 728 26171 16706 28294 254 2755 28404 4027 20431 28028 20955 10384 26647 
27304 5686 12176 12797 8019 27941 10759 7995 16903 11181 22934 26113 17751 14278 13634 21843 8780 2166 22570 28216 12137 22246 28470 14891 22032 25762 28587 14708 18099 10354 12738 16785 9305 18179 964 10590 17502 4989 11850 5787 16169 28050 25166 27185 13710 10182 13676 15755 5613 7629 15354 17749 23140 8472 25906 9821 5616 25875 24528 23714 877 1914 5148 
3448 20093 6111 7303 2243 4365 19152 8030 13799 18584 4578 5633 25559 8025 19308 12697 13637 20202 28050 24651 14725 7904 15205 17811 6785 12463 13721 1881 6605 8901 7028 10052 22259 6405 17354 24501 4035 1155 3913 17834 13004 1756 23466 9946 3046 7422 22642 9948 27624 15340 5982 6997 16509 21186 24807 23293 26914 3176 18439 4902 12076 18733 8219 
5717 25137 18839 1601 554 13259 27396 11653 26262 22418 28384 7590 25463 7189 23497 6794 28078 3485 6041 6457 19993 27226 2646 7934 18789 5821 26373 16956 11163 16488 25174 10145 6273 8661 5011 92 21919 3790 11745 19564 19473 4777 20419 16318 11965 8565 16377 11425 12049 22417 17881 25308 14292 13792 26507 4463 12879 24262 21418 24041 5398 11240 5568 
11670 13167 10579 11762 6468 7634 16772 19297 27106 21548 4365 8072 26779 12929 17715 2852 18243 4780 13999 14933 19071 27790 12823 16799 12051 1733 2865 740 7131 7371 28191 12066 20537 10152 17093 20270 11051 5247 10950 2805 20061 15314 10876 18222 21508 21856 21073 11133 26636 6454 26066 17089 27510 3537 27154 4209 27152 1401 26832 5665 8771 26405 17731 
22573 1205 6206 14226 12255 4719 18441 15059 18045 5137 19200 7649 26644 12439 21987 9159 10457 21707 28490 20811 13865 25292 19347 18073 23827 14014 16287 22757 16050 14074 5136 10006 8544 4608 17497 20798 2592 7320 505 20636 12456 19705 21550 3748 3526 8185 6172 13982 1274 27928 28058 8404 24602 18788 26477 13077 26067 7412 483 13499 14752 27501 16770 
23295 3491 5649 8742 6082 12968 9246 19983 18689 333 12915 22436 25741 21100 21874 11105 15639 21184 10546 24043 10434 22599 15168 16777 20048 22579 17259 26812 1979 16142 14965 18540 12899 20613 27281 12246 4964 7909 3612 16918 1508 9792 10737 27248 2274 25876 3002 11179 18442 13547 6604 22141 794 15037 10300 14107 2264 20824 12301 4243 1615 27265 22782 
14513 19261 14711 20024 17490 22619 23635 5790 24126 26693 9792 16023 349 7050 19024 4793 18757 25836 4662 5547 26629 19698 9112 12118 21962 23202 17684 19470 24816 16332 6900 3977 241 21610 24000 10996 8877 12284 16785 26269 10359 19843 13674 3973 20158 4080 8766 3564 1298 13427 9110 21192 26391 18221 4692 19735 6071 15641 3853 2269 25238 10752 28128 
25478 3744 23511 7856 5886 443 17907 3537 10801 2398 17210 14773 22555 21289 16804 26118 15852 23497 6610 8426 21270 18097 6383 5653 24167 22024 9505 19702 18644 20256 19212 8771 17265 7371 9892 23150 7813 21064 19953 18613 23461 8545 26652 17399 23100 8104 14899 3600 2983 14775 12026 17518 26137 18408 23170 14952 5080 25940 27919 23724 10844 18514 25760 
21374 25884 7034 9173 26963 28098 508 10224 22941 9052 8258 11722 25417 9628 19887 400 5876 27927 12425 23394 25446 24098 11212 5046 561 1801 4348 17550 12644 22861 14692 5401 13393 14991 14573 11738 7737 8346 21962 23944 10663 23485 314 7463 26378 20200 1128 3637 19509 6818 20296 9603 2298 24773 14649 24741 26573 18996 6939 3866 6505 14896 2532 
13163 1270 10370 18167 2272 18715 4777 26215 760 21527 26529 1488 19288 11377 2615 22924 24152 9432 7868 5137 4996 4023 13051 23002 1979 25312 1324 5844 25082 16219 8375 9628 10754 18744 21060 13026 2107 25836 10623 2866 18745 1800 4354 2681 13177 234 18870 1977 9666 26737 379 7927 2143 13430 2311 4121 3390 3634 3230 21738 13119 4870 24631 
23872 16879 17073 1546 18985 7557 5435 21850 26301 7234 19469 22248 13676 19703 12500 15652 22634 10620 9297 1943 12762 15992 26136 10148 19381 23036 6643 5767 7537 11512 1780 24674 28390 18852 26220 12023 19674 3037 27138 10624 3536 17990 4254 10478 2341 16753 19395 24974 20638 74 20182 26665 16065 10966 8195 95 5384 8103 5861 6186 12880 907 24126 
12652 13024 21728 17940 4081 18030 16461 14704 14831 27716 18957 25308 1439 7092 9352 19678 20996 9425 4508 19043 18756 8739 20504 18850 14123 28606 17976 13574 12869 18882 9082 18786 3289 24075 8109 7369 13487 17835 15338 21584 16933 5677 18274 11637 6034 27625 24580 27029 1699 470 17455 20454 9208 9341 3952 16596 9329 21927 23436 15463 5458 3900 5632 
2012 21241 7006 2646 6110 24840 17983 27693 13155 23659 10616 24791 22958 2889 20753 21370 4587 14488 3473 18306 16961 12813 22257 4940 15407 8833 21641 2253 7556 18806 1150 9567 11429 8155 5478 10805 4377 23460 3146 17531 11767 13761 6970 6107 9916 20988 20742 7768 6858 24214 26074 23818 1675 12979 22023 10348 15077 15046 12600 22632 5235 7015 25464 
