16 82 3
14149 3310 22030 58260 37657 35316 24177 48664 21096 43474 49329 58981 55803 53334 12968 32206 30015 60314 26539 48285 58380 5329 10752 61198 20339 59901 57665 44314 37638 8590 3037 51786 28926 42092 1845 3969 31820 43047 7045 7328 23907 56373 20722 17096 1506 33689 3714 31520 48415 30253 34217 44181 35581 61994 59791 10333 13694 54842 9059 51332 17844 29121 40504 46769 8599 42349 5151 57444 22782 12195 2158 1102 22981 22879 35223 41512 56567 55963 10419 59394 23602 61661 
40961 13595 61042 55164 40953 12122 1805 4424 840 19649 33544 58370 3804 59168 38105 8954 53998 60886 38175 56156 16400 15568 16421 51623 57079 27401 44972 21910 24181 22986 20958 19555 53606 19386 12105 48972 48533 13910 53395 3786 50584 24326 62155 54387 37906 37646 17754 29291 52944 10341 39859 6731 25908 10692 58353 37399 38092 57737 59309 16686 18109 17653 36240 9101 54064 2757 12485 39983 33692 3267 43768 21662 44618 43309 30462 19910 35367 2628 3613 25698 12968 60497 
49454 38875 8576 45193 13660 46667 57342 27381 17765 12837 45033 8417 38963 53509 11174 51448 47905 61891 9127 29059 37966 8157 26781 5814 45092 62147 8441 48705 42257 38434 46588 29097 31721 55163 28702 62406 56243 23430 27174 28420 53292 26619 36837 29642 17515 2423 35502 2806 1700 44628 48890 39665 7197 30083 62504 52288 46643 25357 55405 26286 1177 39380 9796 49923 48955 38497 49716 59610 16340 14276 25417 7018 40894 16666 53685 12821 19088 26573 32652 20787 25613 18929 
14865 32809 49011 31781 22484 33040 57138 32301 13739 12727 9067 23534 37 12435 16443 4165 26457 32782 18440 6286 56826 13746 22951 47897 26567 42038 11857 59218 17238 54495 32559 49128 41717 35983 18295 18613 6409 29845 50913 37173 59598 59980 15119 14047 26827 31562 18211 7696 18756 36650 13982 12968 50395 53958 60865 31374 50409 27134 45005 5033 19015 14950 54160 60731 50932 26867 16730 11754 56712 5030 48926 8109 19422 1432 22155 661 50019 40365 8356 6161 31427 39363 
19129 36234 30708 17380 4995 35529 61539 49999 40561 17940 19361 49133 33084 7680 13386 49813 36459 24510 9255 22771 32618 28676 41228 9185 46362 45659 3962 9131 51820 35388 48493 25361 9009 33613 59766 31029 6528 58691 35440 1501 31043 54800 50633 1513 16892 18432 5739 53350 59967 14993 30534 46998 60695 26174 56182 44443 9220 60144 53573 15452 49944 56479 57838 13365 27478 54990 44393 51032 5480 34245 6945 36522 43458 57578 38035 14762 30422 43773 5499 27775 13178 53058 
29185 11259 16618 22754 55702 42863 37310 1074 12727 24640 57552 7951 38005 39443 327 36810 44887 22832 25468 51831 59354 6312 1208 51801 21073 31629 49986 43597 13817 550 34041 43001 11809 5072 20167 21923 47934 57476 22996 15074 36529 34961 23024 11920 28816 40377 3142 28115 595 28609 17332 14361 34920 35566 3548 10406 4581 53533 54002 35423 54083 25430 32837 20304 47527 7416 42226 49873 2279 19634 2333 38807 9007 25357 5139 37822 20146 8280 20349 20740 36889 37681 
35101 26221 10633 55674 36626 32239 46594 28015 22075 55089 7857 9324 12779 55383 16739 55004 59668 19017 29050 62001 12236 38057 41770 34400 30291 61915 42680 50640 37067 33981 42733 9554 60201 7778 19641 34214 40016 3621 16641 16503 58709 24497 25826 25900 34292 42565 18290 31346 15994 1752 47759 45256 39808 26915 17042 7486 26216 14134 12538 17696 48114 55270 44275 45702 434 1302 34328 57475 21948 50968 28391 35069 12851 54216 60968 1555 51193 33670 49926 4574 35422 35072 
4242 12616 61986 21283 37127 42615 52443 49664 60310 37943 59346 58997 38057 14192 60299 9771 9054 19633 60738 37444 54702 10975 46072 53056 29555 34652 41139 16868 56251 13947 51939 14905 26562 5724 53213 18102 2751 43042 5152 17473 18372 18911 13857 56428 33102 11542 3586 42155 48200 1710 34011 57314 29711 34496 47757 13678 23560 26282 30545 17197 57254 36896 32101 21202 59646 39726 56329 62396 20155 15894 34282 38526 34804 48138 49366 5292 14092 7364 1860 16704 26100 52896 
11405 10223 24778 13574 23900 48337 56881 54445 19946 51521 45753 6459 27135 42785 46185 20851 59594 3726 36744 31262 59277 8934 33812 442 31251 2316 7806 33110 19019 33905 23393 30423 44127 2583 43996 22439 50920 38263 31296 25278 44196 14436 31737 8718 11633 15308 29568 8613 36059 20724 56900 32722 29657 45124 33163 60907 47439 57994 48430 3845 46311 26235 51293 44850 28817 49702 4676 34149 25351 35971 59427 23960 4819 28550 32677 16452 60883 16657 42090 34328 37380 53403 
21462 21449 35913 9037 36768 20739 4418 39610 41609 50728 3231 30288 32965 32048 17376 54666 3583 59753 28023 17422 21099 49868 384 8188 3706 61266 41870 208 50006 33662 53610 8854 55110 43936 34917 46290 2061 39334 23287 60695 44474 43543 45395 31851 30003 158 23903 50612 14323 6339 5420 52447 56206 5804 15047 14324 21482 56916 14531 8875 27964 22554 34754 37486 3876 7057 21162 22962 46390 61474 38069 28251 59430 20850 14514 26819 38033 38417 14817 6768 44755 20237 
59214 38347 26040 11647 52670 47521 22975 21613 10808 50938 61192 45562 42836 19480 52618 18411 59467 53421 17271 34922 36084 14087 10185 50597 40906 48217 26400 55722 54985 8541 30371 5998 1300 10823 34671 8382 58344 57645 47021 23564 383 45599 6512 43218 19492 59130 61628 16345 49937 33312 5680 23407 1811 15864 28416 59742 18493 54816 7264 27890 17769 37634 33888 19069 48457 22971 44476 61213 35028 28883 39189 35410 11869 45701 33041 31360 59243 49081 2117 46566 36805 7796 
24385 38616 40685 52800 52770 59178 62028 60033 24454 17184 52080 58341 53278 54949 35724 35140 7961 8139 1410 47149 43548 30304 30236 31001 16076 43891 17469 18192 27843 54273 43014 6640 47301 21085 13853 37458 17649 30293 51903 59129 47476 58395 9269 55166 50730 44993 27693 13103 53131 46128 60252 51091 30844 44900 19479 1332 26178 53973 36549 8433 45632 16949 32099 47346 55060 364 22190 10095 30656 28505 6610 15519 24287 32905 25097 29429 15284 7202 42532 5801 7742 57196 
56891 38585 56508 30782 56942 37098 22141 30878 62557 22186 47826 32042 6918 40272 49431 46133 4780 17473 12024 28415 50017 53336 61319 12501 20152 31015 19702 17096 36815 44470 28704 48119 20441 22598 16287 14770 14109 55454 60 14052 15026 2298 506 21943 59596 49936 5462 1762 4795 34511 47202 9225 42260 321 21725 16824 31335 58452 33919 22563 40308 17035 25094 15162 56658 58406 46957 8153 51246 47016 22204 3658 49313 39735 42626 46295 27057 2500 2469 48878 37011 4084 
58102 16657 4404 34239 50506 52764 30077 21811 29739 24798 55871 54832 39959 49915 50625 41328 58068 56283 42756 34684 14354 46481 11806 56979 47189 38862 59479 49657 25126 50902 8153 37640 21971 29582 9265 9863 19733 39342 48699 49471 18552 41956 58716 12923 29257 46727 54250 41737 57422 34392 13808 9162 35285 42639 3528 19860 18887 17419 23930 61039 5707 32082 53091 44703 61664 62356 54565 18783 56110 57676 22666 12048 54044 18768 24970 37713 19907 33632 16837 14716 22436 47670 
23877 57720 27695 44430 14967 994 61848 55922 16445 21967 25390 6923 4056 24440 6665 13033 60248 161 25121 37327 29234 16551 10507 54203 54264 30414 42247 8487 62155 2069 10569 40444 14201 38263 22261 46193 39256 38521 39501 55701 14901 19304 17036 35982 43743 23700 3428 58404 40886 28548 33117 7506 45099 43623 16121 53775 28449 58367 16674 45016 14848 27242 22847 46074 19917 62133 29654 59172 55066 23567 6672 7353 42870 23707 60361 41026 1819 1175 53842 42704 29722 24345 
50209 29233 22380 3716 37420 5242 16495 54093 50257 48368 35747 27516 31829 55663 27035 15895 6635 19488 56487 13306 43866 36744 54039 41613 32182 55857 59813 23410 52974 26922 2167 57595 10567 41572 61311 2400 46813 32218 56492 51483 34999 29626 16385 4214 22675 60446 37134 29309 34346 31007 59641 15598 22163 5479 11624 54344 15748 8823 32166 6108 52770 34332 1090 17750 13291 16813 20149 14516 3443 31053 20411 38441 15091 36796 59680 37766 51654 51226 21487 23386 36646 35540 
