45 91 6
25292 18181 47008 39941 37182 46356 12175 19355 31271 20315 14882 24132 3664 34668 46163 14329 6719 29083 36817 24721 23449 19579 32820 43110 15761 26213 23399 376 10765 27328 30813 36057 42561 30131 25359 32052 28796 37533 3717 9428 7209 15650 33559 10872 2627 32031 22253 6397 10476 8431 28169 33924 28009 13299 26395 43770 39511 2104 41197 2586 26483 24319 35694 21353 6759 13362 2767 32606 256 6483 42033 7464 19184 24954 15388 18862 6346 37640 22310 16821 46070 2788 107 23440 16086 26501 16571 4959 28604 10077 4596 
7397 31448 40289 25801 35258 3012 28567 20174 3267 32101 14516 7782 3594 36521 23169 19507 42867 10170 41816 11997 5601 44604 9155 26093 12999 35656 42663 15009 13621 2102 19604 18069 33549 12202 43870 21116 15213 21798 38341 15531 6209 2219 23313 6854 38739 43533 26361 33915 6013 20486 42964 8665 14451 1480 34757 24502 37135 26782 39510 3066 28883 11424 18186 11793 20677 11417 29960 32942 33215 20611 782 36475 22829 21146 40380 10929 16989 19050 41896 20053 36588 34221 25769 400 35700 9888 24901 25145 36669 13773 25262 
17861 25196 43447 26705 42924 4226 8974 28175 37440 29584 26009 23276 1774 44206 15965 12703 10556 32067 6908 27660 18016 38180 5739 18415 26189 15626 40368 695 1656 6450 25956 16568 28697 18765 43272 20982 22990 4555 46209 9791 31191 24527 33066 32964 18094 1340 42718 28650 30458 46677 8619 783 37166 11409 16250 15665 27034 5979 16359 25741 12428 39367 42308 38176 7493 37889 11467 30482 42444 7037 37324 22996 28615 22699 8269 46709 21090 349 27668 3858 47025 33338 1692 36501 44747 17941 1527 21142 23919 14937 46883 
33398 6613 41500 20935 14105 28751 29454 41638 20556 36490 31271 43551 17415 6279 1181 16433 24421 1529 41152 28278 864 26799 27021 34416 20907 42014 35942 39101 18242 3188 38293 1002 6853 29154 21936 20957 7266 751 11957 27821 37241 43227 23681 6965 46558 21914 20449 23288 23442 13910 927 24305 37760 27947 8082 8029 22270 44023 47129 37564 44263 34783 38565 3425 13298 9862 21433 20564 10613 30441 694 44905 25978 21427 4179 24845 43340 21679 442 19091 35588 1368 40448 22709 26366 839 30737 946 41914 27227 38509 
35538 11371 26435 36014 24669 33348 6808 45232 41012 37249 42977 38226 15536 13765 39456 37432 6466 13444 37873 22609 46083 36292 12418 21102 12019 13256 1200 12964 4531 25479 834 40068 36849 24320 25443 13827 9978 32251 8420 3299 21809 759 41525 37344 14523 33290 27085 18041 46734 14319 40649 45126 47662 5376 15589 11990 15683 13841 22006 17266 39319 19891 6695 28477 44211 32138 42304 6498 16698 85 6848 38506 843 682 25211 12418 31024 1657 30458 27119 15975 20468 24554 12998 22895 37195 22039 35629 3345 44044 5204 
42663 13297 11899 23449 9817 41088 15114 13366 10095 12251 20213 45652 13093 20895 23172 22562 1280 24828 2381 28398 37854 22848 2313 213 42794 39507 22251 30733 39903 15657 32988 34875 28953 41938 7686 35821 35335 19851 1496 42481 32101 21708 40442 42246 39654 15923 17117 40933 37802 16550 21640 25017 36449 21005 25229 31553 12821 47480 11647 5034 12498 44634 36960 38502 38882 44645 26632 23578 13858 28127 18369 45958 46886 11120 37565 38850 24095 6992 29144 14206 20593 3094 39223 9351 21150 16761 40903 33970 13602 1911 36055 
23151 46545 22377 13962 34788 16383 40593 10675 30240 18081 26095 25560 17277 37215 15434 8436 10671 19477 37579 24876 40069 37724 13460 1730 11183 27273 39684 42205 37926 41595 27621 13387 37501 2307 27348 24598 18690 17303 32324 45981 35383 10729 23850 4969 44995 39284 10456 7975 11070 345 29902 3449 35120 40414 2230 46303 19996 41913 37869 7283 35817 17799 20669 25627 17158 45069 47276 32899 11733 28962 31189 47115 36742 4401 1446 34046 43684 11901 39072 4115 12245 18335 4615 47365 11058 6844 43029 28105 1067 33207 35388 
33935 367 5418 8924 14576 47538 5561 44526 11580 34522 28025 11005 23573 29477 12450 6980 22522 21402 46051 26636 33647 13748 31251 30373 24805 38094 22763 2272 36212 5331 34711 19509 2749 40128 25484 17325 39976 31044 14160 917 17876 39236 8973 38500 21022 21422 45480 43543 42824 40892 19541 25832 6949 153 5566 28806 35298 28328 31077 23820 33658 18097 40380 33458 7586 18173 3092 44613 1526 14304 45530 16453 5849 6812 7263 23923 25286 5052 16827 17471 45943 36367 40354 2254 36519 45919 31059 24127 23608 11497 44998 
6627 26645 37687 40084 31282 5221 40228 28205 6746 6841 23096 23199 12689 26959 30461 33663 4554 32564 2800 19076 27868 36218 8791 30121 22099 4071 10541 46225 27678 19089 40584 31356 45733 27632 20802 26377 32852 13339 6891 39597 20179 27038 12157 29919 6306 39669 15892 7912 24542 15743 26987 4720 1322 35778 31892 23420 36900 39485 19006 16888 10883 11899 45295 5978 39530 18406 32354 24691 31744 36296 13650 4232 15643 22858 31203 19000 14837 44146 26911 39378 9250 3260 41149 10571 36089 22403 33991 25298 14197 5306 39237 
25079 17205 36842 31056 6096 7557 12771 27839 39301 1376 38540 40584 14070 13707 24096 33070 28543 17603 12290 17283 26852 12601 10741 37423 999 33143 20775 23349 44391 26080 14895 21780 40336 4046 2197 43484 11603 14968 23632 3213 13395 14481 40848 27465 28187 14306 9896 9040 31908 19237 23374 11070 31838 34114 45544 29888 16619 18628 5546 13319 41759 20441 32150 31457 24486 34347 27250 36088 46366 3191 36352 12070 14723 29510 36586 39961 43815 46481 46052 25084 18028 21735 36153 2175 5211 31058 32062 18881 46737 37608 29251 
40806 7410 13711 24572 31895 45109 4131 17345 43784 4373 6006 5215 16147 32567 38853 8417 25743 37643 6779 3137 5032 28513 36341 4258 33723 19709 36320 4913 18755 23289 34164 8922 27750 44926 30545 11954 42344 34675 29298 35489 36099 32356 37755 4555 14284 28917 12972 40027 15922 19750 43163 20953 45314 31813 25211 31347 883 10892 33311 19638 31232 19784 25611 11291 14071 8466 23244 8724 40192 1904 41264 28601 31311 31329 30207 45594 9607 40230 37930 25528 9341 30454 46481 6965 14577 24001 35363 15459 34892 20983 32148 
18433 37819 10069 26775 4199 15586 2328 9975 8087 1283 3548 33739 32593 31928 16256 30497 41535 5847 17788 19372 15188 552 15214 22152 15128 39214 9824 27638 23467 30806 9148 38951 17986 19216 18035 22185 34801 17415 32159 39939 18697 32758 25988 652 16996 39295 28200 7892 45141 45987 24315 12638 46538 39529 31841 11027 28104 41664 35717 933 21832 44864 39883 36869 13441 7280 11363 551 24694 40573 37541 40442 22693 15838 41093 39688 7442 21602 44631 1945 16951 21255 14582 15798 10145 43475 23877 38249 37448 11903 36233 
8641 9076 28425 45510 22516 32756 6234 20118 9759 43859 9968 47253 18861 22858 40655 7910 27351 11619 4850 29295 28569 23156 43877 41418 30353 39661 14656 20911 26470 26558 6505 32163 32685 34929 27034 4562 19995 30319 24679 26805 26487 31699 26367 42399 6866 16384 2618 34216 25054 4519 12873 2984 27675 6111 44401 10337 42823 11367 28299 18654 34976 34803 3126 17023 19093 27211 21584 36139 6892 43315 15254 30430 24375 38672 25139 31240 7365 27756 14817 32418 32275 24741 35401 9311 30851 29164 16699 25983 37582 44997 44637 
21919 29161 44814 38941 563 24335 12835 33754 31226 5511 1317 13965 29885 39988 36155 10486 44405 16221 22354 26184 45547 47095 13895 7167 30255 40110 20917 8548 30001 15275 5494 1281 44435 2617 40222 42049 24003 2418 28112 4590 7928 26480 15607 34864 15830 4071 45349 12544 17343 20012 38727 15199 19416 1983 19417 46723 42092 40333 7580 21454 7917 10125 22735 1713 9793 12318 43762 33796 14735 21235 35437 19714 25 3353 6887 15854 4476 4545 28397 21818 21608 16485 34069 41024 15520 2847 40056 9921 40232 44687 28427 
45200 4173 523 46913 13965 12840 40036 44812 27574 13580 32559 47287 10656 32963 3535 26509 37438 8079 4267 8618 29686 17804 42686 20071 33323 45532 9488 40295 38073 3536 21031 35583 7708 18605 31857 21673 31444 24202 15846 8379 34833 714 5027 45489 33677 8561 21359 20476 13691 22678 29093 43377 40481 24088 12809 23165 18982 22297 15769 9364 22884 33852 41998 30592 1818 26164 1626 33262 47417 17471 38692 34560 18185 43719 29410 1223 4589 130 21698 15332 22807 153 11018 12649 24240 20878 32865 40273 40226 45686 1947 
15420 28899 40996 46011 30716 16522 47636 16287 16248 14468 7289 169 32652 369 26630 30926 4957 26760 1986 20288 46618 2138 28357 8629 23429 46287 41493 16012 38822 36540 17958 6551 17748 8315 1923 774 24836 46610 17060 38136 13388 21400 35356 43091 21768 14296 26327 23777 38107 28312 41116 37034 27501 18835 42714 3239 17431 33569 19250 8562 22418 34259 12165 40166 42574 14087 37991 16771 13007 7360 7216 26394 25812 42572 18846 44631 6229 45172 20717 44335 22845 11195 30730 2655 30029 25754 5894 47459 8684 22195 5382 
28153 8764 17546 20628 3647 28685 10928 17469 41691 15340 21737 17446 38203 13670 36291 35143 19898 30825 8170 16542 5979 19364 44323 5686 46444 19438 8631 43264 28121 30825 955 8584 39588 15553 26263 40286 44237 34243 10065 35289 46634 28853 5044 37146 42522 38386 24598 14729 18572 29819 28322 21603 1492 24954 27288 245 41444 35918 40560 21874 16104 41515 27509 8002 9377 3134 45339 2975 37376 4765 38263 36319 33617 40358 25774 25500 28105 47423 40228 46677 29552 17911 20589 31043 39917 44928 28340 33670 30207 21209 4905 
46310 12085 29466 3673 18513 32599 46064 21487 22284 3138 9111 10912 33807 46520 33737 11616 26935 33469 1206 22973 15330 19116 43561 43425 8394 37850 21126 42063 20366 39386 44020 18985 833 25795 19710 19345 10703 18083 37884 32986 18272 44046 40949 1440 42876 24047 13056 19172 9825 11313 42144 22207 30428 35066 14993 38822 25225 33170 30246 45590 24865 26575 13936 22749 4679 30697 42094 15381 45831 29339 45418 16413 25694 38676 17852 17931 12084 27959 37102 21909 39271 31555 41167 19061 15982 5521 7244 41206 38690 37489 36157 
12916 13426 47145 35665 18104 30151 30068 30537 28292 8768 28264 41756 34461 16302 8969 4702 28385 36928 38855 47345 25560 19772 37873 44620 35753 43393 4173 26321 34392 38714 14787 47308 4449 11293 32334 19604 41444 11763 2450 19097 20530 27766 13162 4352 44067 19182 9053 24761 8419 44960 21468 33979 17041 11650 27960 2155 7353 32133 28475 38796 20208 40314 35465 24656 3916 20108 44259 42411 31870 43761 10869 4709 23836 21082 9061 20212 40264 15165 42024 992 9486 15801 32022 26526 24503 12292 28681 28907 41476 6517 20012 
13993 46830 4839 38648 3056 24946 32268 42518 6178 28338 5697 7938 1535 26778 14050 18798 19351 26267 13132 17395 35752 25984 1726 14588 47538 14017 40320 28754 7802 46836 45818 18846 45976 2966 9803 46083 24963 39123 37962 28192 16822 43658 36130 18357 22746 47231 37154 39148 25807 47337 8852 13869 22683 7630 25508 22530 18698 18137 3594 26500 14334 46463 42397 12619 1738 4510 8063 23752 40684 43077 4254 9815 39044 37435 25223 11151 36975 11739 47351 15092 8437 8512 26012 31119 13193 3829 5959 31891 21965 6604 7752 
36298 2428 2458 45969 1217 4019 3393 24968 44702 46469 26273 3879 34875 13069 29101 46025 2354 37891 45685 14497 46328 3559 40508 29756 16751 44336 32766 45693 15662 36421 5754 4269 38848 8212 47289 40064 12230 44 14394 9242 46512 40666 13120 33696 6045 39272 29083 5450 29473 24129 19946 28110 24739 12763 7227 38542 6460 39993 36544 22121 25775 42298 26389 16933 47561 23040 6358 12100 23083 20751 18393 18956 13727 28564 2014 16823 20146 31096 22272 46670 4586 39269 24141 29325 4341 31367 17228 10800 20721 6081 32920 
46496 688 8670 12790 558 28761 19147 9710 4153 39898 28102 20161 2986 8976 22174 19808 26173 2631 39131 25152 7216 30709 1602 33592 32101 30020 3129 39952 3051 6262 22233 46598 4001 27954 11697 1611 9025 30843 11320 10229 23050 36473 30389 26035 42500 4872 42894 20982 7502 34334 43185 11770 14404 41838 42413 46504 24168 42594 38765 24270 1165 13307 23177 5165 41261 31925 6775 47337 15077 18094 9875 35179 6877 40264 13523 1686 42187 5779 19720 46741 40112 12266 10820 3878 6414 2594 2691 27633 45187 38508 1264 
46351 4124 21492 878 42436 5726 7652 39134 20802 22798 1319 8290 26726 38634 18865 25463 33130 24643 45182 32180 14116 9758 40051 17993 13223 39697 17736 37907 37193 8553 39170 32906 9728 12971 33783 1526 18696 38486 40659 36549 13593 41977 41891 40318 29972 13065 18091 15412 34759 12634 44643 45926 22391 34056 13281 32665 26062 31016 22881 12616 36620 11412 42573 46347 21434 28665 182 37181 19461 37893 26040 33053 29231 20240 22733 11513 30356 40823 26924 14476 5766 20928 12711 25209 4345 23043 10183 30406 6368 30116 40074 
42987 38579 34956 38696 12323 12983 35929 1813 32443 26131 27852 14857 7672 45143 37589 19184 24860 27773 43159 39335 30591 13448 1408 8109 17793 24450 15343 45250 30818 42510 37633 23166 33399 21951 11223 45721 34933 47152 47533 16737 22644 24747 31593 30315 22199 18544 46550 44111 43368 39070 35755 26268 4828 37162 34376 19672 13922 46771 17231 41791 41590 4226 14318 27298 26176 25541 25328 10470 22054 22223 27206 44697 46969 11108 27322 18529 26703 23233 14949 22381 14613 66 958 19440 37227 32386 39111 510 31466 5703 39352 
25365 9928 5980 4973 33155 28572 30300 43624 2935 1884 23139 44683 1162 31299 21366 16743 10311 44599 31691 29743 11521 31756 30701 28012 18345 15396 16484 18854 46861 19238 7568 24535 26218 13547 26559 11682 42118 6221 4668 42104 8104 27806 39096 9266 8466 12772 26008 18777 9680 7060 829 18252 35868 28581 43315 6522 43976 12108 22427 40198 28397 29994 14095 6924 40592 40653 18606 32071 46873 20325 26484 7287 440 14942 13604 5958 27713 39611 21786 34444 43722 22614 2057 31899 557 45371 35472 41584 6840 10209 34092 
35236 37254 496 39212 30156 38200 7179 11588 37383 27503 38072 41721 27942 2375 7634 30951 27139 44296 5046 10944 40327 27660 13000 24536 25268 7732 12317 19161 11623 19577 2614 43910 6193 161 35431 33400 38361 42609 44987 25105 22421 32420 19135 47415 34794 23820 30675 14242 20425 35721 25185 13061 12742 35236 34648 38009 42967 44017 6531 6899 12955 9145 3119 19147 9305 38549 4856 44717 30520 46895 22131 5250 31624 38317 4974 18728 14446 32701 30021 34870 20731 7516 44983 30524 42751 28992 20842 35080 25318 24424 41978 
38273 33568 42148 6781 39925 30059 8689 34003 12888 7893 5496 15189 36568 43812 20163 4657 7620 2225 34678 39541 22955 39245 36833 5788 31357 18135 23681 18746 40504 414 10086 28138 31034 4543 34919 20320 34601 43607 6632 44540 861 12127 12039 37428 5301 29253 42085 12920 31477 26124 4770 3793 17678 38655 6632 1344 6151 27364 17142 46654 27777 27227 27102 8172 31769 11382 28491 15732 4350 35123 9633 2262 44301 21671 39689 1911 285 31135 11882 31761 6620 13704 32605 24297 1720 39236 22693 7870 15961 39834 3885 
43738 19370 28038 1271 500 36471 29762 13283 40820 14246 22916 43081 7908 41638 32132 9819 41923 12628 18752 23045 19248 32455 7960 40596 34174 44247 12650 39095 12518 4793 40032 5617 21214 17431 6887 18766 6212 33700 32048 47031 44997 4325 39474 5215 45963 23915 12085 40195 36542 30836 15549 5151 12653 20560 45747 43878 17117 7758 32335 26686 12551 24676 32302 30816 42106 36240 46633 627 19302 28043 44710 13660 32367 36493 18874 30639 9769 28010 20195 43362 8208 35744 823 20860 5665 43621 17047 22781 3688 46433 46518 
13290 23418 31129 41158 14886 16731 40100 12564 33084 17504 9583 46743 2181 43127 14979 29871 5205 42988 2376 877 3505 35171 46441 21416 40835 42371 35515 12978 43110 34257 11805 5762 7037 39986 46919 21922 9026 36380 34485 39161 6194 44068 38213 8374 36556 2553 38244 41761 45541 37671 39689 46097 25151 38439 19823 18296 30171 4699 31273 25590 38955 43077 31351 45991 32424 30579 17274 41449 16321 4069 29971 22514 45188 17546 27939 34053 20098 15544 25175 15000 5525 17173 13407 27727 7921 30281 46022 38091 34979 26656 13043 
23295 19095 44393 18648 3828 24334 32973 42329 40654 37041 21661 12529 31590 39206 40467 15005 11614 8320 40179 26613 10896 9662 37071 38623 14634 19661 34006 2087 4001 12972 15129 24348 29118 8883 40047 29997 30268 25329 21687 20283 11732 43348 32811 43321 34863 22639 10635 43528 28011 176 22451 38906 6889 11831 29838 18574 28544 16154 20660 29596 26177 32840 6253 4656 38775 43351 34652 21352 20990 5701 41635 32721 1358 23807 28351 33272 46446 36038 29110 26766 36213 3870 15033 40153 12752 44871 11036 38347 10386 31696 20253 
36562 13897 23557 38269 4981 19218 25230 26333 40207 27982 17329 25237 29339 41135 2949 11973 36942 36038 41082 13069 21612 42003 28102 14074 4116 25282 25110 42463 32719 6167 15025 21590 20063 38581 12168 22096 10108 34449 738 47366 11793 15118 24912 41131 5614 24913 2465 42556 13260 43546 7934 31924 34910 33087 45997 39026 7730 20468 33798 40448 23686 1132 11399 40801 36764 20618 15206 46872 7377 12995 46547 16221 28112 20821 6713 33725 42785 9178 25642 5406 5033 30628 37329 36995 16024 32688 28330 20806 2517 14437 13563 
26203 12620 24962 16365 1693 45579 31570 45616 2317 41616 44473 18537 19089 14655 25250 5123 9749 34427 27817 15154 36511 10754 1845 25815 23829 34532 3506 44634 37048 17942 10507 12612 30561 32520 28976 32254 27460 9907 27231 29777 3832 24013 45365 22920 35719 19976 25095 45467 3764 5221 9983 37327 13026 11827 15451 36854 43410 16009 30850 29819 33950 41356 42431 13873 23237 20768 43178 3006 30675 22718 29834 34506 43783 27509 6788 31811 44536 31882 26640 610 37102 36622 37936 47179 45500 2748 36342 38271 18756 19501 20399 
5016 10218 12191 18888 30506 32959 11427 33512 12995 34144 12707 44552 30236 40215 3649 14357 37061 35530 40996 34722 21993 26979 24967 21481 21840 27714 7185 12420 46470 23737 29870 847 31007 39113 19734 13822 21433 28212 44385 34427 14665 9402 28340 41953 46668 31989 8619 33090 16880 46666 20121 35925 23006 45087 9715 41897 25111 13951 3678 20942 37688 30599 21788 18056 22021 38573 31877 43453 19094 25624 27241 33758 35025 7891 28020 31054 36931 33690 16454 6120 29717 36574 42044 2084 31023 1121 43980 8443 12123 47657 26436 
2120 30566 533 17227 1948 39105 46156 42453 10508 24089 22003 41317 8475 26945 18699 39528 13237 1750 5343 16409 31467 38969 7814 30602 22301 5986 26892 27795 18109 23910 6540 17280 6785 7072 34507 8733 43228 32972 547 3097 6422 19601 41465 14896 43598 12473 3785 9144 11275 9128 22604 39793 406 30418 22704 22706 36403 1905 47552 3873 25815 6401 21153 29651 10524 5021 35435 6061 37992 35981 9157 41465 7892 2931 8670 3799 12456 9506 12942 23730 18633 35546 15832 16090 15325 38535 35847 1089 37492 35708 4962 
15616 39160 26114 45266 1993 31134 33011 8053 18487 18353 14261 12261 26244 14244 17982 30042 23751 24539 40036 47480 40224 24943 12673 8623 37319 569 41522 38407 38060 26591 43368 5985 18061 18843 613 20053 47028 30675 25158 17824 1337 36470 27136 24633 3023 42169 4036 26773 19018 41123 23614 11551 15427 33338 17225 5055 33907 11056 43462 24276 34699 39139 27313 5069 10292 24977 22173 9629 5013 47330 24505 3401 33162 1002 28033 36184 40223 29121 12319 8602 22553 32984 17204 37980 18632 31480 43034 1900 39588 38805 26175 
26596 27306 2849 31664 34649 27825 6146 41329 32837 2838 15195 36238 35999 13249 13632 21544 5781 42752 30914 11434 17615 16208 28637 4956 31891 9478 299 33790 1375 36156 9326 27970 15771 12175 8995 2729 37051 15141 41109 22198 15030 8614 7797 3338 21862 21428 21933 24694 16490 5157 36127 31156 18416 14125 36111 47358 23602 36409 33457 24977 24874 39834 2308 37696 4318 11303 37476 41369 23495 30895 12928 38524 39508 20724 38913 13679 42151 13155 38372 8002 15363 23860 39157 33778 37984 27577 33445 10947 13348 16263 35923 
38221 8407 35283 25279 9776 46585 15064 3454 19441 45958 16381 7326 37775 34156 46238 815 28617 8754 36238 36618 24117 12407 25137 7256 2700 5023 37753 10699 18370 3377 46621 5953 11783 31265 31231 18611 30159 46294 19116 46651 41614 35497 6286 28750 19014 4833 29565 47630 10639 18112 33610 31807 27571 11056 39062 27322 13130 26176 38020 31500 29553 34003 34504 38387 17577 18044 9307 44788 13699 28423 43748 7622 13281 47086 36372 32294 1280 15298 29286 11918 30461 12257 43724 10341 20364 35096 34715 33493 10633 25044 14354 
40185 11356 1167 30882 25985 19210 37240 23082 29961 15024 16191 37582 28304 15586 23315 9960 16866 38612 36297 28783 18435 45605 21869 28775 18278 9274 12851 1132 16958 37895 15486 9453 46302 13704 37386 24596 32914 26935 47677 12236 39011 16178 46869 16676 28815 22494 23687 45680 10467 12293 26773 28901 10207 951 7038 25536 7276 19888 26668 21285 7144 39205 30737 5756 5218 17484 30351 35183 41471 27390 47418 32791 43567 46597 1776 24691 18452 25463 19733 28918 34807 43557 7181 42066 41559 11270 19911 45886 28209 43630 19480 
35353 35144 2527 38160 37414 20010 20820 24906 13790 519 21686 43632 41137 17644 45408 15190 36095 20232 34922 14374 7348 30788 18606 1723 21708 26927 18686 19903 7446 14625 39382 39850 46821 38960 30319 36544 11280 3448 10811 22121 1019 29548 18063 42155 47191 12832 6706 32647 33063 38679 47021 40410 21776 14988 39185 43483 41915 10180 12747 1670 24804 4439 38571 20986 43398 21199 6891 4039 21698 17702 23212 22716 47249 38326 14233 43802 3467 20938 28758 33581 11927 25140 23352 30754 40128 14846 23599 31404 25025 36345 30125 
46881 40783 21005 17228 33543 42203 24119 37581 16210 41820 13102 35978 38430 789 2520 31593 4255 20509 12661 34887 29487 34852 10549 12551 27289 22446 33201 8054 47471 21855 38178 43713 12000 11492 13250 45542 3056 34420 32484 16318 25601 42638 4605 16341 43426 4176 44985 44733 24684 7007 31929 6481 41859 39529 16083 18509 14285 1593 26563 11117 23447 17050 7139 32498 25594 17440 27401 28649 4170 9247 44966 29770 4194 1880 43162 44671 6055 40457 41713 27791 47463 23004 34271 38683 14842 2663 9502 29126 1307 36064 40242 
21805 2475 44432 6613 28068 14182 31065 6079 15403 40311 3354 42224 44504 2286 37696 41485 5392 27514 32559 33182 24338 7872 16814 15331 22714 16528 21884 4149 17834 7309 41443 36691 9783 38184 43303 34903 4675 23729 40981 17129 16350 41386 11663 10215 40723 46410 4009 46115 26233 33620 28658 47622 41491 42524 15262 13566 8413 34197 14767 23299 41505 8519 12299 650 46702 4963 35552 739 28691 25894 17867 45040 16641 26581 7565 9674 25300 8625 5150 3842 42244 30859 826 33097 25692 13139 46662 31157 47336 10790 6765 
41150 19308 19063 38851 15372 24025 26712 16110 2077 1967 31028 47117 15660 9919 4043 22385 35218 12667 27534 36112 4273 7754 36937 34421 33446 2385 30444 16912 46772 41234 20728 40232 12851 39790 31392 28222 13176 7466 41383 15252 6484 24721 11730 19195 34639 15772 41579 19218 25491 18474 7639 26815 26228 41627 13545 11983 41064 43988 25946 40145 37531 46673 29738 47434 35824 10492 25017 1309 15009 18710 13612 18544 43430 22394 37739 27430 38165 31627 46647 13017 2411 3648 39831 25690 42326 2737 37672 32751 46725 12979 25206 
33617 9013 4305 33360 41888 11848 7739 40248 23908 26448 6169 42452 22187 28562 29552 46668 16089 10540 42676 26157 10002 46323 15350 35691 38011 18086 22724 23071 14172 35702 45328 99 41766 1943 30510 35963 10842 35300 28520 34750 14057 31741 26563 33295 9664 8424 32272 25752 18963 27258 4219 28965 22942 16620 16965 13262 34705 39689 36333 1187 24752 31022 46027 15880 30016 25898 4152 40858 13508 29724 24969 24616 13774 3841 10221 23437 12264 39544 46241 28278 19111 47511 9552 39105 16440 23569 1728 3454 12619 35112 1692 
34422 18444 44770 2611 769 20030 3815 38678 30589 33538 15956 7514 44363 19796 14786 20109 32059 6640 15711 9699 22802 15531 19250 14216 29022 39870 15944 29528 1850 3365 28271 33324 21808 25351 35934 19629 42432 36800 10616 25330 19699 26572 29895 16371 46367 44681 33532 27788 3630 1552 37486 23483 14135 6097 37699 43156 43019 3004 24993 44868 6368 5574 27553 25228 27976 15797 44856 19769 1958 4833 45098 21657 31404 24354 35079 27133 21344 20920 7230 22025 19524 41767 45508 30710 44915 32568 26175 40243 35571 530 34473 
38990 3155 14335 16527 28182 27183 10744 260 29141 15577 42409 159 44032 19072 35237 23474 37468 5519 27755 11802 22094 18883 6671 5113 16108 39238 28339 8660 24170 25920 40184 15470 29074 6829 29048 6617 31063 39792 6876 9565 4730 1594 9723 1071 17718 42012 21597 7495 44582 46403 16348 18985 17596 23019 24097 33703 11618 1797 39414 35788 27717 28960 619 6152 32840 29666 12769 16212 18819 16696 25777 23548 18290 32551 21671 33059 23924 43267 40553 20815 39031 9210 39799 8936 29280 13257 39690 37950 15054 28466 23099 
