19 21 11
1683 1027 1193 4 1653 736 474 1929 1498 1024 1350 1619 25 836 1134 1508 1296 1720 1505 1299 203 
290 1323 1865 257 803 1563 240 183 638 378 990 1664 694 117 477 1429 591 1529 86 1614 38 
1705 762 1962 1962 305 1293 841 933 627 167 347 1073 68 603 999 754 1930 1182 1392 344 1295 
215 161 1411 691 1590 1125 1343 1675 774 1381 539 659 1378 537 88 706 501 1020 456 668 490 
653 735 1093 1651 1488 182 1956 39 525 1286 254 1774 1821 68 1399 981 1411 233 879 1915 772 
1537 1328 432 748 1157 932 892 736 1599 1381 1388 1457 1597 199 105 1779 1278 1231 1427 600 1484 
1236 1544 676 670 1648 1210 27 562 1160 1886 1223 1611 353 6 1891 408 21 662 1131 1402 1174 
623 1034 496 1815 848 1773 1082 311 1496 1689 1546 1075 400 1340 759 733 1366 444 1892 1287 790 
662 1639 1884 588 1170 1904 374 336 1341 671 959 1499 1166 809 382 974 1014 1780 506 739 1362 
704 262 737 586 995 1226 154 922 548 943 1584 1310 1950 1295 515 1014 792 851 1478 1462 933 
1012 663 865 518 761 1879 333 390 1741 1694 1093 38 1554 1679 1032 815 1832 1078 1362 1898 1785 
1795 1008 1115 346 57 1907 320 1534 528 376 582 315 1240 1099 1075 278 555 588 54 285 1680 
1180 1838 518 247 1777 1473 1324 298 531 1144 129 1538 1383 1562 1594 449 1881 287 976 1380 1956 
414 1743 214 1488 57 769 111 1198 1053 915 413 50 1432 1748 950 65 1107 1248 595 1375 1376 
168 793 973 885 1241 13 1171 1340 1392 1163 1754 294 1376 401 1438 180 1600 672 356 550 208 
1494 1105 1955 479 1169 222 1726 887 1596 261 178 1512 1233 1062 1876 369 1357 1251 884 1643 1040 
1178 1054 565 651 358 200 446 1801 1837 1742 1330 977 856 1809 1270 1077 694 1280 1796 955 1458 
1343 1311 1643 378 1680 1035 1629 1687 1801 1792 24 15 392 675 372 1679 244 208 1551 1109 662 
1652 1 1594 81 201 323 1360 1121 401 1941 1587 1712 1620 1 551 1778 1629 1361 1615 580 1385 
