55 36 13
9845 28096 39742 48857 45775 45126 43769 38446 5675 31249 37206 20538 38314 1870 2798 44935 33193 40927 12736 1009 21707 31387 27664 29595 16344 5911 6137 23025 2046 7937 40162 33392 36032 55 31573 1958 
45180 24666 40403 21681 26742 48435 42218 14380 50304 45015 30141 3649 35266 13704 26159 27799 45090 24650 28220 32260 30560 34357 26111 32605 13120 15597 36823 49151 37153 39222 21935 31657 34715 11662 2662 10781 
30923 44879 46662 1379 10045 26128 26529 16137 10658 2012 14762 26574 48163 42982 8158 28047 26663 34268 31478 39782 20691 17625 9084 7168 6172 31018 9651 40886 13506 12312 991 44428 28017 18479 16633 8888 
15433 43161 46526 26090 16000 10612 1988 13487 2918 31647 41534 407 36741 22336 11015 6756 39961 41600 35425 46132 21942 15902 7169 6274 49715 8159 21529 27056 48139 38161 6770 12897 30647 2620 38986 46646 
13232 11801 9457 37651 43447 21817 38058 29513 14980 49072 7095 4265 39997 13347 21223 32765 29248 28391 39039 28288 7376 31394 26170 4839 18879 3767 39237 20352 6386 27548 37824 41119 10175 18108 28095 2946 
39924 15477 3285 4228 35375 10380 29994 46198 45228 22043 28288 23800 50433 38153 22914 28635 18871 19911 4301 8576 23677 43537 50430 30062 41911 37578 42008 1410 5010 19427 25858 15761 5730 29142 41490 41104 
10348 20809 7454 4900 42851 35741 50202 13436 44720 22440 42070 12915 42350 46370 42992 15351 10059 42746 16240 1294 29649 7572 2704 5485 48500 28561 21245 3554 28529 33562 15484 38877 3695 22937 43776 17372 
29504 14129 30807 23548 7396 43704 7289 49745 39398 50281 35923 49456 13178 22989 21577 13653 30560 24280 19138 28384 23667 11209 2764 1520 15597 39749 40396 19291 12011 4324 36663 12341 39954 38296 35889 47349 
31324 43177 46419 41549 13609 2493 11156 26787 25481 32732 40439 26867 27838 30403 26077 829 12439 50342 2349 28035 39415 13571 18153 22252 39396 25642 34593 28675 13262 19806 25348 15413 12307 42593 6286 47418 
45085 38943 23529 41392 21000 34794 39085 48837 14522 35988 49666 48462 35654 22841 25821 45896 36411 14800 17472 46634 40441 1389 24633 3028 42696 49980 39942 25830 41898 46227 22572 7134 34494 46100 19353 26320 
1045 29264 24482 37068 36079 44974 34854 21057 38641 31502 16277 45878 46301 4576 41836 6894 5964 15793 31423 19487 36600 20689 45316 49324 37742 17212 27284 43062 34138 17463 18707 35182 46727 14015 21575 2957 
8313 5753 24013 17780 8081 11117 12982 25209 37194 4143 32102 13984 41437 12849 33470 27361 33537 28110 47511 20603 45321 24120 12989 28783 41582 31695 34792 8460 16536 5691 32918 24848 32945 6256 13454 41026 
38874 26436 15559 46894 30578 18487 10202 42841 31335 43672 41029 14196 21106 37864 5625 37254 11308 18613 36863 23717 21135 20979 3003 37670 48171 35921 33345 30441 13003 46798 42293 22703 22558 28678 18921 23962 
47164 29122 37630 27823 43620 27983 12845 14051 15171 18469 22131 47981 7908 8318 42524 29042 124 16353 37539 48294 23100 20208 49561 36102 37832 41178 29631 31217 40682 48551 26005 37170 48500 12959 35819 41444 
40941 19490 26321 26939 8785 19278 45746 16693 49098 37594 45734 49221 3271 3424 17666 26371 23631 16552 33299 32290 28556 33757 12831 40065 2459 38835 48061 283 1119 4032 12554 12886 23521 9701 39824 32306 
50481 34894 48998 48903 43314 14883 18275 17412 18307 35940 43782 12764 23318 47907 45053 22701 30988 7208 12090 33447 46043 9475 4556 17988 13506 38611 30873 7854 19139 41524 40159 18944 47244 9308 17171 39883 
24190 6272 6619 13323 42211 21227 26087 36356 39960 41966 29883 20273 49174 41972 24546 15368 22273 50603 33355 6606 38539 35054 14459 7002 25902 25444 25945 22471 34751 13942 33180 8265 20213 39798 43090 33250 
10349 18501 40432 50308 31293 19639 41407 29791 32437 36779 15985 25537 36707 49339 32142 46072 4545 46600 2398 1273 21368 49844 45245 26945 34612 27749 35209 25651 16871 49125 29727 48721 38452 40986 19181 19070 
9949 31414 48860 13213 17518 14170 38749 3549 34335 20215 49620 9706 37641 22844 10979 29835 43514 5548 6104 48952 33297 12139 23927 20994 10589 24480 40542 49040 14790 9047 17434 46241 40460 37121 8778 7302 
22117 18353 32352 27278 38567 2123 36984 47034 46468 47962 26193 39306 24336 32296 8409 6957 15261 32335 49453 25849 27642 39319 45716 42431 48365 33976 37996 8976 41923 17600 37780 13364 35952 19456 11469 45345 
43081 48452 41703 38873 16565 38722 49006 40900 41844 6739 18684 6430 9901 38963 3105 8369 27606 48820 124 46797 2948 8947 26599 44870 26546 13703 29061 33325 3986 11356 27994 47066 9132 40524 6090 47198 
28570 25922 8249 41241 3488 48434 47670 34890 36721 21601 43258 13651 19746 43381 31274 44195 23154 7198 9216 20527 20900 38276 3176 46387 49631 1996 42777 29589 42519 19694 47613 41916 45615 5187 32481 19929 
2945 302 4143 10493 21902 47400 24143 12474 40106 26244 5993 34086 33441 15209 3937 25167 24311 28614 20879 44769 30610 34482 23682 43955 3500 42122 6022 19942 18135 38502 39870 42581 9630 44013 2398 31532 
40737 48043 44005 994 23611 20825 35080 27878 6860 39016 2369 31170 16955 23247 25263 18391 7054 19772 11670 32055 11218 39194 1321 29352 27020 12018 42759 7477 5355 45157 39008 16918 42524 3164 17912 36961 
45490 23818 14163 1674 33660 16531 32844 21441 10605 7431 10658 39160 48704 22328 20539 30748 32348 43362 9424 30194 4704 23010 37670 31560 17491 47504 48477 30841 50668 37215 17126 45482 31859 31288 47156 14844 
18645 151 7111 76 7581 17769 39235 27112 10923 9099 7184 43270 1785 38110 22788 27990 10444 9783 8874 27934 6611 6675 8099 28105 14717 46726 44414 46575 48840 40894 32245 38311 11871 39356 38387 19451 
6449 26946 17389 17371 6871 24573 9965 8655 12007 3579 36644 22450 34863 16344 21210 41474 23019 135 40405 8562 17687 34143 4461 15851 45863 36706 3486 7058 25386 12699 48011 2661 39645 14724 20031 46515 
10123 822 25997 22129 25902 33467 15405 10090 49811 7441 22390 43656 29077 12119 1542 46763 46262 6002 11938 12276 42707 36926 19334 38919 49624 16669 41579 9420 2219 32436 5260 12342 4084 2083 5297 29986 
35549 20702 40075 5511 49644 11789 49166 28046 23907 32 45635 40995 6034 6898 2596 19567 14650 43431 29313 35100 30926 20216 44520 33144 23479 20606 45485 27562 44190 21609 6872 29063 13137 46946 34574 12105 
29561 3891 10977 24295 3923 5937 14614 31458 34336 38711 21851 19812 31466 488 4236 11716 42206 19582 15687 15009 11014 31998 13397 4528 2931 20269 4418 16067 38041 9818 49674 16927 13708 9975 41221 17630 
15911 26661 49087 50246 14697 20263 19382 16989 42252 45120 28705 33782 14026 44391 19617 46542 25713 33014 394 50146 24109 26313 15537 11474 36130 14535 49902 49838 24510 11274 16792 11247 37935 36706 32320 1956 
27795 22528 40446 19371 16972 18475 23980 1825 33692 43596 19193 30232 47436 19586 29702 20869 45899 16065 32343 2180 30600 2396 1342 25936 13670 39636 8009 929 25666 40328 24386 24287 12181 14156 43657 50654 
3458 38463 23305 37149 31384 42497 38207 28144 32910 17233 19840 49635 33298 1507 1139 34724 25404 2481 31486 39073 12943 39494 10828 9435 50649 35213 33721 33656 20196 48204 4461 23653 35992 27766 31628 38202 
19587 19160 37172 23323 7219 6336 22282 11343 29344 23421 16893 4073 47403 48378 43145 31172 8024 3298 40606 7997 9337 23651 12479 29532 21179 16939 24011 27997 44704 26466 15523 35118 16452 2020 7765 45172 
8355 874 5840 8526 45796 22732 12598 13350 41937 26569 44521 49960 693 34451 28783 10030 7426 41261 10388 50106 7524 5226 27428 23055 31691 13777 28999 18969 15796 7590 13465 45653 8463 19304 3503 25085 
12863 37602 38434 25626 13495 32279 24910 14188 16054 24519 45719 44981 15104 26933 15239 44129 2985 42666 38010 34675 27269 16333 24470 43065 45425 37935 8869 24714 28065 33873 49799 11754 20799 37557 37379 34293 
40663 11613 19307 6041 6958 35852 21849 22061 12110 37087 37017 36596 50579 45853 20596 27172 11511 15892 41063 27762 3151 49931 1800 2043 33128 22425 13796 3251 9307 500 8371 49969 33614 49179 26836 40572 
34356 19511 33459 17292 5922 19800 3212 27327 14978 45309 3824 47990 32028 44886 25076 35178 14969 48377 37220 18923 20127 21843 43676 260 22342 22873 21055 5280 21376 18717 45851 26558 38228 28635 14676 44149 
19261 39390 42303 5065 4850 46126 2379 36877 11163 48956 42882 47633 17485 253 15881 37611 22095 30383 8697 15263 2580 29751 20543 45457 48467 37220 42842 6846 36681 28344 21822 26769 17058 13449 31833 43410 
8899 5039 438 41563 24821 14146 38521 42305 35901 25228 67 28822 4935 8763 44085 29016 9340 35454 45299 28634 21998 37465 35479 29506 15134 6625 5599 3018 20073 37431 17254 50473 13296 39194 41361 38117 
2664 33 29746 38564 25260 640 16711 1021 9402 10120 863 40244 16400 46161 18202 9224 3778 3005 38729 40413 31132 44327 14257 529 1910 31511 21829 36707 20029 12514 24148 22692 34048 24721 32083 8632 
25360 19620 31154 5588 566 2843 45831 16965 19830 34859 26188 23607 8691 14242 34846 39822 29395 49103 11177 2131 29938 33005 38838 20793 45518 12310 14311 28890 7857 46393 8348 33216 15337 10328 9631 15902 
34672 26288 3693 3827 10472 29881 48935 40664 14949 33106 29810 44343 2360 40986 46474 3124 23316 5463 23916 39660 39274 9053 39377 47131 4771 18551 498 41609 28879 31630 28338 12875 7243 32030 38203 39216 
32737 36463 29204 47685 40395 29840 41353 42754 20150 7978 16704 14292 34942 40619 3277 23540 49671 13480 19995 25268 32030 41995 37704 10233 22949 36868 44610 1018 39724 2964 40233 21786 39426 40263 40297 50647 
19427 1801 13552 10404 31280 30255 24695 15546 41700 49473 39086 11523 12277 29907 7617 44307 21226 45320 25366 15002 31512 40802 16019 42063 43766 27079 34675 3343 16666 24296 3315 6920 26097 38368 17323 6701 
39450 12844 22247 30474 11642 32159 12823 45420 11390 20440 9878 3443 15084 35244 39946 17423 25370 5289 30312 39962 32367 14311 43305 19860 38606 17446 26779 14027 26640 44101 42230 15414 6269 13801 16715 39412 
16786 29537 34157 49677 20803 44034 2444 6714 50104 13216 24136 46301 40007 25274 35587 43200 39584 49718 12384 27514 16488 39162 12368 43128 3414 3922 29368 31185 39224 46082 41423 5334 46446 24904 4335 16573 
39765 28281 23286 10020 41496 47421 5645 30827 43521 12059 23352 32429 11101 6562 9268 27589 16551 43137 41543 19964 47058 20235 21975 35606 37144 12723 40939 32914 8453 16100 49486 19044 44380 22097 29064 6028 
40344 34708 36854 33190 46766 31032 14943 28694 37594 45712 27109 3469 38173 17976 44934 5382 9037 37736 40987 46180 50458 2077 28418 29737 39679 27229 48781 33383 49325 27169 39410 9820 32703 47091 43009 50296 
48949 28779 28314 35867 23815 4747 10162 32815 44224 25923 38196 24087 12983 50010 19592 34267 1411 18836 13328 11916 46064 32935 45299 15540 9428 4860 46862 12958 1275 39195 12578 50224 17298 40891 6242 11940 
16464 37906 44754 31514 13153 32274 4925 47637 31608 24516 31228 3846 43352 15382 15761 9567 19144 31886 46609 50073 36746 42795 12355 8847 2141 24932 29897 19439 36649 36139 2205 2437 23369 46958 33950 7348 
50058 9702 4309 1818 34217 6363 5663 48395 43246 42925 28789 33216 45638 46224 32614 31708 38343 44968 11381 11310 19225 41278 30748 5198 48243 32952 29137 42438 61 33913 49785 50119 43614 24920 1261 48658 
2109 28425 17204 16181 42176 45992 49397 37138 12367 31335 39672 21536 47129 378 32846 15678 12482 34420 42378 10049 16697 20839 23313 38259 4076 43924 37702 18517 18168 9789 16499 41778 9040 33702 28785 541 
50521 49008 37678 12212 494 48177 33748 47623 48554 37420 12625 31862 21164 25829 41910 37860 46667 14547 46946 21570 7795 4799 40086 47464 14588 5909 9393 45129 10437 38177 45669 10282 7337 3499 43996 7830 
1000 48570 4777 20380 35314 17402 1566 5802 14057 14302 14489 10049 50350 10759 2445 28971 15557 42530 47261 971 19265 5978 46100 29701 14981 41093 10810 22317 15418 4130 30147 37919 2024 34923 29125 37337 
