79 86 46
439 3080 287 1917 2240 1702 2071 889 3771 3687 2907 2444 2746 447 2627 1158 731 2941 1653 1092 2576 266 1834 440 1703 1566 2936 2746 2563 3379 3321 3248 2865 13 1570 1263 1961 46 2151 1891 3733 1464 740 2637 1910 3366 200 2888 2465 1852 138 1447 2117 1971 2133 225 3783 1474 3218 2751 1012 2697 2158 282 2957 133 1544 1076 179 101 3213 70 1564 111 2953 3720 3723 3153 2766 2594 1163 3150 199 3527 1527 2578 
3751 1468 211 3127 378 1469 2230 2782 1750 1345 2914 3293 2667 3092 3393 2039 3408 1362 2396 2520 1241 2525 2078 412 1277 3240 3809 1722 3172 1494 458 3082 2961 668 2367 3585 2136 755 2525 44 2346 1845 3584 1172 1342 3135 3210 909 656 2011 3675 2143 694 2158 2801 1970 1803 2768 3691 1134 667 555 374 3628 1222 2987 3618 3605 3742 2549 3648 2493 552 3390 3664 2140 2931 3279 3295 3833 1449 3375 2381 2389 1691 1340 
518 3494 514 614 786 1180 1415 1406 1213 2637 551 990 2400 698 3538 2453 3191 495 2249 3013 2634 1585 2698 2335 1576 305 1868 362 2940 3559 1701 3704 3458 2461 724 402 47 2138 1807 1259 933 2604 2495 3579 3302 2191 2438 2651 2932 1092 2069 1972 2676 925 465 657 1476 2579 1018 575 2296 2965 437 2159 1585 1160 2560 1631 3298 772 3136 636 3376 1790 621 2836 386 3058 1892 3565 555 119 1695 3230 1044 2406 
45 2519 1143 1309 3093 3686 432 3530 2250 2016 1095 969 52 551 1987 3188 1187 1768 1383 2054 762 1768 1270 2653 1491 1824 3019 3432 1459 221 2243 1750 2739 3386 3058 2238 3477 3489 2173 1885 1911 3267 3100 2209 3818 1493 1802 1410 3260 3184 3463 428 1358 1138 3080 2848 3208 2257 2686 1072 2724 1087 2821 1869 878 2037 265 760 1931 2437 2892 247 1862 2150 2456 2085 48 416 3741 3308 6 3362 3735 1363 905 3220 
616 271 1883 3301 1342 765 547 568 2880 1671 2851 3144 2431 941 1986 1481 1187 254 36 3642 2338 84 464 2485 3391 469 2252 3531 2078 3157 3156 2693 3674 1197 2400 1422 2209 3193 1989 1247 1022 999 550 3452 2186 2782 1338 3372 3035 1374 3420 1779 1457 289 422 1253 1004 2673 1189 3081 2235 503 1932 2068 1700 737 3489 314 88 1636 1560 1110 2881 2356 967 1225 1297 2305 1003 737 84 828 2515 1540 1116 3183 
3039 2119 2015 633 1358 655 1135 3536 2722 3081 432 2616 3394 766 658 1113 2122 3538 3715 3089 1169 1170 1799 2171 2154 1882 2998 827 3668 272 169 3112 2637 2430 3744 400 3084 1037 94 2212 277 772 986 76 1538 1643 1435 65 1587 1309 3153 2755 2725 1357 1084 1037 3238 487 2111 3064 1005 2279 2334 3641 1114 2483 199 603 3520 539 3061 202 1311 206 277 3095 2095 1959 3159 3681 3267 2718 2594 2397 233 83 
3434 3471 569 1703 2940 1573 387 1680 1372 1747 321 1817 2349 246 2356 1569 447 72 2021 971 3166 274 2929 2730 361 2601 1853 2954 1156 2086 3284 995 1962 11 2944 1307 1831 3330 2986 3449 1482 3554 1425 3831 3799 3780 1805 652 10 3825 1869 3422 504 1203 2557 864 209 569 224 1611 2654 3507 2606 774 3764 1955 2080 1753 1444 1472 1361 3172 1431 3032 3161 1388 2970 1371 2286 3226 1601 560 2806 2105 1762 1521 
3215 2217 2336 3685 3828 1148 3350 2839 2168 3520 952 654 1678 2642 2372 3038 1973 3802 2475 1292 1348 1603 2910 40 1234 669 599 445 3020 2608 2213 2394 983 707 2237 1216 1855 1993 213 428 1918 1165 1081 3595 3806 3452 3039 1937 3412 1672 3476 1166 3522 2544 1452 914 3459 2297 1606 2638 1310 3818 1437 2540 683 79 3755 2784 2318 374 3212 394 1538 698 148 1749 556 3433 92 373 1263 3814 1785 1190 2763 3236 
2104 2380 1939 3709 1176 3248 91 2859 1946 1020 2938 1860 3804 1414 2233 3421 2055 176 277 2449 1924 1079 2040 2262 1452 3302 2234 3236 651 1155 2878 3001 3535 975 3115 1116 381 3452 381 2327 630 3318 592 592 1137 3071 418 3191 3493 942 1798 1822 2020 243 243 3718 3545 2476 3113 601 37 2396 7 3818 3370 3368 1339 156 2978 1719 2729 3607 1442 3320 605 2579 2796 1022 2175 2447 1963 379 428 389 621 917 
265 571 3392 3624 1418 3675 2178 1424 3651 1953 1197 1149 2109 333 3114 996 99 715 722 950 3540 3764 1971 2120 2617 340 2498 3044 728 3366 119 1239 342 3757 1022 1760 3838 3446 3430 3647 1558 786 1201 72 1365 474 1314 1463 1188 2282 2412 1133 2452 789 3252 1227 1128 2156 676 2102 1680 1041 3587 2021 956 767 186 1199 619 3616 1005 2423 807 2452 2494 2171 2925 213 40 518 2742 2698 1650 1352 3486 1308 
2578 1019 3463 3253 3367 1301 452 3113 3568 1654 285 3754 2853 903 3528 263 3325 493 2714 2224 2910 1798 2684 2949 2562 1584 1806 618 2935 1450 1925 1918 2716 1546 1329 2241 2846 2027 1759 2572 3680 2044 2484 2938 2946 2417 3200 2677 3156 2073 1306 2225 276 395 1332 2837 2225 3137 3454 1318 993 1784 3482 3708 3329 1216 2354 2333 3242 272 1311 3328 2562 200 2424 1666 2617 1783 748 1931 261 2301 561 783 2942 1893 
25 1326 1435 3479 2890 2427 1668 2531 2540 1156 3746 1053 3735 3147 1571 1204 2633 291 1404 1462 2203 426 3491 3198 2603 3751 1904 3164 692 1004 1215 717 2329 2649 601 1625 1482 2268 314 180 3423 218 1479 3564 3611 3296 926 2649 3586 2576 270 2195 3001 3760 1551 1763 76 3701 1085 1014 863 2546 1730 3439 1600 2577 1222 3081 1251 1535 3261 1079 1999 1145 801 2016 600 1727 1070 591 708 1586 2785 3709 1752 741 
1877 1827 600 3208 3087 1710 2159 1223 1307 3758 3799 2775 2998 1208 715 2664 2287 2960 3808 3334 1134 813 1219 2451 1404 2174 195 594 2041 2193 1335 323 425 2181 3777 3512 49 2094 893 1602 2010 850 535 1413 2305 1249 235 997 368 449 489 1748 1508 1955 357 2911 287 799 3505 2574 3238 1245 2896 3663 3425 3078 3333 3721 1330 631 1481 3586 1727 2016 1158 190 3511 1639 1433 37 2334 2169 2032 1 282 2635 
3158 568 3680 3068 3388 3077 471 2689 2898 302 1925 2636 181 3501 3266 1661 3245 1151 82 808 1588 3593 2447 3267 35 1186 1594 2066 1433 1875 1107 750 2689 945 223 2235 180 694 1329 3077 1242 3253 2118 1669 2912 1542 3329 2563 2940 3658 3370 933 3409 2222 358 3443 3655 1952 1915 1246 232 3021 1995 2921 124 2218 1561 551 3158 2890 33 805 2548 2151 2473 1866 98 1960 587 3037 2023 362 375 1590 2831 733 
1439 2644 2684 3353 48 3162 2779 2290 2241 2902 913 208 3699 229 3344 3732 1280 2050 2041 3752 321 2138 2117 1154 1581 299 1763 1955 1888 752 2934 3573 3395 2023 3084 3689 1344 2021 2137 3831 1329 3296 197 1186 3524 3540 1076 1209 1996 3363 1119 2316 1907 3236 3717 3734 3781 1638 1847 1827 2389 1187 1559 2189 3209 1048 2283 711 3316 826 701 1050 280 1144 2482 210 843 3805 1418 3085 3573 2537 1806 1638 2178 1681 
1530 2117 3318 3624 349 2112 969 2154 706 336 3449 2989 1294 2923 220 1994 378 499 3384 2859 708 385 3069 2126 3716 2801 1068 1681 597 3245 3608 2374 1767 3332 2156 2115 1602 3124 428 2555 3706 35 1949 1158 3204 2168 3398 3581 2666 2941 2845 3621 3572 2320 1905 3447 1279 3219 1533 2122 2869 1299 654 794 789 2809 2908 2638 2338 3582 1598 2450 3616 3546 3607 2978 1872 3411 2964 943 2510 2215 722 2240 693 2873 
2092 2218 2250 3624 498 1277 1329 1152 2070 2117 366 1384 1160 2951 1124 2757 1559 1146 2461 1571 529 738 1140 3493 1681 55 2113 2649 2542 2805 1681 792 1428 336 822 1925 1860 2150 3323 335 672 95 1718 1832 3045 3089 747 1009 393 3455 2579 921 351 125 819 2278 179 2931 1086 2720 2141 3013 3759 3568 3595 739 1899 1613 3135 1380 2195 212 1474 71 2043 924 3406 3037 1932 3798 2650 917 878 3247 1041 1943 
1684 1466 1033 3016 592 3420 2434 509 3147 2187 1494 1204 206 1034 2830 2400 1245 710 2717 3288 1633 2282 2730 3812 2485 1785 1134 3362 1190 2421 1711 3120 45 2743 2294 636 2321 886 1391 1873 3320 2884 3323 3525 323 2312 2083 1568 3021 958 1261 1059 3486 149 1276 2130 1933 2409 1897 3122 988 3607 2648 1280 2755 1100 2162 1235 2233 3553 3354 1958 2842 2836 1641 3165 1553 129 891 732 1333 2151 2037 978 2299 3313 
3354 637 1880 1409 164 3115 1422 2811 553 335 70 2714 1816 2549 2425 1329 665 1426 323 2552 996 2122 2927 1886 3100 418 442 1295 1642 2987 766 1154 3623 2893 2810 3786 2166 390 2756 2965 724 3072 1837 2540 2026 668 274 2937 2340 596 1647 3335 2964 979 1379 2222 1396 2067 3516 3285 1212 688 597 993 3827 3653 1184 2151 201 98 1274 1172 3416 3357 3711 1600 183 143 942 2522 985 2588 2015 107 3813 3640 
2575 1368 1865 2249 811 3076 3183 1654 474 3168 1466 1658 1477 1666 2002 2997 3084 1577 2513 2953 3423 2942 3342 524 1623 732 3358 3637 1085 3330 3683 3659 1103 1953 2314 2160 1435 1655 3813 1908 1229 1437 3812 2952 3350 1973 2108 2592 3796 1026 1951 3624 126 1698 553 1995 2677 317 1791 3761 3646 1879 3826 1154 3831 2545 3313 1424 605 3284 3579 1833 1127 3549 944 882 1680 3298 3720 1881 729 1829 1664 1101 3774 2463 
3096 2609 2779 1292 2775 2830 3170 3006 142 3406 1956 3454 989 2561 3144 973 799 676 680 1989 1557 2607 1445 1435 893 2420 3511 2556 3521 3690 1178 2775 2457 362 225 1637 3192 3641 802 3333 3205 3004 3193 599 1723 2742 1571 2522 3417 2498 669 1379 1263 2361 3060 2155 939 2976 1117 865 2824 2541 3639 1686 2902 22 3323 2252 68 530 1991 3273 3533 1589 30 1662 489 1848 342 311 504 1257 1936 1766 23 1401 
326 962 536 1442 2073 3359 388 1871 1204 3290 2139 932 1947 2207 1708 343 1638 1646 1931 1914 3307 2666 3761 54 3223 670 1311 1564 2435 1580 2965 3008 2788 3500 608 1020 3264 1243 2890 873 691 1434 1804 2884 46 3758 3474 1683 1563 1563 3 1028 635 169 1082 263 839 2639 1827 3520 377 950 2686 3165 608 3541 590 30 942 3479 903 1879 1318 2953 921 1364 2870 800 3293 838 2363 3295 1865 3244 3711 3193 
3506 708 2237 1738 386 2861 2687 3319 2431 3541 3018 3020 3818 118 2904 1126 1996 380 237 3163 1990 3353 122 1442 349 2731 1142 2461 2380 1011 1812 2291 1965 455 188 2598 3562 3121 2075 2151 2821 1251 1576 3044 1615 638 328 3610 1264 811 3178 3501 323 3546 1101 918 2682 2489 3378 1220 3747 1596 3758 1870 2050 104 626 1770 3471 2700 326 2697 356 1901 1899 1970 2785 2473 1985 207 3284 1322 113 12 1273 1213 
929 114 108 466 1580 13 2308 1496 1882 516 1846 2755 2532 1476 1613 3104 331 1969 1163 2477 344 106 1108 2329 559 550 56 672 808 1328 2131 1737 1441 2238 2449 3021 2250 915 922 538 1677 2768 3292 614 402 1063 3717 732 3278 1038 3455 28 1390 722 2356 2195 1518 2411 3113 2326 144 1403 468 1585 46 2916 1011 2296 236 1932 3080 1912 858 2530 2525 1259 3839 2647 2238 3523 3684 2098 3550 1479 2819 2064 
3673 743 880 2945 3315 1023 753 3782 2854 798 2856 270 3340 3338 2202 2578 1408 3306 1266 338 971 1511 2984 3455 1192 3073 1711 900 710 936 3210 788 1678 495 138 1151 1517 890 1338 777 1935 599 1046 1433 95 3247 417 1502 2959 1929 2086 88 3439 1228 3542 1036 459 1411 1935 1415 2593 1550 2449 429 2044 2587 1826 3561 3476 3163 496 1816 3761 1541 3496 14 1194 71 1762 311 2246 6 645 2091 1480 345 
3126 2185 2002 1220 3599 754 2769 2207 1429 972 1199 3255 938 833 2823 1680 2649 2990 3467 2550 3003 1066 2620 1171 1623 1271 1176 2267 3361 2656 2611 2646 1246 1019 271 1251 1772 3286 3457 3447 663 814 3107 1600 1893 2089 3526 947 1237 3152 3496 645 376 2521 1815 2246 3792 3238 671 3558 2299 3282 2362 3544 706 2632 953 2724 2324 815 2329 2986 1875 1842 745 174 89 676 1367 1572 3827 1022 2463 609 3789 684 
2854 145 80 3771 3703 2625 3211 2223 2327 322 1261 3527 3045 3584 500 1780 2975 2622 3621 125 2795 115 801 320 1933 1033 1588 554 1888 1536 1237 1147 1927 1563 1077 1788 346 693 417 2920 1015 1677 2852 218 1666 3351 1997 799 2378 2023 924 1331 2137 1971 1898 228 3003 3732 782 1050 1673 2265 2196 3600 234 3272 1546 826 124 1962 3745 1385 44 2755 1602 1956 2512 5 3002 1295 2027 331 2873 570 2301 929 
797 1462 819 1825 2758 2492 496 1360 2497 729 790 201 1554 1160 2410 1705 2544 2453 865 552 568 3623 556 3569 1324 2829 305 355 3398 2605 1530 601 472 2595 2425 3230 1492 2920 748 147 54 1784 348 1855 3191 2757 3806 1893 1615 1076 2444 2182 1105 3246 2156 2428 2481 2707 2782 2284 1470 470 2884 2189 3311 1715 1577 962 1040 2571 1108 1094 760 1455 3195 109 617 3159 2249 2232 640 851 819 1744 503 3222 
330 3230 2087 3358 1672 3804 233 962 2151 3544 2923 133 664 121 2950 2018 1461 3709 3473 814 224 495 378 2472 2973 1265 3569 3792 3008 477 3419 3585 3706 1911 3101 1784 1873 3581 2745 429 3283 1826 561 352 2193 3510 2369 3654 3625 2247 873 254 2989 1498 2972 2120 2762 2699 2317 2175 3176 1894 1918 3287 3805 1425 1229 2083 1164 379 2512 852 2451 3072 1203 803 2988 3818 862 3018 2471 1981 3271 1618 3478 2401 
3737 2645 1505 2213 979 1086 512 3143 532 722 726 2007 2805 1889 2386 1475 2987 995 952 348 1797 345 572 2905 3362 3042 1045 3038 818 928 1844 960 3573 3596 3419 957 840 90 505 1618 811 1231 3625 21 3366 2169 1495 2512 3410 2694 3106 1613 3038 3677 676 2806 2877 1967 2249 100 2895 499 1060 2873 253 884 3829 1339 973 492 3204 2031 1969 2987 2051 1741 1561 3793 411 1376 2645 3763 2988 2088 3599 70 
1299 2881 2036 3548 3228 1089 452 693 120 951 1576 354 2536 2796 1093 1898 985 3308 1043 3035 1207 2850 2986 1864 385 2036 1786 3619 283 1790 3688 1581 829 2130 1534 215 3465 2232 1154 3832 3182 2730 344 2124 1684 1683 180 2915 1150 1470 2108 2603 725 1500 626 1109 3535 2658 1134 223 606 1227 2051 1434 3356 3831 1896 2980 2222 3296 2970 1809 2184 3560 91 273 1649 518 3187 3045 1987 1701 1806 2711 3200 2678 
226 3140 1494 1359 3363 2099 2585 1819 3780 2347 1808 2081 1732 435 1535 1107 2491 3719 825 2581 397 2720 3098 3584 1923 1490 1443 135 360 1048 3059 832 346 712 2190 114 3057 1180 1932 3242 3526 146 1481 1416 827 3016 2522 3317 3140 3594 2057 3783 2719 1560 3525 1048 3050 1373 1429 3656 2420 646 646 3013 1604 3082 3373 820 420 1711 467 352 1856 1948 1767 2682 1369 695 2158 667 694 620 608 3412 2426 539 
865 1634 2158 2293 1695 984 2939 2340 155 701 1580 3527 1767 2247 1643 2234 2598 3745 587 770 2586 1955 1711 1149 2868 2404 2015 3475 2222 599 419 3086 2480 2577 1538 580 3560 882 2920 120 1829 905 52 2 3398 1695 2235 2154 1598 3068 3171 589 1181 1040 1984 207 3691 157 87 2318 1003 506 1809 3729 3329 3593 467 3294 633 3633 3413 2462 944 3464 2463 500 1564 1103 2901 3162 329 2230 156 1509 3516 2140 
1962 3612 2543 2048 2088 3545 2800 56 3432 2534 3648 305 1986 687 96 1804 3148 1039 1674 2016 1786 3237 3118 845 2804 3693 3321 2960 1607 3242 1258 3568 3013 3800 2021 1259 3751 1227 1561 3588 166 1615 51 2152 2301 147 361 1607 1432 2034 28 3217 1677 3392 467 886 3243 193 4 1008 3435 1508 981 2853 1714 3248 517 1623 633 2078 1369 799 3692 1667 3197 2398 1813 3804 410 3491 2244 437 3114 79 3828 3580 
964 3476 179 1215 642 19 2722 1869 2871 841 1275 3387 2463 2155 1870 238 3200 1967 1904 2802 523 122 2764 932 18 1166 1615 3131 1244 1601 3117 2455 1482 3295 3669 2370 3313 2796 397 2589 3637 1919 2134 2505 232 163 2742 3678 2376 1051 2638 2899 1419 1560 236 1437 2726 1851 726 375 3698 1 3076 1339 3542 2903 3708 3260 2105 511 2007 1900 2429 300 563 2907 709 3552 2743 3084 761 1539 2388 2427 3345 2624 
22 2476 633 747 3098 736 995 2332 2074 695 1641 2188 361 3745 2698 2367 2050 1532 2913 2612 597 3621 2569 3586 3111 3577 1530 1657 2162 1280 439 2183 3756 1318 3176 3259 2054 329 1996 533 1271 3636 2967 1631 3786 1823 403 2241 3601 3316 1259 603 3095 3827 594 2611 3562 2123 427 1882 3403 1112 223 3564 2430 3399 2981 889 133 1135 1668 1650 1177 794 3280 1368 2863 89 3609 2623 3404 1026 3472 2904 1258 225 
1674 979 2347 2347 2860 2155 3458 3330 2124 2293 3134 1510 3181 3513 2892 1255 1322 227 2048 1007 1841 1069 1095 1608 97 657 2880 3569 3561 297 3793 1393 1275 2545 3739 540 1106 3602 275 3229 2054 3408 898 1640 3080 3789 2894 807 421 1347 1813 2261 2663 2908 275 2759 3564 3154 2733 3530 3697 2931 1328 1377 1882 1472 1917 2987 1233 2438 2621 3533 2005 3518 1331 1490 3712 631 2296 291 1977 267 2799 798 3421 3073 
3804 3144 2632 2942 3079 2488 2032 566 23 72 2037 2186 3305 3516 783 2084 3207 3034 2008 944 929 1878 1574 3224 2169 3550 3737 1126 754 3564 604 716 3113 3235 3657 2350 1881 2094 2915 1904 2412 1358 248 1875 1279 1277 365 645 469 2372 1588 1397 408 3161 1026 2823 3116 1169 354 28 891 957 990 162 598 806 2758 2478 2899 2079 787 1470 3436 1282 3591 873 2558 114 1764 3274 2732 3351 829 3387 2917 2102 
2368 2439 3270 2969 2466 566 331 3456 974 928 667 3731 3653 3812 1968 598 1687 1809 1879 1437 2682 596 1797 851 28 688 608 1103 480 3524 3451 3094 2121 2879 2221 993 3691 2799 854 823 3726 1520 713 3537 1490 2680 541 3177 648 2419 1019 3576 3261 3062 832 3535 155 1439 1044 634 1369 653 3728 3489 3779 2107 887 3628 1064 1740 610 1196 3259 1569 1138 1155 407 1678 490 1301 503 1755 1282 169 975 2114 
3704 1130 3552 1153 1763 1079 1805 1649 974 1742 162 1860 1776 1472 6 2385 2914 3264 112 211 824 765 2135 1560 2313 2884 3314 3594 3053 695 2113 2915 1824 1824 226 3833 3149 2277 1888 528 425 2049 2388 2200 3767 2393 990 3087 2062 1348 3297 2886 2359 1837 851 830 880 324 830 91 1018 2942 3252 3088 1171 3724 3079 479 2159 1125 1006 2830 3420 3640 1188 3593 2438 2177 2838 906 3771 2540 197 2289 535 1047 
3118 1661 1617 106 1998 2634 3295 1408 1880 624 1290 1365 1349 3696 2736 2602 2684 2315 2647 278 2066 1491 2701 1309 2643 2631 7 2839 1078 788 291 601 2449 1908 954 605 947 407 2260 2827 1277 3796 597 2873 56 3332 1880 2987 1805 932 3264 276 2422 2370 1831 1223 1159 1837 467 2483 2872 758 3084 1726 2912 443 2577 17 1096 995 3090 2372 1197 3686 1650 1252 3177 3529 397 1387 620 66 1910 3288 2436 3740 
917 3841 1983 1383 2483 1013 2387 1972 2738 1457 2661 1473 1474 3756 2715 722 2533 70 814 342 1568 149 276 1965 1535 1142 2030 3444 589 871 3590 1505 871 1731 3134 3600 2743 1927 1977 1886 3383 796 3605 1262 957 2478 2231 3489 2794 3044 3830 521 3439 512 2485 1132 1653 920 982 2488 2038 730 398 3155 2460 3532 2913 1608 1864 1295 3493 1405 2337 3256 2914 3293 2140 1550 3187 1092 752 3423 1612 596 93 502 
1727 1745 1669 2955 639 112 90 1036 3266 2796 973 2337 562 2836 37 213 647 2620 3716 3807 2071 2014 1515 1416 3352 2513 1244 1370 3108 1336 2118 1240 3328 3786 354 125 56 690 1160 3568 3486 2380 2310 206 1374 2346 666 2267 1124 787 2232 3441 2800 3746 1263 2557 2417 2506 85 1683 1 2203 3170 3575 2394 3770 3699 2697 618 1264 2423 262 3643 892 715 1423 3484 1627 3689 767 2413 2327 366 1618 2231 1875 
333 1054 540 418 2983 787 2867 2311 520 1419 2239 377 521 3104 1887 2944 3365 1689 241 485 3358 3724 2111 3452 649 682 1937 1262 2299 574 3136 2879 1627 81 3296 1015 867 2321 3326 1386 145 1970 2009 666 1232 55 15 1003 1990 255 1487 1506 137 3598 1363 1033 685 3547 2541 3231 279 2082 2268 2152 2163 1969 3166 3029 695 2897 821 839 1273 2829 1751 2504 2883 2012 3753 1031 2266 1399 2783 2650 1402 305 
88 2333 10 2628 1722 535 868 148 2686 3030 2363 2257 2465 3057 1313 3285 302 2585 2272 2052 1494 1561 470 1653 2838 2735 3298 1780 1790 858 2331 1877 3437 2587 663 1318 3121 1531 1712 2212 966 234 627 3430 3537 2186 3120 3838 1176 1798 2296 2670 3358 2765 728 2354 1905 184 539 3695 1288 3116 1730 883 1861 2640 2200 1387 576 318 3598 1788 798 631 1624 493 2816 902 737 151 2699 3032 3067 2462 2202 200 
1222 265 383 1760 365 1670 1035 2342 2552 3142 1140 1158 688 1962 1475 691 3749 2519 1568 1531 3011 790 2433 3747 1187 1537 3184 412 405 1544 858 1626 1809 1240 3632 2173 2909 1072 673 1619 620 2059 3023 1554 179 656 2244 87 3174 218 1617 2591 1007 455 2743 2193 2239 2086 2851 2643 3629 3708 674 1843 1106 464 422 420 1783 1341 2285 2402 3647 1467 114 3825 2369 2604 317 1949 2821 2181 698 233 2635 3440 
2425 1032 1931 1681 80 1966 1547 753 3808 2899 1464 635 3318 3246 2223 1762 2053 2028 3475 2413 2258 2002 1422 2822 109 649 1161 1053 881 3795 652 3553 1233 2829 1392 1312 953 2939 2312 1167 1996 3775 2048 1720 3426 429 3481 1637 2703 3114 455 1120 1521 1876 100 1630 2524 1507 2682 3405 1707 3580 3363 2939 2568 913 657 3767 10 2968 1092 2253 2901 3140 131 2485 3815 17 527 2677 3377 1228 202 1303 3103 548 
2932 2033 2054 2020 1843 3760 2005 1364 3105 731 2276 3761 657 2533 2887 1995 944 2193 1540 1321 1083 1514 1584 1856 596 1366 3083 797 2668 2591 1344 2006 782 3644 431 2624 3809 2435 146 3072 3166 2422 2991 228 1360 2283 2469 2550 634 168 276 1963 1928 1859 3818 2523 3471 3059 3319 2544 1809 1068 955 2837 1117 1385 1620 1084 3820 1765 315 3391 592 3305 24 2198 1994 2492 906 2627 2906 1181 996 992 3286 972 
3761 3162 437 3238 1865 2492 711 2819 1487 1827 610 3106 3158 588 1277 3472 384 2115 3182 654 472 1334 3392 1624 367 2457 2805 1362 3695 2249 2580 3615 1570 3016 3258 3681 1666 128 2905 3400 2201 3514 2664 1517 507 346 1394 1137 2461 735 1790 3179 2315 1341 961 2681 203 3765 448 56 2420 3028 76 395 2449 3334 234 521 3708 3385 79 2314 3058 2989 3831 3811 3335 1630 1107 2201 2364 3143 1538 838 642 2498 
3765 844 2669 619 1147 1494 52 1222 1888 2500 961 2368 3020 827 1911 3345 3141 1374 2493 3377 1591 1986 1165 2944 345 3776 2245 2129 1019 2887 1032 942 136 3700 1807 1282 1599 1858 2751 3733 517 3711 2506 3783 944 823 3534 243 2196 2185 25 192 576 1436 3135 1167 1370 1539 3295 2388 831 485 3577 966 591 1542 2495 2436 3647 1404 2328 322 1520 992 510 2463 1814 202 2952 416 2633 3223 607 3455 818 148 
780 2434 1686 480 981 2516 1212 963 3728 2049 2751 2628 643 2556 437 2970 3124 1957 368 40 825 2428 488 183 2843 3121 3405 3697 2734 381 3 3761 2815 1935 399 201 856 1610 1410 989 3658 566 3617 707 3122 212 82 2651 2415 449 2690 3487 3124 3178 3669 2372 2704 3232 2227 1596 19 2476 1762 3080 816 2161 3527 1918 176 1342 2907 240 1907 2682 946 1434 3140 1027 244 1961 1723 3180 1606 1005 2763 1433 
3376 1625 1070 2009 3468 1088 643 1388 573 1706 3548 258 3623 130 1599 2688 369 3753 1775 1314 1345 1321 2340 1835 3528 468 1174 1292 1472 95 2971 1254 1720 446 3262 1593 1534 310 2980 2353 2015 2934 2611 1797 3063 615 890 3431 526 2912 903 2118 391 3489 111 77 363 1284 1615 1834 1626 991 3087 3592 1436 2754 1343 3216 3064 481 1728 1237 3414 744 3280 2635 1605 576 2471 2131 3487 3620 407 283 3515 517 
606 36 2048 2220 2116 79 3457 1362 3670 1051 274 1171 673 3584 1898 2400 980 1718 3390 665 758 1153 1240 3229 3283 1132 3007 95 1414 2680 859 2266 2962 3153 891 1237 3231 506 2598 3059 1804 3118 635 2476 2861 2779 1034 246 655 582 1157 1413 1981 2644 800 1423 181 212 1764 1842 2892 2622 266 2259 1933 1157 3495 1569 1662 2498 786 3712 1775 1667 2346 1041 605 3379 1533 1259 366 2689 2918 2347 1738 3717 
175 1919 88 1938 3760 3226 966 184 1643 3145 1587 1297 873 3496 3794 1905 3366 1974 3572 1871 3261 582 1655 952 2087 2268 47 1164 1020 2031 1039 1194 108 1373 3378 273 1004 502 704 2647 53 2290 349 925 1944 548 2829 1716 2769 2806 3586 2188 3387 1646 3387 1633 72 3433 2796 1091 1869 240 2531 1977 1613 2068 2496 2616 2816 3199 1668 2868 1648 2263 198 3838 3058 3027 1959 1985 1991 1703 578 1784 3596 123 
3416 3667 3802 2617 1164 1830 2856 3694 212 874 1920 2707 3737 1142 2065 1563 415 118 232 613 114 3289 45 2073 1679 2035 181 2256 224 3776 2379 3639 8 2586 2414 1171 574 1676 1023 785 2549 3190 3492 2444 737 1715 413 1151 1832 891 2010 2192 585 2054 670 2263 495 851 924 718 1032 3302 763 1286 2294 3423 2703 2867 1257 132 3652 212 3321 3302 2902 463 1422 3314 1860 3500 610 29 1850 1194 2329 2520 
3703 2823 3617 786 3788 1054 493 709 2340 2786 290 1201 1812 1794 1332 1869 2005 1058 1576 1065 1767 2997 785 3627 2655 1394 61 910 2835 2389 3429 2696 1618 3451 3481 1564 664 133 2272 3250 3165 2561 856 1135 513 2188 3003 2764 3492 737 3829 1418 139 1019 1450 3040 2659 1510 109 1652 304 3784 507 1921 3641 393 3484 710 772 2161 118 96 1128 973 1230 1640 3407 639 810 3305 1622 797 1128 2008 2062 2577 
1206 879 492 1561 2531 795 1751 3284 2963 1550 3676 2852 2506 607 1172 2623 702 2299 1 2178 344 3655 3063 1153 3365 844 2196 651 3098 416 3474 462 1542 124 2270 231 1165 426 3514 533 2222 3595 3385 886 360 962 3755 1308 3260 161 3486 9 221 2954 1409 3585 3797 10 641 3053 673 273 3762 2214 643 2437 2444 1808 2862 2363 2340 1242 2116 2130 2127 2723 3091 2040 189 2756 2447 80 2765 2668 3034 579 
2411 3236 588 3052 2695 1260 3324 2862 3720 373 1457 2569 2180 724 1090 925 1965 3206 3302 497 2334 2551 2783 2522 1713 1388 2849 883 214 2288 1461 2872 1929 2295 2082 782 3802 1811 49 3680 2183 1505 2408 768 2228 3744 1940 598 3355 1400 1094 1847 356 35 775 2068 1670 3623 2950 1883 2316 816 1160 403 3111 3241 1432 3318 1458 1480 3156 46 3232 1969 814 1618 1872 3000 2463 1385 805 3556 3232 1160 3838 412 
3475 1666 193 2830 3795 2755 3646 1114 3157 3162 760 994 2885 2217 2474 2199 2263 1864 574 3323 3728 2692 2481 2349 235 3532 2311 3713 850 2307 283 730 378 722 3560 578 3476 3611 1691 3039 3178 2698 191 2221 1320 2911 825 3829 933 1398 3310 1067 248 2196 3415 730 1886 1884 601 2983 596 1131 3712 1220 2099 3430 1798 1981 3446 3735 1425 2782 2591 1862 1161 70 932 1986 57 2111 3630 3614 3177 37 2215 2998 
1013 507 1287 1860 3489 2130 2990 3606 3349 1495 3442 1305 3475 3046 1199 1058 1987 195 2919 3147 264 256 1538 568 2367 1327 587 1949 1610 2801 1105 2622 3554 2639 640 3201 927 36 2966 434 1530 2566 1739 1163 2017 3184 2467 162 3378 1791 3556 48 2047 1252 862 572 2825 1448 2767 593 654 278 3214 367 2916 260 3567 1 295 2938 681 2071 1909 2419 3480 85 2008 2105 493 1545 54 207 1839 2347 1706 2700 
3165 689 306 2091 1529 1206 2368 1148 1572 1442 1407 1545 1689 1701 888 2369 177 2797 1194 3656 3128 3201 1919 3620 1151 2220 233 2989 725 2185 1847 296 3120 2399 2386 807 3605 912 1955 1582 2600 3361 3126 447 1468 420 3062 1891 3216 414 1706 2749 3615 3624 2774 1171 2249 3006 319 3221 1596 2412 3516 875 1217 2060 1928 980 3218 41 2808 2223 3649 2340 2669 1522 2759 2136 3412 2133 2550 1276 1287 2570 1306 219 
3740 3554 3472 464 2933 1226 2876 2607 2100 251 1072 434 1477 448 474 690 2670 528 3029 1744 2049 1946 39 1867 484 2835 3389 1770 1563 853 1989 1708 813 1619 2172 3745 3091 1453 2758 1597 1950 3829 2030 3673 683 2750 521 3352 3278 3550 1502 1732 1654 1787 3598 2138 780 3146 313 2589 404 2301 455 1216 325 2873 1367 3663 484 283 1418 2433 517 3694 2264 1199 2602 2785 957 2038 2740 2458 176 799 650 179 
2936 1429 3571 3496 423 134 2202 877 1596 2774 156 2962 2595 639 3491 418 3319 167 270 1988 1612 2871 1178 2815 1315 76 1678 1737 875 2327 1915 216 161 1645 117 583 1778 2319 1707 3620 1251 1862 2741 4 2747 2637 668 2224 3050 937 618 821 213 1795 3635 1774 2118 1472 3510 3239 204 1584 3701 365 3475 3818 947 1411 2295 2653 1436 3545 920 335 3795 3667 2972 621 2296 2180 1804 2913 3247 2263 867 3288 
443 3231 918 111 2628 1368 1941 2487 1732 1821 2463 2679 3478 916 1737 1073 866 2657 1407 1066 2482 784 1933 936 3211 3736 255 2616 2405 1121 2309 2847 757 3226 3204 3384 1000 1551 2029 2731 3371 898 1815 3008 2060 3552 239 2926 2614 1892 150 1501 2923 2330 2683 2292 2224 2937 1313 1034 463 3622 39 1219 3253 3490 761 411 1199 3037 3142 975 340 1362 141 2399 1072 626 1730 91 2518 2127 1591 1599 615 680 
296 2838 3616 1608 278 485 1635 316 1703 1047 3805 2711 1704 1409 2153 1004 2384 2492 2366 2771 1049 3684 3644 2779 181 2320 1311 2018 324 1925 2697 866 1168 2719 2720 1445 3203 514 1761 1311 1807 1971 180 3510 3627 2579 673 2416 1229 3285 1592 2525 3374 1394 1709 3554 119 3019 1978 689 1102 833 1554 2269 3551 433 3714 3159 1193 1880 629 2999 256 1055 2667 288 3634 3586 2703 1268 3276 454 3792 3056 1847 1906 
2768 2213 1083 1151 2901 2184 1984 614 859 1940 1293 978 1505 2732 2857 2133 1889 3359 3434 961 3647 3473 706 2508 1147 140 3208 1344 3195 1461 3250 2369 3673 491 3519 2979 2922 1908 3839 186 254 1537 1163 1758 427 425 49 2315 3783 3729 3276 3588 3608 387 2502 913 773 2115 2256 374 3822 1664 2989 59 2402 2666 3038 1729 980 3035 1914 1233 731 3323 2990 1404 3747 3285 125 3688 3419 3647 3682 3185 192 2589 
503 964 1109 2759 1337 1090 828 484 1148 3476 3397 344 1363 782 3626 3523 2261 762 3004 1409 2412 2909 1099 2536 3003 923 2341 3090 267 2532 1837 769 3743 2945 3774 1485 193 761 2216 1588 395 2018 2178 2005 3046 2209 1686 1465 2970 1096 3120 1541 163 377 482 3412 1299 2823 2660 1812 1760 902 2581 1908 6 2760 3393 445 3520 2014 2279 321 190 616 2325 3235 2824 416 1105 2200 1511 383 146 1921 1006 627 
1738 2304 3696 557 522 1615 1705 3349 3522 1710 2267 3320 2402 2193 1492 839 2513 1928 1701 1243 1568 931 1658 2672 3130 3416 3301 3275 1742 465 307 3479 3016 162 441 3537 2023 2146 3044 1950 14 1469 1429 2662 3661 3167 3748 2579 1501 1854 3821 3315 2784 1885 2146 2072 1706 1605 1752 3447 2317 2059 3084 1491 2467 3525 1186 895 1829 388 2844 2089 2103 678 1157 2170 251 1310 1154 1751 3163 1134 1224 2106 3265 3616 
336 1129 1627 2335 981 102 799 223 1592 3512 153 3024 565 2228 3658 3408 723 1919 492 1879 494 742 3188 1648 2492 2509 3028 3715 1020 2698 3737 1603 232 1522 96 1212 1870 894 1681 3461 564 1834 2643 1375 467 2459 941 1189 783 1432 3067 1524 2420 2660 3171 1070 1575 2604 1191 2594 1460 1086 355 1691 2854 697 3149 882 1837 988 501 2647 3068 3390 180 3535 2254 1368 1129 3036 3046 355 965 1625 3261 294 
2694 994 3144 290 3835 1009 1622 595 2946 634 1292 2253 1515 3128 3488 2262 1934 2714 2057 2360 2654 469 3727 3783 3752 3179 543 875 962 3803 1416 61 1203 965 598 1196 1974 2219 1790 1078 2853 3328 3578 773 2615 3471 3035 954 2343 1250 3560 1403 1966 3446 1591 1876 3030 2380 2997 397 2588 818 457 3790 1783 1054 1391 162 3273 3428 1239 2531 2914 1222 3303 1934 851 2743 3134 3441 152 2853 1249 2364 2704 2839 
398 1892 1377 3641 2288 123 618 2991 319 2647 451 1956 2808 129 1542 452 2659 862 1674 2120 2795 2771 1022 2335 2617 1420 1346 24 3783 208 3109 586 2346 891 632 1039 1261 1496 188 1579 301 638 3781 3108 766 1482 3560 3671 2343 1639 2197 1543 815 3465 36 3432 1043 1628 3702 1231 2082 2970 2063 586 266 2694 1624 1526 349 2059 3351 896 2696 3291 163 3709 1178 128 3538 3767 1766 1893 1468 2580 1516 1751 
2170 2805 3378 2278 441 1866 1406 2503 2451 1671 1603 481 3444 2198 2539 2953 3093 1640 2649 3502 1507 3826 3629 1451 3751 1553 3343 1625 539 1265 3622 2955 228 3405 1391 669 1429 3043 3418 39 873 1179 766 722 3376 3304 3674 2875 1349 2729 2535 2856 2713 2323 712 2870 281 213 653 819 1724 433 180 2199 3837 1570 2867 1425 772 2690 1710 1891 28 2475 2612 3650 2184 2691 2930 3532 1578 1624 2793 697 352 3504 
3566 632 123 624 1698 1846 1056 1877 203 1298 3693 3316 2969 623 2412 1084 2760 2686 3558 1777 2741 2147 627 1830 2085 2451 3453 1036 3147 3804 946 3118 594 1068 3741 2538 3160 1202 573 3610 2500 425 3331 1874 1294 1901 2958 213 745 2921 1989 3486 1227 2862 1474 3311 1719 1332 752 1271 1541 1697 548 2381 2764 447 1078 2083 1896 1650 2098 554 2321 1587 2674 3615 3735 1790 233 638 870 2468 529 2096 1736 2249 
1812 3454 3580 2563 883 1279 419 1677 3660 3429 2124 1143 1917 178 2792 173 978 1519 1760 3651 1539 1900 1847 2018 2537 2716 644 3313 1217 2626 1720 3028 2238 1706 1996 3368 3231 2414 1203 3296 2002 3573 597 77 156 3636 497 1380 1313 2503 1190 2851 561 3283 1027 3344 2157 1917 2815 3373 702 941 2806 3186 2646 960 2712 2035 3621 74 1737 1781 52 2333 2104 208 2127 2847 1587 3686 1508 3023 2695 2068 2464 127 
1571 1026 2291 791 557 2992 1731 3609 2583 782 728 1454 3064 507 1774 959 2534 1825 3291 1043 2279 1824 49 25 1668 1803 3047 769 277 1917 1142 2094 2942 3432 2884 3746 2829 1021 3513 1571 1802 646 3024 1024 1399 1203 2229 338 3274 1926 1628 1712 3749 1923 1736 1575 3725 1188 2343 160 3351 3485 2253 2452 3322 1543 2603 2310 2563 2521 286 770 3167 3556 2041 971 917 428 1556 349 2353 3183 2060 2260 1264 201 
241 1394 1636 2830 1554 1145 2720 212 3596 2201 2001 2604 916 969 1284 1201 1739 856 915 3779 1826 2078 365 3628 2673 2965 2969 892 1630 638 1339 1870 2032 2974 859 3832 278 3825 449 279 2184 2450 2883 3346 3418 325 705 1562 1180 1866 1499 3252 349 2111 3039 3022 1481 2413 319 3110 3298 1657 1139 1488 790 2244 1725 1067 2227 2173 1592 817 1028 633 321 852 957 1273 2413 2383 3138 318 2041 3487 2675 1238 
2914 314 56 3232 3423 3353 1047 967 1246 1836 3210 2970 3149 1596 1549 900 2659 2823 1532 2979 3674 2736 410 2246 1524 3795 2810 3564 3687 1643 1207 2759 1956 1263 2149 1537 774 3195 2751 2267 1437 2119 1395 744 120 3190 1890 2778 2172 3669 1916 2251 2563 2572 902 492 2525 3711 215 2370 1512 1421 1287 3714 2683 3682 1657 3704 3036 566 2129 878 2684 3770 1621 3051 3366 3758 1987 1943 3585 308 352 2553 3127 1254 
3044 1810 1370 3258 586 2882 1085 2119 2754 173 1960 816 35 1401 1381 2410 2278 224 2586 304 3521 2110 220 1913 211 3804 2221 562 2762 1506 2062 1965 3562 3432 1628 306 2719 2959 2672 1878 3132 790 2694 3413 2437 233 1982 873 703 726 1423 382 3082 1643 2295 3292 1852 921 259 773 2673 2321 2984 2640 2158 1017 3193 1035 135 2023 3159 3513 3059 2011 3084 1654 2491 1471 2773 3193 2443 354 3822 1683 2243 2522 
1380 254 3689 1639 1273 2767 365 662 1565 2522 1678 916 3803 2059 2938 3120 1730 2402 1290 1220 461 186 2690 3233 3625 1539 3834 3605 3221 2235 2532 760 2735 2626 2398 166 1551 2762 1074 3116 1689 2752 437 1650 1216 3375 928 2946 2182 2464 571 2643 2649 3260 2281 2433 957 2273 2443 584 667 1381 1590 3648 165 146 220 1963 3154 1293 1237 1248 450 1673 2897 1666 1453 230 1017 41 2941 1587 2683 1995 1252 1122 
