95 67 30
23743 48724 53823 3093 43423 31336 55144 43638 1161 26568 54440 44244 31636 40572 32738 47388 9328 28644 28509 37995 44691 11568 5412 3775 23852 39273 4376 30034 52736 42821 49548 31353 46419 192 47373 31788 31528 57392 17372 45616 38834 26687 31806 12416 9205 19419 14678 18532 48062 43187 11401 47627 9629 16812 51402 46409 10959 10652 18389 18569 53472 9883 4797 41838 23002 52169 15572 
54529 51507 45872 42092 32288 27433 28772 57631 36637 48190 27184 10043 51127 12317 34372 40700 34873 51183 46976 23228 17017 57627 41616 35585 53046 6373 40381 49758 29375 47425 20204 38778 40878 8022 35744 28040 48382 6463 40546 26965 9527 9676 49936 2600 34920 26254 56228 24667 32311 45150 47895 49327 44724 44385 26859 39716 5633 22114 44348 35007 11485 6498 28659 52363 27448 19278 35277 
17776 25740 30697 57669 48194 53300 4426 5669 43094 30679 3843 9708 4936 48992 57602 9138 35662 43933 35996 30252 4440 56 29474 39446 11541 35972 22980 18778 18294 42257 8929 36069 22871 39626 48612 13011 47800 53037 18679 32841 38590 35449 42548 43526 26388 42096 52663 16924 40903 43533 2051 45343 56516 31524 39663 10003 22370 17517 41708 40663 1720 50637 31607 24590 45137 22165 50529 
34883 30077 24082 9670 10613 14406 52217 54138 40793 49187 3622 12591 44965 2029 27569 45182 492 1040 26791 10494 36337 44308 7077 18947 902 12588 50553 38420 57724 27592 30895 47481 57668 9851 12026 10228 24256 6189 19240 19923 10251 35790 45442 55215 37818 14957 55271 51237 28924 24008 16606 7208 23190 23682 26154 37020 36269 31581 17386 48867 14047 3155 38294 13662 13005 50319 36817 
50189 11383 10931 24986 34561 1595 12374 44650 52341 27331 41867 45524 56254 7821 17004 5408 43939 40685 44489 22905 31828 30944 40290 22641 44991 56372 15810 13527 24251 21003 5218 16386 32385 29076 41372 8892 43599 53745 8416 37886 35950 50282 38284 34151 12978 55288 52486 56916 50847 51850 34695 24622 24740 29859 2137 11677 28177 17946 38131 52427 38949 43348 23688 26208 14371 7006 48028 
57969 15625 56443 50729 6450 48672 43887 53528 16524 41121 47960 28314 46843 54684 4955 26339 21371 47741 28475 45975 17864 1296 26053 25165 53172 24275 48852 21326 38645 10732 24228 51488 39285 35546 57091 45734 39092 42925 41208 55615 38920 44042 25875 27709 40673 30829 54047 16918 20516 37397 4839 51307 38692 43819 31346 33810 10041 22145 10010 3560 45804 47166 9923 39963 24658 8960 27643 
5696 6759 10797 3257 45679 9714 42059 28262 50386 27762 37184 22178 48277 29455 39944 54458 10093 25710 27750 56830 48678 4769 21714 52237 5448 10826 17034 45410 35483 38922 15000 54106 45680 38724 12237 46233 3312 54295 16442 8572 24003 8500 30749 27154 37954 12640 23558 2921 38349 6183 1697 41901 23879 36338 49012 42254 47164 7993 29611 37521 46914 57538 33574 47468 51136 45810 35648 
54448 42052 6964 4966 8001 15463 48643 48083 53416 3229 13587 56336 54505 32697 12907 38352 11451 49244 29310 53704 51282 50230 38189 30750 39090 37673 6270 41433 30756 52079 19027 40078 49005 25990 57971 11881 41452 48560 1910 49742 6663 28424 2899 16042 15996 28733 9268 27446 32851 38578 36024 26080 43682 16160 56829 37647 53832 17973 21026 39462 24926 40052 34414 15878 20916 34332 40686 
17242 37766 42595 8930 44429 12965 24756 15345 41888 8363 24613 11280 41213 18065 47304 9239 3693 5410 20942 41339 14116 38914 4311 53578 5787 57290 29938 34592 20152 19144 17224 37393 56910 14693 1197 56213 40585 38880 13504 24420 47242 38116 35699 30402 56180 37877 52568 14748 56214 28385 56086 12277 22173 15272 7801 40887 14508 50666 17425 34660 24685 47576 26927 23541 4215 28124 34628 
44800 8950 3006 11166 11067 41122 1739 54396 52176 39616 3785 8870 37776 32169 19831 4927 9217 35102 25655 50103 4484 18268 22403 52071 42952 11925 20945 21367 29068 3943 10869 15814 25820 13874 39907 36886 9870 41645 33228 16921 36135 37013 38718 28786 24056 495 33712 33272 48524 1314 25322 53008 32509 2599 47025 30335 14523 9916 6576 43590 26786 17444 14278 52606 44245 9059 31438 
54115 5579 19541 12982 54641 11428 51699 25373 48411 7069 13960 23630 55592 28201 3826 50546 15584 6424 52446 793 33874 17236 7368 32339 44022 37739 1491 38574 23930 10550 24886 32919 16128 57354 45900 12715 10728 52474 51016 14014 1489 6922 37643 11955 48050 54396 17376 5580 15694 11768 6372 4442 29003 26667 36780 14971 6352 51199 8419 43209 3695 33305 18075 32750 32605 5921 339 
56261 13269 51354 12221 27685 13150 4738 39640 3146 14008 57015 21653 42629 23657 40952 47070 52659 9565 38725 22505 28844 31870 30923 14000 48492 19102 32074 23188 6582 50922 23526 4789 6138 29755 29937 46750 42904 47602 28336 925 3556 40225 35505 46184 5828 18404 35200 434 40896 28799 35866 11687 2615 21663 25686 51106 40765 57759 16240 47346 5502 52694 7009 24567 24395 49873 13264 
22173 39421 41599 36025 42976 36699 13477 44034 42526 44808 34108 55887 27650 4854 33699 39336 7468 55362 6968 13449 51001 19601 29688 53221 38031 37256 15104 4544 3597 6923 17807 38698 1218 14281 16669 57121 5854 43073 43101 48379 42755 19155 46213 12352 24008 34786 6562 44404 45022 26458 57852 50897 46058 42414 46064 38963 21617 16042 43507 38141 22964 16188 18785 37109 43396 48382 36176 
49249 46329 21223 39575 31031 53306 40662 43382 32188 30322 4818 18538 30219 31275 18336 23062 19280 2697 24001 189 37241 40042 56623 17328 17881 14758 49041 54989 13028 52297 33112 4224 40572 9209 56726 13549 4461 52262 11805 36649 24530 16623 10061 9623 47897 28397 32685 22051 44021 56685 35168 23208 38673 46665 53463 56553 3369 44450 8364 29325 38693 41475 33548 34140 5558 32220 2563 
22947 39356 27296 14470 18760 56846 24530 28383 1564 7801 3014 23615 6696 14573 13657 29903 8120 2268 38241 6620 18565 24637 14983 47889 18205 11332 36311 7219 16889 23405 9781 52763 4707 37076 9179 23466 35868 33709 6723 37432 54437 22664 15921 3080 37236 42505 45910 45356 57700 26097 6850 18211 50734 34760 20974 23813 966 57284 31031 30782 35563 53739 25492 40269 32762 34670 18610 
23504 23253 25332 15810 32565 47996 44658 35644 40106 29109 23500 40336 41684 49597 47185 1841 55205 36819 35743 20964 37784 47901 6869 23441 25411 2554 48932 20554 48243 38476 39163 13694 16604 19370 42431 49168 9312 41964 26758 4292 25947 50257 44628 9577 54728 46687 24346 51879 25453 2035 27717 18111 4810 34585 54479 30220 37139 45357 50774 27328 38708 31883 53949 55311 6127 51255 1300 
15438 35165 28057 32658 3058 33188 19232 25563 42791 7865 49908 36616 46245 6817 6280 19231 11626 40864 15656 41846 32877 15888 47494 2152 54595 34251 56100 6727 40378 4176 8026 10690 39340 49010 43347 55326 24144 4525 22835 8881 25318 27617 372 26437 34433 6651 542 46058 2389 16198 42778 35266 45013 32218 50345 54482 21344 3266 3155 3668 7442 11180 14357 46781 2136 57704 56981 
39207 17103 21762 2963 55348 4253 3334 23732 38685 22912 37201 39618 38228 8273 37270 15440 53285 24363 20659 49713 45706 23925 52867 49373 44294 18921 5676 45949 33984 18254 44877 28066 48285 21513 31028 45579 25766 47289 24185 6397 25075 3333 889 5249 11605 38159 33617 6837 4468 54275 11424 50173 33074 19166 54420 19314 38086 14970 7210 26945 33224 6961 9885 23455 28473 40912 23908 
54238 43075 48093 15510 23024 51425 16398 28272 17904 9431 16763 37668 26826 25913 49092 18945 933 10204 28239 33175 3164 43209 40384 43036 31307 2219 52920 9636 30691 48706 33543 39804 33727 23582 55313 56750 29881 26585 39897 47785 48944 56659 27399 17716 24518 31365 49589 38379 41568 19774 13500 57660 4929 8758 42642 49163 10976 37509 745 54594 28161 34288 36344 16763 12744 46531 28387 
42625 15063 23158 45284 18881 21764 27557 36596 1156 869 28131 52462 55364 2780 7908 9845 20636 29593 52487 11746 53496 44870 12490 50037 27905 1652 28327 57595 14396 16805 27929 11895 44795 5961 12053 5622 40652 39609 55145 41808 53405 25223 36216 5591 40930 57052 15435 3512 41519 22796 15257 36962 22540 40675 28945 50445 55254 12146 49986 24524 41878 32789 49346 41547 51678 3345 2043 
34276 55882 57188 18030 51233 37285 9121 56823 20161 21047 27133 23672 4512 49928 51857 41473 14415 47406 25292 19734 57534 50366 24594 24005 34190 57383 15297 30612 5882 31570 32654 40157 29398 31788 13062 22577 11019 22182 34275 44107 56156 3354 9726 2614 53281 16457 57015 22570 18737 37181 42303 18217 42421 8844 42221 31486 21101 12393 4044 26982 43962 36697 9085 15306 10432 35074 50810 
34378 57255 27031 20432 10232 43312 43085 12846 51468 14416 24735 15984 33152 16790 13162 6243 1158 22005 3339 32643 56033 15731 36686 24961 14567 28257 46973 29872 51616 23994 35556 27941 36123 17462 3247 46355 2720 1206 14075 54187 15621 51737 25046 3647 10473 38207 9889 24558 15086 13227 57200 13065 41885 48760 50953 56451 18964 52800 41197 12526 31668 18700 53394 9738 49089 56640 10967 
51808 12720 37969 2817 28340 31652 40790 44914 55052 33871 54803 21557 3831 22904 33631 29823 19664 37266 22722 30989 56229 30396 14133 23629 4011 45760 31898 26676 36795 30484 37642 43477 43204 30485 1168 26418 17011 41957 13279 14009 17774 22956 48493 21604 734 36999 6301 20397 16211 29022 51386 27314 14293 20393 50942 18303 8099 24786 44978 57821 10145 37494 56172 8223 9925 57340 47568 
26935 41243 15721 53871 13892 38676 57239 48423 52338 36184 54724 14681 7269 38620 20941 34582 52912 41333 40398 26089 4306 20059 13013 17001 30203 5381 15120 51353 28233 14406 53795 10042 10523 11463 5860 24414 50138 5045 27712 57350 54156 24382 13978 3371 4948 47846 37952 12735 31126 33224 38823 48359 53282 6711 7307 38359 25019 22426 31658 53252 49759 27400 5240 2228 51790 24027 26642 
43874 29071 54353 56099 38101 33609 12023 41471 51484 14743 34297 6165 45868 22396 57916 49102 17624 19501 56408 55983 44519 33708 42515 39717 25413 24789 44957 27640 18525 23858 9156 17274 52929 18383 15319 45904 51991 40269 42250 45422 55011 31421 6461 55754 53816 19251 46802 26315 38751 45156 24244 25217 33738 21633 6880 1097 46422 6711 41664 19821 30569 50820 37094 38372 24077 52412 39150 
18015 47555 23346 18311 44513 9642 37699 42213 5404 11825 43889 31718 50575 30991 10836 17738 19603 32469 37546 20699 33765 57184 17237 53585 42627 22931 32626 35873 47008 39912 16970 19897 29414 40315 51135 28801 4831 30780 25888 10235 42604 11723 54880 48054 55641 7663 20666 17190 53059 158 50816 28770 12217 9999 24301 54843 32930 11801 32663 34812 6588 49632 54708 36001 44821 2664 19676 
49652 46371 45563 14761 43850 57285 24515 33850 54872 32177 54515 14008 40110 9548 6770 10826 21764 29696 48055 31481 17500 14730 6090 52311 21317 10596 3840 12192 10292 6503 31867 14818 52874 32304 42506 38670 31535 8967 27394 41281 54072 23855 10163 36128 46330 16932 1829 10040 1503 4758 54449 19002 19487 2485 26188 53732 26009 30027 20798 49228 49458 52665 5992 57206 39843 3372 50750 
26253 12338 20090 9480 8356 56872 19643 57412 45149 49502 1187 10063 51004 5944 6458 24881 38358 21871 51068 34036 2754 35969 54834 51981 40301 4320 12847 52381 57090 16218 45077 25289 41483 20041 34769 4714 18860 9286 4072 18883 734 18186 28945 6613 24129 48331 44421 17361 25076 37435 6272 27829 28278 15980 34684 23454 33227 47530 17781 32263 18622 4805 57552 14979 24845 47195 19692 
56632 56480 36691 30389 12088 54876 1281 18700 33879 4486 5067 51240 29561 55429 12386 12264 38582 28365 46947 3982 3538 36423 34690 35800 9919 52422 48226 24897 32142 37367 44589 30720 35793 23226 3056 47881 32977 17264 21455 8802 34677 39450 1988 19112 36825 27301 31375 30281 55665 20268 34262 1149 11565 23827 49877 21483 18195 40049 1254 50336 19363 717 23003 10030 23943 38986 12785 
56919 11124 34240 20595 45800 15636 35511 6858 7335 4758 51160 37616 2370 13374 26752 16446 37866 50578 8269 14223 10720 3193 15476 15930 35483 16193 51860 45512 53063 32792 244 6803 43915 47411 27397 44589 4993 4854 6321 25255 9612 57480 4817 24909 12800 44497 41354 5540 49949 4498 19762 2615 7690 35238 31473 43172 51430 25279 43558 46439 18 43801 53241 56860 46086 35512 56324 
5953 40366 4591 31208 4852 16946 48952 29760 42673 35395 25988 48213 27291 30485 9921 42833 51102 45158 16252 36220 51462 54459 21725 52775 54476 20400 2837 8157 8433 38349 19355 27313 20661 36874 467 25512 53819 49419 10146 38438 39688 36133 28597 21853 8565 38518 6633 1613 38550 35812 50761 31959 32217 27360 26680 41567 2634 29517 4599 23994 22740 23953 51307 43400 2773 51773 23786 
56591 56066 33931 49904 37701 12010 20447 1500 33502 911 21060 35115 52389 11747 40750 39222 56891 10056 7848 40405 12689 50292 57931 36683 14978 23830 29936 13252 39531 36583 37037 50996 34596 25842 42846 27171 50780 5240 41598 26228 19078 4605 16217 26341 29279 56966 7509 28116 21896 28285 23395 34585 20523 23272 26142 48429 47102 56077 16555 41507 34606 8467 47377 24076 34308 32170 51246 
27034 50337 34791 8137 24289 52323 37281 50630 23548 36194 85 6538 36 28369 29933 47548 3767 53204 15636 7070 55180 26587 23624 51561 16068 32090 40885 40143 21273 15001 33336 3181 20212 23001 11317 44500 17270 48598 37076 53745 39666 37161 15157 52629 20404 45089 42124 24170 53168 12634 31239 50294 39221 54863 43802 10163 41827 26633 50305 5046 54561 38515 8227 16719 3462 32471 3165 
33659 23015 53169 42278 17555 32276 57435 12131 52679 44470 9129 31724 39584 34690 4909 44753 15857 14646 30501 26019 11348 12008 31199 16393 8515 11660 37547 38161 15122 24893 41325 3655 2782 36440 45933 20337 23590 45314 45395 31144 31730 54523 4814 26189 31159 22650 12888 1891 50224 56316 40837 3518 10270 13982 32838 31712 38570 25260 11819 8566 50152 53143 12220 52933 44458 99 15216 
22922 45412 2557 54065 32017 11954 13753 152 43113 49331 25967 57931 41501 24229 40714 57946 47426 9571 32730 21084 3015 57989 32902 11580 50087 40919 23799 44967 40251 36826 15057 5120 24184 30542 14059 11075 42495 27812 24154 40482 32017 50120 40359 15464 29223 35948 15356 18595 393 2960 39678 3407 2896 27454 14986 7857 23248 38784 7698 5445 17556 22755 10564 54668 53296 37551 20617 
50665 20237 44771 33094 52253 49765 15399 22591 33863 6221 37946 52457 6613 40905 47010 10019 56728 29338 25004 19460 52585 18663 27157 58030 49146 4786 23468 635 12956 15893 21252 5568 36129 20897 38661 30328 12608 8934 52918 1345 28083 45738 8677 34695 41518 10561 44714 53120 39898 24592 14526 47358 43254 41683 2209 34347 46468 25676 47909 1371 54497 11107 19866 32572 32003 13401 4847 
57539 35262 12639 830 5291 13252 9506 39986 54769 20066 26646 4710 14839 6112 19236 4143 49366 2865 6351 38587 4207 44954 28442 18505 41397 52477 51298 15916 26426 6645 33690 38839 41907 1203 39669 2072 14454 4049 42057 24097 37043 23577 28807 51881 29689 48042 10898 33929 5781 17248 14462 22915 17076 55831 54348 420 50254 47592 29263 31555 9112 17827 12340 51018 19029 6883 7964 
46411 23860 50021 12454 2849 28472 54188 9604 13035 44176 20501 46963 4831 50676 16299 40674 9698 14077 36968 23045 6277 39434 52307 50759 48545 12080 5046 54437 44037 24856 4348 32394 48715 54368 57775 6438 37714 53910 16041 50749 40032 49469 39658 57791 55019 55957 40411 6664 11980 32253 42636 31184 13633 36890 36818 4125 3844 41863 508 2755 21593 4855 35148 12255 14097 34870 18692 
51811 30726 47661 44506 25632 52004 26110 38297 48970 36941 33582 10508 48920 7781 53143 34979 21414 44907 13743 38466 3626 10480 38973 6380 32072 56756 54456 57254 12799 31272 30821 6556 16872 20428 5936 55431 27306 32046 35675 18222 10933 11203 41657 14728 31912 36747 4581 8200 36528 31251 46665 40153 41730 40512 1408 28676 39214 55863 27877 6888 42009 644 26371 13755 33999 32307 11132 
3251 19227 1681 34401 30159 25812 30932 57814 57723 9625 4341 7869 1028 35591 9408 54108 32195 4794 55515 2818 44008 53324 43622 5770 50207 44265 32140 5908 33138 6393 17040 36388 25619 31648 25663 10653 57459 56595 10413 12003 21094 27682 32799 22121 18147 55134 18176 5217 1875 28565 8034 45882 23836 6530 51651 28917 50794 38665 34825 25878 45058 6739 17140 25551 38386 55731 36203 
50720 54272 1491 4669 30240 29172 50396 7236 2193 47476 38339 7409 49350 8850 28370 37178 45613 34899 43703 16477 40567 24315 51301 8391 24247 12914 38459 49797 51299 36136 40875 43965 45282 42365 3509 17468 26411 53904 37631 41531 43326 17916 3815 34623 26766 32184 26675 27253 21958 25253 43729 4471 4442 49904 25790 41616 4764 19123 46287 10938 55258 29108 9777 55414 26347 13285 14828 
7632 22063 7334 49163 20264 25249 52977 54886 6889 40035 36435 34142 3939 16562 32745 21338 21003 37524 2002 17493 55215 21124 5727 8099 31256 47762 30804 28616 16056 44088 56371 23687 21026 5651 27724 41289 30900 35575 51049 50716 30485 42358 39732 47351 867 27352 10635 34797 6822 12636 52290 16911 46687 58016 37938 19889 47724 10688 48504 18654 9650 46822 55269 30675 52472 37867 13910 
38246 15389 19833 30909 45873 4138 12587 35170 5004 39938 680 52728 1634 26243 46964 18545 14877 1801 11357 47693 4400 22044 38144 35981 31693 39840 33196 4315 34258 13010 31152 27379 41326 50985 234 42073 55122 25748 32117 15000 20561 45724 9674 35122 13914 11513 8541 41718 26241 19897 31357 30640 41940 24375 21496 15580 6161 54691 32822 53347 22575 5920 22672 18775 11779 35833 2794 
21775 16455 47839 36774 37015 35509 1323 27012 49422 25763 35552 46014 52003 55449 19318 37518 52263 43692 960 9789 4728 10525 55538 21 46028 16333 35620 6749 28111 26327 22471 4761 42781 12256 54462 34671 47764 55784 3629 39133 36421 39180 40021 30371 49503 1285 22763 43713 57905 36650 8376 17507 47174 18789 17527 35148 35121 8021 54825 18106 34347 19242 22866 32002 31497 19275 8619 
21207 29933 25175 15214 8301 19230 55235 51599 23607 11394 29236 9266 11245 7832 30570 28751 9880 49358 1152 45028 39353 22100 54727 57458 11321 15915 22271 43323 47411 54473 6816 23492 39280 44919 51634 2455 6095 48815 54053 42629 15083 38163 6770 39256 45994 37339 22881 55874 41571 36961 55776 22870 1007 52449 22274 25256 23238 57472 23453 12595 8766 43196 49014 48046 30061 42594 50500 
49083 46283 1375 33659 3313 39537 40428 55496 40406 32641 20323 51154 16158 57283 48876 39027 13165 56199 16175 38420 21383 15594 16747 46905 24359 1889 37865 27279 44878 35334 19726 35907 23563 21100 24440 39803 15511 19742 50173 10791 52382 12443 3891 23414 24600 52766 4387 50692 5786 33490 43986 40096 3958 2679 28947 28316 4568 21687 10470 4320 57020 30195 40226 35457 6169 19541 30135 
34607 39282 22254 45398 33611 47624 49288 57024 27099 56929 16286 19737 4661 49775 18598 44757 53732 21276 28578 36922 38771 50264 47391 43090 4105 32460 38191 39562 51556 57731 24571 28110 38959 1699 15454 27444 4198 19616 39343 31296 18491 55628 5907 36080 2224 24504 35711 10830 655 6235 2626 52353 11374 4892 37390 15478 50279 30455 9914 43782 43060 47412 26766 23965 49111 55147 6284 
53308 16709 45626 39478 48128 56128 45384 26154 13226 24763 16739 36983 25417 22973 52536 19716 47274 57427 11980 17627 49653 55362 27540 48309 40368 29827 17021 19208 20884 14114 25491 29066 43750 25991 10490 33824 36993 10748 1924 5093 35510 31590 42075 15801 9438 36557 48445 56711 48859 15299 16284 53386 12608 56752 43641 7850 28525 15536 27057 4283 29649 7422 33348 15345 46340 56765 4044 
25279 22387 18895 43299 57897 50485 40248 28572 1869 31680 31891 526 22485 47190 29738 17817 14672 28436 16332 22521 11835 31867 4453 16117 16390 11874 49464 44662 161 3050 48705 38367 25436 22475 36541 38207 14906 18735 21654 16774 50414 53544 30227 14845 55608 14839 45589 12226 56202 16795 47675 9983 3536 52127 26099 19925 18875 30437 19462 31963 33486 23041 25205 13797 45515 3692 52003 
15295 22426 28531 44996 14787 24022 30098 42559 21576 44936 43023 46730 43085 1764 36351 53067 5300 43352 34041 38152 17101 6424 12488 49064 52838 35529 16215 8581 35918 19906 15458 51213 55259 43989 51083 11992 22885 23127 9426 44460 10010 52448 46064 53094 54211 37289 2982 14385 35515 37022 52537 52616 43446 19899 43626 51158 10302 14715 14613 46220 47548 42998 52307 44753 28933 45336 11620 
6692 23338 21045 51152 33347 15439 52090 41315 24524 31326 44296 51837 8787 36193 46320 3349 21585 21093 1849 27617 31395 29491 42229 32489 18985 27173 26742 18613 10981 26952 30232 17672 50289 6151 23698 38510 34517 17735 21771 13915 3935 20942 7698 12721 57134 8892 28998 33593 29985 43774 3156 3326 15212 259 48742 47124 27431 17430 20611 51339 57309 5717 10958 4420 11867 34655 55857 
1258 7264 32503 15173 11198 53444 22870 36847 7399 31762 7791 53919 3693 6439 11949 19946 21650 12207 10634 23649 52565 40991 44259 45851 53174 49976 56808 12468 16717 46337 10272 17975 53601 42774 33147 19673 51092 56016 56519 13365 42652 19184 9230 1219 25623 21178 21164 2147 46312 44725 25795 40823 27662 12001 28620 35711 16851 40302 48178 33567 41514 396 51541 49989 56097 39562 11608 
49135 50453 23002 4446 35051 42185 26603 36270 9754 47780 12308 11901 48966 57033 50623 31736 39569 4570 15230 17226 34348 10407 7351 9862 51920 20674 16277 56783 18718 55839 10337 22727 48238 33338 40101 38163 30398 8650 16379 53079 11305 28687 6926 2217 40594 57549 46880 22109 16993 4057 52263 51341 27391 14488 16077 34185 48089 32353 32914 21681 43066 43250 44408 46178 31463 26455 26288 
16735 48032 55594 11760 14211 39155 31614 29356 21695 31109 18182 56732 2976 35166 5816 9191 4503 20303 25267 38687 23266 12495 13547 44947 10435 11672 31301 56613 56062 12630 37775 14743 15536 35315 26502 29747 16417 62 1049 51039 44098 19230 4592 1949 9271 10407 11139 13773 43637 49334 7335 8850 16703 33809 53796 27137 45480 39971 38624 56416 52600 31273 13105 23010 8535 52535 52756 
37879 7471 8679 43792 6444 40837 48384 8392 50107 737 32458 5826 57302 23738 26088 8098 53368 1844 16768 35380 47323 56738 28878 561 6159 2098 13665 29168 10632 21074 23871 3385 28545 32549 47176 34988 15332 37506 56307 20313 51171 30711 39067 50419 9324 7101 13391 4638 8944 30158 52945 11142 28842 23770 11702 47928 25867 38294 19042 49426 1315 42912 7685 42787 30336 54860 32649 
542 47241 30902 20855 40358 16487 1868 45651 25810 8968 13916 43376 30840 44073 51195 41981 27789 16911 8557 17663 55705 46850 36704 1952 48164 34491 9636 45825 19701 6443 20420 33170 53683 6196 54024 48915 22683 10766 49440 3367 32662 5302 1617 5448 4249 52812 2303 32037 24597 23787 4574 22249 12583 54205 24200 15622 43570 46764 3393 5217 53206 36741 51315 3710 42936 47285 7499 
20493 12926 56938 36788 45587 17114 38404 5909 21362 33162 21139 8273 12634 44925 25774 34882 12382 34853 13956 28003 20370 2666 44324 38514 10746 23011 31775 27383 20821 33935 34881 54242 46860 46693 32976 47321 18681 13326 8104 52970 1363 42170 3189 13996 41969 41890 3752 54350 18690 30635 24300 51987 33301 23498 32447 56974 1383 19097 26304 35131 53031 16059 31319 54765 4699 19169 56960 
36307 32495 7010 31224 46785 4054 47340 15655 46022 31177 32334 42318 4741 4915 21492 56727 51143 57917 44048 50064 1246 5091 31242 49305 68 47300 22570 9707 6873 41739 8613 43180 29108 28550 16350 30767 32603 5636 46421 33499 36812 20701 30692 54480 38543 7058 53153 31633 6922 39148 23643 21095 44238 9759 12346 57234 57058 47844 8887 5878 31529 30428 49057 15511 924 7353 46277 
46455 25916 47572 34828 17603 23147 7466 14029 3636 14524 9129 48196 34373 3151 26713 55467 2263 36471 22688 14371 35476 12478 36186 54281 44006 8560 45284 14391 22411 7511 15542 23740 33426 17988 515 51028 41134 7980 19932 57697 35431 29060 47840 11750 45138 16499 22092 47400 7845 44779 3718 43320 57256 39903 52475 56136 3337 39705 25401 25747 2090 40942 49487 48443 876 4876 54346 
54937 25783 16224 54580 3161 158 57294 27838 45295 28668 4804 47569 36512 49582 6161 34706 3659 46063 29127 14669 4274 23706 40069 30021 25795 35885 34382 29112 49688 39257 25404 46571 6986 41627 43098 23074 54712 55266 5787 41953 25880 10590 44397 4338 15047 50557 51971 31633 51495 23044 46302 55768 46749 41245 40663 27418 32005 16991 56530 23639 11122 36808 12157 31036 33310 10129 8984 
29968 7341 14770 26796 46149 38288 13139 5361 53334 5642 57332 39841 12011 22322 41017 9726 23946 37137 50388 6238 11088 22254 17642 34726 46303 54450 1757 19285 29706 11885 28269 1620 32154 55966 41343 20249 36200 54481 25609 44408 14998 24887 26196 27008 2084 22087 49661 38957 1170 41996 45194 12257 19124 4783 1858 7373 1179 3614 39586 43812 28427 9801 306 2527 20641 41649 35703 
56841 38076 16186 56123 7948 41073 37193 34956 56084 1227 39491 36987 2396 23433 37055 27581 55484 41837 29438 4804 55943 33051 44389 54629 16352 9064 54935 31806 29704 38530 9455 41419 18552 25641 52417 39428 21588 31556 29258 32546 32782 10695 24407 48106 34128 3408 17633 44486 120 47070 49289 10937 34995 48552 7513 6222 12490 4394 38027 55122 42923 2357 38487 16349 27997 45778 55776 
4459 19281 26980 37004 6937 37675 3357 55042 26677 19692 27549 26037 32739 29493 30201 43676 19363 20699 6063 25584 33189 10456 5557 30257 8253 7913 23618 37529 48837 11343 35252 53295 43551 17106 45173 50487 9655 3404 2351 49259 36024 29899 17243 10709 1339 47443 54384 33629 23016 15321 1159 11079 25776 19643 41335 46956 27556 19828 26432 31267 31170 16558 26509 29595 46591 26556 22028 
56246 29960 37306 2326 20858 9152 32496 31566 23418 34813 40825 57046 12704 56145 13079 23782 36796 32721 7064 25698 2223 39819 7004 46418 25863 23561 27801 55457 12099 54356 19431 23219 39190 56737 38472 1994 20763 12915 33560 57108 2602 16331 10975 15305 27350 24053 39087 6092 56773 1025 44718 13871 40843 51721 2235 8652 17229 30035 18983 42255 26337 38413 20348 20402 50024 766 22395 
25661 26608 10829 24715 42138 40087 35689 57442 9384 1688 51403 28403 408 52427 15067 27206 48144 21663 29440 11670 51819 1421 30652 36020 40685 23940 56367 3033 28838 12007 25428 54499 38615 49184 21160 35627 31218 11724 35015 53529 13411 28365 23878 26746 35666 51873 53951 38685 15482 25337 5229 9247 39685 35881 141 22317 14695 11382 25349 43532 23388 5651 39977 16877 9710 16012 52503 
40927 27735 42393 49330 41145 25632 28082 22766 3244 21901 31591 54856 50310 11803 2032 14431 51487 50840 14571 28678 20409 25952 8902 5887 4215 14552 739 21091 37189 16750 28469 32990 44484 12808 24266 40503 38439 52348 5215 54610 29123 49734 6288 34308 3483 8319 48738 54969 14033 5256 38522 34441 31207 47423 40327 48349 16849 53993 11387 54038 12689 39855 28974 57172 7537 53240 52550 
45975 2409 12639 55459 44459 4319 3693 20713 7801 24939 11398 17645 38971 16653 56166 15358 2734 45535 10560 51083 4330 6499 17344 13242 32116 12073 42216 31234 19609 50330 38658 20458 52738 51297 17863 52071 55615 34484 14731 5363 1369 26128 23007 40340 55708 34047 10572 13316 34456 34059 19273 38785 53486 49544 6902 27548 3563 49117 13656 36099 41393 52314 56556 49005 432 29294 43022 
56046 5724 57752 3355 20020 38754 39289 15234 49336 28210 25806 4599 4612 14739 36799 56325 23099 28290 5173 5521 44780 54289 19177 22826 50556 26365 34256 41507 26796 5496 39403 37716 24147 52030 41071 44167 32730 35234 1347 36941 18319 40080 54467 22930 9694 33212 21201 32792 16376 39301 38313 3103 48464 12364 38856 40966 38728 15058 37347 20398 33482 31625 60 57628 25601 54058 56669 
13205 44167 58016 50145 4432 52970 46558 27361 4610 34645 3437 37402 51020 42737 17661 8997 33148 42952 2727 28988 36554 30713 21210 56951 6141 52834 11885 18643 20381 20818 17259 33585 6931 30149 25677 24290 25065 27109 6525 29675 3700 9961 21951 9595 7573 52539 31519 53648 37437 34246 24582 15937 19833 45791 14834 25973 53499 39646 44615 15826 2410 16748 49411 22268 46896 29962 46557 
13908 11945 53082 56510 28573 17917 20407 38167 38417 14892 24560 34011 52328 752 13468 10211 33512 14133 37972 1431 9579 19564 921 38332 34902 17668 42617 12044 6511 14525 13476 33346 39398 21432 31802 9917 39348 7083 48083 32640 21974 14589 21525 16248 28269 34992 39386 3727 4000 19304 18086 26506 51795 19006 6784 41571 49601 49401 53615 10986 18800 21965 57259 144 43396 31007 10060 
37618 38089 13017 12204 14937 40534 33729 31184 23677 23595 25444 40331 40522 57675 13291 8974 6292 45224 15758 47862 36772 20033 56351 2632 38832 20262 1838 51904 18532 45772 3910 56150 38736 29855 10300 53672 25263 56956 39731 3814 22498 7121 44144 4966 6743 12310 26868 25962 57533 42625 15770 49179 4604 26996 51811 56363 2132 53648 50213 20664 54294 8998 18760 34976 51780 41987 30595 
18989 40890 25200 22802 18262 32320 21820 36155 51990 34129 4969 19898 46537 2468 48596 37662 19999 17538 31419 18309 32597 39941 23396 53260 36182 32393 13966 13104 26119 55953 56626 58035 51717 23772 35711 11925 56092 57531 2954 4903 46534 7923 37729 35017 10390 28271 14626 43317 683 919 16500 33279 40860 39895 41414 18988 14235 55379 45019 53281 8153 43592 53263 14744 9310 43848 26668 
20276 43325 29622 25179 44734 50472 17782 34625 15736 927 4125 999 1609 5044 17498 47815 778 57393 31175 19765 26502 41429 6730 34657 4456 5196 29866 19200 14506 15661 742 47709 13860 43291 27762 13468 35709 45543 48093 6320 46469 7092 20246 2952 12135 37744 5642 12912 50011 36816 45604 31387 33119 7209 7990 37575 12404 50784 56774 39837 21319 12390 29493 35178 55681 57254 3521 
46264 57672 6488 7458 962 13579 27704 3914 38642 20322 9555 51553 25207 1245 52032 56593 34364 14115 19457 13885 26518 12187 25533 21230 33505 50850 5597 23558 48477 17725 40006 49616 17343 46493 57073 18305 14946 26723 35146 53587 1919 44700 1962 27125 45944 53993 25664 35182 10054 45121 49066 49499 12182 29473 25603 562 22270 31199 24119 25621 48924 18999 30111 21141 7438 42059 52373 
22383 23656 29465 17917 25575 29039 32806 52699 16930 28745 33238 6986 51726 33233 10927 56099 45414 40399 23649 850 17543 54847 24968 56092 592 43966 41077 34661 6278 25082 28980 28661 48738 13320 1452 29187 42358 34257 23832 14162 17876 11944 21148 24476 45176 32074 22521 45465 27347 46169 46314 57818 55891 26157 55856 11357 24997 51807 46017 31275 18836 29872 14810 22448 43191 29189 51634 
27495 18320 30340 54585 36195 42284 17679 2617 42334 4627 38065 29745 31973 39109 30934 31737 36946 57090 42467 3177 36961 49149 49194 23110 9931 33940 50847 45306 19077 21982 51814 1446 53229 24100 10905 31370 21258 28583 46914 5539 33209 39854 48211 20057 20909 21091 6668 57854 33055 49135 15905 24891 40230 19973 48000 5035 53912 40794 5215 27863 17650 57028 29309 12826 36002 40213 57123 
57260 23671 859 17673 11754 40712 20758 44738 3567 54777 51406 16295 29778 55415 32199 9543 50519 52172 57543 10428 2905 53211 15642 30768 12807 27544 14951 25632 5492 10038 37630 17626 33708 38488 48226 337 21146 10931 45074 37640 7654 38426 8809 50359 48715 41007 1849 41180 48053 14266 51607 50958 9423 9195 23672 22229 49666 38622 2736 55158 48659 53293 27658 37242 33727 17831 37578 
9747 28761 37526 47386 36414 17899 56194 41647 8560 52075 43495 4615 55003 57760 56221 47907 22057 20291 26453 57214 11903 19949 14824 21935 23482 10063 49593 2670 43789 9370 53175 8410 38130 45576 10670 29418 5421 21738 13011 26908 15759 11381 44450 25636 24015 42618 15489 46072 17783 54869 45232 42613 16764 2002 6495 53174 24992 56087 10718 23655 7403 18768 32064 407 6290 42733 42752 
24638 6417 55762 51545 35103 22017 50870 2686 46032 35434 31102 46978 8091 40846 34156 50703 12484 49085 57197 7604 28951 10105 18322 52605 30435 37089 26615 30841 56306 24222 15539 22890 43566 26176 29309 33543 3067 22125 36228 49098 12433 22205 38022 20523 4997 27052 13173 17480 31011 25244 38012 1908 35349 56333 9387 7730 48296 36001 51499 46548 15097 21912 24312 13537 2962 53620 47080 
6029 17692 38182 55126 30124 2333 48023 5522 20257 29949 31622 50665 2907 11740 30623 17742 1963 28902 27129 9693 32072 18004 16066 33494 46029 50905 57805 1512 53867 8246 48591 14770 25937 41648 24770 10936 43980 14739 29385 19112 57616 15881 11723 2469 27620 42345 33138 29583 26121 15141 52203 13067 46073 10215 46560 34048 15994 1186 35559 11807 9431 39025 26576 48296 22619 51346 14106 
21473 20959 56418 40584 20521 14245 52306 35917 41864 49525 23930 13393 17592 39070 20470 30658 27089 43612 32092 16011 1553 46205 51570 26287 10511 45469 7738 753 10034 13958 27786 44434 34916 39078 26965 10312 53322 34145 1103 50060 38545 25032 18328 56136 18977 38797 41669 46065 24356 28635 4023 25908 16787 10467 52194 27297 55935 1878 40977 20843 15835 23637 20151 5626 4661 47115 15937 
12857 36135 17039 4863 16626 54999 23190 27636 15922 3934 24179 16861 28289 52814 33811 9071 24475 44277 3211 51771 55086 18017 47622 30803 46779 13205 50954 52404 30793 52943 23215 43649 43952 53182 48511 15452 50127 26576 43088 20923 30509 22141 37783 13672 16901 13541 22742 41375 12692 38880 48020 22653 11771 37588 53455 497 5667 1230 52900 36459 9048 18062 34982 52999 13190 38368 10398 
18191 6890 8360 39113 50326 30500 31770 18872 2276 185 54541 43650 12877 35367 33617 35529 2013 26079 43858 2509 31746 58016 55408 23079 9010 28344 12936 16883 54461 51303 40208 14598 139 48567 8585 5339 33942 40355 24210 36217 40539 33625 21813 8290 23866 10304 56746 25878 49311 55479 28386 35931 10316 25741 956 32253 54084 13891 49135 50492 20068 31290 19964 20206 34731 41477 38472 
10619 23778 17556 1710 19191 51180 36451 40409 16993 46754 39101 42870 50939 49454 13203 28816 1716 51871 42700 33968 2776 56590 37978 8142 31533 24142 28106 51738 819 11529 45085 24366 48234 4587 26075 22299 10642 4472 4654 27634 6101 56683 25378 11914 48083 51508 40730 4674 45325 25376 38641 2976 36840 18565 11117 10319 42706 52150 16932 56453 18553 3963 35693 8733 21477 16642 43960 
32118 34042 48613 14626 53070 2117 40004 6930 5075 33458 47659 9748 33658 14981 3263 36633 6696 34756 2624 17014 32336 54774 46873 30735 15273 50835 21302 36934 27187 37944 22840 14179 13932 26327 28805 8948 28444 23683 15877 46446 57140 18411 56193 45672 46319 1402 37179 53014 36157 39803 11975 10440 36523 794 54102 51795 6504 17351 43603 46618 10169 8389 2743 24100 47644 31547 45975 
18034 55229 16726 19354 9191 35136 17493 54862 23402 31822 33988 18362 22854 28665 43264 33293 7134 56986 42269 13803 5436 14494 57406 52053 24662 20669 54795 48761 10259 41217 49610 41220 38392 8283 2520 47582 43418 32940 57319 8766 6709 46181 27128 29562 16792 25266 17729 36853 24198 1944 5530 42561 16438 17810 49488 54027 51407 1105 44735 3612 42321 49219 57760 22659 57501 2226 25116 
42866 35166 37309 51631 54802 38364 33633 26310 10030 13774 56966 46882 37971 856 7286 22479 30221 25096 13913 39123 31377 15017 25804 34988 57337 16969 47622 34871 29345 49848 14861 14157 39888 7044 20662 49564 45407 9170 17820 10311 22943 16732 57192 2860 30515 19352 38266 15611 57375 52179 54733 30698 22070 35411 7633 34282 7254 55254 24027 36598 1923 51815 5629 54738 13733 26291 46248 
1086 48388 18942 11396 13277 48601 23462 29064 33991 55741 9277 4476 55063 16330 14083 27707 51327 49493 48267 27555 11621 343 6456 3094 15193 217 8722 11878 13949 47940 13000 27962 51202 31942 52285 6425 35417 30621 35489 11354 28309 57693 28757 25318 28897 42839 7899 22170 47206 56166 4600 13702 56508 11055 16795 13647 24200 38444 38452 51076 41259 51452 20985 34407 38268 28144 53760 
28559 712 31195 39913 41948 43762 23544 22140 14605 8330 30038 36774 55535 28150 41373 11183 26604 7303 40905 53179 31502 34224 33577 37452 17429 39903 383 6710 33045 41455 2416 3551 55094 33610 56391 38988 32246 21881 3074 46850 30210 33111 38499 40620 16136 34746 6677 55667 42048 47582 50792 28424 36680 39244 7823 54108 34021 21133 2764 9013 17462 5180 25491 14502 51717 23828 8364 
25910 45708 11437 27634 30793 57476 21007 26287 15558 55753 32963 13171 52675 35419 18838 35974 14045 12956 56724 23027 46976 19803 38719 10863 37265 43898 36353 6641 50489 15055 15005 31273 15638 39369 854 46430 38791 34788 27591 9223 32487 15428 35322 40037 50847 9034 17957 19766 21989 16627 55721 23839 49357 36386 34702 41496 22230 25929 48137 27593 40984 5088 813 56621 44456 14594 57925 
38122 49381 27462 2219 36743 42889 37540 18726 48610 1448 36682 23251 23436 8183 20918 47275 57539 57303 36851 40982 34407 4726 43993 3946 584 49080 17686 12079 48410 32279 11950 41406 36535 52339 56553 15224 37175 48967 33949 40659 50415 25505 5856 15797 46615 26773 17946 975 26022 54796 54884 2375 14397 40823 19249 27908 44777 36934 39987 48062 24088 51936 31414 2569 46222 29913 17792 
38271 20827 6615 20876 26116 45047 26732 41912 33608 53504 1805 47510 34401 11475 44341 49703 25871 27110 10898 53779 13834 2707 35712 16770 26794 42522 48183 29362 43618 32971 2028 23835 8672 21570 57639 34787 8563 26317 31573 55098 34695 46305 44554 11042 57780 43769 2692 38525 12826 26517 34250 39587 29223 24836 56356 56016 22233 1360 27324 7797 47258 42279 44560 10804 5795 44145 465 
14357 25336 32038 24329 1977 20289 23758 25947 32943 9473 41566 13415 35226 10029 2539 29687 39252 27375 27989 37214 4482 42277 19413 25206 44409 3638 11712 55213 22361 10731 55677 49645 36066 42589 15921 50971 17753 52606 31792 50695 4025 15304 18984 39251 25332 21523 23812 6530 3772 51801 56672 8253 48952 18031 33458 35307 34596 45 32466 56956 23703 43018 3423 14644 40481 19343 7561 
13108 13895 39352 18678 30847 9530 37661 24972 34861 1130 48784 54319 4901 55459 52937 26081 46357 25842 1486 36538 2384 14458 23879 14215 38160 8843 17637 52803 4198 49907 15238 17306 18676 9464 48911 4397 18993 28518 29369 53854 29648 33027 50119 47476 43360 45002 15504 31663 25718 29917 10147 28101 44374 46953 55243 24480 10670 27754 32158 14868 32535 47395 45101 51210 56859 35958 10482 
17798 19350 52778 13598 48997 27751 18591 51348 13057 18467 8798 57647 44184 38714 22668 27160 25034 11568 24349 4388 22237 6978 36545 50032 39512 25887 37079 45597 24692 27911 56078 55417 47261 50802 10962 51132 20499 42480 44426 46483 2894 8098 46076 47077 46811 23618 16183 26719 35185 40532 31107 12297 2384 22526 4275 41895 48412 54282 29438 27978 37067 27462 25342 26274 20210 49231 32281 
