96 14 10
1927 18242 25922 13194 5154 13319 12885 14932 12747 26759 7150 26106 23022 7612 
26937 2535 25298 16612 21057 10913 6676 28479 24370 325 3869 16455 6300 23225 
17687 628 21640 17378 18870 16539 1784 24023 1070 12433 7932 13816 10404 12846 
8899 2403 20458 7049 4937 14733 23660 25993 23410 28101 25685 16757 28425 766 
4424 3702 23990 22110 4330 14607 10700 20964 123 10248 16199 1192 22681 21896 
12772 4297 5954 19435 4465 24176 26483 9401 10121 19121 4372 2509 16199 27821 
19265 15836 26351 23689 17302 19318 14776 21631 2902 23241 13807 3024 4701 27771 
1980 27381 20879 14751 656 24597 3163 5120 19986 859 12285 27871 17744 14421 
1592 5155 13454 20857 18755 8782 13523 7269 28099 26063 26665 2213 20516 9449 
5236 25217 8432 4980 23810 27075 17495 22230 20650 20658 27349 11848 19281 8612 
10931 8237 23032 10288 11156 5464 122 1123 14245 13644 6156 13557 10919 4033 
13534 413 13482 16535 25629 19678 21514 18416 15731 10222 11859 7593 2092 8185 
19440 21372 16796 28135 27373 8806 9635 9741 12034 7521 10863 26278 21164 14783 
8812 1061 18816 20111 1473 1275 7858 24866 20952 584 14494 7895 8570 24117 
13252 10661 3515 3904 1010 18075 1017 28382 24645 8416 9335 7891 15937 17962 
3147 6078 3958 9723 4903 20538 1046 6375 21812 6668 218 11741 5017 14712 
17401 13586 7806 1865 24247 11320 3534 25256 27160 2315 22616 23017 10730 3163 
28673 24431 18890 797 1722 22847 10519 6624 12362 9330 10764 3151 13762 8746 
14891 18778 21222 1269 3577 241 899 25588 9325 2197 19821 7697 4511 13649 
1927 13005 16812 28364 8649 4679 373 8135 27525 8656 12523 11099 15750 21051 
14249 725 1010 26904 19502 22231 25938 23078 22471 26836 17643 3009 245 8677 
8470 2520 22325 8161 15524 8114 7737 21937 12792 5874 1284 9294 14530 13807 
18157 1492 6070 1383 2216 4844 28287 19483 27075 25437 13773 18523 21250 2629 
19296 21494 9070 27766 21778 2607 7139 8514 8486 12641 1664 19042 18514 712 
28336 4256 12283 17705 3513 18353 19088 3493 20961 16352 22975 19248 10766 5726 
6749 3228 6119 26044 22486 15188 25022 15476 15559 1139 21754 24044 13779 23417 
14299 3505 21894 11612 5526 5389 529 6803 21506 17381 10295 13680 2710 4483 
1905 13475 10208 8653 14467 14091 5910 5930 491 28696 21405 16049 27599 14372 
9071 12590 6766 23369 13860 28659 3958 17150 3026 2251 23952 24531 19632 5459 
9423 20106 7706 11328 2559 15678 17745 17025 981 23654 20720 28023 21328 13337 
15285 20139 25473 24355 1707 1217 16701 13331 27640 18423 28245 1878 20673 23409 
26409 9282 26632 4809 601 3316 13901 3159 18993 2859 17948 17739 24277 9880 
16974 14582 20982 1236 3699 15432 23355 5405 14413 9033 16500 13266 27455 15957 
12908 19341 8343 8294 26387 6187 10868 26987 9502 24768 27910 26260 25391 14836 
12976 20881 22480 27714 4440 12439 163 8138 27871 23517 11307 11261 1528 27806 
22291 195 14975 6412 17300 21082 12470 14900 27269 23337 10864 5748 17083 7752 
985 13686 22587 13960 3544 16279 12887 7984 28718 10814 16121 25566 3308 27428 
8039 4835 24211 1543 5030 8164 5719 20094 458 18188 6206 25491 10503 14835 
2452 27585 22586 1201 10248 16385 12926 11557 1641 25812 19540 28123 5603 4638 
24901 8910 1043 1918 13745 25254 1225 16539 2395 6943 5610 2852 22895 11816 
28343 4610 24415 28559 1172 18213 972 9185 3575 13897 20741 5215 8686 11493 
2316 14288 13895 24981 20963 14938 26898 3685 9169 28122 17988 11563 4042 23597 
14414 26937 4390 11734 524 17 11505 28248 18229 12477 8645 19568 24138 598 
24783 4037 9855 27098 16089 21514 21056 6029 7664 19167 9713 14597 16266 27700 
26159 18073 22510 9551 13987 24664 21284 14510 24681 4002 13970 11887 14243 20379 
2668 7358 20976 25215 9159 28595 21290 25248 21322 13558 2489 26750 1702 9967 
12560 15733 8879 9931 5018 366 19481 19004 25030 11978 2491 18688 13744 16461 
1787 25751 8052 2219 4321 26793 27433 13480 24365 19935 7705 16899 4706 7958 
14862 6407 17924 27421 19904 24568 6329 24921 22698 25810 15137 16705 6765 15393 
6605 18273 3066 6157 15236 8882 8375 17321 4652 7021 28565 230 26955 7482 
17128 638 13205 967 4810 106 26152 24713 22438 3694 20847 16349 716 4961 
2031 5245 20353 8636 23517 21183 14792 7730 27830 23166 25050 3694 1399 22593 
1688 26119 27839 16581 26756 12256 17547 543 10127 14912 25256 3777 18605 15080 
17890 17085 17805 19921 22329 9371 28556 14823 28318 12325 22552 27360 6703 16579 
32 5867 10384 1719 963 9436 18299 27718 19456 4824 26026 795 19735 22494 
2337 7317 6551 20226 24401 24355 9124 15707 2703 6657 1742 2234 18981 22058 
27358 23449 7614 25154 528 15763 24638 1490 22963 14149 26972 13631 16737 21975 
12191 7684 15681 12292 15000 19996 3730 8378 15564 10619 24084 16031 17275 23590 
16029 7469 14625 14600 2130 22239 8731 422 9214 4581 28463 3389 16495 24412 
14784 4444 17600 24739 9893 2258 8243 22657 22254 9738 2248 6795 20356 24096 
22825 8843 16664 10067 16311 2501 22431 16205 22504 139 14391 695 4720 14066 
1848 21214 7456 16632 23422 25055 12583 4527 25077 20826 27184 18543 1776 27196 
23102 19896 22504 14905 28738 10380 22736 14027 10646 14144 27996 4362 14282 13600 
2822 19001 25430 4669 9192 1863 21300 3827 26917 2861 6118 23207 21451 4514 
10727 20991 2922 2807 12099 23191 17711 9814 2548 11659 23840 13193 25802 23049 
15320 9061 5626 18141 28062 33 20574 6231 1896 10852 7822 26577 13712 13940 
20996 4140 16218 701 25130 16905 3507 6206 11308 18982 16019 13855 1853 11072 
24813 25419 3098 9110 5692 8723 27250 2731 6520 16801 6727 8415 27652 14548 
6205 12576 26252 24965 16715 13683 23430 10822 28352 24701 17027 10872 14895 4259 
22491 14512 13095 16281 8908 16192 25390 12365 22679 21617 12860 411 9631 19586 
6591 8495 3112 10560 18836 576 6737 4528 12023 1380 15350 11587 23845 1354 
20223 9953 5612 13927 22229 16471 1420 2350 3875 24575 14714 24318 17404 27573 
22494 27034 16137 297 6742 19248 10856 23342 19823 15357 27869 3059 14501 14431 
12410 9559 13550 3846 17276 16926 15537 10717 4610 14721 13066 6249 10508 25544 
1780 27912 22095 24273 23923 9444 22334 28429 28691 2167 22983 19726 15288 22065 
20549 1002 5473 1937 8325 16787 5782 25600 4926 19083 5294 9535 5016 16125 
15783 15524 12881 15327 12413 6188 8577 5313 15631 28675 4955 13299 2054 25702 
2003 15107 16744 22551 13873 22217 22252 22197 7981 28033 16774 12906 18328 22067 
20205 21109 9404 7201 7845 20050 20292 18022 26237 82 23334 10846 28756 26053 
24144 28575 22968 26146 12659 10924 17675 26531 2118 11139 19940 10099 8150 5691 
23004 24242 27757 14422 16563 6139 19387 22172 26188 8656 9171 21402 8737 3718 
3460 6471 27535 25369 4023 21715 20492 16681 3852 7144 14424 5969 18283 3341 
16067 24197 9031 8049 17416 5765 20235 5192 11903 8599 25128 7068 17254 5512 
26235 23756 6994 27459 1439 5741 24040 3226 25221 13510 19906 285 20653 3307 
4018 10148 6647 17850 3322 13442 25898 20738 19206 15110 23694 87 23708 17799 
4919 9939 21075 2366 4907 28068 1038 4110 2787 22842 7335 28007 7564 25005 
26056 28217 28311 1286 7342 3935 19135 10664 17376 14010 379 7795 332 21837 
5646 21804 10848 10564 2956 3136 12930 5627 181 13967 9737 2967 8021 14836 
28738 15585 11054 23771 12779 8342 25057 20120 12277 13169 28548 865 27179 139 
6424 25275 21975 12069 18292 4036 22633 19012 7171 4540 24638 7351 16271 3352 
8083 22056 18188 5798 6618 454 782 19396 6560 23603 10729 16601 7984 10489 
17466 4140 8393 21654 27180 1580 2701 14449 3380 23098 4673 8315 27637 27075 
13431 15120 1640 21513 8388 19827 25075 12771 18045 23621 3379 22369 18436 11872 
10183 24185 22361 27648 28324 1966 18279 24481 1310 20979 10142 4690 15289 14814 
13004 11903 13102 26434 27022 12506 16924 4388 1310 10977 14923 19354 5810 18301 
12935 24246 1386 23117 17408 21511 19742 14709 23476 6999 10403 22550 27977 20544 
