67 6 5
6972 2004 2706 750 10391 7753 
4954 1349 10146 11826 9962 4599 
1913 6711 11699 12035 7272 11725 
1896 12461 5339 8188 1364 651 
6186 10221 117 9503 5128 10435 
11695 12099 5884 1701 6294 9720 
9453 11247 4515 345 3819 1777 
11088 5732 1934 10088 11212 9205 
2559 408 2412 7897 2042 9920 
1993 8227 7441 2110 11175 6014 
5990 10170 11558 11873 11870 5152 
2340 2070 9844 6854 8559 964 
8630 6948 6695 10563 10481 5207 
514 6485 11760 9070 1682 1102 
6290 9820 2774 7176 11929 1249 
490 5219 4864 12047 10537 4034 
10644 177 12248 7789 476 8108 
2198 9106 8501 2338 415 12427 
990 7074 6212 6195 3444 1339 
742 3180 11158 3515 10355 3833 
10908 4291 2497 3072 3638 6480 
552 7728 6656 100 8962 578 
1653 11159 9683 3599 6942 3543 
9471 1377 4062 2983 7572 952 
10467 8313 4131 2371 5274 7931 
6204 3482 5667 2146 6554 9305 
8625 551 10478 8727 650 6740 
9304 8448 11344 12432 5492 11731 
9420 2264 408 783 5246 7979 
1734 9158 3593 12009 11529 8866 
7240 11178 5793 208 6769 5792 
2958 2695 6342 736 4867 438 
921 1471 8885 12264 7348 7822 
11295 4068 10085 11702 4850 8777 
428 6583 5235 10165 12037 10209 
12476 6578 2133 5569 231 8902 
11361 9333 5042 11148 10068 9908 
11585 4434 11378 1216 10143 12171 
9038 8738 3539 6423 1186 8389 
2500 7758 8417 1181 5223 7755 
11389 11144 7778 823 4014 1454 
3170 8820 10786 8211 7268 1600 
11564 12299 6033 3688 815 3476 
3159 9852 5659 6697 3576 290 
8531 12220 1494 10394 701 6716 
11594 12090 11306 118 6358 2620 
1571 2973 4885 12356 4629 5598 
1256 3493 5197 734 7180 6012 
10354 10338 9309 3313 10480 6330 
9747 6312 5851 11240 10151 6551 
11402 9045 12086 10008 2608 11889 
6073 4178 2162 4403 9979 236 
10000 4680 3728 8643 5413 10907 
8100 3067 1991 4709 12524 5917 
11039 3017 5674 10335 7703 3125 
10331 6405 5615 9718 9858 8222 
2353 3231 5845 10660 7633 3124 
10895 11078 7803 1924 7021 516 
6276 2421 9727 1713 576 2997 
7629 5060 12158 603 2695 7161 
3727 326 866 2787 3489 10723 
11008 11987 7399 4153 9947 8477 
7276 8142 6856 8524 10065 7322 
2485 9787 3189 12211 11499 3764 
8653 6428 2269 8111 476 11108 
8718 4202 4879 9583 6988 8368 
1053 11441 7655 1897 9039 11047 
