86 79 20
35755 61141 46540 11474 63623 63681 2619 23457 12597 63913 34070 47462 4457 48226 12052 40768 27285 33123 5267 25705 44488 31886 36724 8153 3737 16038 4123 15754 26971 10952 50126 30789 40156 27267 42263 2444 59012 12945 63363 2210 7459 28034 49671 11915 6861 29786 20747 2209 62909 26013 27913 6062 57898 32701 14214 61634 16802 55798 45451 43772 34813 26178 42625 5570 21509 52951 8013 11122 65895 39439 13331 3955 67472 31065 53332 42396 60850 4680 44604 
22424 68154 40581 28485 56653 3883 10762 16952 58146 66559 62402 32520 37 56643 43208 5606 8753 26760 51081 19874 23256 21121 1268 27210 56657 32332 48605 29654 61246 53284 4860 51733 52039 45440 10820 7357 17386 59043 24308 6133 24268 54773 6716 24304 42018 49923 67372 50770 44746 49054 1246 68001 38238 2513 63275 25496 2909 42481 55150 32218 63829 28073 14552 46469 41576 62833 53826 27025 20542 46197 33157 44809 31572 7937 69112 41653 25923 67085 23024 
1271 14804 61731 37335 21106 32308 31211 46601 3280 41756 416 35497 36186 65950 18112 50718 38127 49009 3209 65151 152 49406 66372 13024 49041 4910 12737 21295 68294 47886 44318 166 30753 4715 37501 51858 37022 36775 66523 40301 46594 35002 43861 13381 31554 61972 32163 37744 9646 35371 1561 9797 52840 67932 60282 32482 40905 3621 21840 39800 19570 34222 8030 50322 38936 45530 32782 44021 50368 29906 14923 27564 32971 58783 9008 64524 19420 9234 32870 
29066 44605 2494 6926 65508 1027 67208 66054 9995 38892 18495 49794 58461 20780 57823 7448 27779 2018 40229 2401 20450 38198 17323 16077 1771 44169 62546 34358 63589 2382 35291 23256 15050 37784 67643 11159 6874 65452 45276 16868 3009 31835 66662 61469 52614 23150 36981 10995 62630 45273 13395 13681 51535 68180 67219 53305 42950 60366 55726 37140 62747 21619 28459 8398 27466 26704 57019 34340 60219 32896 51207 63228 64730 16534 23362 16010 7748 60342 27004 
979 36217 8462 52121 18353 7243 49941 39721 18257 8972 63510 55396 2321 15730 51919 48180 11260 9224 3864 45599 44 4824 27407 31335 37617 12005 54697 53626 19752 45640 48693 58192 49920 57155 8978 68272 32461 26982 6658 50717 35953 770 4779 6337 53961 56697 54517 65220 65920 26444 41420 34027 31267 36891 65362 68884 16959 50660 53111 4774 64363 32406 62965 44885 57624 2544 11822 20686 29525 18480 39467 33541 56711 44245 39878 41273 31543 24996 5159 
65526 51439 14642 67616 50770 19596 63579 50255 36554 12904 2031 41327 45331 2500 34893 58279 60123 5500 702 48873 3088 56643 18941 36629 12019 31249 44570 53292 30855 167 58450 26982 19669 41155 25199 38502 60751 56842 19358 27906 37809 21389 69233 13741 23888 2791 2621 52075 45753 40785 69011 48840 65491 56015 53532 8112 17865 28703 29467 48719 66331 55980 43764 54064 27736 68962 60629 19088 24469 10589 46994 62278 41 14892 44082 61390 55144 46703 12130 
31498 55551 11742 48402 51643 67756 599 59754 53684 66764 19822 1068 63696 6403 44831 16425 2203 12459 7656 21290 36927 55706 68283 29806 23810 51238 41952 15801 36984 19256 27931 68481 42870 7736 15548 25114 43556 16147 52932 27841 13512 40817 28909 45271 15284 4341 61696 17486 16799 37415 38775 21790 61184 5724 19659 15595 25025 61610 31395 62008 48929 27389 29155 22400 3189 44702 15578 46744 60848 68509 5186 4961 7991 34094 18296 23274 6499 10593 8823 
60759 16071 47598 13150 7856 21385 32809 60912 46409 62482 22908 7083 42013 18361 36237 64412 21549 11540 48053 36356 40452 47163 41541 13476 23218 43699 31771 14555 50197 10427 23378 41557 63959 39039 22771 2416 60423 23643 63327 5497 16726 54299 12579 58738 40723 48815 21816 30335 28419 470 66690 36934 15697 6896 50409 38914 50594 12782 53468 68854 60670 7447 9077 55231 46485 31847 57646 5573 23553 19639 48532 40278 42001 61110 67080 50787 8591 19497 11723 
5073 57428 46476 42006 3726 53371 60478 10703 2631 3861 64171 2086 64531 39681 11162 18427 54230 11072 44136 27866 34624 63774 6999 42966 4440 68109 40647 55226 44763 60143 35012 49835 16236 12089 59904 19962 33524 50983 30664 36154 22908 62898 38239 55502 33181 17465 4530 55474 65998 48665 13941 31224 11105 20940 42253 15544 57112 13501 38834 540 41707 41909 18438 57942 53998 8943 8505 55585 27989 7233 22340 50896 732 28642 5063 1976 14170 9592 57449 
10770 58257 1992 10057 37425 60393 52309 52968 16170 65809 59865 16709 38117 32376 35146 26660 54437 12152 3229 40623 8204 10461 31026 59100 48654 27731 32226 50630 41901 41818 6744 20734 68138 46197 30790 36164 37191 13700 57195 21424 47572 15726 38132 53752 48101 41341 48475 1203 21556 51703 9889 29760 30227 8978 56923 46945 36708 19750 28176 46672 61567 34919 67405 28370 11718 28796 32597 16972 10559 20394 38396 58130 36119 44591 42483 52283 53996 21560 53485 
6153 41326 31437 3976 39617 40414 60898 17163 7723 48712 45338 54395 8944 48320 52401 37314 28101 49261 512 13137 59819 58367 19596 48551 25087 64186 59097 45433 48783 48720 66981 23000 58110 29019 26975 28328 34 55937 45490 45219 35250 58891 67677 44193 5876 18743 49570 2041 68003 50082 15177 58424 39050 34772 5640 32201 67021 32800 45697 14470 12122 43280 37469 833 2900 32507 66622 40396 19045 42713 16216 22358 269 51956 34615 6144 1300 14786 8184 
69303 32931 60822 26392 40045 26195 95 2847 23818 958 16607 38287 13079 59886 43819 51373 62786 6927 16660 1847 63434 59372 18062 53855 27704 619 19071 1912 39380 33857 10095 7348 66787 38981 33739 5497 65175 1897 8343 57056 2855 62412 63406 53395 52899 37826 3434 46286 12817 20093 48132 44314 10067 34257 28770 5834 2939 47841 7745 42319 49761 55302 17730 15213 24884 51469 20710 20660 21429 66514 45780 24283 59527 39787 45742 43028 45677 49175 57377 
58493 69267 4175 1472 47397 6495 30241 53231 9434 46145 60975 19816 26507 46878 37545 41720 39825 57077 62429 28549 9108 59544 4930 1454 49673 12780 47195 60764 58456 26971 48742 15614 26840 52916 17085 42300 59411 15390 26132 36908 61534 55171 24787 18643 714 62331 28426 40539 18074 21456 69087 64643 49063 4618 66096 66799 17397 11957 58164 43917 6991 5572 59530 33830 26551 44679 6732 54025 60068 927 21534 20267 56097 14384 38909 56811 44779 67334 27951 
62852 56853 65101 26160 4582 320 60319 1982 55178 2877 28210 67158 9868 1845 57290 11761 28395 634 55954 13022 28765 56881 2619 49031 11643 17003 56004 68453 29845 22003 64467 23298 46920 60169 49457 51501 28552 40377 21546 51794 11318 49755 49553 21185 19663 5508 1009 48058 6141 56963 29143 2969 12509 69223 52000 24151 54289 6669 60668 14735 28671 23800 6096 6192 52033 23616 25756 11186 32057 47302 62979 43374 65120 43134 32622 15385 48641 33630 31506 
22846 58656 60648 25814 39228 28536 45877 63379 13427 52545 22712 28161 11818 46511 2321 55471 66607 25936 11829 8395 57992 59130 39437 31 22915 13172 32652 38299 29877 34346 37868 52722 61065 66579 9137 30895 25717 23078 24875 39143 6224 15650 35367 55503 30224 37687 41576 27433 31687 21468 35827 20280 48661 43327 57773 2177 56499 21026 8540 16977 23435 46407 37762 15102 43588 14962 45996 69304 38039 38934 7112 12327 22647 10542 67829 52870 16293 8070 10904 
47979 29537 14794 36322 8799 58121 24696 48438 13285 13786 56977 67723 37220 2049 36086 20385 13700 19111 66380 13605 25214 3979 58178 37540 26625 36784 35970 10097 21140 44040 58462 37182 41640 41320 4105 18503 67504 66263 66940 11390 48112 22582 47176 53395 24630 51325 4382 6394 1037 38825 19998 26250 42804 46240 63789 37492 51087 67823 15652 2828 42464 4716 40009 52167 14099 12177 1271 12204 9041 68210 61055 25216 58855 38832 9213 51549 58220 13594 57942 
59256 20482 46003 53570 31349 60306 16024 68841 41994 14448 15094 44821 24975 57271 15431 45206 39433 27608 46476 51636 4712 13352 11356 67390 2808 18251 7204 22420 7072 58259 10963 34392 9342 56966 18563 40691 47873 2650 8197 57931 54560 23290 33353 47598 48625 16848 23405 18659 12519 483 38359 54692 13834 49714 52683 54103 67965 59886 7125 43100 16810 55549 8093 26152 43116 64117 34906 59053 66767 43102 47585 51928 34455 49001 67589 51143 65848 21596 37866 
46430 59540 6826 31724 3975 24603 15008 26141 60631 5496 1329 34333 22305 56878 42425 16520 68057 37144 19489 25775 2576 30654 41423 22567 33173 21026 20757 14917 54937 42352 52782 31969 32493 27671 63692 4531 52274 46763 68134 43506 52258 64 45902 42627 25005 18929 27210 23664 24136 14763 17502 26711 45416 58925 49277 9190 48014 38097 61569 33552 11051 13016 33584 11607 40687 65339 16138 23562 42704 14873 35131 63025 52398 11635 4317 8005 68025 68989 69130 
22762 14353 17233 17536 59768 6759 34876 37022 54772 3574 29192 56388 52086 42207 58035 63693 50957 53976 10432 42582 64743 62766 8315 26433 45765 57411 30750 21833 56037 30340 21564 46862 12756 38797 32461 3125 45555 67336 40146 68391 38973 37401 55380 21661 47672 12080 15955 29230 66055 63848 2414 29463 25279 48190 55896 39107 36202 17247 60940 60302 15650 50567 37765 28405 19965 827 68991 33584 36226 7803 32576 5800 13267 56019 27460 60938 68098 11478 20770 
32819 43389 60645 62281 36731 39436 16842 43902 6239 2152 35443 66540 17801 16611 2970 14269 4640 3796 51324 38223 40021 59126 38862 13884 2994 25482 9408 63932 61643 58347 52765 62525 32338 12075 23472 37132 51510 40313 11635 25812 42465 15141 60415 60265 69214 63384 42598 4455 35243 24523 10741 43327 51712 49602 57210 54705 43147 34681 17302 3455 23630 38130 65980 24031 50204 20053 61162 379 28429 40861 26190 1495 56001 17206 29824 23880 48653 3023 28334 
51959 65007 7138 25887 47320 24803 51161 690 36013 16443 17992 39468 8136 24185 4113 32166 4991 61627 61392 5369 20657 32854 69021 59614 56918 16828 20039 11400 33545 60523 39733 16105 56131 14935 10056 2116 39737 61216 2805 6352 45722 58258 13883 53858 13045 55457 54087 55497 15749 46080 60865 4469 9535 28551 64082 66453 45379 52184 8454 46987 43308 16250 63091 67502 68646 3748 37681 38985 33027 40486 13400 46813 29345 64744 68734 10453 50802 53422 65949 
66550 67566 25480 1620 45164 54030 33766 42218 67472 16551 18735 45060 59859 3049 6817 26026 2296 48026 63707 9344 11655 2858 22743 26531 266 18088 25866 10719 36953 47351 7269 2168 45518 812 3788 58746 54842 37553 69027 20979 22167 18364 66039 12627 58874 40919 6717 29233 19546 38487 38577 68662 41344 29383 25794 41609 15535 19723 20391 20551 35138 65122 22719 48719 65933 63968 38066 19440 32122 37695 40419 54288 24122 5123 34979 13597 46041 9759 10893 
65586 48245 49469 32914 57652 46916 58707 67324 62450 46494 18317 13602 12233 14040 4384 29015 48036 68351 67081 67476 68536 35377 6560 53426 27562 11682 56468 9222 57722 34290 20114 21973 50598 37647 54886 38851 15164 12259 36776 45677 26816 23156 27342 39048 37195 31726 68062 53295 30678 33808 51372 67278 37248 57931 51305 64809 37676 6438 4632 63461 8791 62208 16035 59388 30456 38985 66302 13683 19307 33679 27423 46122 24899 22828 15771 62093 22617 51896 45989 
21359 53768 65424 19238 21617 22020 38606 17028 59695 13107 59121 53757 21897 51930 37856 49348 50449 7442 46251 32195 64210 47993 27681 40933 3493 50509 24767 33650 3727 44726 47702 25085 29095 43728 12386 50712 33811 50991 35803 24108 64097 25525 45928 16595 45519 14385 34006 64031 59288 10858 64290 54099 58851 22572 63095 62343 3682 18463 26594 44871 63189 42360 38019 22885 16689 50405 41660 18563 31997 8064 42670 64158 1653 19200 48816 15235 1648 13424 9867 
60936 24281 4758 13700 13733 27330 7397 44140 68473 63321 38797 43945 57111 11758 50028 48060 65908 31034 20321 52535 31094 65847 25806 25853 67499 13069 5271 13335 14717 18694 60663 43716 11038 65421 25479 62233 60814 939 5038 27952 64260 43834 39961 20036 23656 20590 68095 57627 19687 56480 40763 50780 52928 34633 44697 51028 47701 18031 32426 30481 36724 23690 42260 15825 57174 35803 8659 16653 36741 13696 44605 31602 25594 15167 51638 17313 3820 18398 43003 
23506 5479 14368 42349 26470 49000 55109 8099 64764 3741 8588 63309 8528 32278 4234 24353 57515 40036 1075 4770 7379 52233 17438 7044 8428 668 58681 63202 4487 45143 36806 65454 50621 19237 6468 7693 36300 61577 53253 31666 65317 29905 63038 4447 62182 67271 28799 18362 37909 67335 23131 13351 50169 40568 20394 26660 41235 47139 20463 13785 22883 25333 9840 41567 44569 53770 17323 11471 45948 38640 11200 41866 68544 4839 14376 29391 40173 11238 47752 
8683 9175 38947 22033 27407 10116 10491 54067 19415 57629 42593 33199 48575 35989 11103 58205 11160 64872 6130 22630 9485 44769 1893 19414 11978 6731 33790 41368 46903 13091 57183 23650 59727 26731 13746 17736 4911 24236 39866 24325 49928 13060 25587 66566 49049 4753 55373 28272 37688 61502 18965 47172 4936 20857 34650 54375 65049 36503 26344 42553 49593 51590 34266 39922 8923 48012 25721 51295 40311 65586 43683 20841 46709 69269 55470 63821 42086 41444 60156 
10375 1611 9722 25611 6546 30578 60260 60920 63690 27364 55327 36845 45020 5583 39174 53005 51967 17787 46789 33863 26162 42976 8147 15066 57749 45479 1137 20235 18166 42581 10993 28541 44191 20714 54151 18801 19356 13076 47784 13647 8503 1777 18555 21586 7359 57729 5193 59325 43579 51981 61251 342 63021 69397 15407 51371 45477 16544 2207 31707 27188 50661 60247 1980 1977 13063 20780 58794 63600 68564 3042 2704 942 59059 24289 45762 15453 66943 35688 
59031 49526 65002 59373 11212 65000 42843 30646 9142 27450 916 40848 54637 51577 69158 56617 21617 12822 45460 11012 44485 12689 51515 47188 13630 41175 39541 27455 56627 37085 31206 14324 54674 26809 4298 65885 22410 15204 64594 69014 42654 65510 40463 27892 47688 40223 52572 37368 21108 28634 48379 65593 41322 30495 11446 23016 39734 50986 50470 64424 18673 49740 9349 41410 7150 51108 37897 67022 66312 33092 66637 7631 66665 5765 35522 13018 14051 18696 50385 
3223 15393 29365 36879 56714 27924 48324 47793 67657 29912 28865 62682 16648 9206 40095 58057 53817 21804 64017 19504 56179 65173 16742 63809 62439 59969 29933 6059 4621 16692 56443 45305 32084 16410 12785 56861 12397 61109 35256 10655 59084 32184 41400 43795 9453 49558 32453 63269 1964 27072 13375 58142 60308 67578 52553 53348 58148 50549 59406 30833 35304 46451 44201 67387 30924 56986 54849 43320 16760 58168 22038 6445 20953 31501 50239 30405 11661 50755 61738 
13624 45890 5714 39829 36799 41355 60445 20749 67567 41595 48218 66463 7500 62732 41265 42950 61719 28852 65863 35640 45611 54632 25741 20119 43649 57242 959 42117 36966 19778 34456 18653 65667 8233 58481 1132 49588 49528 21880 47756 59186 38161 12884 34750 31495 54148 8301 23815 13602 42227 27519 27276 64923 53259 47395 39173 9166 48353 11891 46131 36194 14411 64783 32463 22643 21930 33594 40294 39521 23537 18651 29308 29761 68996 32121 61255 53746 8486 53134 
67347 50712 48716 25224 46236 640 40682 53472 9806 19637 33427 24000 23894 47837 56847 56356 1081 9378 58013 41375 16962 49613 28089 46269 9976 27687 46454 39294 12034 54939 60491 47444 4316 39808 40731 50552 40448 12015 2689 18317 69113 36115 42316 23608 52015 67226 48028 53096 44667 36642 62534 61628 54319 21224 6563 32358 16974 53016 2253 66469 6620 62744 44514 10935 1217 53309 29550 41664 33387 32239 28044 33101 36417 962 56708 19034 36251 3401 2731 
11520 8107 33328 41211 62425 22615 47773 25384 39589 68852 65098 36659 6073 26507 49237 17008 27724 1211 46557 37451 34597 46859 65495 67697 13878 34520 23070 32911 1372 26471 3705 50353 2641 37032 22166 65065 59646 38002 58512 67298 37456 54211 2623 43528 11320 51859 28599 7107 21133 5758 44557 55729 52616 40653 22091 34557 43236 45160 35531 44608 39694 39235 63024 42334 44330 15791 6064 2642 53793 64575 541 59312 49388 3163 1505 28771 23085 30104 35877 
44217 3925 48497 30547 24604 57214 52637 59161 31051 65861 25293 43722 4220 32592 37348 14618 7523 21202 20681 10164 43058 15858 48167 32971 33309 51329 34476 30143 42478 32643 66019 17296 36567 13181 15907 29234 996 68543 18996 32047 33069 12353 43832 37289 44944 11781 51906 20530 1047 40650 68156 44104 24571 14988 45139 57879 66316 47678 56085 7459 10922 20769 24755 15552 33950 40661 44785 34945 7869 31845 35055 40938 12261 9489 46290 25268 58731 28797 45797 
59777 48 12618 2547 24619 27605 47685 50561 61985 25964 37248 45 4949 58016 24799 57962 60029 33523 33348 63038 41392 33256 28694 50393 45516 6246 27284 38847 33041 56080 15246 60881 24191 65325 63427 16873 23532 9777 35498 53580 3804 40809 53624 8752 66888 46487 34777 57519 48073 36189 51158 20066 46 47915 38522 13626 22225 65805 52472 55265 20550 35781 14811 12805 31708 8840 29677 23303 56078 33238 7484 59882 4648 29171 36697 39600 6259 2076 27720 
54332 38264 46941 42461 6373 25457 11585 57460 15745 45453 40534 1611 66003 44378 16422 9409 44149 62723 7149 35515 17466 40387 42998 45411 13098 40233 50172 20761 14555 52247 16544 36950 58574 63484 47475 33010 57005 59059 21072 3351 35113 29669 42424 69179 42110 26909 9189 16861 57695 16338 52375 5762 24788 63437 51173 5949 2335 10 26710 16889 52256 43253 53839 9495 5403 31915 10568 62407 59037 69101 33821 62213 29371 44308 61994 39545 1818 39246 56405 
27576 23647 7445 33338 48434 38945 52574 22447 41279 52583 49156 26232 3504 60472 10672 50460 65874 10650 29091 26946 37750 28794 28831 30564 26228 3740 60621 65772 43020 30469 20842 1197 22179 28287 2598 1215 35295 23235 61123 7176 43881 8944 1471 15448 17 49604 65907 33955 60253 63062 28964 66066 22457 57794 27231 48684 29598 55916 45058 3219 54448 65899 41877 7228 62249 44475 45904 28146 35773 37628 3385 10256 46571 4855 25703 14652 54458 59674 16670 
13376 53337 13697 10043 6395 39555 5337 23142 69152 29316 36263 40434 14365 828 12912 21593 31140 25450 67496 59285 61223 3790 30733 2080 18424 3651 65244 1139 26172 55519 17808 7611 7521 31505 17653 51377 39123 60452 5121 38876 20369 9447 47373 2798 10274 28348 24390 41414 53798 59949 68762 13686 31802 67559 15765 50226 1811 49072 51364 65445 35193 37236 3657 10777 36804 58772 62154 6528 49825 35338 13467 38257 44784 60839 41054 23122 19788 33507 32599 
41649 61520 26 55334 23923 67584 39162 42212 37459 18836 24178 1569 22092 61413 5225 32868 28818 63996 63085 3409 12486 29024 16875 18807 41872 8315 27924 64993 28102 29495 65655 37815 21616 65680 23750 13602 31930 62912 55814 37452 12349 10593 39020 2504 40069 12308 35371 36950 44368 29058 40358 56853 26145 57232 43723 68016 65546 2249 31674 61711 31743 27930 30127 21422 61674 21941 3087 24205 15454 58900 29720 65264 37556 36803 67767 45688 49110 1803 13239 
24079 68322 53596 48996 25069 9493 60782 61148 5640 63030 23424 35415 62836 19417 33605 52321 11692 55545 55408 35896 39062 12973 33679 2991 50529 1083 1359 64280 50193 40624 8121 42335 39547 29780 21932 32679 39273 13316 24429 12976 44409 15916 16454 5911 35332 50059 26295 47024 4269 12304 50983 11395 62739 15264 14385 11933 16346 53206 6814 34602 24431 14934 7539 32041 12778 66932 64720 52050 48311 57212 65025 60784 41191 12081 66694 7124 30203 23590 22211 
2535 3958 41258 13929 66696 56521 28314 46692 40930 12121 53505 6134 4615 36503 51134 36655 49280 48667 40 31931 65042 25315 65019 56427 66505 7701 21786 41693 5967 13439 31967 8502 54858 3826 22430 20219 60346 18807 66910 69340 68389 51017 43537 3605 55583 25272 8324 35464 42002 8363 35458 5709 1742 31078 30199 68246 38779 51984 8604 12809 33487 40571 21310 18946 44396 11804 39165 3408 30610 4740 40811 67063 23820 14949 38731 10004 8284 47054 13531 
18349 23481 48988 24058 25222 10668 54256 61531 17510 4906 737 30318 38392 9371 51628 25401 21830 63431 32629 62699 62104 37369 34111 59768 29252 49059 66563 39256 25406 44218 52786 43755 35762 32376 67812 60983 11107 20733 21180 28616 25638 59378 58933 32093 68748 9226 57494 58641 3258 20724 51942 33426 26156 16654 61257 55408 33777 58421 62727 59182 33241 46114 1602 69002 46553 37477 28651 57659 58210 17894 54338 51911 7873 43873 14606 44684 21162 2701 33926 
24420 60886 16469 25909 17644 33123 17767 41115 34963 6790 34443 24746 8094 48620 63810 45159 25775 31888 4411 51497 58161 59766 4501 40674 67638 16437 23343 42923 37598 63505 7451 30081 54992 61381 55989 40699 25105 4358 12415 60067 48609 14921 52877 56702 63541 15352 32462 19917 47239 4937 39477 36002 64702 12041 44739 62942 28477 68081 4530 66075 62187 49442 26757 47780 41425 13348 56543 34593 55167 37021 62724 34377 51942 14266 21680 46084 29617 54141 34064 
7457 27141 41604 11522 22445 53645 56260 53450 12723 54942 26043 9399 15794 6087 4220 63574 15575 17567 18782 50167 40797 55802 43492 5775 38345 57757 64916 52492 17975 17722 17157 62894 44863 58761 42479 35371 11071 29341 19422 23793 52346 45464 1256 68140 19614 5475 30379 35188 60503 17224 15957 31901 3627 27512 37675 10036 53333 33192 62527 39371 50913 47748 32866 63839 5174 43409 29811 16244 3351 49232 8100 23760 62760 9355 59963 50437 52291 20943 16227 
43395 38166 247 5897 9857 27758 11635 57354 11692 12890 18546 51063 31867 34357 51992 26307 39530 26002 56118 23837 66814 4015 1 21176 34838 9355 11740 15877 61646 747 167 3706 6976 413 9603 54294 28170 58699 42249 7926 2191 28859 58988 34057 63215 9645 28427 1411 35647 52608 25247 33062 24687 25247 22301 59524 2666 2105 43464 32375 40313 43630 36080 47288 44042 13746 248 40276 3047 10560 48201 5237 39418 5854 7357 33235 15498 35783 34645 
51144 18993 27955 52270 43679 21266 5172 1868 23931 7276 45332 24369 47588 57025 60448 62940 31669 4796 31251 40008 45304 41810 56272 50540 11830 62125 57896 13128 45686 61742 47772 64894 48798 43790 47765 23078 65055 21000 62408 57049 65738 38341 12019 11991 63429 3069 5532 25699 45326 36782 33770 21231 46656 20643 39834 58485 50831 65793 2214 27119 58136 18049 22614 37536 29902 38442 28677 25559 59441 59148 13209 55780 28090 62690 67771 22121 65758 41366 15883 
9749 46212 17717 68441 23469 38359 38876 12555 57254 35270 52230 14974 61469 38342 5651 67068 68243 44092 63809 61865 34134 53558 5676 57978 49712 36429 56350 39896 32788 65779 23842 10600 42592 41558 9642 66060 47981 16581 46678 35836 19914 66971 18873 11984 3978 24523 47116 2823 36678 9590 32751 38875 63147 6490 27454 43460 42918 51867 51419 43769 48248 5863 54368 58903 47420 32073 23629 63464 48653 38370 29901 36630 35943 16837 16678 7984 9423 63793 10806 
46100 3984 11621 15577 35194 18110 11094 46718 61028 62961 28738 35398 9874 34600 20368 68776 50084 20504 60468 44149 37221 29440 42114 4452 33446 58950 21129 41429 68373 52985 20299 13138 25032 31919 28714 60226 50028 7872 37545 41657 1434 34346 45119 48769 37010 65486 16210 17695 54053 7280 29907 21875 4783 40084 26327 38228 67098 15519 47720 34136 68504 36082 47273 24137 68000 44051 52426 16694 51922 58034 26414 21419 22982 2134 789 59991 35683 54460 45749 
20338 61739 6257 42212 34585 46341 36602 40876 12104 52121 19198 46239 51226 55279 24113 43426 21945 68163 26454 6702 18750 15089 33115 40168 6134 35249 9020 66124 1533 63480 42474 21870 23884 16795 32146 58469 31199 68747 67408 43302 51469 17207 20142 1360 40550 12318 44786 30558 11083 39303 37259 67294 54391 975 38064 60525 4287 15147 25314 43282 9228 35852 33215 1176 20710 65360 59644 51908 32773 25717 63273 14843 42924 51478 16203 51537 63795 29052 12696 
42941 68354 18018 40837 21410 56454 46964 49998 60741 62110 5914 34624 1940 9829 67838 3115 30538 31864 30822 50509 64636 24602 12447 47542 67525 63924 31808 17727 26384 60859 67884 69325 27878 16503 8827 49288 3559 55790 29887 32363 48501 3864 66986 18504 51154 33489 59080 12293 33416 57965 30865 28653 13169 43311 6797 48757 37836 6668 66484 32284 67527 33033 32210 26006 49536 41036 43357 21158 64889 3846 53520 43991 45171 19171 30559 26927 20723 20240 7283 
54139 46269 38148 50855 59437 12060 25715 6859 17960 32383 41406 50243 30511 5041 50516 24580 22640 59615 67937 43797 55105 39846 65380 67159 15618 52614 65781 42544 41400 54085 17891 26140 30955 56038 45059 58455 36161 1375 65313 54120 1821 37321 3028 32331 42361 53543 24975 33064 11823 23513 7462 66927 31422 40905 32752 47039 61582 29134 57647 33583 13820 6139 27787 12838 30240 40909 1894 66400 42283 67207 51122 44104 3193 22213 44498 13617 43820 37536 46680 
55642 29112 22205 21235 60533 31173 53986 38174 23356 51183 63884 25002 65003 38086 20852 45904 68325 61760 47798 65326 2709 13670 15113 14876 16862 5390 27437 30478 49209 64973 45221 35452 24686 67425 56686 15821 29199 9337 22058 20618 60520 54005 45619 24188 22692 34535 693 21618 26896 16554 55007 67066 30223 38184 12543 15148 43573 39980 13689 23383 3618 58909 26898 28303 56935 51648 12187 54197 60984 2308 5416 20169 56312 19099 12420 9605 53633 50575 68684 
48592 67128 22357 46260 65415 60540 58802 11164 34714 66845 24853 58096 1064 14363 15595 66829 39362 67242 9617 61622 26892 49387 67038 15124 36300 54200 65006 13969 38434 46182 13254 17627 11975 35610 31950 7991 64213 21354 19155 29528 56262 12071 55687 57326 63895 1884 54756 1922 37189 32436 63544 32144 49886 29247 15332 16788 14048 10939 30756 20545 57120 12073 6235 69094 15747 38185 45149 10561 27602 64303 8153 14465 44437 63839 2392 38933 33786 25211 40855 
1577 25711 3064 1784 43660 32310 17115 60447 14421 65515 59266 3029 53236 39403 9263 20996 23213 15511 66144 1837 43112 29112 9989 25641 4150 4430 65494 11146 38215 58769 20064 7855 15081 23127 9639 26804 23500 64215 17853 5984 60332 45182 9012 12233 52648 18275 1292 6462 1849 67435 8299 13025 64610 18287 38665 36823 60178 34760 16033 28995 24130 36096 36849 7274 27287 14551 34078 18850 46830 19994 24834 5827 65175 33845 18059 16489 20183 56813 22950 
22032 54849 68710 35056 18125 55061 41784 23011 45840 7145 39043 5436 68737 43203 10349 6612 1091 62361 8753 19940 39792 28746 44773 13682 61985 9220 31741 9075 66864 19155 88 19497 42067 68798 22616 28255 22524 64399 51266 68363 39608 58372 41863 38946 32176 52211 45557 1330 45173 22374 21270 53029 19183 34106 66710 11769 11389 66514 58305 8855 53732 26457 28351 63863 63318 19031 60181 16443 14031 10112 15407 53638 68484 57269 23185 31261 8145 36806 32591 
21382 27243 21924 42474 46425 24093 7849 58194 35482 4965 15164 44336 26760 41620 40750 58686 35539 27844 49469 20045 41875 59580 35452 63576 58665 60784 54825 57990 36993 59694 21182 26438 17538 11169 68911 63962 35261 7361 20821 38806 49787 4049 13743 7149 45668 22557 65834 49271 50400 45904 69315 60338 4150 3432 54516 62814 32280 39942 51405 69272 67699 40650 26311 15838 19882 63285 47863 55143 1247 68684 24550 51034 3334 6357 26246 17065 66375 22681 66335 
15440 36649 34316 6380 40798 5811 28959 2277 38090 36964 21746 6027 35264 30459 401 51101 50341 63685 29565 4149 32996 66312 66160 52093 37709 3118 8940 54774 37556 69082 19774 52996 4396 22153 59375 13257 27964 18935 15534 34117 23962 37279 8208 59225 67737 8608 8991 16743 40357 6619 20891 41416 3533 17653 24110 41241 58232 33049 26616 26390 796 14454 47449 5192 36606 5489 18448 64569 24423 2045 66750 16448 7387 5559 6274 43188 51628 15264 59930 
22586 59344 11423 64001 62876 66537 18712 2783 23434 19824 66860 17887 58082 11915 65335 31337 48521 1425 49784 11755 63309 19893 9106 10358 27279 52126 54093 1068 34356 69356 60998 56941 59302 40484 19608 20843 5686 6383 23625 29119 26207 21087 47006 52352 1065 11006 14290 49585 12431 32137 29404 6341 52029 38509 54161 9910 21237 38855 10977 55592 6877 40038 11198 34242 48585 30805 55084 54270 37188 46773 51453 31458 35923 66522 14411 36987 8129 66162 17174 
20559 28900 46577 64362 11531 53149 17188 21440 42449 56042 480 66104 30982 8582 45366 65223 57166 6772 18973 42038 12023 65745 61554 11544 32269 58677 63416 69255 66805 60179 54492 55428 19681 31670 18455 68673 52883 35642 20714 63395 59747 58655 60101 21331 67236 36068 54617 55004 10903 4191 65105 60388 537 57260 39995 869 46538 34013 726 12008 62255 55217 67435 49999 54951 53953 49273 6499 20196 38050 495 48007 27307 60595 69337 25144 64726 22619 48211 
43693 26810 11981 2746 64808 69240 42740 65677 14443 44816 66402 26451 37673 20284 61949 18273 5836 46504 35610 12334 34763 4261 50291 13371 31567 41487 50771 24775 4879 3992 41049 16635 68263 53030 19380 63672 20935 30183 59950 3442 5601 25017 67354 11337 45301 59904 67071 51136 5073 33282 31534 39836 37543 12426 21270 37173 21976 2643 30011 64316 44096 1662 11552 42960 22755 68393 5297 43689 29178 65247 47130 2842 20865 13149 14178 66165 3655 49312 15967 
46189 13196 15564 54088 50738 27989 5960 55974 18028 46064 16587 50408 20761 55710 61959 31784 9066 29018 37080 52754 26259 992 67948 66562 21857 11698 48803 56085 52814 28716 40115 67067 41911 55678 51756 60712 51730 57715 47288 37822 34380 31938 18831 23204 18249 48853 23051 27314 8472 28195 48131 2794 29186 14744 69355 19106 63904 48759 43255 15383 8077 13971 13051 18051 37713 64807 9365 20044 53123 24716 25929 55567 56653 44759 46834 42965 24214 487 38342 
749 28681 17074 3543 25930 69280 40961 13100 31849 57784 56354 47231 65860 38388 28346 51974 6702 23754 61338 64208 44940 54117 20738 68570 9435 65497 46006 52399 57774 46492 21342 58522 43236 6480 30128 37229 43823 1691 50328 6273 59474 5347 21567 23999 43735 49912 6574 18500 41729 35976 13309 17271 20694 34047 16442 30129 67607 62447 50591 55982 7604 39997 45105 18903 14540 5835 24196 58362 7525 42587 32698 35062 47934 54264 59060 59732 2842 65633 8833 
44570 32210 22142 61840 20968 24252 46346 19160 22460 7458 352 9043 52524 40348 22211 2028 54887 28045 26223 11914 3633 68810 44611 38694 15409 66939 65817 5742 382 30116 14574 13015 30389 4779 5457 51356 66492 19866 1117 19553 27323 1469 66057 10448 9880 18870 49938 32831 46914 44224 44744 18611 43635 57419 25368 27107 23023 21787 912 60866 51902 52948 4482 50354 57726 47400 32312 54820 67265 1492 42436 62652 40422 39095 3701 50302 57964 21702 51196 
3543 65926 64003 22153 40162 20087 47521 35333 43109 37371 36244 34576 57336 19793 7122 38291 45583 22585 38666 31004 20452 40158 4041 51167 11181 11199 54867 29546 69162 7171 11343 40769 41160 5948 62921 11923 26034 9107 15319 37207 14541 51563 39846 2478 39419 46967 8833 15603 154 47498 46606 58067 18257 18711 39835 66900 67371 62765 27047 67135 37999 38390 6569 9760 12401 37553 59145 6498 14724 42527 43704 29264 24691 51614 69204 64110 29182 8638 10314 
66797 24199 24984 23529 10520 11758 31427 8021 9730 62256 35067 44928 68318 41520 51496 46142 21984 57113 3952 28482 2438 46478 40249 31701 39233 22464 68968 2008 19710 45669 49783 54570 470 5368 8701 10989 54587 8191 56471 32381 38510 22139 45372 37430 31723 64932 51635 53706 52646 55586 12789 55083 32665 21102 54847 39961 43565 54417 41968 63274 30687 22353 16510 68618 65182 62672 47670 50371 1464 34742 50815 8038 24945 26788 45467 56667 22321 65165 40974 
5568 51352 21827 60650 52080 10992 46099 22643 54556 68579 64610 16496 67329 17564 33005 66549 50810 26278 44820 31782 65203 47626 13198 3842 3172 8049 17372 59838 30370 13138 68875 35937 32553 58765 64651 15235 358 9415 5941 54914 8595 1152 39473 6525 56178 40541 41137 5653 34882 54021 37434 30686 32248 18695 2592 35419 26743 57425 63320 25176 38627 62796 29177 1781 20227 24429 54477 20584 1907 60417 43561 47963 29633 13635 54487 53874 22239 63688 59526 
57120 48310 65023 55870 48621 51781 26525 52103 46587 14551 46024 2365 21241 7485 31541 60484 27711 24033 45562 16359 25939 4645 59919 4503 2341 41618 27053 24278 63856 58804 51867 19642 5779 15555 6113 54399 67335 32637 37103 12587 15251 51190 14951 36492 58675 14555 27577 54449 6651 41202 38871 653 13910 29392 42617 53712 39073 272 8591 1594 27139 28521 21235 32918 44075 64809 17918 42011 28047 23085 22662 11362 4876 37612 47853 31614 20231 43493 54127 
64343 52758 23599 64996 34732 52990 38214 19045 60126 6549 65098 29784 33688 61682 51018 34669 36359 14493 52586 46433 10603 43734 69094 21964 48610 5372 37880 48287 63064 49436 33015 58008 32796 56614 53605 35591 8269 22421 54635 68395 66431 18398 28780 68182 10682 47861 33452 15104 30417 16640 61536 41020 28437 29296 31047 7648 34667 68927 55935 28332 48964 57013 16941 49823 44228 1148 16015 52497 61030 38714 19557 26126 25175 48336 24910 3920 64260 58361 19023 
25279 43064 11161 34362 2103 40456 65408 47212 43186 64936 1812 2119 12566 58825 56521 30452 33654 25732 46467 54214 17363 53244 4372 11553 9020 20771 36462 12940 15633 25424 26 8975 36552 11186 43336 38654 19705 39345 53929 62890 2947 55741 33072 52974 13231 20195 14027 46884 45926 28557 69162 31353 12402 4135 42905 58884 62368 9968 39887 46064 3455 39912 55038 40006 19162 66437 46723 6930 4447 31254 37884 44855 55058 1557 28430 68288 59213 42457 13837 
35741 39077 13600 35157 19543 55197 8663 9028 48166 56092 16978 62293 59546 24953 47932 67616 12178 13034 13004 19108 54942 44257 56991 30399 67378 26611 26892 66267 16426 37412 10706 20230 7091 61767 55386 26633 15629 64048 3724 63794 50741 20701 56688 8952 13717 3285 44631 25895 53780 57635 13066 39324 557 38120 37786 67935 64730 64677 64803 49219 32691 43572 50 39781 35941 55435 66413 51569 18148 738 14029 36952 58900 38780 13968 40680 10129 58598 66574 
63908 46834 47703 1897 47391 16424 39682 45927 49218 3025 9395 29038 3779 52967 66550 43559 56971 20650 8637 39141 38798 46836 21233 6351 4401 60013 20318 45080 38205 46980 10320 32714 24415 58022 2675 39869 5048 10420 53859 22329 13444 63254 19430 17222 14886 16581 28844 2458 37231 5544 41598 44092 20443 30895 50442 24843 21509 38824 37987 27777 53867 48306 60490 8883 36929 31228 16816 10040 41648 38738 432 23155 32593 19862 8441 47478 36442 5348 49935 
41736 10892 59597 16429 68796 21093 34935 24241 10665 41822 30291 38441 26290 9198 66994 3236 14190 28824 20051 24230 38535 58789 24661 29753 59445 12586 38193 37525 49028 11605 55523 58827 59958 13785 5858 59355 34877 40792 51659 13605 13215 12551 52045 39504 21748 17705 42739 35938 14592 30854 28231 53126 57706 20955 50942 47752 33541 57199 53340 50632 68803 7529 40060 59362 21313 45917 17382 24254 54772 69041 37858 36050 49655 57967 6155 39467 43735 16958 43468 
58326 15875 2300 10117 4182 60716 61058 19997 62320 48858 3939 43553 16326 11467 51677 43751 843 65657 29197 25096 51031 66301 31018 17682 46557 57048 61299 16625 31384 46320 60092 20311 62194 30455 30427 66375 21773 59548 16973 14694 7072 58373 26311 60859 37903 8589 35212 38746 4847 64408 31905 23941 61310 30986 41623 6532 18635 1587 23157 50018 47906 51312 38392 40701 12369 36882 5741 2205 27032 22713 16898 2167 49150 11272 63025 17654 57322 28838 24463 
30233 61309 24432 54173 21284 55417 63859 27816 4654 65445 19036 22735 12016 949 61127 52716 13317 28610 58456 15521 23705 49233 483 25871 28984 49216 19498 14701 37140 16399 39164 67372 45772 63595 20210 67055 17677 14671 62934 22330 48179 12571 13129 60195 13520 4857 11576 64298 1530 634 47883 62697 17930 48365 19169 14977 28182 6730 29677 65321 60591 36904 31358 36964 68562 51568 2684 16841 34302 33682 7234 13082 46252 57824 3878 27835 62680 15454 60197 
32274 53549 38681 25572 39542 17647 12804 54518 13892 56996 52258 47277 48188 57226 9236 15753 56389 60803 55898 41293 63168 20181 16591 6852 34497 5016 48191 30395 35760 31708 21193 36097 15858 59873 29732 23463 45583 42535 8582 27539 30132 60840 5417 46383 48667 14652 62135 3721 43519 16699 13078 37288 36879 67130 12203 39439 40209 60394 436 44032 22703 59090 10730 6625 49565 8525 30087 63211 19124 6733 21351 49255 35636 64229 26240 52366 9483 56438 24150 
21065 3738 37227 26416 8681 3022 38619 48119 43231 67076 16618 55326 20380 6310 34120 64466 23938 42644 62617 55212 61767 69349 44627 9688 35586 39457 3991 18553 17003 60428 42702 38067 32230 47993 32547 8974 19078 1767 25156 62308 68842 9838 16300 57285 16147 50419 20417 8148 61126 13635 63359 53495 13585 38587 63182 17234 8646 67172 3850 25648 26265 46551 31779 26558 62607 64325 3595 12287 34155 66213 42658 1662 6652 58957 58946 60260 8041 9964 68407 
69167 61060 62367 53263 5246 69018 15110 59941 8265 50345 63790 1976 44673 9007 1818 39295 2215 34206 42889 51963 68360 7767 25223 623 14418 52243 27633 5279 28348 37596 4287 28116 29258 34718 49442 2567 34337 64551 30572 10665 13561 24963 50102 26297 2033 51920 65591 4248 16727 7146 24274 15689 14912 17560 53773 29330 37867 12007 2672 66214 17667 6959 24931 14988 41676 42436 17554 44076 37588 48125 54740 19212 41152 35443 45508 43184 17964 9765 15495 
2755 16910 39769 55905 31821 25392 40279 29214 63258 52286 31886 60073 554 6908 53067 53003 16647 26104 1158 60722 31755 17347 46063 50966 58498 49569 64538 347 35597 4904 15842 38351 21813 23674 24857 21697 49065 33199 18975 42925 53548 50860 1663 22165 25831 54730 5769 42477 48897 6927 33800 11254 61735 47926 30283 18898 28096 25422 19244 31756 67787 3149 708 57663 26822 63026 47424 43951 64289 66398 54939 48438 47859 24665 1205 4291 47458 6973 14831 
26957 51361 48630 38210 43697 64619 36556 62594 60778 30042 49902 23136 28430 21114 61305 16695 16000 54933 32182 59950 49823 29181 13554 66324 45103 38218 67528 17457 16278 5103 32287 43234 56463 48980 49507 68224 44200 16664 29483 35579 14769 47448 58714 43199 68562 50621 27957 15163 4219 60138 43176 22105 57382 56729 19030 33086 25548 54622 50542 41825 27788 13430 53122 14852 62409 33230 51139 5274 17958 48686 40852 32726 26735 67630 43988 25898 16916 40008 9124 
21134 68209 52299 11302 56192 39629 67793 19879 33241 53016 1022 43129 11405 51913 26853 63719 12987 28146 13523 18260 14167 62208 27176 14957 19545 25407 27008 13506 42322 67016 22630 31519 33890 42992 10884 20684 50685 9278 8626 14527 30358 9648 57655 9826 29624 52571 41608 10675 48781 55131 28934 62947 16004 56109 45967 35548 49579 3577 17118 22502 38656 7811 22084 3147 50802 32967 23830 32088 42245 32456 14678 40666 10167 40397 50491 7854 23569 60163 18528 
2951 13959 47462 33962 29962 2236 10530 33574 51815 51568 50691 42380 20825 58501 64464 23972 7968 65494 15865 40056 6404 48320 54733 47069 26550 25731 65624 34404 17364 24452 52931 57776 38410 68456 22339 68371 38756 933 32546 58634 52500 51300 31615 41389 40402 64142 65360 48370 60238 11826 56489 66641 28210 9887 12376 54759 35618 46063 57226 52981 1116 8823 9422 39525 7880 69223 38497 46635 757 39107 35870 21320 21008 35549 62708 29474 67754 26733 45907 
26657 6623 32997 23900 2896 42883 4339 57654 46564 50401 13546 67608 19580 22368 7632 59104 67709 7456 65664 44946 45674 3436 48879 66993 24444 52491 28367 21981 50847 23163 67887 8105 29785 68947 68 32680 42431 41868 58398 19597 60332 40007 55268 10513 62374 62899 37680 60684 956 33946 4295 14693 37381 21238 12288 29888 4330 8718 51868 23240 69342 18420 31345 67191 17968 68874 30472 28463 41344 56933 48059 32277 65003 1992 42790 57978 64891 11071 17328 
33910 13080 21622 48603 18525 42859 28954 16476 15253 5735 36408 38492 5678 54827 37900 3470 3397 37376 2006 31859 9321 27002 47981 41597 22607 49972 52450 48648 13528 31585 65975 15502 12728 55661 64104 31252 66583 61121 47728 12437 66855 14737 18993 3134 37627 56892 44066 9087 24869 46071 9009 2253 41136 25053 11914 63742 43089 64363 42992 56616 64011 39568 2719 7341 25830 34886 38592 23015 26608 54383 3515 24064 37183 22507 64660 5412 10001 7391 14498 
2933 21525 60969 5186 62660 16623 17099 57004 59711 49525 68059 14993 44138 6292 17711 51478 186 20661 58133 60662 47268 11182 64176 39396 48364 54747 2721 21839 64747 10111 4401 35743 31635 65369 40928 24896 12593 26090 49963 40368 6217 16687 55360 18418 22979 41134 497 23164 29858 26693 14427 7728 37874 46666 15187 54302 32014 55369 6742 64824 65479 11142 31169 65177 7112 40160 58136 57167 66250 6765 65598 3068 23451 19623 21485 46429 60756 59443 37656 
21216 54199 52082 66405 60137 29350 49655 45040 29427 35625 51781 24853 69167 30987 24085 64945 6162 64244 21746 31392 61095 28510 27591 32226 20025 47213 53710 66453 6635 11818 34711 65312 66017 54856 30382 24819 52269 10638 460 12298 46262 20304 5214 14094 51290 29298 9640 25516 61605 68847 56907 53302 27959 15100 16129 47983 30376 37903 13101 37010 17784 15875 987 51864 1333 31368 7284 21665 42005 45205 33962 56330 65509 7239 1025 15464 4600 48126 40979 
66205 47575 28488 50108 43597 43587 34300 59643 4564 40266 3345 9638 26114 56682 10624 8579 58014 41992 53325 47742 52060 29131 12306 7056 25241 57006 8080 8769 61606 24270 49747 58412 2446 8836 7185 14106 20486 9548 4350 62512 49814 45156 2751 43991 32439 50836 20633 58516 23429 4559 36860 43553 1754 17229 50608 64456 4836 26751 3826 66441 51020 53573 23518 21529 62408 30702 35634 13496 40250 8047 6609 58127 53203 46821 783 16243 28258 21415 42823 
