46 49 9
41993 9426 4793 32037 12302 34529 31544 42834 12312 7101 46672 16870 43300 30640 41647 23760 671 2637 42921 34355 20724 34825 37638 34513 34131 17671 4994 35114 18871 16900 11649 4380 17187 7303 36416 29489 32694 11476 15839 45005 18577 6027 5391 14531 36667 37900 38290 37337 40536 
24727 15209 4776 12207 5501 39288 37199 23171 35143 24967 32903 42904 27477 37282 12746 34780 17215 33096 10990 28690 1589 46856 47266 45823 4901 14451 35144 33662 43602 15997 26852 11846 31205 22489 24052 36705 14431 13905 3392 40435 38872 36294 35994 9865 17093 39601 35506 34307 25351 
46495 15651 17801 36867 6434 16278 32630 11746 42283 18946 8003 10935 36660 19848 33001 11803 34761 22361 26234 39527 16614 10185 21915 43770 37040 31780 13517 29295 19940 478 7300 9952 6990 15963 46818 13423 23102 32102 25169 18040 41910 24033 19836 31224 34742 5491 43026 22157 18713 
12776 14338 26189 22961 36253 22613 12655 11549 36129 32812 31488 27468 40111 41439 34457 46935 31774 535 22692 7392 25703 31593 1956 2390 42290 33179 37131 435 28860 2804 10010 32497 8003 36198 46319 35117 11465 2491 46665 38455 35302 30808 9439 18929 15763 43895 18519 38398 35291 
32072 45790 4510 7181 400 45106 2125 24441 25753 40766 44162 19418 3430 29313 27421 39627 28287 15192 41953 21639 14512 23924 9595 36181 24224 28523 4598 11636 47041 42996 46926 22629 32302 42298 29809 23563 40058 31933 658 9328 16216 35681 28745 19645 8511 8820 2789 27659 14874 
35603 1952 29385 12182 11546 18220 36405 40068 13679 695 30626 191 38483 5909 23354 24297 26580 46917 7871 2029 38436 17198 18244 26772 36805 37889 35282 45624 31539 15595 4014 19796 17546 33398 22839 19953 42479 2761 12675 47020 41662 34162 47210 23661 40071 14081 612 10167 13652 
8483 12195 4742 16542 21301 22375 6001 2706 10311 4280 34244 16767 8293 44901 25174 32553 20395 45126 18548 14017 1318 18222 8333 35479 8949 31994 19066 23029 23467 20094 27542 31949 32289 32283 1146 6244 7313 7146 8949 8485 2287 34054 16114 1442 31609 41287 24856 4658 29930 
43403 9536 22109 5142 17869 10242 4952 40724 20170 27980 7707 40263 46383 30518 16068 31320 31663 13173 29494 29670 12983 28841 22819 47036 44954 15122 31300 29757 39977 26819 3203 26896 36355 25311 22899 45085 35553 27850 29325 46584 46691 37031 39501 45728 20203 8224 20565 42727 21396 
2713 15914 34379 22415 38732 24931 10885 44715 8885 40642 28208 26566 43844 45965 6437 21810 21519 4176 879 2023 24362 117 39576 14047 39617 37958 25112 38702 11177 20493 3615 4752 27268 28855 18028 9516 6440 28913 6885 6187 22209 25954 32752 9569 24574 30050 31378 46092 34225 
23118 38976 2103 23234 31206 7011 6368 12681 32122 45069 23857 43477 39545 19470 23399 21054 37498 32915 27494 19065 30661 33680 32135 9270 9948 41703 33843 39997 16598 23451 17738 39715 15081 19840 6466 37149 26850 12833 2484 11627 1418 17202 45965 31825 36672 22018 5533 17686 45794 
33026 36750 29110 10222 12401 29241 20169 6758 15738 12820 14217 30050 21419 44794 45130 41258 42121 25795 11625 45815 28278 14113 38094 45480 12732 22573 25668 25611 28106 43353 14922 13786 23619 34893 14870 36019 16788 35038 33638 23387 38720 38717 6091 12793 36165 42082 44913 30940 20532 
9192 29409 1464 14166 20157 37805 26897 42730 16127 43369 14352 2996 10945 18999 26614 45837 33868 6149 15279 21561 39787 29527 3797 31158 35617 7451 10839 21216 5018 41778 41747 5071 14703 34072 19236 25721 15394 36994 11967 22382 33018 26318 25378 34824 45317 42853 33316 31839 1657 
39456 44261 41443 12500 38919 16117 38978 46370 26955 12848 42249 12249 45456 47320 26951 23045 10072 43533 38438 37928 8155 13474 14462 34472 29713 1940 23305 25221 26117 46006 26877 18228 42921 20974 21589 25357 37090 13221 24381 16699 26069 19284 28947 15041 10120 46759 38085 11054 42946 
29177 1636 41962 33513 16097 19951 15880 8898 43255 41100 35015 41915 20631 44104 28353 32466 18347 6364 13072 31567 21606 20632 1152 31751 2233 16193 32733 39853 6932 43786 26316 26971 36283 20932 13138 43241 40882 29017 4793 27654 13634 30669 13085 25126 27427 41437 10247 36635 38662 
23318 11719 3784 43950 12870 35535 37044 29062 11784 20414 26856 8224 46729 6481 35368 20315 10480 31263 4714 30358 26917 32367 43991 10241 45451 21772 37667 30405 22880 17819 12583 46197 29537 16367 33663 42406 42763 23362 14985 7201 43775 32702 6286 34020 39182 41653 45196 40523 25570 
2564 23535 43348 25792 11043 6243 23898 32814 34772 45164 8348 5245 10401 45406 34781 17629 31724 29841 3908 45947 35687 11108 33238 21043 8255 10774 3741 2562 8624 44263 18993 2050 11315 14996 27841 22357 21238 42600 7825 8664 40418 7034 13908 41681 43301 39550 11964 18541 22046 
15872 8004 10387 17841 41241 22292 26096 42876 26032 19519 4155 13812 38512 6204 25126 44369 34044 137 9123 20161 46168 8649 13233 5856 13418 45775 40018 5623 10394 11214 27668 17127 19217 28916 25829 3975 42069 42786 46850 20756 14960 41866 25429 44333 724 3209 41356 25630 3345 
41340 45790 2167 2643 2539 46229 16061 969 38901 21683 2224 40976 40212 19350 3710 12644 36040 7684 7368 31481 45395 18985 46440 39916 35275 34289 31501 38483 28299 9785 32689 22293 46436 25717 15798 1630 24600 31858 2598 7017 44402 4821 38855 28130 15032 42564 40773 3726 41109 
39002 26068 39158 1503 16024 22590 36777 2967 6746 18776 22127 7392 4119 35282 6483 29835 3734 8112 45296 26453 1571 43175 23509 44598 34684 4293 12284 29902 35927 6871 23665 27584 23801 6339 19948 39824 28929 9380 42791 26536 28155 17572 33927 23136 5508 40409 5625 103 39382 
3576 26555 31814 46750 2718 29066 24950 45217 41349 7506 33799 39082 22032 4899 15537 19232 24846 8015 39022 25087 41667 18212 44104 11894 43001 19894 8263 26926 16380 8366 18963 19955 34920 3431 10221 28500 32497 35170 26371 17362 33537 12824 47305 46430 17722 15496 18317 33430 14373 
855 2033 8694 19067 46136 11449 14722 9546 10574 32509 25926 9801 4126 36742 44720 45764 37825 16736 21777 25649 43107 30000 2703 46792 29960 39994 8031 36317 10965 32322 3344 2682 34354 2900 21748 33145 5210 27331 33552 15783 3356 12132 25583 7482 1529 13820 44107 39353 30555 
9400 8518 17178 39399 2082 16625 12875 42076 15517 1847 43902 493 43397 46583 34846 37158 11847 11507 42368 30039 45059 1667 33395 9845 18112 31738 2235 31931 28499 32449 6002 28760 31829 14042 20813 33910 21528 24550 28640 37044 26396 16059 28398 13309 15296 15898 3122 27143 27405 
36351 698 15980 38017 34092 25824 46990 18484 18921 22437 37844 42231 28439 19258 26714 33342 30933 13279 7524 8137 32780 35429 25394 39700 16481 38702 7651 23240 32685 25655 41506 21690 26352 10140 3224 3961 35964 2868 22444 45746 25305 3805 40631 44605 13924 20000 30601 44856 24140 
28986 43854 436 17069 21902 40136 24411 4121 38648 305 27667 16957 41811 40219 34170 4605 43442 38130 31430 37171 4091 20692 5992 46102 13978 3251 12680 24839 24713 1053 39840 44560 44906 40275 5145 10325 23927 29555 5307 15229 20722 32973 23047 6049 16708 734 10653 3666 29725 
32945 40837 33815 6291 37690 23433 11130 31803 36113 35968 32 37165 28462 44592 25587 12254 2391 35911 27042 22808 32079 33133 34391 17707 8834 40439 34414 429 41953 28942 30154 27552 22433 16623 24705 12777 40056 35834 35441 19685 15319 35473 366 34642 32719 25952 37757 25971 5380 
17454 39640 37458 41448 26685 46026 2936 19778 23957 3365 5248 5553 33518 32799 18847 41002 1020 22485 24574 27716 10581 35120 43034 46053 35485 21192 22288 4954 2466 913 1195 19919 40553 38652 14021 10754 28195 7818 21394 43013 2044 26641 1220 26423 2956 10928 10942 3976 24274 
35515 31691 34854 14152 18241 24423 2291 39432 46710 45451 41897 38485 46645 5332 22554 28814 10214 33307 9663 8894 7355 5330 1799 24857 44756 28222 27813 46545 30025 31788 23473 9056 6995 10982 23207 25235 26266 16360 8183 25631 14465 40942 7632 13765 37135 30185 42578 38211 16146 
43102 47104 14363 39293 39764 39219 27565 11502 19686 26764 41526 42335 2891 3237 1984 4734 17305 27218 31000 33664 35401 147 784 19859 7778 5410 9648 37962 38849 513 44969 25467 38478 2848 17414 30897 42067 44978 42398 5269 15258 27441 259 18148 30677 2242 13744 636 29460 
35605 25162 8377 35751 25945 28235 34390 22216 37882 15868 4581 29257 4353 30047 20389 7201 38322 42147 1922 35954 37200 7190 42073 17295 7448 12875 38833 552 17480 30330 30011 5739 8146 29249 32351 24952 10138 10257 47167 38881 26124 4402 20792 30477 25310 32043 28539 16286 26844 
30460 43101 16698 28511 37828 24854 26821 41565 7203 27372 11699 37533 899 17438 45678 30147 40650 23285 40284 3562 13968 22681 20547 9232 43473 3678 34541 19032 32216 3482 45875 6192 46582 6090 25565 27927 30943 43247 22146 29008 23273 33844 19195 15033 42143 17527 45179 35448 40811 
28979 29871 45641 42521 3072 7527 29510 44957 42067 1196 20689 36410 47071 26881 26509 44022 43307 7090 18481 39208 29235 143 5997 15733 19337 21029 1393 36864 9724 36840 21191 29564 19365 19486 24739 22436 17874 6904 10909 12596 46306 31598 1660 46031 11133 19030 33569 45301 26119 
4705 37163 8008 4847 43159 14603 24184 7704 15995 4564 8289 43696 25754 28714 15715 36102 6107 29012 6630 3872 39921 10087 41040 15035 2609 30587 17029 21638 16811 14984 412 21515 4801 8419 26361 38821 13883 3199 37386 29877 45969 36536 17089 24378 17904 32803 3996 14872 5332 
1487 9606 36114 11574 3300 3803 14182 33886 20831 35819 3351 26676 36230 24865 22338 35511 42088 4675 40255 36148 42060 22787 34772 31250 39875 2666 40015 16195 6661 7541 12388 8147 17146 39363 10582 20445 34027 24763 45193 45719 4099 1198 25049 40328 16925 41 19355 11667 4715 
12265 38676 37636 25913 26102 12402 9304 28767 5071 16360 26289 12611 19609 25298 20619 11626 35879 41063 36514 4159 38910 34887 8257 30970 12590 39446 549 3492 2318 3077 8206 5444 32614 36703 22218 11371 1759 22383 30999 6829 38743 805 10302 1868 26102 30920 4356 5497 15499 
40869 517 45271 28411 46980 28895 31862 29943 20305 35354 32260 14243 34421 28565 46856 23779 3437 1743 25537 25819 32742 23228 8078 33546 24391 9946 3164 7965 14301 46867 23463 46031 39 21388 27096 37880 41144 11613 20477 14103 37828 43598 28345 24903 24817 18718 1336 28253 20460 
17735 44934 5856 40962 5666 30263 18007 6473 24288 16833 11635 23810 31157 10321 14710 43407 28278 5244 37205 39890 16583 42170 30372 12835 14031 46137 37652 32748 127 18559 5863 8723 7009 2580 2339 12675 32843 11207 19147 9785 18901 30782 24456 40920 31964 30027 36981 12896 35271 
17702 43648 42715 12526 17536 8204 26557 16327 45855 11959 7316 7931 8683 16038 14939 11263 9239 18475 44105 11307 28484 44751 30208 2782 12724 23782 34745 42750 4279 295 21537 21980 43942 16906 34506 14133 25110 4579 21321 14481 16537 28636 13273 25220 44674 19074 27344 6567 37548 
24103 17873 18686 12370 38942 21467 25093 6240 47073 20498 10518 23 32896 32498 34826 2457 10520 39820 18428 15098 13796 32908 22496 42431 37043 38577 30621 8771 18575 28049 46318 33539 36784 8521 36771 28380 20849 14518 25482 20577 25877 35999 20599 11428 12013 46286 4746 22532 38761 
23173 28491 5211 46942 3642 38503 36639 42218 21779 45409 4310 2482 35244 37848 39265 43764 27273 11162 17267 32653 36643 37843 2046 16158 1958 13473 28171 899 9080 41564 39659 32252 22710 35731 22711 26351 26888 12004 12085 39528 10068 16394 42010 36173 6897 24791 32591 25031 35952 
40719 10338 16111 31217 12384 32269 24036 16718 3956 24934 25798 45519 8109 1566 20883 43839 24276 47233 23382 27142 2835 6426 28071 19228 39297 16898 16986 16743 2143 42017 43556 42861 43216 12322 17594 8254 35452 41630 15834 39407 10080 32493 37580 18189 24920 1980 14682 40058 1867 
28925 19854 42908 35351 579 14791 27302 8338 31776 34906 10480 17309 31117 44202 13180 34300 5313 12295 13268 46942 28128 5329 9676 4137 33770 27864 29057 35749 33408 12631 28478 14987 32484 24040 41199 23924 38830 12018 32261 14123 46923 33602 31431 21556 21320 35472 8510 26632 422 
21777 26228 19411 17967 26766 23548 4392 45491 43466 31002 31553 8751 12134 37402 32096 36174 22117 46881 18520 34134 31796 23504 33712 8914 45797 7922 30233 33923 7294 9520 34344 19932 26609 44617 37899 6029 11681 33152 42382 46008 16808 26589 45620 28942 7507 30370 8632 29624 20767 
18013 16412 5217 41517 40985 4992 39968 1562 35224 17407 47062 44743 42613 19648 14869 39884 1063 20897 42426 25076 6795 41088 41884 33384 39362 14342 31752 13248 13835 14030 34014 31847 21304 30092 16880 14943 35083 364 16504 22961 17771 7082 11221 13038 26730 26089 5576 18654 37847 
38863 43730 35504 32605 29130 21542 15483 43471 44155 28730 822 10840 15398 23530 32143 36351 40410 47085 24088 40773 7106 37910 2060 5049 39992 15097 22640 9597 11534 41294 38306 3051 28540 26464 35655 10324 38867 3792 44656 35676 23383 45477 46515 29642 21661 22174 18647 5587 12776 
42734 37222 10743 24161 39281 15791 16807 7033 29293 26404 9428 23241 17364 12479 4435 43827 38995 14758 35348 33649 2930 23678 548 1061 13710 30190 13583 26745 1491 19170 30382 35087 9046 41124 11902 39188 432 19570 46220 29724 45973 8303 43826 6853 11643 915 41541 41499 6534 
29543 18664 9463 44083 19212 1385 1309 2056 14967 28053 41753 24998 11090 29494 24905 43075 32257 16748 34368 4482 6484 16746 41316 5648 13226 824 17290 5002 42364 2306 2397 15424 20969 2721 3023 40180 4105 4331 33097 9934 23245 27505 34931 25196 515 12491 11788 32772 20100 
