45 97 2
2832 758 3067 1653 3273 2735 4209 4281 1468 1471 6159 4659 2074 7696 6583 5302 5929 6091 1889 6107 4659 7476 722 5594 473 5200 947 4253 2446 3095 4867 4096 3852 155 5748 5942 2889 997 2444 4357 2467 7420 55 3359 6156 5456 882 4306 3768 2771 2634 7244 2468 2173 5059 2940 6191 6006 6010 7454 140 3099 3771 2809 3253 559 972 4960 1555 2233 356 2839 1874 7006 6197 6847 4683 7079 3375 7268 889 4826 6734 3356 5817 4014 5114 4229 1059 3345 3904 1198 5261 6493 4006 7332 5869 
3795 4513 7423 6027 3686 1301 6719 2913 7498 5787 7596 5616 1383 5903 6504 5027 4858 899 1883 7690 6012 6111 970 397 1054 986 4475 6364 4991 4028 4454 1008 762 2916 5852 3265 4217 4792 6178 3936 2801 4813 1773 3001 1755 7094 6845 5431 214 949 5342 5044 5877 5129 4258 5749 6114 954 4334 2145 4982 1010 1970 4561 3925 43 48 6959 4835 5043 1934 7635 895 2524 2857 2649 1839 1924 301 2053 2872 4460 7096 7567 629 2393 5537 6742 3346 2092 7704 549 1919 1895 5110 5844 1938 
3975 3842 6772 57 5776 6628 951 521 1706 2417 2360 2447 2718 3230 4137 5995 1365 3925 6623 3757 1683 4405 7102 2592 4330 7651 4511 6225 3800 1394 384 6592 5235 7155 6648 3232 4822 7598 3753 5345 1054 6112 14 2589 381 4150 806 1745 6892 6246 5501 796 2872 4824 3387 7202 3514 6715 5648 6131 330 4849 4944 5565 4225 2631 1018 86 1268 3588 5430 2322 1921 5443 4910 1119 632 4533 2863 7523 3001 585 7136 5872 4227 1563 4113 7740 499 800 4911 829 5648 894 5211 912 3525 
6228 997 4792 2038 5245 5931 2776 2909 3063 3895 2359 6413 6757 2103 1635 6160 279 6325 2608 1841 2659 1387 1157 2277 6297 1985 6742 6009 7195 7654 1755 4463 7468 5364 5318 4934 2335 315 6661 5397 3027 1241 2849 824 2161 4484 6983 2439 3030 630 3097 4506 2016 4254 6782 7131 5056 5746 5361 3291 4439 7115 6571 2946 3518 4110 6698 5852 3242 5580 2288 6269 5638 5137 7092 20 660 5114 1277 2507 5743 3191 7012 7758 7444 4834 5928 3540 1619 3510 5648 6057 1664 4440 42 5182 771 
6739 2073 4012 4540 3179 1320 1217 537 633 55 14 5746 1331 2520 2528 4521 1753 2508 3005 5404 7253 5362 7022 2985 3231 4118 4648 7670 4160 869 7258 3120 1760 2309 6478 4938 3629 7694 4292 3079 6566 4305 7643 118 6824 2392 3457 7394 3717 5279 5020 3192 2862 4263 4994 6092 7199 1863 4801 3580 1550 4280 6699 2127 6588 4216 5882 1256 2950 2395 4335 1737 6699 4199 673 4562 5408 2947 4177 1347 447 236 3356 3308 3317 571 439 2737 1251 5239 6316 1618 1740 4054 3744 7145 7088 
1847 623 2259 3059 3775 2813 797 195 3485 5358 4420 6431 575 5766 5695 810 161 42 4126 731 480 5680 1982 4536 4217 3599 5093 7089 6161 4460 6398 6825 3900 878 2106 7674 3690 2902 6686 5993 482 3327 3463 7652 133 1380 683 293 239 3627 1024 719 1528 1823 5254 4563 4239 1387 3873 1439 5846 2492 486 1967 2187 2591 680 5876 4310 7365 2908 4791 1731 6371 3482 1863 6568 4165 974 5624 6609 815 6342 358 2637 2636 3738 5693 4022 7610 7132 907 2323 7617 1691 4509 1247 
1188 1425 5556 774 3150 1387 1322 560 4868 3185 7127 72 4158 3791 6680 3790 1172 5856 5244 2625 1815 3158 6646 1647 1329 6370 2787 1167 6878 6114 1231 287 6356 5605 7656 1727 6991 1200 2287 4080 4384 453 2970 7359 4243 1871 2188 5415 6544 7431 261 581 2810 5725 1045 4139 3134 2649 4123 2234 984 4172 2520 7339 1998 2398 106 1210 3597 1210 4107 6798 1662 7076 5196 4723 7765 7383 1177 6530 5853 255 7110 884 5979 6972 3840 153 1843 185 2386 1644 4356 3723 23 5171 4938 
128 6380 7352 1337 1526 6371 1816 7420 2606 5356 7406 1028 6532 6157 6880 6787 4307 6582 3805 2318 2643 3957 4160 1645 5160 4622 4818 1105 4644 2210 6042 3589 7407 5616 3743 1155 3026 5558 796 4450 3136 423 5477 707 5397 3397 7493 743 2200 3520 3061 3660 6294 6038 5305 3676 2881 2344 4780 7524 3372 1861 3334 3000 7476 5894 2972 1542 3674 3767 5991 5627 3007 2507 6333 7222 5903 4866 6782 6920 7203 2064 2802 5718 6920 6924 1615 2022 307 5212 586 3678 7073 2737 5496 5588 853 
689 5947 3344 3274 4159 1192 5098 5484 6342 3359 2426 2247 2363 1568 1671 4426 3187 6207 2385 1150 6639 4407 1456 4073 3810 3952 2185 6546 1669 6590 6216 1175 4759 1781 4448 1139 1790 586 5440 354 3944 88 1418 6306 473 3089 1772 2477 335 4156 3626 6973 784 5081 3267 3411 72 4269 2179 1740 3081 616 1733 61 2397 6180 17 3004 6765 5457 2175 1749 4362 3593 276 4834 5499 2047 7310 5833 5021 3157 5027 4622 7055 7112 255 7127 3602 2433 7684 6682 1866 1638 5560 3080 6636 
4395 6084 4440 891 480 6188 5252 4072 5282 2307 1792 6146 656 7624 3388 2630 3691 6828 1906 3024 7082 72 6625 554 6574 4347 2419 7029 2128 4317 5886 5340 2622 1366 6230 3101 7553 3703 5991 3874 4827 6600 2242 5482 6446 4447 333 1176 3496 1057 4199 2799 7724 3045 2170 6519 6209 4589 5770 7155 7723 2695 4716 2566 4060 3168 4484 2653 6870 1514 5344 3919 336 7585 440 5599 3072 773 6774 6567 647 3194 406 592 5056 2575 5929 3487 5981 2738 2863 5925 5432 7578 7308 532 2967 
2832 2002 877 4345 7345 4795 4680 5970 5234 2500 1263 4824 1495 51 5470 3506 7052 4880 784 667 3030 4270 5465 5767 5950 2430 2238 5749 1959 2769 7534 4790 4770 632 1357 3155 4244 6036 1346 517 7354 2608 5341 7666 1476 1850 3394 7346 6729 4177 234 1980 7264 5698 6564 5435 349 1024 2223 1126 3792 1978 5915 7380 1427 6089 1574 5670 3165 2919 6187 2740 4344 2567 1445 4637 3234 4838 4204 1003 54 3255 2982 6135 1175 1768 2609 341 1609 4832 1466 4218 5627 6199 3819 7054 3327 
5392 4945 6491 7128 2171 270 3693 3555 1715 552 6789 5370 3573 13 4242 6828 1812 2598 6820 2397 5207 7160 4005 2260 7444 445 108 4682 3081 7161 230 7291 3146 5539 5458 4134 5808 191 7689 6340 7338 5517 2750 3132 5529 6991 2181 6158 1810 1222 777 5834 7200 3599 315 6865 2861 7019 2586 5942 5219 2815 4272 586 575 1951 4720 5201 2141 3448 2580 1700 1186 4147 4832 5532 3359 5830 3911 3987 5870 3505 2042 5291 7104 1175 3195 1004 415 5780 5763 4451 7412 2256 5037 6805 3025 
796 3045 5165 3061 5624 5683 4246 1993 1554 1999 4169 7383 4727 377 4292 454 1237 622 6375 2411 3816 6196 1643 635 4181 6093 6865 6436 2169 5891 1682 1782 1157 5665 4842 5598 2387 127 6408 3940 943 2799 2362 5670 1993 6654 4941 3229 7275 2355 5639 2131 772 6099 1583 4952 4414 669 2428 6582 5377 2927 586 5351 813 4245 3171 2017 4372 1800 5956 5314 3416 540 2023 5409 6011 6963 859 4325 1539 5316 6455 2311 2454 6856 6080 6867 6342 729 4489 2759 3656 5074 331 3286 358 
3501 5303 4729 4119 2298 1083 7534 1655 3105 5164 7665 2290 4841 4212 2646 1196 1706 3774 2467 783 2076 1556 5943 1622 6044 923 4095 2157 1253 6199 2514 3572 2541 6061 7690 4838 5961 7445 6493 1287 3649 5197 2394 7307 1630 5040 7320 3336 7631 2008 2936 746 2381 1100 2368 646 2022 5280 1620 2093 3700 2952 5664 5058 52 5575 936 6012 4059 7428 7298 6525 3664 1914 4871 5294 5771 3230 7447 4441 4056 2604 5187 6436 2522 6372 5900 3361 3873 7519 5453 6391 1510 2156 3670 1561 6548 
4605 7572 2829 3072 5910 393 6736 6641 5264 3069 3451 7311 2737 113 3588 4158 5299 2246 6679 2710 6963 2262 6583 5521 6532 5195 7031 910 7682 7409 6275 3327 6021 1325 6398 4152 536 4173 1832 4617 7241 4100 4149 2199 4212 7737 6357 551 1022 4075 3260 206 5154 882 5726 3908 4894 3796 3635 4798 3427 2131 346 487 2274 5561 3456 2809 1956 5287 7425 1418 1608 2613 2435 4637 1389 7609 4005 2410 3905 7265 1433 1281 6964 5977 4006 4080 1994 6458 7695 4238 810 262 4724 3083 5822 
401 4709 6595 4505 3173 6831 4930 4604 1487 1789 5992 135 4611 7220 2857 4097 874 4137 2101 5668 6960 6180 7662 5639 6096 2939 5267 5175 6481 7167 2036 6881 4098 853 2426 6088 7683 7355 2913 209 183 7723 6939 4794 7164 2017 7708 6855 4972 2030 4745 4153 7027 3446 832 4162 6384 6098 1558 5086 5486 2412 3007 623 3264 5432 6711 1986 3826 663 1012 4009 607 172 7620 7770 1006 7549 5665 5977 619 2631 1170 6463 6076 2001 2847 3499 320 3222 807 4623 5633 2631 5246 7714 6880 
2996 739 2927 3658 1750 5753 4265 739 5594 3074 1745 4183 960 7721 3619 2408 7708 2303 705 1930 5149 4204 1067 7189 3828 5690 5043 5276 1975 4979 4377 4970 4535 7303 7445 6285 4096 2749 5841 729 5823 7585 4911 5600 6346 7347 230 6275 1872 7530 7023 5838 2773 311 5248 5418 4818 2513 2915 6792 6309 7291 2801 3065 5634 2468 389 1951 5216 6230 2679 2078 6036 6408 6496 3421 5976 5543 1918 6665 5294 1162 4725 6885 290 2194 4524 5108 3524 7439 2939 872 6951 5740 2755 4806 429 
3143 5574 4462 1594 475 6540 6448 5700 4075 908 2715 1839 2825 1602 7132 2804 6326 6238 3094 7337 1802 7019 1901 1462 2179 2772 634 140 5526 4258 7164 7487 2053 3848 120 1345 1427 5385 5862 5501 6293 799 7339 157 1218 5510 2961 6361 2788 4872 5919 4589 4112 6637 6050 5108 1631 5501 5248 5974 798 3451 5682 1669 6116 5802 3013 6360 3408 7693 2900 740 713 1278 897 1930 6788 3857 7108 615 7546 5248 5203 3879 2925 2292 26 4555 6610 5273 1568 7408 7542 7250 1298 5879 4091 
3128 3279 6316 3042 6178 5874 2572 7456 6770 3319 6465 1666 2648 5897 1433 6714 2139 4129 1860 3248 4154 5232 2079 467 6799 526 230 5088 641 4926 218 3769 426 5352 5628 6604 3447 7018 5099 2438 2558 2603 4103 4024 721 4353 2959 2859 7299 3636 6106 3674 1089 7002 2958 6705 7528 2005 4015 390 6931 3050 2976 6174 623 7422 3817 4069 5479 1137 5324 258 3739 466 3099 3277 4818 4875 6135 4338 732 3280 6830 638 2504 2009 7343 1071 4014 2397 278 1984 5446 2072 6975 4887 533 
3014 7773 6011 2968 5319 5086 5525 5784 407 1023 1642 5281 5976 4797 6013 1477 3848 6650 2798 4675 5032 2686 7506 7428 1782 1711 3914 3853 7503 1022 4385 2738 1016 1435 4524 5152 6520 2270 1976 6926 3292 3617 3247 1489 7231 1481 1784 2119 6948 3399 5611 4202 6085 5338 2669 88 5866 6582 2758 5590 6421 5960 7146 6255 7394 3891 3628 6135 6160 5603 4101 1673 259 7347 1980 6308 7645 2581 648 5632 5979 6258 873 3103 3817 3542 2008 722 1163 4765 6311 6402 2946 5678 4878 1379 1790 
727 7514 6767 5148 2654 7258 4224 1040 1459 2753 906 4039 3400 5355 1057 697 6228 4160 3331 809 6167 4052 1971 1972 1403 594 4917 5898 4289 5114 7688 5016 3667 5494 1203 6320 4973 5426 7359 5249 401 7082 1509 2618 4658 1384 3315 1925 5543 6645 2733 2749 1737 3522 4720 3139 4115 677 1258 626 5790 7763 4459 1678 5479 4479 6815 1491 2126 5213 6740 1344 3334 7066 2780 6809 671 4912 956 5031 2596 3688 6598 4332 7209 2357 7470 2364 3033 7546 1807 7640 7530 5083 357 4048 1783 
5989 5539 2726 3423 3318 2888 6756 2605 5667 4605 3276 2800 5560 7124 5395 287 5943 767 6314 522 458 7495 2372 6821 341 1052 5391 5423 1408 478 6023 6215 4834 970 1859 373 3857 7433 2978 563 4259 5071 3362 858 4416 7575 1144 1399 563 7457 1920 7616 5991 4291 6659 6331 4160 3089 3975 4386 3566 1037 2822 622 2007 4680 7590 4681 3152 2789 4062 7410 6677 7423 7085 2133 6037 451 3531 6599 6725 5450 5255 4938 780 2953 3490 4940 6041 6283 365 646 7319 3186 1267 365 6683 
1079 5046 2057 2685 1329 506 1584 7569 7591 2534 4646 6859 6064 2284 5805 2553 7538 1782 3332 1530 5272 7089 7570 2594 6271 438 2134 1678 522 1317 583 418 5180 1457 1921 5326 1962 2322 5116 592 4855 801 7450 3140 3085 4295 5692 1662 6076 63 3192 2387 5970 2983 3798 4462 2238 5932 6140 1578 6066 5540 1995 3467 6996 3915 1014 7775 6236 4947 7185 2130 5748 6856 5269 7650 2190 2000 1533 488 2063 4724 1692 6850 6525 5490 2351 7580 2461 7308 1379 748 5069 2192 3032 3104 4924 
4045 1919 2200 1213 1325 4329 5778 6998 1820 5649 1410 2637 7182 715 3517 2945 2406 2588 1691 6713 3757 1493 213 3286 1689 960 7173 3880 3991 2498 1026 6853 4416 3225 6884 5740 6371 4883 3778 7008 1572 5187 1867 975 5901 5383 2737 7124 6789 4428 4877 2767 4738 5089 6052 6426 4867 5446 2528 7675 6762 2371 6750 3399 4413 4673 179 3005 1777 3956 2235 2166 182 4101 1958 4900 523 4695 4245 7311 1344 161 2299 6081 4068 573 4728 1156 4836 6073 1052 3819 665 6619 6036 5077 3513 
5032 6900 4108 27 1356 6273 208 4274 453 5107 4796 5147 391 3147 5308 552 5445 2428 4619 4835 5973 4592 711 4268 4461 4529 3750 2120 1604 1049 4450 6635 6766 779 6661 6939 5870 5686 3434 5140 3014 7047 1326 2223 2415 5451 1592 6678 100 6210 2552 6072 1841 3262 1379 6301 6609 5129 642 434 4995 3910 5887 3982 3506 3587 3142 415 1495 5393 5554 3326 3479 5697 5548 5894 2187 7139 3611 2286 4388 6162 7176 5046 1646 776 2387 476 5904 1846 7505 3120 5755 4431 7101 1483 240 
1282 1897 552 6674 6269 2695 2375 4187 465 7086 6374 6421 2918 7477 1849 119 6874 5712 1764 6468 320 1057 4593 2166 7380 7713 142 4032 5853 1624 4271 7135 2339 3640 4848 829 6335 6040 3833 5617 5347 1246 3077 7082 945 3743 7201 6636 1677 4 5325 1996 7657 2140 4161 7258 892 3121 3511 5562 3562 6600 3736 5900 2461 806 6728 7613 6845 1601 5451 3232 2846 7346 2535 3790 3310 775 1466 4986 779 6790 5800 657 7747 1000 136 7456 4120 2464 5240 6500 103 1197 4621 1382 820 
2389 1216 7665 3989 5485 1936 6834 5052 3288 1664 583 4063 3129 4387 3659 958 2408 4315 7523 3407 3268 7200 6345 4549 4661 5066 4652 5858 726 6033 6677 3114 7248 5381 5920 3772 7316 3794 1045 1644 4275 446 5706 6221 4832 1586 7178 7239 4718 6922 1685 6803 6344 251 3573 2044 4134 446 6719 4860 5296 4436 6791 3584 2038 4933 7355 394 948 7218 2037 5222 7663 6560 3664 4716 6963 1881 2994 3902 7621 3496 2926 5004 2565 5316 7047 6698 4580 5988 2597 2097 2645 1610 5680 3500 6542 
4075 2711 6307 3514 3565 2568 2216 2346 5049 5749 1530 5747 964 4249 5589 3277 7174 2814 5841 4712 901 4761 1513 6888 7357 2427 572 6 6925 2889 5365 3221 5600 3893 5552 1386 5278 7767 3732 2548 5737 4079 517 5518 550 4923 1016 6541 7737 6857 2292 7455 2657 2622 5382 1053 5049 5953 1059 4195 1063 6423 6233 5480 1356 4006 6866 6633 2812 1637 221 770 4533 7333 5105 5082 4477 4938 2663 3253 4016 4954 2929 5490 7576 532 5361 3664 5302 6419 80 5183 3881 6312 2884 4054 1357 
789 1727 4168 1243 1947 3755 5776 319 1081 1897 3613 6018 4559 6866 1074 553 834 5381 350 184 2963 4013 5485 421 2910 1707 4302 261 3409 7173 1617 4197 1121 5784 5440 1885 578 2255 2203 1658 4151 5816 6493 7528 3721 7566 302 4554 5169 7247 3555 6949 2299 80 7370 4026 1786 2711 4286 5194 2105 5902 431 3226 2725 4688 5110 3302 6942 7313 3777 2132 4168 1309 699 110 7693 7596 4663 3901 7064 7036 3071 402 7115 2662 4427 1122 5372 7530 5134 7477 4471 5564 1742 7195 2473 
5669 1536 454 5203 4130 2585 410 5439 3284 519 5353 1919 4000 1475 23 3257 3363 424 2593 6025 3669 2532 2436 3420 7665 952 113 4268 2693 6125 6740 584 6479 6011 4604 1648 818 5014 7086 2919 4350 3478 4837 7167 3770 4859 2645 7133 4101 4055 4197 7769 6587 6632 2228 5291 7584 1158 1781 1316 6101 7338 717 4801 5571 5321 5266 6388 1374 4574 346 4541 6869 4000 3930 1679 7677 5392 1033 2817 1669 5229 1625 7073 4082 3852 4585 2705 3828 5183 4021 2150 4743 4737 5768 2535 1097 
3255 7740 1288 6646 6903 5829 5737 3124 798 7415 1840 6189 7265 4656 6675 3533 6280 5969 6432 1172 1594 1359 4999 6776 4197 7148 3740 7751 5137 5092 1070 613 5053 2357 6077 2995 7003 4035 4937 22 2489 6776 6211 793 3654 5107 4325 973 2116 2978 2144 3709 3154 7142 1524 6168 5329 4082 6141 2687 1395 6028 2118 5266 7202 416 7078 6427 3268 4236 5266 4574 3234 3698 5366 5705 7623 730 6677 778 2525 7639 3304 4497 7002 4827 2886 4553 7726 1248 6057 161 7275 6992 5426 6699 6225 
3543 4165 1714 1 1652 5105 3234 4168 2692 7756 2830 2239 5472 3607 4764 5332 6910 1482 3374 2776 4367 6744 2724 4433 5022 2884 2747 3054 7127 1667 1500 2891 5831 2032 2891 7483 7136 4942 2690 868 3737 5519 1924 1431 1347 6687 5580 7074 6986 1175 889 2393 6736 3612 5643 2798 5313 611 5851 3479 2278 6168 6370 6926 421 300 5448 6375 4060 359 7242 6614 5877 1387 266 6041 6892 4664 4154 4917 4656 5043 7309 3614 7472 5173 6411 5007 5784 4483 707 6879 2872 5894 4844 2111 5012 
2514 707 111 1690 170 6724 7567 374 6990 4647 7265 2693 1023 4404 7348 6065 2752 3183 4576 6743 1815 1804 4748 6297 1329 2666 209 6040 7509 2319 3273 2244 3025 3383 3934 2012 2329 2540 2385 358 6004 690 3050 7026 3911 1437 4130 6662 4620 7524 5626 6434 1549 1413 3771 1695 2896 2797 7735 2627 5115 2047 3688 6957 4248 6439 8 6576 18 1210 5751 6022 1899 7618 4087 4627 1276 7035 3511 4713 6780 176 2187 7146 407 5957 1063 3302 7571 1019 4746 3725 1883 656 2903 6130 7094 
1728 3745 7112 2937 1717 4173 3654 374 481 502 468 6333 2830 3998 5334 3006 6184 3520 2230 3180 4582 5531 2972 4418 2499 6696 6300 1972 638 4652 105 2365 618 6034 5302 1153 2428 1177 344 1727 1678 7407 281 4508 3627 4433 6331 2032 174 7378 5212 3573 3948 405 212 6446 7101 6511 7235 6556 2202 7340 1143 2820 5595 6444 3972 6841 6438 3133 789 6933 2762 7665 2480 6388 3137 7628 641 2128 7227 4670 5700 3397 3893 5911 882 2033 3462 339 810 5663 6496 1952 704 4312 7213 
3493 3374 5872 6626 2980 3845 1609 1685 6324 218 4821 6174 7454 6949 5622 3164 4870 1240 7056 1821 940 1310 5282 1278 2119 3166 7773 4071 2688 3124 2323 4998 5316 417 3845 7113 4261 4271 1019 1624 3306 5840 19 1800 3828 4459 4963 7515 4516 4240 1557 5455 5549 5656 5550 7667 7640 5544 2777 1367 7486 5100 6364 3841 4334 1249 3175 7412 5519 3012 1257 7643 1073 94 1664 3718 4552 6626 3454 1289 1905 3829 6744 7453 1706 4515 6159 385 1099 1158 1751 7402 5075 337 3464 1630 1585 
5456 1263 5921 689 1337 5785 579 1430 6266 4296 5981 3931 6568 6088 5835 2618 5053 4327 3141 607 2708 2344 1705 2683 4094 146 7757 3248 3609 1608 3650 105 1688 611 793 3024 5213 1372 4454 3701 4485 1474 7631 3274 7561 4506 4709 4835 1054 6668 4260 2579 1233 5964 5261 4144 4928 5239 7392 758 5664 2081 7458 7351 2691 473 2597 126 662 5868 3826 5146 7341 2496 7238 5942 5819 2986 2998 6873 693 6075 491 743 3079 5752 4887 228 2030 3318 7581 7694 4216 7261 6084 6907 6551 
7498 7032 7212 5587 1897 3397 3968 3210 1674 2131 1251 3478 3946 6941 4170 2243 7431 4913 5321 4222 839 4366 6252 2974 4168 4985 7189 3650 3290 6317 2422 3010 4388 673 7414 5102 4070 2421 534 5743 3369 1784 260 7315 7542 4430 597 6012 382 4735 2456 38 1322 7525 3011 4307 4731 1239 179 6838 6374 1418 887 2983 2091 523 307 4978 1761 7436 1760 5130 259 2020 4666 22 6449 4080 6033 5648 7632 710 5685 7771 7052 7513 4299 4004 973 4477 3064 6164 4713 3950 187 6803 3290 
7089 2820 5051 6746 4579 2402 7004 6598 5885 7025 4086 1004 4097 1955 857 3625 7639 849 2898 6191 5147 6902 5982 664 1005 4367 4194 3772 4553 2036 5880 3863 4855 3152 2830 1655 4371 873 7071 2477 6715 3378 2298 3034 5333 3154 6658 4011 2820 1777 1242 6784 7496 7223 6265 7318 3811 2680 3312 7182 4715 1413 3266 609 3382 4914 2264 7752 5786 1556 1268 3541 3751 3565 6574 123 5536 5453 2952 7173 6047 4193 6178 4583 3637 4665 4122 6265 6162 6251 5668 3099 6481 1156 3707 902 4887 
4788 7471 1712 5161 960 5252 7730 3342 4047 74 7695 539 3025 7089 5404 6035 5489 2208 711 1193 5147 6976 7354 2438 3683 1492 7736 3656 4017 860 764 1026 552 2476 5005 330 6545 4956 2489 1632 3847 2406 2170 6872 534 6391 3946 4840 7416 4657 6032 4785 2672 4426 6040 6354 4735 5997 2232 973 5674 1813 817 5044 3106 5821 4191 1873 1816 6679 3504 5662 124 4491 3573 658 3104 7519 5497 2741 3215 2569 6343 5886 5812 3422 4461 2768 459 5510 3741 4950 7323 3375 2215 2650 235 
5223 4522 2050 2942 6843 6529 1883 3556 2324 2540 5477 882 6855 7035 4096 463 5600 2203 6274 61 5481 1263 519 2031 3821 5469 1575 7195 6501 4224 7429 3946 7564 518 6887 5446 7047 991 1223 1592 2349 5517 1291 243 4774 5386 705 2595 6406 5796 1473 2926 5876 1992 4956 1919 6278 5348 153 5000 612 7582 1167 397 6917 6871 4660 6185 6680 5883 6594 68 3621 106 310 616 5491 7610 2028 2936 5627 3501 5862 2542 4310 1857 4460 2809 7205 4613 30 38 3234 15 7030 2372 5703 
3911 7375 4604 833 6190 4671 3272 5114 3798 2705 1644 3629 3551 4580 295 5869 1481 1655 2400 2155 6114 4026 1581 1766 4055 436 3817 2887 6283 5007 812 1234 3421 4233 2066 1832 1126 4155 5763 3741 6860 7407 6188 2632 3026 5300 722 4506 6954 1939 5478 4108 5964 5877 5873 2240 5130 730 3945 3635 4554 4756 4868 196 28 5751 2027 7749 2128 6608 3712 27 6236 2121 2658 1483 7420 2197 4806 5414 4135 2505 1743 2320 7199 7615 3377 4551 7162 7321 407 3937 3116 4092 4132 1962 882 
4977 1932 1827 3806 5643 1853 1081 6581 3328 2563 5041 5524 6186 2676 1880 7508 4418 3017 6929 3072 5212 3701 2456 3572 2925 5210 5506 5834 1564 7467 6715 5358 1620 764 1385 6081 1434 2465 4883 4762 3845 963 2507 1070 3638 3205 799 6873 5039 6545 2167 2472 1285 3440 6044 3027 871 3771 1082 1252 2277 19 6609 3896 7378 6811 2198 1033 315 5899 5794 2977 6861 7119 4046 1539 1363 3663 633 6401 1247 2799 1095 2532 5056 5956 5558 4745 766 5458 5996 3042 4294 3645 5755 3893 2677 
6771 3743 1810 3709 577 4786 2791 7695 1054 4329 1279 3534 4962 6497 4780 6578 6409 6129 3856 4586 2727 822 4169 406 5635 6028 4699 1501 4005 7409 2996 1815 3373 4805 5523 2767 630 535 2683 501 3682 2779 4034 7461 1498 7632 6260 128 5982 1155 3532 930 794 7700 1335 6429 5950 4851 6747 994 4481 1964 2808 6672 5586 552 1660 6216 7682 3161 6716 3585 5939 2972 3267 6254 1643 567 6382 7624 1721 953 7372 2515 874 7524 7761 5641 4597 6729 5452 1299 915 481 6788 5318 7628 
670 3755 6350 3830 2693 974 808 4482 3059 7062 6124 3625 4483 4787 4163 5435 4380 5495 5126 4126 5477 1807 7540 4428 7258 1060 4160 6557 6666 1699 6406 7335 4272 3795 2204 5782 4769 3011 2485 49 1112 7426 2491 5594 3252 5471 2068 7632 3188 6012 2797 886 40 2558 4131 7297 2435 512 6075 1322 1029 3521 7474 5300 6133 1899 3303 3123 3728 4605 1989 3657 3070 3297 291 6321 990 2358 6174 2995 591 10 3880 7226 2567 6829 5563 5002 6158 2677 5141 7186 6197 4837 3525 4552 5553 
5645 6492 320 2471 7299 3977 5540 2817 4267 4083 2624 5442 1296 5618 4851 124 538 4298 2690 7366 2082 6509 5745 4759 3872 3971 1995 7526 7495 5364 4118 5362 2896 4438 6650 2416 7232 3230 4050 3720 7312 5492 201 7425 3331 5051 7548 2686 389 1278 2273 1288 6604 240 4864 1515 3028 5677 1262 2744 3262 5380 327 4975 857 5795 6208 310 1246 1298 2847 7375 6789 3047 5839 1159 320 5609 3845 7304 5704 6117 813 4529 5174 5677 6044 423 3575 6123 1985 5654 2542 1129 2851 3398 6923 
