33 64 23
21352 7617 18605 13060 14039 7778 3493 22898 38406 10483 35644 8700 9595 30062 23799 17904 33866 29190 24635 21392 34700 13412 32199 8036 22273 14543 34190 17045 8310 31217 24975 37670 8093 12839 11981 30140 20617 23481 14289 28282 33963 19192 36981 12818 10506 30040 30721 5623 20481 16607 35022 16432 38026 36481 32475 29558 12275 27916 7854 28592 28392 2088 27513 5745 
14927 745 35884 4803 24226 19432 33084 27448 7884 576 9525 26397 30615 9506 1279 20355 26112 36301 6046 33398 34033 38520 32215 7559 35695 1321 5410 33347 11416 32923 8351 34350 2927 5486 404 35160 32925 2747 23860 10068 11331 33384 36464 11205 4141 37743 31560 38261 4555 6865 2170 38587 6637 34384 15405 11591 4964 20814 14197 16380 22996 22547 19989 25923 
36040 28401 22334 30217 407 15453 1536 11737 18097 7260 30950 30245 6254 31769 37765 10808 38633 1186 18654 14529 4830 3318 26120 9793 32139 9576 34180 16387 32123 23429 11569 29414 13081 3162 28890 13487 18615 38434 33232 36711 6945 25433 36215 21206 26461 35232 1273 26345 5677 19926 2126 10506 31251 36253 28307 24641 7080 31746 2279 8462 16426 21855 7136 29506 
25017 36025 12253 4883 4970 6736 10853 19922 1428 8319 2379 27888 12810 11659 15484 18487 31584 25617 28992 32094 31129 26558 17987 7469 19556 28273 15930 35981 11380 23065 34747 36396 28350 8251 2530 33319 22994 21390 22501 24421 29708 24879 21568 11778 36538 6311 30264 37381 31928 28515 30727 24308 16325 17973 1036 35880 7497 16966 2372 18876 9290 37118 16523 37639 
14628 27060 1470 37621 9701 23970 31301 8669 18108 14120 20446 23905 20431 19969 30546 21618 9735 30532 15185 26059 9756 16221 31198 17252 33186 33570 5388 11735 1199 21910 10626 15827 18230 20103 22707 35938 5324 23268 13866 31439 37387 34311 16596 27077 15531 16401 17954 33274 8184 33139 20584 17939 18619 13034 4450 13056 7855 17845 32798 9053 1007 4675 32887 27244 
32785 24854 24433 7368 9373 38299 59 16019 3121 24662 4348 26660 2314 30309 21185 10497 24699 11028 36443 4569 24061 10152 25632 1175 27997 19682 18236 37011 32364 12374 25506 26401 37227 19198 3028 15859 26756 3086 31878 37885 27747 5485 25796 38068 35793 16240 17824 29752 27267 15518 3580 20588 33678 29212 29770 22926 18153 9257 29196 19776 29639 23961 15436 36125 
4410 18464 13236 426 29557 14373 38310 18556 19857 25357 25883 16901 10856 4959 15912 7382 28484 19492 27969 23413 17963 18991 15598 36115 36255 6045 25150 27145 38013 1838 32530 11683 28309 15025 12108 19117 29397 11669 6932 10505 6285 32815 35413 25148 37773 12577 32529 27508 32068 21750 20181 11282 10000 35778 16656 15514 11083 3057 3911 18355 4894 5700 30037 33202 
20724 3396 13571 11372 23072 28510 21876 29356 22576 18540 15755 29608 31116 17544 18368 24435 8553 7808 4976 18552 12845 21631 34065 23927 24688 7235 3534 37589 20942 2830 1303 2917 6226 14873 14288 29297 4634 5423 27913 35218 23963 12927 26077 24338 30470 13704 18033 274 21511 23008 26833 34356 5891 30158 27542 38586 6652 335 37426 27594 3165 38728 30510 17398 
22860 14058 15954 35502 19480 13126 31971 12702 26053 27307 37040 25782 2263 24332 34064 23773 16599 22148 27388 30497 21565 24190 30334 28217 24524 37020 25070 35696 36999 24839 22353 29119 148 38307 25872 27636 20692 27102 1589 7996 15660 7888 3038 25930 1479 37101 18963 18078 28508 15610 9826 11325 1051 1412 8801 33583 38431 3130 38538 5941 27968 22143 35059 28116 
29709 30190 25011 11652 26551 34607 27656 11471 3747 30693 37400 5225 37053 25622 31310 34820 2484 2388 15404 3534 11807 24204 6376 19497 27333 6166 25437 24561 36316 29756 21936 27276 29205 8198 8187 25016 4056 35842 36486 15810 35794 4397 29043 3358 38027 21604 38178 1762 23991 14833 13303 5057 289 19679 24553 35629 33852 19250 21441 31419 18265 4628 19946 16729 
20833 28132 2996 24889 33234 8741 1950 30279 13138 30992 2897 20424 13848 2326 22185 7098 17158 4747 20163 25454 32433 5967 30343 27536 33224 13035 20206 20748 25671 9411 37477 15763 6803 1724 1903 9296 10465 11861 826 31610 12112 3722 13285 33967 14055 4729 10325 31213 9475 30487 17918 3160 5713 9512 38703 189 30555 28169 20936 25485 37579 27672 10507 13641 
29396 12410 22936 9120 32278 31770 1981 5641 4751 23273 8868 18806 28001 19192 19278 6735 18938 37195 17902 24650 15967 17857 32846 15781 7277 23042 10525 14115 11965 21031 27756 10620 2700 19951 19739 34977 12972 29727 9878 25731 14251 26753 13796 11511 7196 33073 18246 26133 779 36147 20042 16745 15255 14140 1785 30539 6441 12309 5906 18405 33340 2921 37033 36039 
30879 18023 1528 13111 9002 19413 93 31260 7417 13888 4023 22620 8212 22268 18012 8990 27674 38053 33743 12189 21452 35527 3979 27892 17096 17892 15557 11687 28820 13841 16985 28959 1123 26520 3321 10124 7184 3413 2636 22608 25308 14666 14487 2779 6193 32498 19776 33866 1063 14770 7306 30522 19557 19293 19666 36652 6444 4482 17598 4524 26330 3842 33482 27452 
30362 36802 6836 6805 9474 17479 29413 4041 32144 13159 6819 38336 6909 26594 2713 15979 10624 10019 7752 38188 37319 35425 5351 13022 1158 22948 17545 35495 26789 12278 24199 26410 18339 294 33215 27812 17772 31887 31852 19175 6297 7930 18762 21213 3784 29482 37191 14407 8760 6195 21854 7330 2871 27204 20352 12037 19411 7156 8783 7451 19434 2241 3121 7032 
2534 36335 4104 20305 37481 35955 8739 5029 13145 35508 26242 16928 26242 32692 31334 35001 138 22447 3583 11017 10902 31942 23053 30312 349 31835 7022 27790 3336 10142 34822 5869 15736 177 34182 14468 5391 4172 27505 18535 932 23006 35462 35181 16949 36055 31433 25095 19753 4275 36111 38662 5476 20415 30225 5825 21509 6507 2874 24844 24656 6955 38721 1644 
15139 34154 24119 28538 7585 12875 16332 8516 5140 21054 4948 22089 18360 5641 16443 7373 9915 13805 7286 15391 3479 6771 29223 32995 13277 1356 19091 37932 8311 27071 8835 23449 22476 32954 21246 30060 15088 37578 7836 20228 19883 20791 11576 38242 26431 28018 14874 5606 3074 30168 20996 14560 6198 19478 8806 19474 20833 35904 26665 29143 24226 4760 21852 7953 
6973 12357 7273 22060 11186 15108 3539 31068 35898 23122 38570 31589 12391 14695 37194 23472 14122 27449 38031 20319 8178 8089 9052 29010 5244 4977 27413 29470 9736 18524 6682 16708 30880 13954 8027 3318 37069 11566 3645 3479 3947 3466 35067 16338 26169 33512 1061 1542 22212 8352 21861 38397 16440 172 36666 29691 5148 33338 28420 14883 21121 4362 850 21261 
26323 8877 24578 24644 28450 36230 28122 32396 948 32448 17993 27116 35219 19054 36665 26690 35413 19777 26338 13104 19949 32263 12054 33104 26853 9734 17247 9225 14095 18096 30485 1669 26972 24322 34320 24681 21804 31701 18329 30759 25400 36321 27134 29878 24634 25050 17819 21298 14087 13416 3661 34035 6931 23723 36398 33783 33456 14896 12267 8802 32992 12012 18478 29223 
36333 22058 15156 27396 15010 2744 27414 9670 8324 15799 799 2218 2101 18618 31523 16187 32033 35184 19481 8223 28166 17130 11265 22873 1286 23532 934 34277 35543 27419 32759 2387 10728 17174 37791 25738 19917 34464 4667 36249 11515 5465 7726 21623 32090 500 7069 33383 4943 26549 2857 33108 12938 14122 25240 14223 6913 26173 17759 11715 14844 11770 22109 33579 
36951 29159 28576 26128 24875 33242 23628 5649 38707 31353 27271 32048 1112 34339 34690 6055 30147 37547 8422 12344 20928 33662 34575 27840 29094 13585 8814 5189 33362 30922 8028 31565 21333 36603 18944 7459 31097 11831 13107 315 12443 9637 32362 13554 5227 28304 27616 4633 35110 36038 16976 17289 30951 12802 14388 21296 34395 23201 34493 37016 15374 11780 29832 5966 
9634 18035 21432 1982 37873 3798 2296 11567 13434 3918 33129 26668 1481 30004 31300 5850 27293 17536 31146 27503 38345 6785 18059 3251 37993 21811 1519 22626 33590 610 36600 4475 18645 19283 14465 25777 23081 24768 6604 36514 28685 984 24434 38173 30987 24993 5274 27540 11788 36419 24302 11385 12463 3612 22643 19715 25422 24161 11601 20263 24771 9452 32746 4667 
28734 8462 38451 13066 33229 6306 18840 31174 7289 12533 30598 7536 37525 5132 4335 18573 10810 28636 37965 31281 1508 21859 12247 26929 7272 23847 16452 32042 2558 10449 5968 31292 26918 5670 13617 29406 11976 32456 21831 27272 6240 21689 4067 13025 34828 16409 31597 6889 14305 30813 38169 15812 13923 19676 12000 21194 12782 28451 14487 15340 8159 28462 15891 35076 
3392 29507 33742 15367 23215 16824 11898 37462 7772 23973 11738 3851 1633 4586 10740 15937 35398 18168 31748 10573 7103 5000 1026 27893 2710 23521 12492 10869 13234 28382 15204 16625 27148 10197 1251 19622 35029 21157 18336 4052 6381 30073 15911 8013 3919 34658 31958 568 22085 24957 19148 29188 37964 28182 26340 9934 12954 83 28810 34195 36472 5265 20080 24871 
23470 21330 13753 27758 3738 32088 1069 18126 31420 16979 26139 4598 12888 19348 5166 34973 13564 32321 33420 20788 21754 21011 30721 3967 21093 20782 38162 26824 34054 19493 20954 26783 10082 34706 15792 21828 36053 16861 1205 36733 33839 35351 2582 7979 23958 15755 12211 37522 17336 6882 27569 341 27892 27549 12316 18244 9582 11729 6319 12895 481 35280 930 10562 
31238 16721 1649 36550 33581 2854 34534 36680 38204 6376 13918 31422 22130 26128 30195 717 33009 27023 9066 30160 15823 21381 9655 33412 2369 23981 7558 2849 20512 8487 21418 21009 25208 31075 18811 28048 33928 22604 25979 2643 28979 9156 3324 20369 35283 2778 21085 37551 29800 30150 28962 6874 20790 38616 1537 23158 23848 17103 34014 13620 25589 24692 34628 20056 
25026 22698 9356 28213 14562 4594 115 4792 13750 3439 33168 18292 6216 15505 17095 36016 14914 7308 12149 4964 15184 21694 36129 8291 48 655 21910 25636 25346 17790 6944 11623 9747 24307 1087 24308 36908 1201 37108 19917 12647 31527 7469 18863 16291 24563 16130 465 1130 36286 5428 16313 19231 2808 24604 19278 3462 15773 14174 36815 2822 29125 17697 12569 
14683 26791 6136 20850 36000 4495 10027 9898 5282 17495 28760 29580 3309 14149 30044 12446 11687 35471 28759 30917 7539 22622 19455 11000 38394 33628 17075 2468 24004 34771 15036 7946 22814 29179 28795 28073 33674 73 37970 8215 25575 27982 37794 28883 11390 29090 2581 23076 33820 599 23253 10618 23220 11967 29626 30873 6846 7952 33340 109 11982 17635 8054 34795 
8066 6108 24119 10999 14189 31349 27221 1015 28590 26266 37906 1231 24615 9746 32315 27695 10344 16819 38312 2823 28785 29189 2955 4890 6400 36295 4998 18382 23189 21059 22436 514 35174 15815 11512 10614 8415 7992 19637 37004 34258 18794 38234 28132 36547 31800 25086 16150 17878 32658 18972 15922 31106 29934 20811 37506 27480 33816 25147 19929 24134 8834 20442 20560 
24648 1214 433 2322 9205 28077 8585 12722 16130 16079 10114 13928 17138 35199 30077 35016 29108 18308 20197 21466 9494 2260 20223 6233 5335 6621 26161 37477 23462 7855 27296 17370 17076 27728 19691 26280 17057 28276 8262 2446 5606 18375 16374 30751 14825 7702 27018 5185 34018 8467 34658 4763 18734 24140 19003 32076 20 6416 30804 23481 22278 19351 10110 605 
16339 29801 34892 2655 27336 4405 5100 2201 22779 21473 32951 6864 37183 29229 20056 32452 6955 15965 6474 25688 9364 25476 27023 9383 1151 19079 2123 31436 7689 12233 32040 24027 11293 36192 26681 7888 9856 31781 10088 1895 22513 12298 8758 28955 10786 28813 30666 17740 14037 6399 4679 23400 31875 31702 2042 2285 20040 4164 33721 27728 24404 35020 13007 35696 
1723 8947 4835 11579 9987 22930 13473 32500 4488 30238 30714 15273 20302 22632 33013 3598 29030 6951 35005 30164 7912 37046 32449 35959 2461 35429 24939 34873 960 7205 31820 2683 24159 5915 22269 34146 36852 35741 35905 10599 27230 27870 25872 16791 11753 28144 28396 10043 4354 24652 1458 12266 22949 3166 17484 33417 38594 3674 29541 8814 18886 30621 19504 4297 
5795 3024 7702 11906 8024 4858 22505 35253 1987 9628 21303 13740 7031 10950 31790 11384 35601 33247 31657 27809 36413 10393 22477 5518 22074 21278 22339 10220 21158 3094 14516 26952 6117 30225 109 14140 35082 22613 18652 37068 1500 1206 20067 8530 20163 21116 27922 25023 15615 20830 14083 21287 482 5820 26804 30564 35105 10395 2035 17514 21496 24558 13725 27613 
16034 21841 3004 20375 13714 21656 18694 15213 30869 8021 31751 20292 29136 28932 6566 14010 19021 28657 35296 19503 34476 31360 19326 92 11014 21360 25613 32509 7169 589 21373 23202 22429 32385 4828 5402 23300 31529 28623 15420 8809 21625 35711 7205 19816 11537 29222 88 1445 25770 27598 5180 26389 8175 5271 37402 37542 143 422 5962 731 29803 37171 31167 
