70 72 32
9579 24847 61868 71553 4409 60583 81887 13093 69217 31127 22694 84174 29621 49611 41488 23287 17898 1825 25673 10789 89178 67245 44124 53844 72911 827 95838 25858 70202 66903 48015 321 91749 13301 88995 16697 91005 74299 29790 80762 8843 69605 68353 55585 22633 30381 95993 57652 49327 25083 68440 41922 12867 15981 16305 85777 33929 32682 15052 24671 3002 80189 24991 15291 93489 17403 31987 8451 12241 78898 89212 38205 
51920 78105 93789 91674 29025 13739 52743 78351 38821 41723 40812 68810 74825 57116 58004 12172 89798 90178 36842 13339 73784 78954 28629 87812 96356 77738 96262 29136 60053 88892 67340 15391 87536 81668 27604 19978 95406 80347 1746 54766 25487 59679 26993 20851 37334 5537 33022 47671 95714 69863 61010 72915 52234 10178 81266 69129 87915 80945 18804 51386 90376 6683 83898 81329 88350 14919 4724 7713 15805 23591 79601 58413 
3809 10011 79264 41143 15547 15703 9353 14678 6106 70362 8132 75461 1080 9937 65130 88994 90882 4473 60919 5215 11156 65356 7084 20045 815 28929 27758 16619 52520 10776 92154 56328 37908 74835 18010 53455 11077 27363 85254 34304 18264 13926 13183 36465 23862 95434 45999 35283 3324 10335 57620 31601 92813 64703 51646 93627 93631 79403 30785 66690 10718 43478 43558 48625 21730 78689 22619 49929 26591 28413 84232 44855 
59460 17954 81319 3861 33927 30735 56266 37251 58192 17303 68851 71544 2545 41036 85710 16715 23856 19912 83405 51695 80512 47502 20860 5659 29608 43478 55587 56199 89012 60359 21593 51889 78312 23451 55750 15657 71308 15433 70029 50039 49857 59419 25000 69523 3873 14127 86237 44850 51160 90181 96545 35089 41100 20822 57870 87830 81421 33996 64568 90973 94354 6700 46279 93206 30150 22568 12280 21997 55122 2848 72035 8396 
79388 17574 95040 83260 48822 84695 31528 20522 95415 48612 72732 57055 86555 51141 48302 88515 85137 16287 82905 3448 40108 49724 71 70257 72291 29472 12794 30831 49441 5368 56348 32247 22942 54806 18924 88885 60040 67573 29946 58872 36724 6096 19344 43818 57236 67645 35751 62912 4471 39195 83482 44578 88918 83552 35375 64627 33564 48168 15997 83004 53535 72344 35790 93598 47689 54714 6441 11146 42826 36386 70018 90 
42481 89361 43907 20257 77546 197 3708 2556 39392 87189 47134 48849 91281 3048 16893 45384 68337 50011 48927 42411 42895 84717 39427 90583 42848 62989 22269 6213 2792 92286 6302 45273 5604 67331 82651 83149 67527 6898 85705 10336 94087 53378 59185 9325 73547 93199 54708 45301 63750 7052 87711 10062 91768 47677 21184 55155 14083 43452 78490 33997 39155 84791 96391 61881 72661 82459 48447 43606 89356 54691 71063 7400 
28608 33665 16724 5572 47404 88553 67994 14571 95605 76245 41754 11330 44461 62937 66485 75666 26929 48392 13080 66083 53722 12888 48503 29801 15886 17490 73406 25781 89302 65008 33181 21328 2091 67026 44021 66616 58997 32555 1726 75141 12217 43479 86470 56677 26955 73494 35760 53883 42425 48839 40506 96147 78848 89008 46487 94733 9915 40432 41054 2635 8857 74234 41084 28069 61799 5644 15224 41335 38198 16949 19893 50414 
77549 26903 10509 7922 3814 63390 78926 46239 32769 39971 62925 15034 32397 12829 30307 59433 70382 71360 79189 79238 66133 23690 10725 48471 46456 25948 89806 84653 60019 30238 38485 40985 74262 66115 66028 78076 50044 65494 44854 82812 8882 11196 18386 41278 41146 65814 21251 14945 40591 3857 14722 27263 44669 42568 75733 91124 85638 86078 96316 49074 19734 38218 10598 93995 7750 93748 92610 57794 62659 40881 61145 71540 
69198 79530 33358 30883 48761 54608 62949 9891 75586 77671 37153 40794 23656 33426 52457 29833 22921 52191 96028 59776 10948 10044 57189 35820 7209 53216 14153 86989 14637 75297 61946 4374 75367 15843 35257 44667 87572 1623 71680 83698 96415 29372 45031 40611 62797 906 70443 6258 70218 69889 66033 81165 472 26639 37524 24802 395 51676 15208 32153 47513 94275 36526 26297 30658 88904 88085 21647 11067 63182 25884 10899 
13094 70915 68631 93012 88942 42492 2687 62577 32920 68720 64281 50513 15898 5223 75314 33414 74020 11061 65566 24950 25875 22632 68368 56532 32075 59871 95301 43141 43592 24602 71162 73807 95516 43210 70237 87875 6241 72923 70991 56282 62182 55812 10212 95202 78156 6065 32033 55593 17125 18139 80543 60122 57892 52328 37193 89966 32738 35911 53647 93452 77635 28226 70676 76568 88557 44330 84983 94798 37793 76513 54497 20514 
35742 81831 19133 17315 87895 68288 72908 8438 6966 73990 85681 81979 46857 26291 75362 79595 62202 49548 93586 60376 94895 67679 40361 86870 32549 45883 5625 87463 42936 77243 11394 78677 62491 47649 16532 70926 36476 9979 96485 43441 83968 85583 28837 34242 15291 24738 34376 94614 91408 31379 58407 89720 19598 19308 547 52146 82312 23293 43026 28665 3954 71541 10760 83566 22607 44413 57909 59082 54391 57811 23062 41776 
63933 69020 93139 79224 14298 30933 94377 9123 62311 56202 19382 81908 92631 19929 54593 78360 43221 1036 10443 64296 89699 38324 68402 15723 82736 46850 91927 40544 25201 35528 82319 89133 25088 78875 88896 39385 30347 86691 65629 13198 63432 85010 95105 59480 8356 70238 41257 68699 71273 68821 53534 81511 10562 25353 17774 93297 72203 30240 54380 17943 65767 57238 10493 11394 56653 19929 50778 86999 10037 19824 3614 90590 
25374 19259 53487 50851 89496 15283 22967 81308 84104 93623 66237 94665 22393 84010 11920 15135 17667 83421 50199 3973 44077 60692 15367 4147 1160 83266 91145 11196 23630 15299 5203 49003 34557 75811 3271 27470 91093 43360 12195 95736 40400 95553 93819 79914 82980 26278 15589 21186 13116 65787 25159 74314 47018 57647 78460 48177 44330 90145 76494 67959 8861 81696 20379 43417 78046 40772 70886 72557 84131 3620 71710 45070 
2591 86068 28401 6110 32885 43989 27296 63123 30316 69576 40854 77333 30640 39854 28928 92091 33416 25961 63468 42276 28197 4386 6232 9660 62279 94239 2756 49827 1276 91588 94896 20988 81073 43837 44220 34498 8365 71515 1038 38680 61630 59013 36553 12809 2284 82602 8317 52821 11980 88906 15636 40176 93292 21867 49836 76110 19523 52591 29355 37921 47596 44790 76030 49209 88626 23667 4246 409 95181 22405 56210 77350 
81417 92762 90158 4241 78781 1893 57061 90761 90798 72697 51476 8047 15103 4729 84157 34626 74442 34051 89668 42577 78840 69115 12325 88006 92782 16570 8954 11920 56096 65163 89270 58053 61343 82845 62293 60663 84737 39893 71963 96075 33129 26857 7539 48232 48707 12235 3397 26566 46285 13604 86265 45665 82718 2007 37088 78917 35699 46041 11377 91794 14621 4064 53264 93085 86908 36096 74288 92185 93111 49668 91677 46779 
76524 19755 15550 45771 31990 18946 72336 95396 32549 79140 44478 35807 1687 2105 35263 37385 48145 46639 49718 79888 50702 23522 93512 58150 76739 71217 53752 73267 41425 48846 23464 38488 85722 39013 84258 21129 75081 77134 37065 28169 59691 2082 63975 61377 4187 2656 19301 69453 49294 86141 69880 20536 13080 66810 78685 89818 58566 35854 83625 20530 5239 10506 59018 90960 66640 63815 32629 62260 44366 86815 90429 7475 
88896 74943 85973 93082 77598 8692 83075 47432 94832 56372 85089 28451 43721 67191 38808 22827 23584 25850 43356 28822 53477 22913 40321 40657 86728 90071 6334 34511 80303 180 59107 72617 92245 48498 86238 90382 74311 72730 41231 89682 32520 29737 21550 76240 17467 77479 2484 41050 6747 62962 86993 77345 85874 47854 21419 93141 41342 27753 31070 25063 45054 10716 18219 40716 59213 7874 34516 54063 80604 92868 47162 33663 
43145 85833 30442 60611 66730 32926 22201 90598 16427 12611 71360 22840 60464 13319 19399 22346 41071 50468 47408 6664 61183 82748 47380 40936 90621 2435 15538 91764 95302 79822 28844 41864 86194 59286 23015 73463 12751 45215 67478 46299 74947 59378 69138 55951 72696 88536 78296 34306 59543 46243 40969 41266 32408 88348 82201 26446 90782 18278 38750 10042 1517 84715 69027 87711 47418 92041 64591 77290 57795 52609 27006 53282 
15404 16684 12650 8639 8637 11485 42944 68180 57727 83912 12863 10674 92800 15603 54241 7539 33880 92990 17580 52519 81123 7147 43647 49080 19727 28777 29788 77522 81385 73915 51343 17328 90598 81114 25966 19775 92598 68909 87954 70864 73361 21356 81537 69578 36958 39195 94238 87959 52725 32358 43895 37265 39504 87541 6884 59230 19736 36671 57291 21660 31126 12051 38988 42263 93164 64953 62037 9719 54402 53408 80582 31180 
91885 82658 21297 32260 42393 36074 23637 95117 68431 84653 52921 11352 75612 59804 87704 15887 17015 48412 54668 48140 77585 93655 10942 91288 79148 72979 4425 36967 46926 5546 85268 42229 8744 27104 91610 51136 63177 18664 66792 35026 23857 23130 63499 20008 3473 54620 35894 20487 6450 11101 85748 4574 8174 108 95861 7861 90208 20825 44827 40551 43493 50634 82779 52236 94859 94929 23911 78575 17010 90702 17018 57988 
34371 1057 77995 37843 55676 17306 75452 79247 28407 64617 83820 53702 81846 3639 61562 75471 24463 26928 36562 67955 94683 39880 40730 92959 38226 64640 92073 72358 58759 29631 33763 93129 30687 15176 51512 6902 49603 30381 86149 78009 15537 90508 52250 801 14686 34351 76271 39149 61278 33372 27643 76500 73252 68373 72876 14895 36430 68367 87252 15729 1415 24433 29397 49223 39608 80908 56124 89210 31828 62812 87759 47365 
56738 60548 48165 88545 94899 44975 31111 59594 78347 75876 56634 55016 47666 32927 87032 4635 21833 77702 20363 40369 5552 66882 10131 62281 68329 66255 54908 3575 32484 63206 50939 9761 27172 19643 1724 25488 81739 49956 5621 80625 29249 62254 39058 94036 15721 29508 19211 54675 27749 39573 15584 33300 26994 25714 95580 95323 91968 71027 2315 44992 37651 70375 71874 64822 10557 90719 90309 92295 44093 16469 93460 90463 
78723 53057 8457 94443 82564 27667 69657 30852 84361 85240 81273 14773 14372 80270 13513 26879 71837 32949 88992 12905 23863 64284 94848 51541 75542 9114 64375 23052 25582 61252 34055 24844 17727 42511 39826 20830 70177 12901 51682 57955 1558 36372 72727 33051 37182 6779 77052 12436 56849 69461 42462 80711 54284 57849 52791 33244 66962 20584 73417 13083 81835 10889 37927 2979 70521 94874 23809 44115 11192 75490 22610 29872 
32401 95336 80044 69582 22655 60513 2557 79503 50514 45018 80754 8215 6284 36962 58580 90367 57545 52537 6868 59920 80547 61916 62898 54486 60207 86706 19140 71399 82735 41749 21810 18554 57625 5271 8675 80279 65784 11232 80321 36837 73371 64492 62173 79655 21994 24171 90561 78 93829 846 59997 77793 62761 43435 52818 43508 50680 71958 18324 36833 17124 57255 72508 74748 62525 81182 75566 48848 12953 59305 85684 86324 
44336 51275 69396 66329 92567 80496 83529 89813 81342 64065 88145 64642 10917 44381 11567 61597 36878 47012 1847 71123 7684 91476 66411 87331 93197 45394 39596 9568 25238 28698 95891 69574 512 85826 56442 93078 69739 60510 6848 71620 27993 94992 39680 38909 59912 68368 3923 207 18798 22891 88452 43603 34906 58280 34351 31521 24213 91069 41088 49451 23184 40396 39564 40817 29639 16545 37312 19917 77055 44159 91537 8465 
59690 34634 47373 23020 23541 68418 40348 42338 11848 32217 6481 46754 11036 57953 78274 52371 52439 22779 5239 92744 80296 61924 36978 30474 78468 91411 50390 58940 38987 45344 67404 19217 517 35317 42236 24058 24274 3123 83517 36121 52462 10537 82874 80619 68490 64565 36407 24346 7883 58767 20508 8718 24108 57485 39191 23116 52314 89581 82055 11840 55464 69999 31056 55981 25855 90413 578 50128 14076 84094 86248 83659 
94631 89662 67695 66538 74766 7520 11423 82649 66286 31930 91366 10934 9955 51097 34049 79390 44095 36643 91229 20098 27181 42825 76078 70157 53777 93777 23702 67852 81289 30490 72050 96459 40691 43163 83536 18874 50682 94958 22062 37507 47428 16846 65562 57382 67942 3028 57311 32576 56793 51957 52673 4513 15321 49291 74670 69098 46485 18911 57489 48313 49400 32957 65311 10630 93241 52264 29504 47340 67762 51565 5386 35729 
85532 70948 93110 74013 91097 53838 10006 68429 26334 79801 72942 58777 49631 51029 48414 16655 69939 9320 64968 39879 59398 33696 50508 56056 6500 80011 23935 91383 52116 46443 30529 41065 37930 44178 18496 32444 18555 45623 4291 44888 45963 77232 7082 95593 48800 55495 15666 22156 81937 1173 79156 61874 51990 33082 38470 58489 33632 79526 53289 85747 29386 4357 47352 84437 48534 65847 20299 67088 32009 41711 32516 77972 
39482 56719 76982 88281 15632 13187 30976 18108 14359 13550 521 66349 63753 38990 45377 802 39056 19206 7089 85563 23562 54440 73418 72096 23704 14256 59723 72834 73088 92238 54223 15987 52375 51745 24807 85128 64931 72904 23775 96412 6993 24295 83300 70745 80407 32094 88669 40002 68421 95757 28982 91983 53614 5817 84618 94439 37194 64880 70690 13699 60536 28331 46807 33450 615 88735 21995 65545 65057 45769 82496 72049 
87185 69213 63334 71009 21847 55420 14428 90267 54594 60532 6207 11625 83470 11364 26603 24082 76244 710 54902 57319 46162 5127 90768 46776 93861 16180 32861 79457 79070 18774 54924 86794 8527 21675 61221 30373 77094 92770 41179 52227 73841 64508 63851 60729 75871 10993 5350 72654 11702 60251 33390 74986 65377 27575 42301 79778 60876 92283 62652 60485 14475 38115 50697 40123 76911 32457 87617 57422 45766 32213 13066 23025 
17260 94038 83753 93131 8448 89102 69202 37272 69892 23132 32797 38687 67828 75097 39004 49244 70798 22195 30268 5812 60310 80964 45934 40638 33960 54090 18600 79726 86302 48787 23290 24102 63365 10460 20650 71812 20101 10391 29623 89992 50644 62419 49218 21890 58056 88221 88255 32271 13834 21940 55204 91265 23444 4555 35320 57403 75766 71041 57668 82607 23246 80957 10126 86610 11956 30775 78961 32056 58288 29124 42588 12349 
12082 91805 51360 70137 3984 43032 22947 34939 64972 78150 29621 8955 3244 82062 66357 79009 73643 27443 65034 17428 28939 75159 24577 40895 26474 24077 72950 84761 53200 36077 17649 65282 31300 86131 55958 52405 32580 78905 7883 18091 77594 54625 27045 80838 57226 13942 63264 34286 58506 48837 51713 87444 44536 76289 31756 71009 20906 25246 76309 74105 61322 14497 59926 13161 4045 36424 82687 36625 18746 90569 71837 16879 
48611 19422 1134 9255 33363 81520 43540 91868 33774 15793 82729 95431 12621 35025 69857 33526 60270 66705 28171 42131 81202 88096 72414 5786 45059 58518 42410 80926 69627 34787 1223 21655 54208 2356 30909 87570 4415 91571 3395 55311 27903 6663 54159 40523 41687 44556 74049 22496 14678 22759 81749 16419 31394 57580 22205 76453 36637 81736 60796 9681 19940 62018 31336 91269 64374 79366 2796 85910 91476 6190 44638 22796 
12853 2215 63319 54539 46770 57907 94157 61447 1205 79323 94988 32598 57442 20610 12468 94078 5763 73264 24299 42825 38699 72756 37511 23612 55539 40307 12940 50433 46496 74699 90350 76470 76913 74208 51549 27100 52654 49123 9087 53858 31863 7492 86456 9844 28101 2341 7339 50985 92726 48759 93809 34843 24932 51860 75576 80471 92166 9055 51443 59201 83754 62332 39089 81206 39958 90637 11724 92611 60299 20810 49887 92161 
45423 39760 22544 73523 59222 29882 45047 55366 78641 42274 10748 24112 94133 6863 8000 10256 15918 76564 69456 20211 42314 29084 4834 82271 40260 33679 95421 3976 71610 48725 16676 20450 88484 39219 93972 68246 86223 59559 27029 85403 5250 37776 12932 19922 44638 38054 47299 77677 18035 37294 18427 77470 66378 40383 63158 27177 74061 79119 31153 49089 31261 47828 69538 40285 7587 84050 11948 93809 47026 38976 82629 69397 
93873 16100 9858 41928 54153 57156 40145 72188 94449 58571 53075 81366 2371 36773 11961 76432 19309 60235 46060 67691 28602 19015 11393 36188 23604 40462 50536 87751 79437 53704 77687 76727 69804 87544 39195 27374 65239 79339 20101 80228 41327 73176 65011 43698 30488 94093 40669 66918 57745 86728 38026 6887 26282 66541 43074 67008 10420 14150 58176 10397 67853 39281 87123 41074 47364 46857 68448 16021 29613 88548 96248 88062 
82263 81798 52299 33290 79309 13507 20747 57593 3652 58773 64479 47055 45853 28093 17480 56272 42242 92778 66668 30634 52598 74331 71708 3379 41727 60695 36521 71340 69782 36186 79941 72585 38524 52779 9292 21250 66285 30039 95964 87058 9351 80983 37530 55203 29615 72132 32014 88978 85449 19222 23029 41464 93552 94736 61964 38696 75970 1903 30575 49170 38088 31055 25172 76611 83833 51585 18400 53535 2163 34904 44010 11513 
36426 2080 83837 66040 91333 19269 75557 80199 38490 2003 25080 52581 17279 87043 11816 93248 88945 59513 62957 47573 90567 8668 44723 94940 60253 80245 51892 62415 35688 16442 91050 72113 35643 95426 58692 30393 18112 37666 14009 73723 39668 56210 46843 74068 63792 58659 70734 56155 21589 37108 24267 15573 45776 86111 13930 26568 86895 82944 9522 26000 19925 21111 18652 55567 19955 77343 6499 55188 35548 37629 32329 92338 
93838 79171 69823 61047 58369 61096 37741 79957 1622 79129 16070 64519 68658 47121 11626 58970 50604 21147 5510 70528 42258 24161 46634 79334 22044 70254 37939 74713 11300 87389 70468 25677 87100 60831 7264 48886 25344 45004 49383 44087 27551 65452 29145 16748 33112 40770 92839 83716 79039 1766 74783 41836 43049 41957 24587 82214 15628 62525 60344 44050 53332 51352 69726 60971 15600 94111 13274 40943 42533 62656 5570 87205 
48647 34714 24492 2299 75484 20748 86014 57940 39636 81336 3193 82684 43832 27779 85437 76582 10843 49198 24049 81296 3967 14314 45684 19566 11843 76080 77631 71497 59275 83200 79241 11340 21331 7150 13638 17354 45019 20191 92415 84654 22066 95607 87877 65898 43925 76731 45897 71890 46469 69945 56603 50435 4798 22827 87123 33762 2324 85293 8676 61598 71910 87916 90059 13780 95065 24236 48256 43502 44426 44088 48695 66492 
60235 57112 52929 7577 37260 2243 79466 83728 89309 56609 54703 94106 79435 45243 31286 81758 33953 57083 63895 26402 48417 57372 57303 64021 81607 8976 28062 46573 70186 93879 33604 33838 54408 86532 41414 12207 88774 41420 95935 2040 1446 54055 96145 80880 19837 47970 83177 70911 8471 50489 730 74009 28400 58032 58569 30547 84130 7171 77119 57733 4467 31262 91570 75996 38333 53523 88202 47646 94942 87554 49685 96387 
62148 49247 80684 81984 17757 67278 56312 26227 38307 74163 20775 66706 52735 79343 670 57404 7053 94910 18554 11519 29589 30663 87514 85043 84185 96256 36106 3085 87227 85790 2889 69915 55577 4113 72438 90455 88512 49290 37221 30236 43992 57995 360 144 57877 18151 57547 64930 16479 93222 93570 63189 27302 5042 51650 32027 4715 87755 35111 12481 94085 55121 82395 70201 76355 75373 81195 68285 28080 21833 1938 72071 
79827 19419 89337 58243 37570 67423 26590 54048 64063 40700 37776 11904 45741 89425 43930 50455 1138 96162 80057 15762 71823 82992 6502 51595 61782 87696 23297 10401 12946 42357 3011 13312 78897 12887 71554 19884 80310 1562 91053 47790 42261 32247 59693 8541 42211 24163 76117 43348 40864 59591 59109 16104 46000 65610 67699 28321 56723 11535 38721 86790 53891 58854 3519 36206 71740 75073 73211 55467 93756 84804 23796 39434 
37590 83489 65096 79800 28191 44630 43688 69054 7638 6214 85158 70760 88946 73396 2498 66208 5470 58341 56416 59361 20612 59934 16106 12891 55546 9856 68358 52719 15199 12693 12692 52788 96181 77787 53128 44911 25834 233 17383 50594 6446 23080 24771 15931 17015 44390 82139 22484 6148 41972 2384 43881 22445 18489 56772 77991 45467 45669 34127 60665 58361 63941 33993 75082 45145 87120 23410 88101 87352 57914 42112 14337 
80993 84004 47390 1425 31811 32946 23909 55081 92039 26292 2379 35023 61903 76272 16431 27909 42480 67680 9113 21381 35038 43105 96462 722 50764 40411 88822 41533 1743 51473 72992 3275 38894 23799 4700 70705 73866 45730 29203 86444 72021 48703 24884 54463 28393 58437 82371 87994 46656 91484 12792 81693 55128 12671 2954 9310 70204 91776 67964 71946 46666 61495 75220 85560 5833 459 76804 79698 46188 26546 69559 38749 
75248 14983 13751 24180 73419 16662 15592 23492 28685 45505 25724 83812 58176 28677 13661 48919 23870 81625 41404 87658 46537 20041 93757 52370 37622 73978 52607 83809 21063 42706 43097 96310 57688 73970 41030 51646 90631 73743 92259 22733 22665 21400 9962 1380 67198 23623 50298 11608 25787 91701 2683 89445 32282 96439 62354 69903 90956 35501 74251 15436 78206 37888 32285 56433 15275 90436 28618 9323 67596 24294 32055 90261 
45693 59138 12180 33430 3300 62478 45037 46208 74718 47719 39071 10417 64697 21964 859 76192 57464 75110 91627 56209 16415 44452 16059 48811 38305 44676 58133 26441 86091 10727 20119 52323 86986 32298 85753 10826 15315 34207 57033 90033 81926 16643 3867 67162 38607 21848 46772 16610 375 58938 72819 33911 6807 9417 3261 62234 54093 61393 88674 60723 89241 29332 16464 184 78751 5634 11009 94066 39840 68042 8056 42305 
5224 29044 30007 60952 50891 76778 77562 51265 39133 53798 5715 63062 63214 8975 28713 37846 87489 20804 1987 687 67257 35572 871 49425 41205 11879 46908 1584 460 54963 61011 22806 84007 91017 83757 38315 71212 64736 10120 30884 21951 32956 93945 5705 41931 43197 60672 49959 81122 79780 50646 51796 18769 68638 4639 77095 80516 68668 78679 1516 44171 43107 24321 48717 54663 11495 7571 46414 93353 34812 94419 35843 
67768 12322 41547 30238 55518 22759 80196 57180 5956 51381 12393 24725 23436 34153 5237 24492 23361 4455 43129 67531 64683 67449 36787 22763 96065 44357 86298 13375 96291 84135 49218 67476 96456 11304 1131 55391 34062 1866 15988 40018 70369 45503 81864 93804 79655 7640 38835 23555 12095 81963 91085 76777 69951 48411 20080 69434 13308 9795 82808 13016 93929 52565 80491 93802 63869 2161 69733 18470 21148 6260 75609 91516 
51762 60890 9278 51957 85652 48112 75511 1164 33493 87136 95062 6861 56086 35681 93416 69393 62598 182 82408 59944 52746 83438 74286 37154 85598 64558 55624 27286 70817 34650 22219 43119 16080 31496 95075 5149 148 91125 23434 50762 2218 39035 57622 58304 91838 71578 31114 57853 88881 16940 21214 45044 3795 16039 2738 9933 80596 58361 37218 71953 13550 76558 18489 46751 28594 34103 51899 28741 28645 92454 79502 47985 
52029 57663 9706 47284 32658 57941 8554 24956 74880 46889 87122 95797 62928 89859 26269 64063 68759 63486 39433 2848 60583 57921 49599 89176 92023 22037 21334 41208 35031 4253 89192 87059 79038 2315 37760 15113 60255 63435 57191 55675 13741 64852 72011 93790 75250 1697 61271 47426 82304 4121 67395 46304 79164 20411 38898 74604 59570 77353 19229 94600 2146 28960 85076 81183 48396 43375 16835 29191 27349 74025 84865 41089 
42294 77415 55419 38083 96233 20107 85508 2494 41349 73443 48797 23930 93853 8234 1952 56840 6127 38302 71979 8272 84384 60472 9994 36197 24386 26828 65387 68856 21393 70791 13363 80808 51623 85903 22309 68395 9427 28356 70888 50775 5216 40225 91827 19609 65580 93778 93570 71706 52619 68967 517 40420 49978 10510 93739 91486 54460 62543 63759 75852 53874 94243 77199 26036 83563 2925 94431 13529 48403 68736 81426 53618 
29500 76670 73226 95080 90987 70214 70203 47023 59720 70720 7983 13115 1769 5139 8018 56228 84803 71777 52619 42094 69437 33236 68130 56418 53282 65978 69946 5102 55253 54789 75842 84753 34876 69607 83250 29280 60360 73992 93425 23497 65251 4825 36612 67020 27085 44629 43787 15305 36945 16946 57399 9800 67303 28946 83339 24002 15463 73824 46226 87837 32031 25485 76007 84028 15631 79796 33848 75991 57206 47812 2905 25874 
52636 39516 13433 260 4685 74342 15564 41629 91287 90084 68550 62007 39569 55306 6548 55031 32548 52773 46286 81700 95379 42832 69145 31550 26046 23532 10958 83251 71343 13862 29664 44518 70500 60219 44777 92306 37978 77463 37352 32682 70964 9320 15228 13951 81747 21775 86103 17712 91670 52928 2829 11006 95760 89096 42555 25223 33167 53512 29013 7928 84496 75798 69567 58413 39434 34884 71258 77411 15764 29149 30632 7267 
38468 45859 38339 40755 67634 44982 75588 79843 1327 78417 90848 17626 88052 36821 59970 24636 10872 88982 49685 95367 85320 39792 74319 28171 74675 48994 26122 10978 78143 56753 35366 37150 6030 73705 95026 90785 39226 74032 74045 40552 72988 85432 75300 64457 42792 38687 9632 53664 48209 76439 69570 36946 19648 47307 82238 14862 16840 11777 42961 15522 68530 78326 69794 91681 72570 68237 6423 15213 45686 1007 72887 22091 
86438 51604 7087 32648 90290 33841 6851 41916 13697 76420 95983 50466 44266 81639 82449 78228 93415 28827 93749 82484 10570 66960 77582 3680 55737 84004 36014 21962 5550 12318 44053 91988 81043 68261 45175 74751 5519 52025 37206 36337 48984 36607 7342 93250 38785 89790 74895 35617 22034 89183 21519 49726 76683 19640 70527 35837 24184 9958 57798 29733 39398 22390 25138 23858 11191 87434 19148 16709 42876 56354 70168 12400 
13500 77509 9067 52284 70717 4501 8440 13290 93683 29958 80137 73783 66720 71203 30159 90903 81161 8497 24053 23976 48008 66313 64955 59198 57164 84103 93029 20580 60996 66614 50101 74495 47540 59167 47318 38796 80789 55757 69208 77889 6255 69884 72212 72974 44505 5788 84416 29083 31406 11886 70180 79414 95320 55674 42029 73024 43194 38475 14143 7607 8506 64243 2641 73168 43949 49958 15381 28155 9133 5128 9461 15387 
75012 2212 8900 22934 8000 93315 69138 56527 25740 42735 39358 41600 18948 81387 18041 62142 40401 49305 86870 66029 16965 89511 42614 60913 42886 75116 9607 69140 80244 36189 5066 58673 38401 13965 81606 63522 27819 54161 23466 53559 17435 62824 95158 36382 64750 33738 19063 8568 83042 9351 74596 20546 2279 37749 1998 62286 16283 11604 34844 96526 47792 39909 75738 6732 70996 60761 70253 19354 35461 93719 72912 70017 
77082 88609 26938 45249 42886 63123 70938 29345 72473 66074 67012 74751 7240 69009 57576 40644 80612 92419 57709 48944 52868 36864 55675 44403 18164 29346 63756 70746 43604 57208 61302 24103 66356 88240 86473 12660 54780 77950 59126 47792 47441 29556 43082 71803 1982 4075 15864 3134 96494 73573 52077 69901 30976 28291 34843 49140 74758 2016 40425 38901 76345 5145 63003 46119 93384 70015 58778 68703 51383 21321 19912 19363 
50876 62993 91165 69980 67067 27569 73113 84100 21681 45729 74540 52656 74019 12800 22335 69317 31938 62760 11635 11700 67904 74638 57818 81827 65192 20013 71069 19992 58456 90980 39355 12749 74512 51059 82728 62118 78627 76380 49636 3725 25526 44715 56381 20085 57515 95837 89401 89452 62014 4453 4569 50457 96212 79509 35701 64822 2939 10187 5353 61394 21706 61829 91265 96217 16306 94532 61753 94932 91452 31928 19197 20395 
76642 92699 40479 54696 91953 50419 64687 74507 54872 86378 28381 71623 69304 81204 56984 72242 11930 62337 54176 33636 44705 65980 50392 61010 81051 32684 76482 75920 64611 16218 16855 61793 12334 74455 37028 7704 28292 5133 2750 3703 91510 31131 75325 64231 15752 52849 57012 44803 35725 31727 78438 80429 18246 49370 61979 19837 82053 59000 95756 67204 75217 33150 49536 8090 11023 86563 32915 56436 12235 35665 60138 24284 
66795 56002 9054 3086 12268 66066 47888 47992 18332 46866 48961 36578 96235 14357 56414 2245 73356 72709 69448 69112 26399 22401 77201 37421 29504 13533 93856 41738 49197 74533 66022 36531 51074 92197 39616 63342 61680 8044 31873 552 54909 80833 54251 71683 95189 31204 73927 89084 24452 63915 61613 50850 6855 59353 88270 36358 72886 6083 95218 42622 1155 81779 79153 52229 77393 39308 36110 59613 47351 67982 60164 22799 
52233 34954 94481 67961 66157 88948 77585 90608 56280 59737 44876 63134 22508 53685 20032 15933 76890 18667 75676 78044 3863 58246 33690 1795 18094 69799 61407 82566 58321 42110 8783 31093 77063 23803 19593 46637 33290 595 57785 89569 60332 6078 73243 3379 59762 93274 19311 40069 15358 94986 38653 36342 73772 89464 38136 91865 79803 2961 94970 41541 45070 7170 72633 25551 48095 92225 89309 81384 13360 50511 91493 73691 
73710 68153 77069 54012 81966 16919 14620 741 32444 53272 54204 9633 46154 92339 22037 29374 15839 20425 70914 60909 44716 64086 6999 13350 76850 16847 15274 90209 84480 10184 84439 61607 95458 82047 19036 80841 2383 33656 2121 51949 86927 56324 61581 53620 69202 4158 82993 85041 41704 74446 66489 86419 59071 90609 3187 56461 10873 35582 50087 95352 45765 55066 77499 61762 40530 96534 63142 60035 33607 65262 15401 41074 
42125 94103 15233 14744 1678 1644 20324 60503 93211 7352 50340 72822 1378 70648 32700 29373 9647 3326 45264 72533 58391 26180 37712 2339 43254 21393 79495 76860 86654 94895 38473 49318 12955 53706 81183 31755 72471 4925 92257 86221 12276 63136 62460 30776 37201 15699 60148 63969 19025 8829 39919 94537 52131 94752 17415 95384 19562 327 92783 26755 15761 51796 76072 28716 8919 60673 77592 1929 82719 73266 8689 94994 
39820 71149 46309 94142 7387 9874 78651 26411 35825 39109 24366 87955 37279 41780 7296 73962 59229 3496 21257 74989 55291 17868 24244 81331 95662 5253 3799 81798 95641 12488 750 56000 4176 47058 70681 11562 74054 52749 55095 13296 91858 79460 21790 49676 41779 29085 27055 4425 49702 65433 96536 25533 83301 24197 10281 2920 46572 14080 84718 62752 26567 6007 22169 47864 70186 92849 59425 47657 49016 17937 78074 61413 
17936 3281 14506 59715 49487 58682 81261 2607 27533 81214 28139 31373 25951 55541 34292 89644 69620 39549 55813 16726 45555 95103 81711 36281 91369 44554 83937 60924 62490 65429 25754 966 85831 40259 60680 38736 19481 62480 58464 47013 64234 7142 95507 10724 62682 33216 3785 52842 72765 76719 86689 38859 75239 71818 92261 87147 19789 79616 51489 2818 65584 94364 3783 71954 55163 81584 31229 74643 47482 89692 42195 32255 
251 41119 42978 80055 74334 46762 36314 67638 44020 26420 27037 22676 18777 39837 13240 38565 22870 81850 58505 8993 172 62287 1487 55334 64411 32715 50516 32432 25825 92710 64686 43197 37246 11081 26669 32119 74964 80104 20297 22401 9942 64455 62198 28718 7709 75437 84405 47701 77827 63449 73815 77998 29153 75301 53871 14103 11434 7804 46534 54380 21053 14637 18116 58298 42839 61907 10956 38342 45428 48374 60742 72491 
16246 26357 21749 41077 22334 9571 88777 3578 73019 66009 2115 22711 61850 55985 53936 90405 80910 3887 65324 5380 35646 83439 63677 95606 48763 91754 37366 94191 43546 1525 70099 76913 45004 91847 21407 84459 21957 30723 8576 15515 17272 10690 55348 79121 83796 12701 90065 68123 16587 58806 73502 69354 45662 57718 68378 94425 52889 9161 12573 16974 27807 3211 93887 89932 15598 35833 77808 37554 66556 86383 53069 83827 
17612 11834 83487 4825 41656 76969 72947 58242 39192 49866 48136 84853 11001 37053 3235 81012 46213 32929 1403 91141 36140 15829 84491 51737 51662 82838 9830 21635 89761 80020 26001 10790 12393 30027 32737 54048 10413 9101 32830 66726 76089 80965 72118 87089 21435 92475 88640 84769 28821 90043 96449 82082 9289 4897 54358 78072 87735 64188 20246 1453 64747 46246 29364 77140 93394 62100 34605 24346 88323 84556 91071 67829 
