77 97 72
34260 1117 2542 5802 5403 12445 19087 22688 18400 23296 19648 6703 19798 10072 40433 34771 5737 19604 37871 26852 36537 11238 17867 39790 7883 34187 22635 4884 29839 41008 30513 22725 24041 33054 10443 29443 4125 11446 34048 4442 34741 35612 34434 13165 4311 33493 29852 10047 11724 26349 18816 30177 37587 36682 10510 27386 11412 33144 32269 41250 14695 21408 4519 38736 36379 14961 8722 22420 26407 1396 26861 19774 37008 19921 14856 41318 35331 3334 33281 28971 29683 10723 41064 7813 29321 10201 17115 40733 1971 8010 40609 16666 11335 3754 37318 29630 632 
4666 10676 8955 29352 37537 10645 24986 39374 25500 6847 33331 10751 40127 20928 22350 32767 20619 12079 20714 30819 29193 1990 14706 19119 24516 13288 12370 10186 9232 626 10817 13898 11302 19771 1876 30755 30416 8778 28755 37832 15624 20713 30499 37667 23557 34765 10977 26092 5470 13608 15537 16579 15597 12160 35698 40112 25447 6694 32215 34679 7320 1658 30493 538 3346 14285 31292 15678 23062 18673 35426 20602 21302 6469 16895 3486 41233 27872 29577 28620 23396 27031 3825 38992 21107 21439 19648 5180 10050 10489 21775 40659 35436 10894 41196 38781 7095 
13031 36375 30156 13620 30428 9384 34922 36896 8196 20324 18672 17984 31817 5918 6 40764 33033 20914 20497 36388 22478 7594 5064 32966 29368 27639 8946 22179 27461 29643 29273 22408 24645 41346 36028 36989 32646 29576 14428 40841 8526 33099 40741 22259 20934 22663 21650 35883 25494 773 30897 6598 8366 17878 21481 19651 4143 30426 456 13521 18695 11645 35928 1966 11617 30582 38954 2890 18784 35298 25647 9226 27024 25015 31485 6584 29594 11761 1093 13714 35823 13906 20312 26106 31783 419 4383 17843 12761 28128 31363 31455 39772 25917 15338 33306 38416 
36208 36195 39116 30133 20468 6969 39073 27399 20370 4283 15620 14047 28665 11250 31786 24487 31561 16518 38187 13896 2817 14656 8573 12861 4645 21945 34550 12478 37282 26482 9520 14033 21303 7263 2792 23687 37521 491 33003 39807 28063 7249 12480 38644 18498 2892 3675 31976 1327 488 27788 27433 15143 18278 40294 1704 40222 33470 37471 36130 18578 5618 8789 21797 36170 34871 27400 32317 17278 19029 30750 27258 8194 25146 6445 8609 9954 33409 40584 11280 33896 8915 38713 30955 27192 19550 14575 26040 11646 10673 2713 30223 16290 34792 33936 34376 10206 
19962 25319 9400 38991 37985 18574 5811 21757 25019 14419 13627 17054 36919 6824 32867 27751 27453 4365 36859 5629 18940 3443 17274 11529 6155 29413 27818 22863 21975 2737 33068 23853 28055 24385 21470 6583 1585 9198 28339 26603 5533 23882 25574 24369 30705 40357 10746 16784 3348 29521 22412 4204 32963 21602 15732 21035 9641 25466 25814 13532 28202 40799 37385 14883 23810 40771 21465 25394 8595 31720 33914 37418 14229 31 20413 26850 40387 13075 2261 25651 1222 6589 29855 34185 28191 4213 37136 37831 29679 21576 9990 39797 21001 29291 36597 3437 28688 
39978 10748 37283 30325 3288 33327 26470 3318 35656 35236 25621 7357 37496 9898 8578 26002 21669 24679 12819 25882 2358 9276 37477 23934 1182 35900 26851 30472 13040 12205 17787 11645 22952 36986 23886 8156 10856 32272 34763 5138 26134 19010 12494 4174 10824 2988 30175 32493 27667 1620 40291 11941 34185 18311 35874 17284 12837 3269 6382 25877 15473 6085 19438 38424 24987 1950 5206 35842 34221 21885 40979 18981 22811 35389 23154 33634 20294 11955 6670 6587 13574 5587 444 29676 23897 36318 5586 18651 39586 35257 26444 13685 41342 4508 34025 24955 6457 
21147 1341 22594 1658 24236 201 6385 18252 23355 40018 38545 17226 28605 27048 12717 34191 27491 1019 40005 4352 29894 40572 25854 23777 25642 21455 23745 12066 37396 30617 439 17169 13874 23032 743 38109 23232 7127 38277 28503 29062 17365 27646 16293 26329 40362 32400 12447 23297 31031 40088 11817 12146 6486 35593 19704 27940 41255 31769 23963 12415 14124 23048 26288 37155 5708 4940 931 12834 1844 11350 23812 19208 38995 40104 4164 19900 13048 39900 25113 25995 20531 36929 38141 27016 13066 16471 13583 36237 30157 19462 30568 2907 24426 38772 40062 30133 
2338 40992 1594 4181 34258 7322 23389 31880 29343 9469 33696 1017 7995 17436 27011 28525 36281 5695 14168 31263 22166 9667 26126 10949 11045 38610 13855 35470 36008 35833 24230 38346 17368 7740 24443 10253 15061 29748 24049 3030 39216 16371 4046 5837 15723 12974 16279 10631 18668 12363 520 22750 22029 8563 33698 33073 5799 29470 9086 23724 23929 33315 20696 23214 41054 27055 33466 14742 15430 39431 41061 13272 37718 27024 1026 12068 21914 17304 22698 40581 29666 5134 21958 33611 13696 37572 7227 1412 7585 16312 25135 13431 8254 27747 36644 31224 13428 
10653 27882 10774 8710 27570 24046 5054 36510 25071 40411 17050 24291 3652 16257 35873 8786 20131 28110 22481 39620 35336 5809 5831 10274 30943 19261 444 40606 37821 31668 12661 7100 93 23434 39099 27662 29396 26070 4715 36383 25107 21764 19300 28759 19938 13799 19461 40068 23825 23858 20231 17787 29667 7979 9978 19236 9156 33711 18469 5604 5922 13046 35993 6015 18396 15636 15593 6419 332 20308 1428 7355 23988 2645 18030 2552 16443 19407 24537 40268 1892 3394 39971 31558 11372 31865 32710 20528 24203 9805 8048 30124 4767 2667 18055 23163 219 
33648 11498 23840 35872 12925 31195 18486 38859 31141 21038 13929 9175 27491 36113 11066 30884 16627 24540 24173 7119 15876 26617 13238 7598 34664 1988 12364 19247 1960 17443 19466 17524 28940 1932 12022 23782 15043 12424 21267 28101 33461 17112 19192 19578 35141 12174 32379 10395 36713 38468 40803 34505 23711 12667 729 40291 37944 13093 18164 39903 30535 19546 16053 19 3395 9991 23800 354 22415 26983 28454 37792 2722 29562 39287 19779 362 30292 12090 18991 27386 11519 12123 33013 6102 12851 31930 2673 7860 32010 24492 20312 10183 40545 20330 36867 32452 
26046 37220 13493 11655 6218 9912 37666 35779 7825 39362 36141 20033 10078 37048 29335 21597 7797 20974 27698 20648 34820 12287 10424 25456 36779 30735 17555 17867 9691 13048 8945 17653 32185 4355 29308 38402 37556 7517 32807 27297 5505 9491 5956 15583 5166 17207 19096 36252 20097 28710 38816 13543 40997 7867 20915 18319 38601 20387 36185 30209 15351 27046 6488 6162 31400 35795 3190 9499 25229 17914 36795 30733 9321 24667 28232 37776 500 5954 32655 2513 34664 30097 16055 16204 37963 18887 34522 17108 39273 11250 5943 13250 20212 12430 1329 33529 30142 
27808 1654 13997 27638 38449 26646 36959 21742 13505 33361 4159 19458 6559 6671 36038 18573 4643 34158 15162 23529 9223 14186 3345 2389 20128 39884 22601 14475 41212 14756 3243 27647 39699 40529 13911 36774 25801 32786 40433 39305 6691 3218 40680 13249 9888 17261 31821 14530 33336 28900 19975 1185 1712 5236 3574 3757 3747 8091 18231 3585 22846 3390 13148 21171 2545 8976 39862 28345 388 38921 8194 7078 24055 7500 2244 15859 6677 15981 12306 40012 3507 32280 41197 28509 37516 26687 14182 41262 34777 32412 26763 39539 35801 21828 1253 38345 30803 
23031 7233 13107 20578 15426 2102 26549 4842 4345 1035 11519 20325 13340 33447 5749 27536 15187 34257 23678 500 7065 5483 17193 21393 14163 38648 39110 35990 39901 17998 7336 21558 25230 20442 24053 22573 22543 32518 27414 26887 33552 20849 29129 5518 12923 34877 33054 28109 9677 38648 10526 40031 26048 27718 1967 40210 24993 41076 16743 5437 17700 24078 8911 1556 3146 14880 6045 7606 6025 33459 34492 39576 12934 4164 27011 7773 20957 608 35882 30633 39255 5034 11207 23929 14668 13173 4682 21577 12875 21424 8930 12491 27418 17841 37337 30564 14637 
2008 38169 20661 35466 13204 781 30317 40658 9708 38089 20241 10315 14514 9501 31486 1464 2624 37332 16132 15797 640 19625 10588 3981 28555 23079 31398 28312 959 2505 24865 2966 40673 27443 20349 35794 28223 9292 35078 19847 29297 13945 30161 2438 5362 20273 3901 7986 16231 1949 5699 40161 3491 16286 2768 13962 21281 34165 24190 22239 36670 7681 7122 17886 35123 27470 35596 3889 18678 11217 23735 6601 7079 35812 9038 12440 38002 36229 2342 36149 20094 31330 34936 23584 29533 19620 37545 9440 35702 20361 13596 12915 28042 2634 12717 3708 30103 
6940 7597 7407 73 13248 14007 7151 7687 4962 1508 4315 23107 3849 40463 1827 17096 15943 25411 5255 35562 3499 37984 11807 23860 10206 24721 33818 12839 37438 19442 24858 26294 8955 14181 26366 22203 10105 33517 11806 15066 35024 16120 38172 20789 38499 21915 37884 36358 5952 25055 12464 9451 21666 24270 15227 13788 7618 30961 26627 3682 9029 33401 29975 17984 6209 38257 22103 16313 30400 33908 13295 5967 31944 33383 8673 10986 13924 28473 5971 19876 12155 18434 11243 33820 24620 8386 6234 32237 39346 14777 17835 30291 6805 29726 30191 36303 26610 
10920 11242 15636 26744 6453 3520 17314 39835 12192 28300 12385 40664 16187 14177 11445 16537 25419 27181 41156 33804 33415 32020 13693 6818 8481 25901 36912 20124 14718 31841 5360 7555 24999 2912 34298 31451 29721 10239 29912 539 20455 24214 23120 36641 38390 16481 11804 4353 2289 11586 20073 35703 25522 33766 24437 15920 18293 19976 36043 14927 33733 23319 22481 17359 26230 15406 7436 37868 7561 19265 38406 9932 2105 2069 28489 22411 18550 22209 26763 20838 33794 5463 38457 41233 21145 21520 39069 39437 23412 33738 36280 15772 38973 17388 33130 5746 14710 
22482 2240 4187 23663 40646 14118 7684 24631 24523 30095 1807 5358 38774 22644 21068 2863 1644 20927 24007 23164 18622 3987 5202 34276 40267 20973 31875 39571 36019 37621 36197 17128 21777 40383 22707 2966 36417 30391 27597 19566 1029 29403 6840 39802 33964 27907 1292 35607 30751 7215 40687 7999 11202 4516 24192 33385 7405 37983 31582 25341 16147 26405 24385 37924 7331 5718 40889 2374 36108 27112 3856 37136 38432 10695 17482 31022 38601 18773 7172 9895 25987 6486 17894 19105 34291 24002 11116 23612 2528 24614 7579 18675 32935 31963 38515 40265 37681 
38030 24555 14332 5686 10327 33385 2744 21021 9493 15682 166 28265 22853 10060 36168 29338 9870 37190 4172 15788 30222 27784 18316 13463 35362 36990 28314 25952 34131 9123 4176 12704 15594 18507 18389 25921 10518 3049 28858 1927 647 10940 12108 23500 21000 6903 34754 12786 26009 38926 28574 14857 25336 28806 10236 1241 6339 38550 9109 40469 29589 13284 35089 3809 13708 35395 11646 24225 20360 40504 8069 21007 10070 20176 3133 12986 27078 19803 7689 11713 40645 18179 8487 6524 5611 18722 7765 11949 15898 16873 34334 4113 12074 28049 31212 25781 3987 
1484 31922 24347 614 39990 3980 33974 18793 30402 28876 27787 32121 36564 21417 31393 13369 29903 37916 896 7251 27597 12844 5066 26387 29094 32468 20377 39060 22306 4784 1673 23790 18622 26019 6320 17239 11915 22210 17948 24233 9713 27651 14981 4903 7694 5000 189 19513 24832 1084 26764 34346 37218 13746 1276 6855 4840 21652 4541 9063 8352 29504 14769 26973 37439 3005 26128 31271 25215 2702 14130 34927 30353 29110 21746 19963 16026 3851 39476 22775 28225 6783 39037 5986 20528 40312 12840 7284 2507 40671 16346 10858 28801 13031 19747 6783 16036 
4502 38053 23167 30493 10810 40010 1389 21836 2299 21352 37862 6150 1371 19263 34374 8153 16926 22276 10597 39154 35115 17880 287 16329 16143 34434 3756 11090 12807 33829 27125 17308 30508 32208 29718 23234 30844 31106 3697 33143 34374 23475 21209 35744 24654 37499 25813 23496 18401 36409 21276 12142 12916 3479 28471 10975 37912 14143 22064 9345 29888 31106 8570 940 21940 38287 24173 34701 28019 9786 26470 21020 33260 29595 38680 16540 25720 23120 40035 2747 18155 1854 38178 12987 5332 7192 23961 1870 21335 27942 34505 33139 40964 1701 34078 21530 39987 
16878 38147 26632 26663 5160 29568 467 34754 26875 17006 19100 8621 38958 3763 26775 40811 568 39762 28060 7759 4266 11846 11010 14124 4977 2776 13714 6677 36853 17161 5290 35647 13934 31922 2854 19094 2033 3320 35764 28907 2242 13491 37527 41199 17253 22929 22554 41110 3234 32530 30786 7499 3002 422 21623 7979 26487 17253 14655 3884 34413 1862 21447 6974 15700 24300 7984 17732 9536 2374 5266 11778 39154 1419 34893 38324 6264 39363 38060 32787 30519 27472 22203 15438 9811 25742 23416 18214 1621 19987 4014 36034 3765 7378 24924 19464 31677 
32907 37196 23130 35280 24378 16824 14978 7713 10343 11928 37267 31623 8614 28680 2685 18003 9509 18122 9730 35250 23454 9860 18788 25358 37164 13448 29122 3168 38371 30503 16761 11821 8242 39890 29017 14536 15340 2621 22248 7600 14548 18141 21139 5079 28738 23823 4998 20163 23862 38017 14040 5942 6503 32827 13216 2293 28191 24255 28750 7105 13384 4138 18925 21625 2654 29858 36160 41284 14396 40324 30800 28943 40382 10565 15938 27746 16304 2852 6535 40165 40868 2491 4734 29288 17234 17949 13497 27341 830 874 34445 37503 5011 35286 41044 30954 5688 
17747 12781 20083 16698 2207 30942 38996 36061 28797 25368 10992 31648 13819 9783 31143 39600 37806 974 38750 37672 14470 24718 20418 38633 41079 16548 2270 16909 39508 15141 22596 15882 27921 24595 14496 12045 14163 12118 30022 1586 37485 41013 15151 33220 32713 28210 13363 29145 29183 10740 25443 2279 17374 27778 40912 40369 2952 25098 15904 1086 22155 20416 40257 31993 3637 13379 25954 41090 25496 14602 24592 3524 14242 39742 18661 5581 26578 32023 16642 37677 24679 24002 39956 679 10406 21411 22965 36647 28425 38868 19649 9207 41201 18533 23116 26754 31911 
7696 8387 39324 22297 32979 24764 18455 13264 2051 5952 21759 15991 22594 18062 40669 5222 39934 23265 15627 19971 4856 10900 30313 25640 30548 39519 7384 30997 21261 34138 21535 10873 1151 1402 33169 16046 26165 10251 29310 10133 16202 9695 26123 20712 27756 7335 25933 26317 30599 23476 28204 17371 16292 17143 24928 28757 38578 32311 18380 382 6992 21831 11254 8143 23232 26340 24188 31314 36590 35414 73 34708 3735 8112 37337 13408 15446 3813 21641 4672 27289 8471 3959 25497 7531 10803 12880 4735 1741 31260 5117 32022 35007 39660 40164 16866 24626 
4896 30096 1759 40309 30168 18384 25961 38279 14347 21285 35641 18159 1552 22229 27364 33312 26188 11488 40842 36990 6284 4204 20647 37543 32610 11296 31177 12813 33376 29959 37439 20188 18681 21114 1041 30765 39497 27001 9587 12470 30202 3854 12546 31753 26083 39909 23691 34187 33313 23160 11720 39597 9280 14284 17683 23806 25579 30776 36618 40871 19361 32683 19686 19958 35714 20726 32639 33837 29643 24142 28224 388 27996 22686 32140 35995 3138 37747 10725 36451 1450 22444 16591 34019 18644 34273 16451 26139 23676 11696 25637 24953 26295 3949 3538 20635 6591 
18093 36389 18150 862 5156 18537 10774 27841 32593 5395 30978 28966 39409 26055 12333 2396 1272 4978 21040 17462 3346 5805 41137 38331 13358 24716 5169 40596 10170 7721 5813 28263 2736 5879 29124 7891 24415 39897 35731 15634 27208 25335 26517 25243 33307 20766 9555 16495 7660 30594 33956 11005 18316 15636 31252 31673 40352 36421 30896 32438 2768 36708 19327 28793 24504 30367 36683 7545 28890 12957 5096 38014 20208 13529 21883 12141 16211 31438 28636 23870 2575 3135 16792 20890 18771 6670 11190 17749 25007 712 32103 27774 19336 10057 15193 2466 40423 
33792 33301 9857 5375 38396 6497 25583 33841 10297 19640 8678 23651 30192 14464 26225 33327 31255 5742 10724 19842 40221 10389 3475 40932 1118 13166 811 34464 10275 3277 33514 2694 36577 25287 31358 15516 31783 38857 7983 23996 17124 16660 6273 5942 31123 32498 39268 2922 20156 31908 4680 19003 923 31444 478 2041 3236 1288 18421 36801 4564 10561 21411 23057 17764 11395 38572 31464 32169 28471 14086 31209 3757 20359 37150 16797 34773 16962 1635 13555 7496 6314 14474 31709 37757 14951 15666 22910 39528 34086 18337 26009 26564 21664 7692 2954 33058 
28181 34417 5770 15278 30420 36978 952 32695 32755 41038 26094 31633 1299 21565 21045 30902 17955 11380 9202 32905 27045 14028 12976 1675 14281 38984 28238 35944 5303 13108 27629 33483 29442 15315 30677 18488 10920 31628 9809 25591 31292 17819 15850 32590 21300 36894 4035 39254 30191 13237 12702 39152 27264 25677 40826 172 23288 9607 18032 10507 22715 4287 25906 10783 19602 15209 29270 12438 5464 20995 38028 18672 20730 12504 9889 656 31314 37213 39909 2048 32366 11237 23117 174 36913 22569 23635 744 14093 293 11250 36807 27870 19072 29506 29388 34281 
40692 452 21661 20313 38479 40332 22959 32899 32137 23614 22839 27977 4066 6804 886 15302 29920 1059 34131 34405 24693 16792 7124 24986 9958 25847 11482 29030 13979 40869 3854 13297 41320 7431 15526 20342 6389 38484 11867 20443 2641 16622 30336 6706 23425 31221 3924 11971 32280 38055 28293 15599 13473 35416 22501 5347 19890 33982 34376 15785 15394 20146 29082 15340 27576 26524 17598 33965 23635 29464 36324 26275 4713 25286 14898 28137 15133 18821 22025 29329 15502 8944 26845 10891 26276 7972 16238 4792 23871 32530 20577 39264 11303 31575 36521 38878 16725 
12745 13386 40359 836 31626 7178 5548 15538 22075 15601 12588 22812 19542 543 38314 28485 27387 31121 36678 17276 29275 96 41146 2349 2589 39036 13651 34163 16100 34445 32805 28845 29748 13707 11597 20000 2801 40434 17455 6792 14661 30042 29604 16120 12501 26544 26521 21805 39581 21825 39080 9400 3838 20769 11748 6426 18431 7315 22506 16448 23676 13937 3919 12050 9560 15515 13967 12361 14575 31421 19152 11152 2006 7382 9188 37796 15842 35709 18227 37340 16160 15933 5366 19997 36701 40403 8340 37049 6344 12762 12123 30019 8615 39331 23986 18174 36762 
19869 30534 33253 33206 31603 26321 35211 38984 35509 31633 36743 29844 31777 32709 27920 29626 38074 29834 6871 37103 38173 2546 25363 32851 37958 37298 92 17832 19910 18265 13220 21695 30716 5099 13527 20945 31419 30654 472 7471 20914 37214 37314 11317 28549 5778 22859 25249 35611 29729 2895 14327 32274 28257 5804 10775 24182 5895 28606 26008 6076 452 29620 36791 28840 1773 39652 803 32427 40124 8273 35257 35964 4214 28490 23140 33281 9975 30305 27518 39704 33200 471 12521 2000 29564 23296 8098 35458 33818 16023 160 16187 4269 18868 3653 6041 
17146 4455 20384 15896 12728 14267 10487 40231 1383 15543 32138 34648 4474 199 32978 19590 23959 4125 21590 12149 9337 11604 6233 1782 27626 29682 17968 13811 7176 3537 19852 6239 31282 22152 22134 2636 36419 14537 24783 19718 30079 38837 36282 16470 39035 27886 36059 21620 13928 39565 33768 5181 9796 21917 30252 19338 10225 30136 33149 40691 33673 34917 28846 23581 15695 32896 8133 34030 6060 32915 35665 18055 30378 30573 34524 9956 40376 11127 31575 36220 9318 5886 27 19113 27802 30279 20368 19943 958 12143 19260 34630 5686 30022 40127 3297 21545 
6886 19244 9521 21717 13535 27575 34011 26024 2643 2593 6943 37059 16084 1789 5003 21969 25106 6033 31687 37301 26400 10257 38258 38542 11433 13432 26144 82 12185 11357 21626 988 30600 31146 4621 26051 40637 38632 10702 25196 23141 40934 20881 21142 1350 7801 25027 8372 13833 15341 4299 22149 25597 24473 1234 18946 37904 27377 19027 8716 20650 22569 32993 9877 35631 37613 35927 16812 16788 28545 634 21846 28106 3432 1614 11372 34522 26640 19743 6981 607 5958 29129 8120 30430 12279 27066 26961 39655 28009 17593 848 9205 32502 10724 3462 28741 
28568 20273 27446 39029 2824 7918 7678 29545 32821 966 22693 18087 20708 11590 611 8582 22635 8730 39012 34913 17712 6516 15111 4348 24108 15958 13552 15236 8599 40303 25893 37166 1120 11965 16738 27233 1799 24416 15404 34619 25381 20013 34623 28006 13519 35233 36587 36153 25879 16142 11609 2218 22657 26719 29855 28681 1303 2033 25833 9901 24252 10353 28983 25371 4234 4348 11230 6033 10680 8550 22568 17977 10479 15817 27899 23997 9676 5030 18776 17472 21171 12301 19689 25745 39019 8170 13052 22239 33492 38885 14056 39660 31154 1666 23658 35387 29303 
16804 23336 21899 7271 4531 39875 17749 20347 26401 23663 30023 31430 24355 6121 34517 36656 7726 805 34301 39185 13857 15166 13220 34658 29222 11506 24438 12804 17080 18451 733 33884 414 22631 23071 4944 3049 22736 7207 11366 5025 37229 24712 29380 25266 17856 24662 14908 18660 40879 12719 14433 37962 7855 7717 7727 19361 14071 20530 36440 32522 3179 10867 14852 7726 33937 1712 10774 15300 8918 22140 2241 28064 5478 31620 35246 5250 38198 32071 5827 37704 3416 20259 16209 11271 9893 23935 12548 23963 3091 7614 38401 29559 398 35169 37284 34334 
36880 29974 31550 27715 34030 15708 37695 21425 5954 13484 8591 26069 4181 14417 4316 30887 16593 20524 24074 26485 26375 36621 32364 11382 26151 29392 40940 26548 23187 18767 1426 611 7367 32975 10242 23314 7309 29853 3365 36553 1963 11955 3165 29434 8289 30770 18947 24881 9920 1647 33282 36294 38267 24272 6302 4961 35580 29158 31509 40684 6551 32934 23211 37207 6452 33452 1064 37051 3848 4428 14147 5810 39673 17311 17160 29878 6707 36106 13385 39916 19669 28583 16753 39852 34771 4971 3440 28978 34128 34948 28288 22595 26508 33415 345 14876 25493 
1409 10553 29340 5836 24699 17066 27425 23926 34226 15929 30632 10875 11230 11091 30544 21729 27843 29022 15127 14730 32461 2731 30774 7952 12935 11995 16376 4976 12340 31252 12385 13748 431 23641 1500 7047 22623 10842 30972 15475 8687 2148 8267 1834 36528 38810 23562 4915 8375 38688 19644 40836 23335 9045 30704 18186 2956 5707 5078 38585 36958 17462 10959 19305 23019 35749 26351 4269 28507 39240 1660 37193 23304 9926 39026 18458 30652 3132 23372 39027 446 1643 20406 5698 33977 9736 23883 36932 15442 10878 34144 34316 28339 27019 12248 33275 3311 
20515 37543 31817 298 39202 9554 23601 31045 30496 686 20323 33627 24057 17976 15990 25699 38381 21687 219 30034 27486 37151 4102 38363 11838 38418 7246 38856 32582 40520 794 11723 18606 14527 12021 16434 24080 35621 29395 36493 36306 31635 28746 907 31527 26652 26605 10452 6965 26824 40485 16368 4518 3213 36647 16355 257 2519 37127 32838 1665 37920 26478 2187 34364 38498 18621 40360 14662 29932 35479 32885 20193 4769 33791 10347 31420 939 20798 20302 9679 19909 18586 14196 5038 13859 12467 28585 16378 8221 1966 41332 28057 28443 2146 21047 7484 
2683 1951 4063 14531 37429 36947 16641 24114 29364 26987 37451 12219 29701 39669 21898 31526 16881 36093 18480 12656 7187 5691 10950 38697 7657 34199 25380 18016 18261 5054 7417 20943 7004 11479 17390 26349 30342 34030 32380 249 1560 10374 12467 31260 8669 34364 3329 7466 11001 21809 20121 104 9416 12988 38800 17072 5813 22806 17005 24073 9776 6338 26932 40069 17816 2948 6962 30074 18895 21258 30322 20454 31631 24705 33631 22216 17696 36959 29681 10613 17394 31718 10716 26810 26622 31432 25798 32434 36154 24719 38423 27847 31056 23981 26542 30788 8846 
15420 1405 27740 36677 31726 6820 8851 15058 40450 31066 14670 17953 1290 25282 17263 14925 17914 25989 173 31262 33704 32607 26042 17049 29656 12515 30022 35554 20974 1353 3026 18310 2758 12682 13614 16400 1418 4381 31457 23785 35447 28043 364 36736 35241 40916 10287 11781 25532 33750 1669 17862 6900 9628 16827 18472 22142 28765 12652 25032 30118 38967 1969 14792 33565 38872 31191 34983 1879 3192 17394 37325 31234 41047 14605 25102 40589 6808 18799 6664 22474 20468 6442 29373 12012 23269 6472 16070 33950 19123 41102 22694 40007 24987 19402 32198 22485 
9220 25807 24363 12411 25117 2232 25561 6707 40126 9289 5923 28850 28088 35876 9951 30472 945 39323 24400 6130 4421 40469 40079 5461 22114 3317 4094 5727 22718 18208 10128 13854 2642 16408 26264 9675 18639 10452 16382 40681 1657 4221 10074 11661 40096 20024 759 22957 41264 25158 29086 27601 6171 27792 14978 28284 13025 19071 34011 35742 37279 26055 8223 21837 1089 16403 13428 1644 8771 11726 951 10428 15946 34315 22088 37959 12965 4764 19542 36145 11838 30545 4290 18008 40253 19267 28209 11904 38338 2763 29562 16160 28817 19701 19913 29906 18021 
15257 31549 26791 26983 14417 37218 1555 7358 41223 21430 2239 4613 22889 38384 16450 12060 1300 16375 34229 2483 3210 4759 22737 5972 16237 20813 34788 17855 40725 23320 35875 37899 36786 21292 23508 9829 40427 6979 17186 40276 10326 1341 26805 33214 39724 25171 27190 22940 172 20045 7340 26671 6720 30076 32642 4873 9516 7974 22727 32157 13210 17228 28682 8622 38520 10816 367 19490 41085 17552 18392 10037 810 27113 25167 22450 10910 10983 4017 34372 31027 34646 19669 19663 23348 34228 24535 32863 24118 5889 23647 37327 23116 10955 27866 2179 3688 
28232 21668 26689 27701 21976 36725 28510 31005 20518 9586 542 13417 36892 34913 26360 30164 36498 4649 12139 29352 11100 3628 12096 16988 9191 31340 22021 2063 17832 6116 5750 4690 9701 14355 32390 31676 9706 1443 21308 12140 11029 3766 25556 6547 20595 10542 36711 15719 38480 7476 26988 8206 34393 21000 25194 2211 34256 29131 4273 10714 35246 33312 38694 3573 6293 11627 17166 39288 13070 20390 33344 6015 24155 17526 12561 3376 9984 31188 1011 7090 20580 9915 38585 13600 12832 22405 39100 5714 33452 25289 39718 27325 17227 37038 12814 5436 30581 
29979 26640 2277 8995 18610 8291 15066 18052 2769 358 28035 33956 24659 17041 13163 34573 14252 8679 29321 18574 6405 35035 10652 31693 33379 19893 30836 10960 32707 36271 167 3229 21537 25734 35514 22063 15941 9206 40114 626 32854 26775 34582 16139 25732 29661 32628 39983 38339 20576 17183 26660 37527 9752 16979 11449 29644 29731 22408 2894 24628 4491 6123 28081 30224 263 8770 28082 32758 7510 28707 24238 16201 3832 22293 559 33492 36838 40541 12374 39330 39641 39033 35483 31309 37928 28848 19579 26285 9882 22473 32829 37662 10512 19536 8430 10774 
10222 36511 2158 41021 5761 8313 15848 9593 30605 39696 25001 7986 20781 37375 5942 965 35034 23341 32273 13506 10815 10478 39790 2613 14867 31246 40275 25378 32698 7331 36151 1547 25758 20226 24484 31518 28538 22249 23027 41059 20571 6655 7672 23268 2656 36903 24232 19606 18871 15131 33111 11602 7526 13445 37505 22392 3317 36406 29687 17931 25653 6381 1394 33327 26606 25878 5388 37060 6753 28415 18663 9240 35069 8251 32508 19641 3780 15366 39246 4567 12414 12901 16169 19939 26345 12300 957 11578 30622 12560 29508 38191 18941 12819 12061 27463 20613 
17448 5067 27365 4489 23729 18521 21474 31979 32945 41114 17675 6938 20904 22242 1268 33804 20327 21206 692 14543 4079 12269 27081 16639 23693 23898 17496 36511 35958 3585 15750 35322 8651 25031 21728 14296 25469 1828 4901 17040 1569 22576 5894 4389 26734 7161 38192 5687 28366 38883 2146 32445 33068 29226 31000 15387 35040 7122 33815 11541 10706 8191 5489 1274 15139 27216 15569 40607 29044 2387 39563 12529 6879 4084 40207 33612 34534 37025 21215 21527 16451 5277 35888 8145 34502 25514 5448 28168 14552 39262 39708 7174 29370 27113 8447 26425 12956 
5933 7575 23916 8319 5764 18361 38487 33137 17194 12642 26298 36135 15773 29741 11212 21049 24255 1273 14177 31685 30010 24261 28153 27899 4512 35326 39185 31624 25690 24236 26496 31622 31810 9038 21857 19490 9315 887 11254 26508 13528 37551 3186 29300 25918 37687 8975 32089 38959 23151 4317 27596 29328 32469 37411 33839 26421 35222 24089 10737 1 32502 24275 13727 166 28048 33216 32771 28934 26386 41195 1088 4480 3008 30387 12314 40694 21278 3029 20197 26345 30635 29709 14299 21730 25746 6764 30068 1511 12770 22721 1511 3898 5623 38527 27353 15587 
12286 18750 3148 38672 489 27525 1778 3496 39829 37382 26106 19733 22327 4929 4705 11589 34637 920 33318 926 30974 22012 2436 2370 26650 27236 29557 14189 24389 38826 29775 36675 39493 14839 15890 39981 991 40957 25393 40819 36965 10125 1095 17919 38344 29089 29507 31607 30009 3368 14450 19609 7297 40175 3895 33946 26038 15368 6761 32343 12820 18452 9561 34229 33291 25450 32836 34281 6951 16855 15643 2542 8897 40027 20460 5867 27743 31883 19390 39668 17168 33839 41193 24464 32641 27004 40326 40595 998 5713 31564 37107 24164 23042 29963 16081 30408 
3342 32278 37358 2114 29837 21817 11010 28491 24193 16876 38150 14703 36265 36444 31870 10648 18180 38250 25205 3810 37202 24426 4807 24831 37906 23830 7621 19574 35709 5619 8609 39051 19813 27883 23081 31567 8326 34090 18684 32519 9592 38750 29138 27773 15737 1551 20337 33916 39800 4168 37725 17545 28593 24448 1002 25126 30194 31912 3326 24530 37530 35224 4124 39260 3651 27204 29453 11976 19920 30053 26411 11428 27429 37465 21117 25082 39015 81 17624 19358 4248 37265 36902 14758 20339 19820 39883 32449 10359 25125 15605 6515 893 1645 27691 4543 10765 
15770 39808 30684 4449 6763 24028 13794 2854 27062 38875 23786 27142 15125 1770 13306 11016 20589 28063 13271 40408 8489 4347 9393 33614 1868 39198 34506 3513 25515 20965 37567 23202 19399 26878 9567 26161 32822 23361 10932 18510 20862 34717 27568 17904 36486 40874 10836 38991 9480 6024 19943 17969 33660 11252 10209 35527 9076 26631 20956 16508 29512 17150 21626 30827 25944 31192 38905 40682 13179 8463 17819 15958 1806 27303 33861 20208 26803 26613 41116 36283 32636 19685 36168 24922 30936 5003 993 21929 13550 21948 38436 1688 21014 18688 32514 5584 8506 
11962 4893 3602 20424 4628 19559 4146 31930 35336 24354 40650 20575 24096 17476 35128 25697 12270 18676 15259 40562 19668 37187 36028 23533 16166 37715 3173 16770 10772 32047 7193 22734 18856 10794 25074 5400 12269 29220 19246 6231 12200 18522 8722 18212 17914 2476 25825 12100 3069 41083 34578 4653 18814 29232 10102 34979 7490 13275 33666 179 27238 40858 22912 28010 33568 29902 33409 4463 17748 11281 33983 11864 11720 1331 11992 11550 27097 37816 5567 30165 37526 40144 16734 38256 28003 26836 31861 35492 22027 6070 35670 31181 28844 40498 17817 21038 29027 
33142 7417 28691 3049 23316 40555 38058 6564 11173 31525 33660 7616 37091 4368 27058 35861 21101 23940 4407 29853 37717 21816 10506 2414 39402 313 31257 38527 18129 34212 8097 9897 255 36787 36236 5488 17885 14837 12051 29058 4988 4337 18590 23995 31994 4274 18483 35011 10130 4806 23491 6473 26621 33996 8886 24650 16226 22060 3720 16271 38188 11816 8085 20359 30519 26237 25846 30321 41073 37896 18005 27978 859 18511 10599 14769 4701 10998 8407 14830 15804 31897 21302 1051 6436 12105 25700 22661 16081 11336 20849 12895 5068 28933 33253 35587 13796 
17726 6451 36785 14248 24455 23389 38397 24882 33988 11792 29582 3612 2115 3038 1332 34011 24339 2383 22364 18360 9999 26941 34440 21335 6416 5961 8319 17265 21131 25822 31060 38856 32272 26472 35020 15353 31777 13960 22151 24391 25752 10359 9920 9783 36686 11251 2421 19652 36923 6701 19928 28839 33641 12995 32090 21974 872 40408 39238 22002 24857 10842 1401 15755 19230 36421 13025 9633 9007 35175 15941 16675 27451 7777 26458 22763 19027 10795 24331 37867 40785 2886 25332 33052 39170 39338 36942 40041 38372 16724 2587 21855 27565 3987 19527 5421 40407 
14468 38343 31331 8269 12910 29922 17636 20686 15006 40399 21630 7717 5273 40 7128 8158 25371 22097 5954 5252 17665 27912 2250 34388 30498 6022 2496 16401 7465 7916 38725 21932 28176 28682 30200 41085 17230 29753 2315 14153 28778 5861 21869 34050 5900 10914 24125 13187 33010 11995 18438 9301 21823 20687 25606 34237 8625 28101 9265 16089 17934 6616 38020 4736 17214 8764 27737 16360 38516 30051 12429 25920 35911 16215 513 437 27128 24637 36913 18764 18549 13977 9981 40371 34664 35586 33235 25205 22314 1126 41294 40247 31031 19857 3609 30161 28620 
31345 5147 25762 1940 40866 33598 37850 15707 16028 20204 1461 22581 39033 2141 41129 11637 12121 40127 28217 6334 13905 12048 10564 15030 35258 9437 27977 13742 36335 16764 988 26306 3827 8667 28245 3319 24181 6639 942 40208 8759 25692 3333 6418 27832 3088 41344 21870 25131 28187 28203 39035 40235 38766 35981 16036 30119 22584 29777 25080 39347 12682 33302 25091 3265 2091 10326 27445 32019 11268 8197 22694 36959 11529 29111 5335 37906 10999 27204 21664 39185 37323 1242 19963 16632 37223 35999 5377 18433 24402 12373 39697 19000 4301 23414 22264 6391 
33739 8336 20326 26923 39822 1646 4426 9977 12674 9760 6509 23672 36963 10089 21483 14829 11331 73 31460 7180 17988 18753 7529 24306 31125 5852 1933 17342 11182 6113 5650 26838 14448 25975 12387 12896 27621 16812 4789 22211 8488 34588 4509 4077 3303 25991 18905 14633 7980 32281 21812 7884 9660 29341 32190 22701 17109 16039 40043 10208 22151 27609 37045 18516 12210 31348 13328 21747 30077 18117 2584 38564 11331 7092 24558 14633 15000 25379 11183 4896 16287 32994 36070 7863 2878 26886 30564 1904 24841 11150 12111 5618 38758 31072 6050 32884 21046 
19378 13258 33039 19411 39131 30230 12658 4850 13414 9207 1766 20709 20389 29951 36995 35300 24647 26775 20094 33449 15965 21997 16916 9031 16024 22534 6415 5722 10500 39298 8685 29877 11182 350 7914 32230 12496 2488 37079 25909 11695 20761 5245 14000 32628 24156 7926 15902 9557 28020 7977 7438 31933 24893 16468 29874 29343 22882 17512 39842 2724 26196 10263 37195 8463 93 28051 20958 2581 5673 28784 37565 26433 15945 10191 40978 22017 18117 15506 31574 28053 5399 20928 529 12208 37396 30402 23467 821 6541 21936 26834 14653 14115 22656 23115 14207 
9333 25990 40077 38296 13400 36268 5272 11261 5086 4876 33277 5119 20381 5394 15088 7697 26322 15616 19904 22344 27935 1998 5081 34475 5850 31915 31044 19964 36487 36076 16087 27736 20692 38081 24658 16008 32975 11847 9185 19977 16722 1088 7012 19020 6482 22099 26716 32803 19632 5246 37063 6193 30533 24060 22584 36382 37891 12254 38262 33004 6956 36266 19367 9564 32973 25941 7488 6491 37787 16672 8385 13136 41050 15396 14072 6158 19412 40787 20877 39043 27949 39856 3862 17109 22542 26445 35407 19060 20615 14213 33980 9488 9105 35263 968 23994 19831 
8456 30484 39534 7044 38868 34586 6720 36181 7284 12877 14219 29987 15670 35178 16563 14152 39039 15588 18611 6027 32911 37670 26641 5750 12193 18045 38144 6083 19013 20764 7830 27468 9875 5990 34511 30659 40576 23148 25466 6486 17941 21601 18390 33611 15405 34952 6389 36360 32456 6916 1013 5910 3212 9571 11660 38695 27615 8430 3404 5254 29194 11233 14638 20985 40512 7776 10270 39714 12840 17653 28117 30780 21170 5133 23017 36575 22001 11323 13478 36373 18238 14491 909 3367 5978 35858 688 33592 26205 27381 20763 37315 20530 35400 40216 19668 25092 
32402 41299 37931 8681 9959 27338 11768 15091 8981 6969 19008 2220 20446 37297 20458 16853 20122 5741 22830 14607 6428 38339 22728 15725 17728 18669 36254 11754 17511 14548 36846 31829 37763 33403 40510 6348 1284 10904 3355 33555 41162 22362 35774 2151 202 38148 921 20324 2515 23750 34930 8942 2632 39574 24666 20359 40159 19546 32113 39586 16011 9502 30041 35690 24821 29177 665 26105 21997 4019 18286 3702 8298 12686 29143 8499 9461 30063 28822 35265 35729 4295 2834 38361 2495 9416 17346 24570 10879 31375 22782 8806 40876 11450 3122 24324 22543 
3786 32345 26457 31095 9257 30158 39392 3859 17927 29807 36609 6616 17256 30501 24262 3467 15251 21249 29252 24666 38594 12448 17461 10513 35230 26266 10015 28596 29388 16255 9765 15090 7226 36221 4811 16482 6923 26119 2258 24849 14553 38866 13382 31808 9910 19560 17191 25160 40808 5069 31743 19945 40807 7830 30457 16580 16013 22389 3802 27317 38643 36856 1033 4496 31704 29134 2894 20543 13879 5151 4018 28431 25934 40689 782 17760 18875 17973 24837 226 4958 15206 20171 27681 4952 32544 2887 20964 13559 6688 6907 10829 25461 31230 38614 15791 18990 
134 18250 32868 28575 4184 1843 36425 3500 2624 36101 4291 2513 19564 27807 7471 16686 6604 35151 21638 39147 38038 24518 34623 26642 13342 4078 10729 3198 24608 8436 4104 24741 26685 36971 35232 30869 38813 12200 16285 23354 6928 2492 25866 8408 30298 33336 25094 18818 9031 5358 39882 28985 29875 33131 37543 1843 37208 30189 28330 20442 20541 32433 27099 29143 9948 2875 555 30677 38364 16839 12657 27208 1247 20440 35616 13462 35692 19336 32279 3349 6610 30787 14250 18401 22544 10420 2161 295 40608 30490 2653 1692 3467 29752 30834 13414 14543 
31388 26007 11533 30143 38664 38741 31390 41020 14900 3478 35338 34235 17673 38687 22761 7087 34853 41161 29630 3899 1948 11842 26423 32438 14494 28115 35904 2872 40865 31234 40704 30880 15867 34154 1566 36447 13438 14872 36093 28337 266 30058 3115 17939 9288 25875 25025 2767 25662 36571 6666 9527 7039 15005 591 21533 25036 18411 6321 24528 8271 5652 37324 6054 21722 38889 1128 35159 12388 37220 22122 12653 25904 7153 12508 35191 33027 19449 19875 40605 14647 8457 8758 3602 23461 32638 7051 30414 9675 13372 13568 41235 940 32808 5916 22661 30323 
30333 39736 24627 26179 2401 19197 34000 9553 31704 9734 24496 33070 29608 23727 6343 38064 14402 33234 2069 5666 40285 32482 38631 35573 27966 20409 18429 19400 8241 23006 8349 38573 21368 14893 5296 23768 16006 39295 33320 29626 7655 16442 21322 19180 22085 9581 15870 18403 1442 41228 5986 353 32336 26533 17842 18928 5568 36270 38327 37099 17902 28593 34298 39269 25402 39593 3580 34 19431 36899 29659 27086 35257 32898 4892 39258 1105 2678 16288 2546 2533 4190 26188 16785 30722 2656 17630 36289 20842 14583 13931 38743 25092 6856 18555 32410 28365 
22134 32443 6423 40949 2646 33508 34832 35543 20316 14634 18564 4910 12838 21110 30732 17027 29214 29434 6375 13787 5690 24580 34628 2189 38511 13915 9198 3993 32469 234 14274 36520 14594 20696 36095 40529 36120 11471 34698 38352 26104 11888 25179 38941 14914 14537 14594 2755 2597 2885 16541 31576 27464 33085 33765 24601 5626 1589 10510 20012 1822 6701 15158 39705 27396 9879 38860 4060 21349 14101 1038 29369 7906 26216 8853 22819 22670 23446 7490 7183 26330 5947 38759 35711 39032 31150 855 26574 14655 11365 5212 39766 41355 2286 38098 27377 35455 
35584 31436 38720 8312 14391 26716 16217 22523 35568 20952 3819 40931 10359 34292 7804 16305 31677 2141 37253 3370 26286 4371 41314 19567 32872 39706 19548 35158 36430 5551 29239 12558 18904 26585 2786 15211 11927 919 37733 29412 21870 23469 10886 32228 16387 18689 30450 29980 2747 26329 15266 29032 12616 15206 7225 4115 36828 26772 39272 13802 14239 27137 26359 15059 35638 11061 30269 29482 11979 26629 17520 33848 8724 28405 6620 7027 29010 18986 37006 31756 27231 34188 1331 39847 31310 31845 2588 26764 17243 23776 40565 13399 32829 7467 28457 27093 18527 
17353 15201 12422 25898 14637 28187 34621 24958 34806 23564 12595 35708 1113 26267 21565 35300 27598 20038 25236 18069 4542 33916 17229 28317 33108 30627 19772 22491 41000 5492 22935 16979 2609 35356 1503 40536 22169 18040 24120 38891 230 36714 33225 1342 21608 13417 18558 31122 15371 2420 31107 19913 36336 6962 6856 9987 19505 8545 14394 19132 37326 37328 36110 39934 31311 19530 39096 35396 37569 3760 32914 19716 40473 24765 2974 2624 20098 21532 15662 35469 5868 5396 37298 24120 35647 2780 16023 13779 11324 30417 32910 30566 26371 9563 29127 39598 29092 
8766 33621 7205 12525 25161 8837 34915 31842 11810 19455 33857 15258 17034 9869 21126 22429 5793 27162 39992 8572 1812 12397 1813 32228 27223 32378 40515 18703 2048 38740 29711 34104 30987 36915 28545 38064 27668 4003 10449 39478 23458 2932 13362 22408 12800 16404 26753 18592 2193 25371 9081 4004 19685 10893 18148 5534 25187 17289 24236 27235 14655 12574 1882 27558 31405 30426 24248 17700 34429 34697 39094 39803 19545 34372 20837 32345 9403 6216 32853 34885 31586 560 20805 9897 34742 38952 38721 473 38157 3500 27707 11439 16073 11505 20913 29395 557 
27078 29011 34985 20401 8648 15331 21862 1646 36167 36123 34338 1009 27603 27849 14512 10079 30570 6325 26738 28148 3672 27210 6849 7172 36833 204 5161 6964 21116 16472 7520 6820 27399 24422 9137 36046 39752 30999 19609 16463 7665 35863 40761 17184 4256 13899 27263 34825 2141 12627 3517 29102 39836 10365 18190 17212 10568 23351 24175 13600 21739 13611 20420 31055 38032 11473 7644 18328 24388 27252 34790 32053 21742 34177 7863 25997 29993 35125 1365 32133 29668 4881 1778 10047 38535 19968 27258 7729 25235 33349 3246 5600 5587 23665 36654 25535 17054 
2925 25779 69 12093 1112 32121 15751 17206 39983 23664 5825 15652 25029 19874 27236 29909 21651 19200 8988 245 28374 40006 25479 20350 1878 12996 7853 25542 31566 15304 24513 16407 41083 24581 28500 821 15328 2877 18026 37227 26541 5767 34795 33486 7557 20658 22021 29208 21774 12925 11369 8774 11558 18765 11040 13435 31760 18892 20894 3869 34196 4033 20276 15822 28613 30692 39932 2567 33568 39875 21710 652 4268 15132 34137 35115 17706 38075 4866 21396 9626 16234 30169 21183 16915 41209 16535 30591 644 37428 34460 16756 87 13362 14494 28699 2680 
13053 13182 18164 11554 16808 733 39111 31939 16786 32852 31561 36777 37717 11583 5030 35868 23669 8129 11409 5421 6580 627 29354 2634 17003 4737 2720 30364 19230 13335 14960 14199 8433 15040 25752 25241 15772 5407 39096 32558 38258 11201 9878 16519 4700 14907 11013 28368 4953 22421 33788 11532 4964 21769 37456 21966 8422 22092 34246 9568 35427 7832 23767 2486 4789 31435 9643 20560 36841 7366 35034 15643 483 3539 32161 5182 362 1800 33550 28604 6137 7881 22053 11101 11566 18135 14983 19987 40226 7856 11472 16196 38977 35238 599 2392 25299 
33531 4869 2684 40896 21819 18326 5 7274 9113 28477 30926 10912 20653 18156 40338 10450 22125 33355 22016 22176 6965 23919 2946 38110 35390 19141 17630 11171 1656 1939 18387 35187 6807 21070 16626 10542 21312 39921 17816 30424 27024 7368 23252 29593 7440 22216 40042 11482 37488 20684 33657 3079 26520 36602 41188 20536 37660 40734 13624 39315 1299 32010 15045 8105 34996 31671 564 14934 30218 296 27274 39158 30953 32442 27377 38392 36574 26045 8500 32688 28646 24074 35766 13792 19302 17497 16244 15588 16858 11784 36820 18156 2420 10491 8178 19332 24078 
32031 16182 36212 32326 25372 33996 21905 16440 19999 840 11641 27961 32630 26245 38523 15330 20638 34231 16548 20051 9101 32136 18825 2802 9499 18898 28511 19989 8992 6470 2694 22939 22651 38905 13891 29940 31528 17712 5006 33443 468 39936 1947 33097 24808 22386 30343 27362 15243 5518 6039 6261 19570 6781 9062 29068 7595 37572 7683 16586 25958 33666 39524 30526 31198 35331 19092 3269 34959 24097 18628 35426 22660 2492 9067 6094 24877 39409 33455 22037 26843 21410 28297 5039 10107 37358 34106 17701 15473 23706 16203 58 15998 37643 30583 29112 13517 
8301 32380 7102 32397 32925 1155 36973 17333 10221 24983 836 31546 40354 22872 17016 20391 33085 22054 12414 10986 38077 30115 26459 20409 28234 26516 36406 24504 39015 24145 38020 5942 38441 3749 20255 11909 28193 39145 29241 20330 22754 30077 10502 21735 34865 9434 24042 8494 31488 36455 19479 10108 7113 4564 30516 35347 12996 25548 18477 10637 31609 38413 39868 10594 24078 667 22502 34187 39811 10370 13143 3108 22363 5562 24842 39144 14995 30800 6264 28399 25882 25743 38506 32994 30306 9565 26967 25219 17030 27360 17772 7265 6317 39557 17858 12311 22140 
22277 5125 20577 32646 18267 5601 36925 5745 12360 34695 20740 1786 40959 31055 27667 25328 10105 19288 37550 19669 28171 3312 36698 37448 21084 25880 2391 1184 25654 37991 23323 6557 1742 25816 21119 1926 31416 16670 7670 2402 9992 10326 4188 32867 23298 13771 40111 33402 14975 36287 11697 1773 21516 30312 21137 1226 14818 5444 2409 22388 2061 7648 28945 3803 33463 31980 5728 23505 7277 36687 7824 40558 28930 35301 32051 10854 7698 30788 2882 22673 7618 37868 6362 29133 26806 9415 12275 23540 14858 37973 4555 16918 4247 15416 2637 37709 6022 
31654 1758 36588 26968 9581 35772 37814 3508 8366 7294 34495 21070 10175 39084 28688 29959 4072 16447 38682 13486 28722 2765 10260 7238 30609 9095 11485 4651 11731 7820 33963 25302 32867 11094 34186 24364 28783 30626 27871 37148 37919 2910 40135 30010 620 27449 18595 27982 25812 15903 23384 36450 18668 33644 2315 7903 1365 13799 35844 36385 3535 10350 20313 36402 3360 13125 19392 32142 2377 29180 9834 40295 14006 8595 28931 14625 36043 29443 1233 2398 27262 6534 38848 4556 40177 41162 35749 23458 36877 12136 18469 40411 4402 20699 17356 7761 33823 
18665 39903 18117 29761 8363 17038 2393 40247 27886 40307 16833 39245 23457 19230 25133 29990 16704 11606 10710 39782 29271 34167 35285 33 34552 16240 4434 37167 33595 12194 29617 34176 34013 29650 22563 24292 28604 6872 23165 15116 5806 21914 36277 29262 41144 20037 41168 39764 13559 10504 38173 1456 26587 14001 24778 1682 30240 11128 38849 22462 23321 9009 38554 39251 38658 19744 22169 25888 8532 27251 22921 14337 7791 17824 25515 7561 19777 7226 29242 33335 17729 26041 16707 26232 40041 111 27914 10825 11238 7306 15203 16476 16314 12383 14353 36888 14043 
