66 74 54
3707 43639 48737 44657 820 66184 54084 59988 27834 54481 21074 49888 41442 3546 62726 14013 21060 929 68683 55099 72621 6184 44101 37193 6473 3846 33244 36560 41259 12113 29431 44965 1831 3145 35701 23753 15409 35864 8718 64344 15322 29791 39209 2843 33336 48014 16856 475 70045 10516 55573 67643 37801 45753 29814 44273 49598 9137 26912 36936 42351 56343 27980 65284 5567 9760 14014 20975 45623 22731 10297 7024 73623 70607 
9867 53038 64701 47824 53512 59723 58339 55164 52343 42219 25894 28236 32571 21572 37372 59482 4587 4701 40802 32567 69984 46369 42326 30077 13423 12927 52807 44821 41052 72509 40406 72020 50524 51186 44821 50115 35886 49239 30256 13206 16435 2229 62544 70107 44902 24893 647 49489 50695 41448 7033 66758 33896 49358 21812 68421 8364 20698 38219 70518 18184 24704 67515 14787 867 37314 10981 36752 11530 41236 71060 49067 64567 58581 
65253 34446 29553 65899 8912 26328 53427 37046 18063 12300 32484 60977 26800 61949 27754 11099 57444 67040 35802 49937 6804 57771 33330 17785 40602 65961 5100 57741 61107 15746 62401 51338 50192 16932 63316 5183 43259 41720 42229 7401 100 20792 14457 26899 7718 42211 37997 65162 34228 19879 61178 62133 23729 19485 25997 64330 31525 31097 47049 17610 46842 34427 15027 43113 72460 3320 69398 61798 66142 36604 15279 66241 57395 29735 
39219 11192 71945 23296 1331 52252 64276 62508 39363 12982 28072 65359 23391 59597 42535 16519 23286 35457 72048 59414 24649 69485 8813 19024 2341 74954 55627 17619 12252 59101 47353 72573 70293 65378 20846 17703 42607 31201 5189 6947 44182 54362 18386 67572 60038 7000 9069 8301 42456 6094 13794 67105 21658 22607 11106 23998 43640 12813 62718 55892 17993 35049 74544 34365 25404 20367 52068 14090 72669 3336 42139 41828 3777 60524 
55479 63815 13603 10627 18195 56059 16720 53091 69243 59480 675 26428 29557 44314 60342 17253 46285 24415 73403 45806 58779 23784 12252 56926 58975 9898 6341 26091 72827 31220 32694 53284 20012 46297 9990 59308 48435 47812 37376 63757 32269 59152 15162 61825 49546 21584 25157 20808 45998 23537 12694 50856 68422 46047 53862 52375 2025 6282 24545 20931 37501 57239 20294 3592 49615 30284 62900 44129 3073 46355 32863 35341 30485 69126 
43245 26110 15687 14482 68019 7764 38018 5690 4700 52520 72839 58561 29872 20943 64842 496 41873 27321 3814 8247 52014 53428 38530 39891 22534 41602 32326 1476 23022 8890 70602 12346 34999 32368 26827 27995 61234 10925 54787 65933 63444 73705 49471 39395 19625 60392 39890 7577 12690 43704 36925 64704 43211 432 50674 11825 63135 29079 13300 11134 37968 29981 44582 19046 8429 17488 47041 69662 28412 47907 60572 37935 67691 56122 
2307 12293 41491 42197 40971 261 31980 2874 11044 21270 24407 7797 33094 12520 36876 46394 44755 20923 22454 14314 39969 30882 31802 33089 25521 6293 27075 32172 44228 19743 13271 46534 53137 54762 34810 40187 1102 12869 43060 12145 34139 13547 19941 67232 26066 2896 59705 16900 23819 7137 52316 9867 38018 9095 42955 9619 36489 16109 41790 5694 35851 55061 73330 13965 55902 54219 54151 57003 67088 43291 69147 26204 2917 35167 
39515 28982 38063 24198 66983 61881 52436 44276 71747 15431 53370 60781 25049 35939 1867 66839 41632 58819 67979 61041 72783 48858 40238 73013 51940 32303 62383 67166 4586 65299 27310 44100 19258 65372 14377 32321 73332 66812 1574 16136 28323 1024 1894 74473 36962 24862 12369 24673 8658 5325 10692 27520 262 50929 25511 52201 8209 12871 44344 33896 3148 17734 24075 43507 8083 59554 805 27495 72445 23481 43630 25745 24504 66626 
25196 61465 16465 37564 11115 46225 63991 21806 73744 64252 72734 45334 62533 27022 4285 52956 6997 28534 70689 31072 18120 24852 36705 40027 52346 34127 63507 20953 59872 12988 33658 31147 74452 71225 14790 31646 42427 24860 53452 62250 35192 72265 53664 22702 45367 57948 21737 52363 11459 17404 29514 29578 42255 12298 15684 40680 46425 4168 7712 52376 17155 41370 8500 37686 37572 44391 69332 26078 15331 68863 34407 50522 66105 13048 
19303 57551 17075 41039 55994 49635 4522 31587 25293 67878 43885 40976 33535 15287 45144 41247 67662 8378 28696 22241 46064 12347 12711 40373 38424 28041 34213 18910 3540 46397 53060 43944 50028 16214 9961 30999 65849 14482 62585 37221 28440 52549 3174 61974 67835 69419 49300 6554 2775 2973 49896 48838 15319 62607 14188 74844 36727 69502 18732 61369 61978 17871 30290 36983 34084 61352 67981 46012 21914 1624 8210 50353 54172 11384 
37304 68087 5780 11582 20720 8554 35656 70616 57391 50975 4280 17658 71898 62108 33239 36709 48454 20195 54579 3722 57177 34743 11153 71238 5732 33066 18941 13942 8396 19192 46427 66802 12256 52206 24463 54078 6840 60118 49671 10310 57172 30 49070 54048 62137 7286 15734 35569 27480 70313 60392 30737 30033 71544 26952 35764 29588 66994 70807 59085 11163 42211 50864 44521 40497 304 23576 47336 6502 19326 3725 63673 19355 52794 
42698 27571 60080 58432 9219 33639 53722 69610 64375 29834 12212 37406 11677 62901 50479 28564 46963 61642 70774 43907 31140 57350 65312 54715 50765 17893 74040 54490 6544 39474 53363 49241 67044 38420 53752 1241 18139 53553 16930 28593 8364 29141 12079 41143 38121 62557 69706 31164 49176 11537 48 5293 68887 11439 6087 44629 29332 26206 45198 56977 65679 23539 31195 3781 8038 9925 26123 26176 9557 43052 54769 17921 18273 66847 
5143 56393 54381 74848 12534 49637 32464 33683 1009 47430 66224 7096 38139 41635 33301 8314 23589 45060 52954 54783 48840 60992 10787 74962 33247 41446 64093 12993 59366 7343 25919 10588 9816 26380 31515 43451 994 63978 23214 2002 36386 14415 30199 74524 56049 9580 28917 4615 54639 6849 5477 49558 13920 37366 70599 47166 3789 59669 6239 9234 13092 32157 19821 22907 58536 72437 66357 5609 61392 14548 7611 43857 50064 37809 
64460 31090 47388 18355 56806 48106 46305 62283 22641 60224 45728 39319 53469 70618 23966 59707 4829 37057 16842 45751 6043 21457 43165 18479 27066 50636 33027 55778 40573 29170 39666 30010 60260 33134 69466 63145 27319 40748 71507 71062 47051 42212 35358 25498 37807 59323 10182 63737 42459 48125 34465 48501 69582 23709 66980 42727 20425 46086 44584 60997 233 9227 15984 6572 63462 10428 69717 15759 72277 66201 11798 44306 54493 68257 
69803 38379 52558 4962 27094 41096 53087 7638 35677 68748 31347 48736 57554 51771 19799 27115 37745 41133 57443 74830 68807 45883 31337 63501 7721 28592 759 40620 72897 1331 33854 13757 39710 32491 18718 66803 73587 17884 74440 55343 32711 30764 29056 15242 28614 69956 42356 12438 36066 24777 12246 50952 16739 43582 39430 45561 72173 61291 32260 16127 62621 12193 29883 27308 44684 69703 40190 64350 12564 39608 44670 66377 16451 73725 
6596 45065 14738 48952 57502 71905 19808 15827 47835 57648 59409 12242 49288 2639 19612 6525 39868 28313 18717 15830 55620 9480 10510 20788 73829 44176 6475 64578 35530 22925 9360 42125 14069 24097 37156 71571 20980 3043 33477 68814 6770 38965 27135 56057 41604 46747 8661 27551 37 48480 43380 1736 57959 53890 43625 2846 44145 50099 67423 4652 19104 1761 67878 33172 46959 51114 50822 67938 54156 9277 61729 60926 48241 34944 
41960 35924 6668 71723 63474 27806 45180 52934 50643 28116 31801 40348 52063 22025 36526 44464 26676 55629 67326 40633 34881 39262 16724 31782 32178 70880 41058 39986 2863 35379 74929 65924 17382 27676 62624 26936 1561 32781 4847 73306 6977 36647 38631 59039 4751 21236 49582 31426 1843 62987 18138 57825 27227 34862 14584 5484 51821 55642 66571 763 37100 12558 66686 54481 40233 368 6394 62896 54250 32342 61179 61226 68988 45889 
66345 19818 67124 62006 51243 15046 49971 15461 72870 23277 50322 12432 49862 48222 14153 41410 48984 72354 47 61749 72914 61382 62116 4286 49255 41344 36627 56513 48649 51695 27379 61073 71512 40582 69159 68835 55628 65209 9273 53475 13463 5674 11986 9404 74997 47240 71915 70060 44571 71962 56786 42463 58321 64982 67850 53655 31303 50556 35145 26031 48330 62523 33184 65922 49184 27320 5814 29789 17506 36188 29344 52070 62963 62431 
61473 62937 34649 4445 57974 4197 1384 60839 67761 5784 50798 6668 59438 28180 57224 19560 291 51633 28162 33474 42532 2324 60793 69447 53214 3276 30612 7535 55345 18552 69966 62897 27568 50694 67341 31621 54890 14805 17438 68731 20588 14315 376 26106 42495 3679 66767 42785 55312 19907 1236 43923 43332 8108 38348 21523 11383 15039 50160 12807 33591 45103 21783 61158 20774 35203 17757 21743 50007 56296 36553 16675 70610 58031 
63882 59184 61709 55626 48048 63100 510 70385 53103 64943 3470 16428 11444 35954 52568 61603 69862 11136 52785 16622 18374 19638 51825 57232 62482 47911 59607 24013 10665 55194 28123 74546 60458 14809 55150 33483 23989 1739 49948 2069 66682 53417 39598 24205 35451 17143 31887 30290 49381 9649 46912 13834 50388 44816 71065 58949 38806 55649 29041 49471 56922 57163 48994 63459 18052 50223 21920 42040 51962 17947 44108 43621 71363 29785 
67825 31791 46927 24689 8161 42387 55439 55072 56220 51906 45967 73364 35832 9750 70 64873 59220 3072 47013 54294 66530 65064 29494 13427 53183 6433 52475 22268 71155 48816 73154 10037 26686 45059 34725 34846 33525 36243 35997 35825 13126 28043 34166 48958 37793 55338 38808 43092 58409 31900 43465 49916 43044 72959 9423 21204 25471 61897 64574 42706 56792 62705 52742 8456 53843 12445 64403 12346 69789 46480 48170 7893 74522 28415 
56850 58394 8730 41737 47566 67138 19716 16008 42032 62759 35046 51454 8941 6597 38328 73514 49302 20098 7276 27021 49655 61119 60567 60137 73464 55334 31594 67713 9306 52196 21105 66155 35567 29835 53971 29212 21950 73686 45220 63981 7503 26345 61514 37545 54043 24820 36036 28322 66019 43311 1423 61753 50509 8069 46867 48950 9482 3439 41640 18787 1714 62745 31021 37280 38659 9969 66492 60608 29735 57791 70669 37237 30215 57160 
74781 9236 28059 56896 58659 40157 46286 6161 26887 21773 35332 73754 16802 44813 23272 58442 63600 24985 67266 19598 8344 30902 50669 74835 37589 5381 3683 33235 63719 55000 15373 9557 10315 64533 12532 68973 29668 58817 21214 56554 26669 56545 55285 43471 26335 24636 47992 36014 49620 61337 55612 57964 17216 52360 3856 884 3820 28641 34119 13618 8618 70593 23174 18932 60103 35705 33984 14748 40601 55197 71302 67270 36719 72666 
35718 9134 22280 29789 45147 17979 16103 46838 920 33318 24175 4776 34201 27994 33416 14399 41611 42033 9969 10864 7044 70072 67670 41027 30899 33249 21202 48280 25496 4000 67026 7293 13133 35385 37081 58280 53363 53183 30095 54283 32580 350 59058 12860 28343 38553 27259 16034 26665 58329 47999 33708 74480 40647 74734 30357 73895 42015 24716 45470 46015 16719 52762 59147 52103 35922 63506 51546 14082 18579 30806 67763 18928 35943 
5600 68372 74495 53960 30485 26137 37267 24564 5924 36724 65210 5635 13160 10162 47650 37876 55631 39744 674 54472 23868 73879 15371 33454 50402 50554 52032 27287 43294 17039 63229 69995 31490 8781 48933 8055 56019 11177 53720 61942 69002 43907 13656 7140 148 7385 66117 55778 47128 12870 56329 17076 32828 17779 50529 29309 68332 48640 56595 57705 11758 65903 52677 64349 20763 26587 18483 1759 58865 72202 9780 52845 62188 23436 
6064 62335 51922 72180 64192 45130 31129 45498 8285 10037 9356 58813 39345 2665 53532 42020 60369 11369 32900 38024 21797 74765 10690 40280 1501 69555 58561 32383 47377 45727 1898 53440 54141 53819 71699 43311 23926 48907 34888 32210 58943 44244 37102 23266 46908 36713 65285 53357 69183 44264 37460 15958 44006 48149 2317 66609 42681 6957 23969 15035 52683 25866 14554 31802 25764 32332 21192 49690 6217 56079 27979 65159 46402 65081 
34504 39390 47873 45868 17724 42034 36212 55183 4071 26297 49411 27489 17883 17070 34445 62953 53206 33208 13796 13840 11089 39560 46171 53382 35329 52387 34438 63307 63626 26920 74467 44209 66309 68420 15055 9010 56533 51266 10272 60603 2540 59682 34171 41525 22831 14695 29455 22117 69004 64353 35956 5070 49992 7104 4531 31400 5571 38969 40786 15276 11968 40231 59484 3254 54730 74538 12263 36240 71883 43636 42922 20503 28295 2070 
62027 72228 37866 37561 19322 31848 47993 55277 58019 22962 8460 62550 54361 35132 47598 20125 50407 59565 6435 34869 62818 61164 55486 58 43483 73449 64795 11382 18929 39169 34553 27035 36374 72418 10675 55695 29243 58668 57051 12240 6607 65511 74789 7048 46722 47364 48274 22107 31906 788 3055 19701 8031 4620 40860 51513 3046 51734 62894 43076 15880 22424 70110 52254 19819 26865 54028 49062 10510 36057 7381 38218 47647 7147 
45265 19346 590 39618 41452 53597 40405 65608 19377 48435 70228 6316 24925 19353 58049 33898 62429 73928 56321 3596 51159 22220 30460 51267 17361 62071 12301 24741 25267 59947 52989 16611 25372 74680 56229 66824 53254 42713 3489 72630 37228 19796 25025 62152 39149 8051 42130 26555 6956 23428 51252 4195 45647 27792 55461 9087 14840 13841 33827 40106 19867 32895 56717 45238 32552 59025 37039 10783 47817 61630 29492 10022 6403 54516 
72174 45551 8646 60383 18185 36704 8788 15517 62000 515 43308 63540 9601 58147 2358 64530 44333 22224 22402 47129 67461 54954 52233 50580 11816 25027 37187 62410 35049 64691 41903 53302 35220 71651 38662 74506 33332 68551 15000 20309 69065 4387 8826 24746 8614 11183 14253 52946 54508 57756 46154 46946 37687 23364 43605 70605 69492 26871 57992 29518 16540 45974 28899 51759 42602 67560 72344 911 61089 12322 42321 1211 37810 51146 
47058 46423 8408 7390 45448 8995 65146 16579 2021 48912 61044 45625 65596 55514 72496 48565 31111 14013 19517 60010 11851 8198 73649 30274 9109 5795 42595 72531 28108 26485 69757 143 72907 3142 7533 43333 12137 18758 5991 35259 13749 67035 5861 4323 68628 24436 52887 24716 59550 18483 30805 71400 26681 29432 26652 56891 35226 15326 54399 63333 41810 49133 63476 60797 73377 17088 50209 31593 56947 56199 66851 70695 69313 18791 
75017 62918 43227 73984 12612 27754 38546 64518 45234 65226 18927 17965 68196 54153 33290 68675 63565 21180 63887 73120 28056 8321 15185 3242 61015 18211 59440 52843 13884 53731 17714 34980 62728 7020 33941 21419 34773 18567 10915 26086 8770 29841 44050 23046 30073 23420 37800 18616 65701 26664 16713 18734 56087 53000 21975 42079 71210 27494 41002 31173 27304 58715 12233 15010 65734 46173 57530 46586 64739 68444 72672 19589 23263 62801 
63736 74437 11198 26513 18030 1876 74278 55845 41711 55342 54924 9765 22399 51111 37259 9480 28364 10642 68194 40596 46753 4985 32848 29261 72672 43667 22682 70321 9335 67046 4180 73070 66461 15377 45662 30570 38355 66019 11392 5043 46339 66315 14808 14817 63506 73168 24296 16847 8787 38569 3522 55540 64655 57471 9778 62304 26115 32459 3683 56551 45585 7862 678 37023 23238 46339 67592 7672 37336 25064 12715 29754 16356 48624 
65672 4839 46769 36047 42787 55555 74615 67410 36072 64247 49859 66951 72630 22053 45490 1290 3582 16052 9151 4259 53074 53491 50598 66745 61162 34013 16786 19956 9846 54244 68579 495 59082 61427 36541 47949 41960 57235 40336 24111 67561 36274 37142 65168 58327 7609 66458 61908 23660 21688 66166 22813 21258 62843 35637 28500 42935 52423 69557 52780 31644 63114 74376 36805 49518 56996 30833 37557 60310 17249 7748 52848 53522 44889 
42994 57928 52497 55531 44813 22236 23298 57059 45048 44556 44879 5662 19135 33894 4164 13669 32753 56909 22862 32107 18692 18460 35182 70626 56016 20470 12852 9843 73317 12454 54731 62390 70381 32205 64000 40172 520 12276 43310 45567 2911 34268 72331 22045 68161 22574 35713 25892 4461 58575 4078 44254 2012 39259 39857 4107 5808 73811 13950 4103 11242 68680 12572 27702 46965 1550 13953 47484 34927 57262 39131 37837 16508 57541 
59881 9646 5092 41673 56639 9552 46327 60716 53805 69440 46055 39742 73547 51862 38530 33576 2044 70873 48335 14616 23552 41379 37267 37505 13841 72193 19744 74073 35007 36251 56591 40967 66999 61682 28719 48615 17314 24 34309 71118 69463 26443 56939 14067 3282 20446 68744 5326 16296 42057 41043 39848 8413 3287 23432 43355 457 43175 63507 56565 25506 66177 43611 17482 52837 72329 66096 16230 18432 46484 33427 33975 72926 15344 
48041 22288 56891 62865 48715 73187 51001 14735 59114 59413 39123 7523 48848 60681 71799 58434 63325 22282 49589 31913 39763 48505 29219 30837 64734 68753 23400 23138 27705 42406 38481 21825 64693 20350 9667 38385 39616 60667 74221 44809 66160 38321 73433 61087 45081 70209 44498 33383 17469 19064 65295 3311 13648 40593 55249 3359 34323 3627 26497 62027 46032 11057 8830 56804 52508 18496 20166 38203 25243 19364 7989 16380 3764 6399 
2444 48844 22688 68043 28306 61258 33187 18578 64568 46834 5250 44795 50193 39573 69523 22769 47679 61634 54927 56508 43415 32413 21084 9660 70615 46326 50125 24684 8785 53888 31082 32330 48811 74871 25350 2094 61106 58536 41773 71754 51450 47022 41526 26620 32674 57128 70490 5331 64841 50394 7918 33233 28886 50103 42892 24479 42508 39096 49162 51292 17961 26323 8599 12851 26172 55051 36046 33357 59666 2796 30088 36093 70919 17693 
62712 28571 20900 4259 55003 10718 733 62920 43950 29618 38001 32921 176 26588 18096 70439 2858 36056 21740 32558 70008 69013 12586 31031 48449 18332 54928 3515 54424 71927 42309 42114 46577 63209 67474 26557 73926 68206 35556 63956 22802 73556 42956 22977 25122 61052 18394 49081 43187 61235 27718 38173 1305 61406 15283 70855 4715 16291 74369 59138 13195 62758 47331 59771 50944 39783 11305 49847 32966 46860 38780 1847 66496 6714 
45926 37697 67765 10399 32857 35929 17713 60574 20181 40119 46957 35464 35951 51671 72856 56400 56889 11028 44135 29197 16878 20056 15059 28182 69902 48025 21121 54762 70973 33696 7555 41876 17472 21399 73376 50328 3407 16066 56982 23588 56184 28916 5131 38215 26667 2964 19592 8533 35093 63726 58831 51970 29861 73890 26231 45842 67994 68453 25581 63944 27127 33135 51900 65700 54533 50253 41006 57940 12399 22965 27607 68582 72982 32737 
31774 45728 56802 72467 54260 16872 61170 38069 14921 16008 36936 41151 7930 29907 55683 33510 39930 28889 12725 37909 19567 13337 13140 60572 17356 25538 29616 44962 40199 48677 23778 18053 19383 26659 15497 19722 64632 22747 57790 4530 59856 40805 66782 67785 16791 47443 26273 2801 1309 60099 40709 20875 73435 53848 27526 15769 25465 3221 6810 11744 73000 30588 29796 17360 57246 66394 37081 46856 14118 40951 72487 73974 6733 10327 
66736 44626 57769 39088 47426 5157 24164 13112 47134 43679 13040 20739 59447 59606 45062 12336 71349 43039 42923 47224 60398 46249 38596 22456 39184 52713 9486 36648 72766 16219 46974 10560 6924 50822 49647 54349 2059 19891 13540 49192 9649 47681 16010 69095 53367 61071 27510 70795 29087 70433 42997 35564 62761 27672 58020 26922 26464 13585 9649 45310 29803 2703 55869 57828 53524 51595 58256 55582 17565 17876 50853 27213 65556 66863 
42387 65002 52911 69897 60775 28078 65307 49851 63641 74147 23602 67740 26046 50065 6303 35694 20352 57207 38396 22300 40013 38000 73895 23246 39661 16437 41121 36594 64752 52757 28434 32116 42736 27424 26990 49590 55501 38376 24418 44120 37500 69121 57939 9625 44164 64241 45319 10595 46426 29794 53997 11416 13873 52869 55763 74636 15385 21862 36207 5114 74618 64640 58332 63433 38143 10299 38001 18622 69777 8498 8821 32254 2597 66759 
41879 67862 55978 33277 24536 48483 9150 3510 59898 44125 2458 40638 43738 17843 8579 4922 44058 29276 15641 27367 38789 53783 58768 1767 72404 53522 31366 27304 31855 33962 19041 19813 26801 21098 74191 51337 69580 8319 926 535 73545 3384 62274 42260 42328 70853 68283 11363 46208 8901 59832 9974 62683 43577 11740 6145 43178 43106 33448 10 23147 73590 19823 71050 19665 18991 68466 35324 48411 69391 35858 46933 72774 23110 
35272 40079 40042 28532 72544 11227 58534 3433 21201 46195 47009 54042 73441 15164 43227 52968 36275 66374 51536 56097 8481 17280 21168 1924 73706 69578 71314 34541 62591 15146 3730 22840 55224 64873 72474 73847 1078 55985 2257 43380 48259 70367 43501 46677 31610 32808 24623 67885 45261 22238 70061 53741 60619 16206 55664 59302 31864 51955 39923 19432 67100 64754 63373 68404 54605 60824 13308 1762 62889 36667 45141 36125 32011 34721 
28882 9701 67528 74606 2563 37766 21821 18703 16484 7417 34909 72147 12799 12852 70182 73823 53385 8339 63554 41735 22822 43136 48639 36130 44897 36505 72796 36117 18709 50886 70838 47590 60586 63343 47173 9228 26087 15073 27931 42570 43592 8919 60797 56390 21770 55956 55190 132 10374 43721 62968 33196 32937 57686 69325 2811 19168 13178 38928 58979 64063 55845 31546 49627 44165 24799 58854 16331 39871 32864 4981 8440 41782 65777 
10909 63551 67812 12178 9762 3163 1979 18810 36358 34915 1473 51762 58827 41743 64939 22732 25699 60 24656 3324 70788 68821 28122 699 10129 14073 33563 15109 43614 322 26965 54523 9953 19754 66700 40816 22917 68678 59625 5354 28570 7178 57116 33477 48920 47032 2288 20698 47091 26944 24021 42856 41844 73245 64657 51972 33397 23197 13161 1988 23518 61227 56510 54572 5959 69290 20366 49977 62945 26070 1410 37595 33247 58525 
17151 28246 51637 19438 48943 23705 46381 19044 12641 13202 17266 2275 11254 71764 46573 45516 73751 16170 31720 55239 70742 58780 70608 37187 54836 4610 9336 56246 63306 42583 39748 5434 16908 16362 24872 65851 61169 71252 9872 19889 9432 48239 43265 41787 44980 14815 12280 43708 30984 43999 45026 47805 48859 61713 31071 28672 66323 40407 9895 54606 29069 70745 60040 45976 33186 9889 36804 19332 27220 67777 39220 57753 62095 28564 
24517 53154 43378 36796 21840 20442 26875 12945 14326 21813 74658 45397 50484 12038 31883 6459 66643 60951 23283 51660 31904 56468 7628 14788 778 34848 28644 61099 17578 15717 14641 63197 68870 4098 46072 36789 45641 19026 70836 59967 40838 16551 51443 16300 28588 8303 43860 20208 15333 67142 17948 47236 48587 46677 8103 70466 6502 57849 56543 45182 73565 17263 54458 13492 42462 25507 71383 13081 44533 67196 19127 10348 29826 70569 
47749 58413 24951 37688 24700 40283 29807 63749 33598 24474 35404 41701 19917 63007 24527 22539 54268 44171 39801 33703 3742 7241 59210 102 41423 49822 13377 60549 60169 43202 2175 53998 47694 27125 16663 18474 13487 67572 7200 47084 17023 42603 34864 58041 51690 5470 5558 30935 70742 66460 64638 74484 19780 69927 20665 61202 44726 55144 67830 50974 44425 16084 29949 17097 64310 46612 56672 2774 39161 63871 49858 2263 52554 30801 
60303 29221 36271 65860 6235 31990 3378 70872 52553 23157 65776 73218 9337 56581 53339 23246 32533 22741 39330 62481 60939 28617 55172 42588 31391 40412 52539 27328 42674 30070 58128 49057 5370 40478 60996 11604 18548 64373 28556 71100 12508 40411 15375 21844 21970 14793 45089 582 58636 30498 63062 44552 59115 64314 33220 15483 29703 31838 63912 18457 7987 47017 67513 13356 33575 53486 46061 52122 42837 20696 69301 55344 61107 9654 
23267 29156 24446 14435 29737 8059 44933 38878 73713 29025 28169 53012 65609 3952 9827 54498 22408 38915 47594 14898 52270 6146 14463 44410 58267 3379 65106 52546 58722 72292 8279 28068 26425 53826 63605 2241 7965 33515 41118 27757 8619 15367 5746 20307 19318 36674 74804 41725 566 47375 2702 73937 74623 38266 64426 3947 41645 54509 2572 46446 51778 10850 20594 24282 64676 9176 26522 72640 63792 67640 25374 18490 7984 52221 
38796 48403 34974 38577 36207 56641 32031 60010 55555 52733 23253 66060 56680 10977 45547 59251 57423 43404 16181 2994 67686 26936 33271 40287 45655 22040 32904 17108 40529 61989 15408 25404 56471 50381 10060 17655 31999 63192 2642 33633 40903 25895 24670 22560 57973 16296 27890 40373 5780 65172 64468 19545 17085 43818 59831 8819 65857 38815 25926 52465 25781 41333 2846 7230 16691 12905 45986 69791 1075 48628 49503 63079 20602 20253 
31718 3552 36548 59607 65027 63429 70859 552 7951 34023 44370 67782 42842 56306 31574 68767 33749 3434 56180 57696 31765 18950 16681 2729 34821 38857 72458 9301 26913 39139 29553 58630 63792 12181 64316 53796 21689 6232 54348 29640 40255 44797 43501 8074 26080 52 22920 59828 24587 25179 63604 56352 44129 5262 5160 3927 65220 23697 34329 17110 62835 9962 21819 51604 22142 32214 51480 43830 38446 51907 19549 24780 21681 63049 
32853 47760 9180 1852 53668 33767 27031 42249 36198 17239 68612 41357 21165 58809 65053 1573 21998 73967 11534 64918 71650 54777 22109 48107 44687 6634 24991 64235 31413 67773 52262 10345 40511 61441 12197 40258 41287 60329 28586 2462 2545 22175 64920 44811 27063 1030 46383 70162 74996 3997 60057 71624 58773 28245 65810 28437 34879 15779 38752 66291 8529 15991 1614 70141 23511 34912 35376 10878 20218 10041 13339 43864 32215 3237 
34754 5357 25368 27216 496 25342 31212 6632 43045 14963 34877 33832 64501 69755 70712 28230 61023 25321 65322 8716 41541 34913 43627 22997 45790 9924 33037 59128 53787 11332 8444 34620 16688 33812 61836 38286 5233 18025 44917 69379 54089 4771 49290 43568 74525 44980 17877 6606 16380 8177 15321 57920 43089 5028 26996 13856 14951 60033 72983 14818 71364 27507 49437 34131 61318 36250 72416 12630 355 42311 6986 54443 68183 56275 
22988 67686 47334 61967 20371 9793 70143 35691 67713 38209 61820 19686 73166 1749 25798 17206 37668 22139 44712 33184 56270 52109 69434 74765 64738 69788 63155 17803 70310 56316 20158 39378 70081 67491 26322 15429 2262 21442 72221 16054 5730 59019 56841 3873 6847 7617 42180 44514 50857 11870 2675 53206 10058 18188 52949 20876 34055 41081 38678 50445 43476 4915 14800 38534 18486 41121 53962 41849 8642 51161 57902 35473 56259 60822 
60447 63105 14518 27604 53698 65375 39473 2452 43558 49531 41742 42586 16486 21876 29747 55163 72320 19302 6158 12097 57836 24643 74319 57877 66491 29040 55117 49370 64512 36353 56271 49936 45537 70789 23620 24212 7221 63092 47766 71880 58702 14485 39444 21267 36360 15270 1408 54760 34571 7565 12936 38486 53309 12233 21341 44777 62374 1435 40226 72966 58890 21474 68981 29404 17240 17578 74718 24460 26750 68563 21318 31531 29127 6841 
52798 65486 43212 285 66325 2760 28951 4239 41246 7237 37573 8666 52013 24924 31202 17216 22867 15069 38689 16826 65575 2009 55505 11350 47570 7232 4890 68887 38763 34016 21807 37640 45581 65018 37924 36884 13858 66874 62224 55103 74110 24774 9848 72202 49697 41049 14395 18644 56118 74185 35469 67772 1171 37053 4099 69843 44285 30090 9787 29127 10185 31594 66766 1845 42691 29667 38728 56548 42620 25929 57730 62809 71804 67577 
59988 46479 33604 74382 65122 35801 19624 46670 28550 41897 8700 53750 36717 74086 29919 46503 28190 40103 24176 41035 41947 66867 70701 26755 48392 59400 73785 31100 47186 70567 44756 32151 42023 3337 52612 53224 39137 72236 24871 13766 60212 54672 67515 21906 74838 22411 68408 28005 62513 17562 69040 50540 30508 10798 2272 3877 70198 1034 56078 63463 71600 25812 20592 59702 29148 19283 37903 14365 37598 8853 28130 22787 9605 41725 
44692 9420 64135 59180 58526 72728 22821 73645 69347 53328 9421 71618 3284 25698 18731 59362 35240 15309 10151 55831 75010 60400 21194 58993 20844 58791 67845 48974 6556 2427 15676 72349 32948 25890 2586 16452 44697 25406 15074 39021 24813 45596 56718 28097 71293 427 33538 52613 15735 64790 33421 36824 50167 54614 20794 71011 59485 34719 66064 66040 58247 27819 9446 16173 74810 12032 53726 44485 58539 68799 29585 8330 39373 11281 
57528 56745 11707 16043 34335 48543 5810 13836 31446 2056 14529 73342 19146 74013 33038 10187 11110 37364 59107 20556 74638 58895 53689 53341 49459 37205 68220 4021 66636 32570 36403 49141 35394 69211 11263 69729 42731 17072 29644 74177 19128 44172 18576 59375 64265 72715 69562 352 35056 74748 42009 55774 58620 20675 34092 54158 3960 27289 4259 16675 5938 40661 11896 41332 55952 23158 57140 23660 40230 11761 43916 5437 55932 8571 
64811 66276 6263 5430 66628 41319 5156 54716 22070 9855 369 2241 64013 25430 29530 14351 42104 56569 55011 53999 22878 35940 2135 4995 5680 63466 37857 70697 14982 39869 4246 25872 31122 10508 52404 22727 72928 3639 2421 19975 13493 23891 43318 23585 70422 72847 37935 58605 473 39026 37582 23351 21045 60818 49447 26724 70363 12282 43501 31424 52150 47746 3375 8249 4333 55778 52078 2239 59416 54498 43315 72909 24468 32712 
42573 19867 51638 5486 3449 52111 44511 62132 439 65555 69029 49885 38359 10449 62166 6837 41872 60395 662 45247 68644 26096 26002 45699 49436 31498 46276 38831 50486 16823 71542 18036 57791 48158 23521 7319 25246 14111 15531 25684 25746 9537 21648 64104 19986 29894 17020 7937 15266 38783 74285 8887 64878 46367 665 60394 2842 68042 24202 53327 9842 20721 71362 13712 68878 40963 21031 19101 1153 36561 65886 26898 67199 12512 
37081 12162 63507 54100 41201 3750 38962 40463 33739 28818 11807 55505 14189 14648 48525 59492 14054 58366 5190 10394 18158 20148 72458 39188 39248 73610 726 51214 46588 67924 9805 8646 26166 73311 8826 67366 23140 47787 53908 56878 22684 65715 37361 57974 26442 10863 63545 40496 15308 68735 71991 33465 13860 69426 18732 74209 14093 40559 71502 60680 54563 6284 15406 5706 25674 45333 19151 48814 18097 19138 51771 61883 9830 14109 
65936 36272 46073 54459 22847 7461 69273 19815 62027 8110 35320 26839 28398 49412 67397 24878 56172 46937 31161 71577 73744 2915 41887 17872 51728 6063 37010 28476 14025 67941 63687 4939 50292 55839 5477 73138 9379 74749 39032 17486 28938 74351 44324 57335 48741 36698 7190 29890 8613 59453 47546 7334 62367 14410 46308 60174 41574 29397 34729 55599 22315 23393 6617 18687 25312 12093 16802 34690 32921 55834 52175 61858 55162 21476 
