71 12 5
4767 29101 28824 5625 6398 1277 13685 12567 6025 19999 27905 18692 
11368 21411 33138 39680 40150 37857 28312 11803 8660 35222 40736 33752 
9586 30258 25116 36752 17074 9411 15744 25572 42244 1003 31197 5077 
6011 1317 21376 15767 25047 5716 34459 36414 27126 24032 36261 27443 
22056 24741 39245 30715 16398 40149 20903 25983 30574 6186 19170 4083 
19329 38645 29655 18008 43379 21019 26816 9557 26067 4627 25324 7549 
14074 16218 4131 1368 417 40391 28810 22472 21567 28223 13355 37964 
24807 34257 20382 11816 610 43283 19631 19938 42095 5721 41677 2077 
30471 28661 11634 12973 33287 36957 24253 7529 13342 28383 8896 17490 
25210 37705 39961 6944 22363 9751 1344 3605 4175 25457 19153 4785 
28908 38783 24722 31170 4671 26567 33247 35141 11663 1316 8281 5117 
42004 32533 12645 15513 17352 21540 33002 2729 15681 33130 9672 41775 
3049 14747 5548 7223 40204 24700 15739 29279 23650 40461 16884 28320 
27195 6566 19896 38857 11613 28176 409 13784 20876 13054 33028 38227 
34593 22465 1123 10441 15763 10795 8652 18811 25541 14199 26033 25912 
42630 41772 11626 22715 42400 32242 7470 26030 42539 31097 21322 10588 
19440 25462 28103 40315 38515 17567 38710 33276 199 39832 152 15961 
10794 8803 34771 36335 26733 20972 18682 25798 22911 34040 8680 21746 
22717 16149 7943 21691 7413 32996 36010 26852 14893 24281 27335 9844 
41847 26212 43119 2213 26211 3438 18174 37005 15973 9380 33507 42705 
34083 12356 28671 13429 2831 37350 35174 29279 13667 3284 7406 21079 
36279 3583 8099 7608 27863 39165 21183 29877 21812 24469 32090 8190 
27906 6699 1630 314 19810 35136 3187 10329 3928 35589 27489 10490 
33106 19099 39769 3208 26114 7342 28019 18829 10924 39849 26436 42519 
39181 7786 32563 17428 32254 21088 25617 20327 31518 30979 24373 11496 
26282 31291 25556 33941 23315 9480 867 12856 32310 803 19796 14860 
8144 7982 33688 22799 4266 20291 21753 43446 31808 10752 21041 20497 
35571 6825 991 27257 41535 25363 38752 24253 13089 24475 18361 40135 
37686 22959 13159 26432 23761 32954 1459 31904 40935 38878 14871 5368 
19336 36623 8981 7579 7542 33753 31807 3281 40577 32797 30537 42280 
18328 29456 26700 35148 14098 1496 31719 8219 24455 1313 38382 4651 
37998 39840 40287 39100 35153 11593 4635 10924 8383 13615 22234 19657 
7535 10476 26669 8279 43273 17373 6994 18036 6996 33693 9619 21093 
38921 1505 33043 19811 6549 27861 28193 982 27868 28647 249 23189 
407 4883 37844 8790 22229 16514 32178 29763 26989 15282 41774 30429 
36386 5203 8632 43381 42628 21983 20909 37984 23487 14119 14230 30036 
41979 2590 34749 30015 31237 38730 9639 31643 48 7650 600 26009 
24163 36509 15939 11320 11958 14148 41748 4779 19351 6816 4595 22146 
28798 29235 16565 12452 43354 34526 2655 1936 37115 37404 31950 28519 
32569 1756 20330 36348 9406 24661 22524 33568 21338 38463 5055 33295 
9046 3239 41806 32128 13786 2836 10709 2751 35803 27273 15202 39324 
21966 17857 41259 19249 15428 33377 4203 8164 35132 28264 4679 973 
9361 27203 38273 30698 22101 43327 24160 34878 6733 22401 23442 24250 
28969 37882 27000 21207 25323 42202 16966 3724 20226 18392 22972 35653 
8204 30907 3984 43336 15606 8662 4476 28698 35864 2916 19563 18132 
6411 159 9446 16875 26291 36619 41125 11695 30936 24560 36633 16426 
26929 13766 23882 7322 32158 3289 3142 529 37927 7125 4032 13701 
15787 8508 42398 11818 15155 18397 33682 21565 22287 43127 42172 5013 
39913 39732 16708 31016 24459 13508 3878 7824 27274 27759 18877 19599 
34779 22019 20127 29142 29143 24159 42842 5097 36398 1843 20647 11720 
20239 10764 37017 2693 14058 35624 7706 10406 31791 28145 41421 12685 
41652 5466 24240 29093 36956 43117 8859 28171 21571 28986 17480 10881 
13312 20489 19710 9877 26063 40356 21596 2738 7555 15048 9162 25344 
7107 16867 35749 38897 5179 37337 11750 3267 2971 35989 36091 39926 
39273 1386 28264 17279 34103 5911 31892 7582 30131 8037 17458 12630 
4828 39053 19099 16114 14269 28260 41457 21375 1563 37373 20440 6741 
34877 35921 13739 41579 28345 9998 41673 27786 11383 26372 1500 5653 
36015 37123 13234 22581 1595 30691 35210 6422 29911 10744 26267 615 
39004 27891 25722 734 25431 6329 7474 16744 42249 24945 18490 30761 
34942 16598 14982 6492 42970 20214 12144 39152 13772 29109 18168 19099 
16235 9814 29252 6313 20557 11955 10660 15996 39845 36381 16729 25444 
42709 27935 42187 1561 13047 20844 32321 8156 37442 7471 14647 40579 
27684 30522 36166 1623 16066 10769 20721 36032 20582 6409 42344 41139 
22095 9439 17302 18375 5987 37763 3986 8863 22133 2608 10423 38911 
27184 2912 3502 21061 10382 18148 18075 41797 8837 14408 43419 28634 
25176 24308 21101 5926 30716 23612 7232 12978 36783 24533 31352 42769 
22463 39070 8068 4763 41677 22222 109 25296 28865 3610 6524 42978 
25489 28330 41210 34325 42737 1233 19394 24349 25540 662 34006 16423 
24274 41237 29400 17492 25937 20919 16696 4836 16424 28495 9598 18269 
10885 9707 3732 39749 17048 13988 39163 42537 42317 36808 37029 41490 
41772 12859 26006 27479 13520 16447 4069 41525 14119 33468 15452 223 
