78 64 45
4638 10711 25397 23313 7250 3684 4936 2797 18721 2419 28250 25091 11799 20557 1667 5968 20380 24386 23230 31699 4200 19697 3922 12493 31890 30588 30936 3732 21368 8960 13113 26005 957 5014 15822 8207 8698 20758 11003 27418 23176 20539 300 16262 7601 1967 3516 27980 7639 8032 26184 26620 9016 11392 5617 7410 23266 3057 11141 11138 26798 24253 3648 27755 
10554 19469 17248 538 21513 9537 27955 25976 30075 9541 8742 18962 11507 27039 13447 19145 16357 20917 12270 25372 13595 32668 32781 3365 2230 25208 14502 10314 30748 32931 4573 7806 192 3107 8343 21704 27425 17584 14184 24005 8411 4212 24253 19918 12537 4204 20349 28894 6407 13905 20770 20001 13078 1343 4652 30089 26550 441 6907 5089 33371 26262 12894 67 
10655 2523 3058 4585 1393 17241 9876 9804 2740 633 11008 15276 19619 31356 10674 26025 26548 31444 27313 6130 32786 31964 2723 7127 13691 24411 12216 28349 17177 6396 9702 27832 8919 12759 13703 10311 11287 23578 1401 14026 24210 12408 29301 25115 25051 21262 17645 18103 19210 26244 5519 33282 5999 23023 21695 19690 13938 415 14543 12402 21593 5531 6738 30511 
18290 1727 22108 29576 25304 23509 24888 30800 17203 1980 22420 8758 23241 21351 26860 23737 14099 32378 4810 20097 21905 26505 21073 17130 8206 2120 29531 29798 7651 17555 8100 7227 19281 30208 18089 11089 1508 9481 23175 18710 11460 12099 8755 15988 33449 2119 6229 28834 15784 11039 15436 18975 4048 3013 2609 27035 19915 32139 23338 8852 30980 31437 30860 16765 
9436 15453 9140 10943 6220 32315 10940 32461 10918 981 14953 25654 17881 21182 2279 169 13507 17714 431 32336 2014 3039 25875 3215 16465 15717 12066 28731 28441 24212 12001 4381 6169 21140 30106 27170 1246 22332 26135 12164 23312 22375 19104 7697 24843 21382 22648 4854 20383 23078 3694 3683 7403 10855 6897 5154 7859 249 390 2804 24460 12390 21966 11915 
14816 33358 5589 16062 22194 13010 9512 26792 1889 9902 994 26731 12570 4928 31584 32952 28005 16564 3139 16694 27419 24817 21848 1782 6352 3524 19367 30811 15913 7837 24012 12015 7700 29600 9363 11180 9115 18874 4477 11003 10062 20252 4239 22632 25179 17109 3375 975 178 21296 17668 27596 12617 20802 10664 18969 24325 30030 31066 21524 19153 21583 44 8139 
32469 9406 19319 8088 9567 5082 378 915 25333 4616 23546 17016 3011 8208 32772 3188 29503 16944 12070 23406 4251 22733 23661 9862 554 2519 31386 994 24101 31429 9132 4361 22121 9737 12449 12974 14818 27608 28671 21437 13510 8 19739 16520 8215 19015 19708 19004 2464 31777 8915 21496 2302 13862 31357 17637 16380 29247 18630 21767 8467 27762 7415 11875 
4003 19863 6135 108 13975 1310 21544 27484 1318 7788 25290 9532 8089 11502 9823 10552 24566 18737 13334 8154 13885 11196 25790 11552 21729 10925 14605 11483 19973 22019 23357 5262 23168 10778 5369 18429 26870 8200 27199 28187 30769 18994 19005 5362 30495 28827 30696 2852 28850 10534 11005 24022 3016 18082 2078 6032 29006 16682 17514 15483 19988 22157 20744 9660 
14221 7400 28089 7595 15599 21792 2286 27654 7290 2578 33015 19072 31404 11502 3210 8046 3323 28997 32067 6338 13583 15431 27151 23875 13399 11169 5862 33386 14612 7892 9551 28833 15291 18926 2932 12176 7222 20000 6334 29294 22577 20636 29652 1772 13424 32861 24599 16746 9649 23170 4371 23231 19887 31521 13610 33286 9195 758 33176 23806 8650 24013 430 5227 
9443 3362 17403 16665 23361 5023 27245 27224 6945 23401 28995 20369 4053 20099 18401 28484 24555 22771 18219 10947 20797 13116 10737 11278 28655 25199 16370 18591 15717 16800 23818 25159 1448 22507 23110 6095 27529 16859 33318 15761 21546 10104 17416 6886 30202 2321 1874 2549 25092 1379 28277 27175 29276 5518 4957 24436 12003 21326 9531 27719 19412 33348 19383 20859 
3646 23779 26953 31175 7143 26775 28222 9975 3384 12142 31642 14872 14462 14802 32202 20840 16181 26983 14519 11961 13787 762 17683 25790 22088 8501 20013 8004 23135 20682 10150 26781 10966 3607 5747 32890 11669 473 9369 15052 12614 7516 11210 8362 22317 9917 10489 19784 3404 6294 13032 17191 7056 12001 24267 10430 20501 10784 18433 10141 31466 9869 3426 23718 
13476 9172 23112 6431 9644 13767 2769 3544 2569 13978 26687 6173 5181 3680 25956 23367 24756 20274 7062 31811 32275 12615 8745 19280 23398 8464 29420 2655 18333 32845 26372 13095 23303 30770 19525 14233 11042 22293 17776 13610 17557 25750 19782 22738 10716 27025 12609 1976 13803 957 291 12582 13571 23817 13149 18255 32281 9073 20910 17118 23205 28568 11499 27794 
25843 31023 8532 18171 19820 7594 31780 18663 33343 32849 7905 10564 26378 1800 27321 6685 2756 8899 554 16326 32715 13702 15868 31500 4061 3282 29904 8552 13136 7907 2851 20265 5434 26164 4940 6540 262 18007 25203 110 17360 14394 25455 10242 16194 567 16926 18949 9465 32261 16562 8685 12467 32429 6689 31310 16997 17880 6366 11419 25786 9216 31684 12507 
16666 17910 19046 16928 2421 25535 31819 19780 21216 5065 11308 3914 5631 9521 4149 15096 8286 1997 23780 20753 15712 11755 18567 13995 29634 6219 25414 3212 30217 23602 15718 13387 22798 16050 30314 25219 22872 28637 26285 10592 206 4098 29287 20619 13618 14722 2219 21903 31501 7285 23942 13717 326 23795 27712 11247 30014 917 14458 8022 5805 11462 21408 28602 
27511 18227 20325 31669 28150 27897 8765 9643 31994 19338 30261 26898 15347 13766 30087 13352 2337 1821 8355 2662 25615 17353 28690 3420 18269 9652 11441 24073 2400 14136 467 29911 32362 2078 9371 8303 29974 32918 32727 9759 18760 10779 3161 611 24544 33248 28744 26880 1573 3604 10829 8474 20956 6023 26676 20512 30457 4621 25871 32856 18756 26337 10558 32404 
28415 19929 21994 6180 19351 21225 15939 19397 32004 386 1295 4339 14920 30038 12506 31274 14928 23334 6253 2389 10643 32928 4187 7604 18835 30057 21747 18878 22899 32304 32568 32600 24 2353 5284 19374 23578 2509 5276 3373 2895 6570 22493 17814 17894 1503 15593 32822 6123 3132 16497 31548 17346 20683 5656 2685 17244 8689 2849 21429 22280 1922 1820 22303 
4274 21886 8182 9138 24394 28239 27292 27288 16095 16290 26389 493 32574 23268 33314 19984 26399 31097 18036 10249 18284 4978 27715 16815 13667 30564 4748 2451 32485 6568 24753 18045 28453 14221 8470 638 23746 2266 9213 6345 33337 2106 21620 13703 25373 2725 191 18276 327 18226 9811 18610 23203 4030 1929 18156 1098 21459 20606 14869 9313 26646 14201 19052 
7371 22670 19689 31117 6222 28901 18748 6064 31006 6872 19766 4170 9597 1243 3732 9923 19468 13542 28532 23957 32354 11748 8618 33451 33206 10510 29607 9023 3660 10312 28074 25813 14268 29049 23434 20489 24455 23468 26552 3252 30340 27604 22204 6441 10133 25935 31145 10887 20764 26181 1349 19622 19215 24748 864 18925 16544 11757 9234 20204 3355 3812 27303 17622 
32861 17241 4616 5107 21995 12454 8358 18839 21345 30561 6566 31477 4288 4215 8869 25051 11683 24999 25959 30897 16251 8109 16327 14081 19866 25560 789 4507 10659 28091 22129 24806 26618 26744 29912 29900 5702 4774 15243 27046 16622 21809 25028 20909 7310 15183 27246 18992 6686 996 16394 4223 23886 14007 18303 10256 6071 379 29545 31511 9756 18178 22821 17661 
11426 19237 14065 31909 5298 29307 6747 3206 32402 13061 5401 6217 28243 13933 25208 16215 14928 22888 20437 5318 3399 20026 30356 24252 20404 26405 22267 11447 11087 26375 29107 3799 26898 9676 16994 32195 20269 5027 16687 463 18087 22087 21461 27616 17306 13173 10335 32233 17348 12058 18838 20746 32084 15698 11502 279 23389 15056 11725 15762 7935 7336 847 1337 
31793 17840 14819 33349 22867 12792 316 22240 16166 21776 16361 33471 16235 7982 32209 87 20040 32333 2120 18628 29317 28403 193 19210 9963 11918 16258 32679 540 17104 521 32333 16230 30121 32186 20383 9417 13788 9128 25582 2068 6775 25558 33084 14756 5558 14458 1300 4395 16577 1214 14998 11484 16189 712 2734 28106 16969 16699 28645 15359 17219 8769 31588 
28626 22241 18476 4548 2533 27603 11416 19382 882 18260 258 30419 5104 14715 13006 24280 31291 14219 5782 24061 30407 6493 8081 6304 4748 24780 16236 20106 23285 25004 18199 18416 13750 17961 4250 31064 12068 30447 31733 27731 15212 31990 24654 20315 13209 4164 11100 25786 33165 31663 16351 11363 4661 5719 17667 24190 11785 407 10801 1574 6697 10286 1276 1733 
28246 20307 32797 21600 17259 12321 30617 13757 10815 21775 15358 24023 7226 7744 31095 21677 5912 28732 33039 25354 955 31992 16048 12739 13685 8135 29095 1669 18420 30370 3401 27952 31964 17484 16056 30509 29804 13177 10770 21905 16239 7414 27214 4751 29940 24813 26427 2356 20050 7257 8996 2291 20536 25043 15030 15507 33178 10629 17175 32884 22285 1863 27341 20753 
19346 9901 32548 30437 4365 9822 18846 20603 32018 12565 25353 28462 18664 33066 12104 5218 6827 21099 7509 8649 12646 3825 24156 27110 29235 7835 26499 18024 9697 20344 20064 10330 11531 19116 7271 15895 10225 7403 17784 8747 1254 24423 18495 19918 23993 30598 6422 12107 18201 13930 2042 12133 32536 26197 5748 28275 15319 13533 27586 6302 15163 28936 16631 26693 
29338 5188 23875 6067 12591 22945 29595 28626 13873 14594 15048 19152 26478 21470 12545 11183 16686 14587 4603 15727 22070 10350 25288 3893 5169 19378 10195 20331 14818 26825 28310 10661 13300 18689 31509 25890 8139 27609 2307 3298 23489 17355 3736 31254 20111 16281 23723 18083 12154 28325 15096 728 19961 6889 4621 25129 26266 14815 11964 22371 22926 6779 33031 2730 
6754 31044 9906 29674 6444 26995 14258 11220 25636 17994 23760 12251 779 13987 11620 12932 8817 26716 13659 10064 14891 33061 1698 7661 29162 28443 30031 33375 16508 10853 2609 4549 23184 27297 727 10914 20796 14985 3420 12936 32978 27179 6473 15043 7671 32874 9261 31269 26094 22919 7837 7489 3772 24316 29932 32933 551 7754 32812 17058 33389 16708 2893 4364 
25291 3620 15277 27373 33386 33479 6813 14155 27162 28067 29197 16119 8732 4962 28674 1331 9167 17798 23601 12938 8618 1324 27158 23950 23860 26474 22295 23753 24468 25187 28116 16263 28806 24679 10140 9983 24662 31734 24137 33111 7592 1125 15734 16324 20868 25695 32436 11322 9997 3828 5546 33396 5152 32703 23851 10298 6969 12650 555 31436 4341 9957 28986 14434 
1140 5630 24416 7089 18651 29840 6704 26242 12251 22437 9070 33119 14636 8010 25727 5919 11838 31272 5820 31771 30480 10957 8573 18735 4893 23909 31457 9233 370 26947 4953 16291 13864 10656 23379 32514 21782 30082 25260 537 311 835 14942 14946 23626 7173 2152 1968 4950 22753 15025 16716 214 23597 16737 5106 14010 14698 29120 29161 8150 15360 11957 3300 
26015 1840 2318 14301 31922 27577 29619 32232 9698 11066 28464 33324 33020 30615 16578 19256 1159 31603 2476 1372 2991 499 21259 17001 15197 31666 27448 4633 13530 5909 7932 20831 7749 10249 16418 6175 19112 27323 19693 28810 19675 14661 9925 19200 26563 7789 4960 27721 5896 22218 10380 23669 22716 12925 21956 19199 11095 15908 23831 5911 21817 13049 8028 29565 
4584 24445 17026 23696 33055 18005 297 19234 32665 10221 4938 7019 18009 24680 16027 5192 13402 26406 28860 17404 20617 32102 17890 31712 14514 8225 18909 2835 2561 26937 13686 7144 32668 11998 12126 32227 30002 12422 17966 10459 22642 4190 32259 21938 28869 14790 27129 23557 22482 3780 7466 9604 2386 6642 7820 16899 29648 8015 1021 32208 16238 29488 20639 30193 
7991 32764 10211 4497 11691 9463 29737 837 13653 28501 4061 23808 9795 31189 13870 32277 16255 2622 8385 18640 9263 30986 16826 5415 20287 32628 4128 17812 28620 24766 14509 17897 24034 24719 3681 17011 687 33417 17848 29121 28422 3195 19433 19504 15671 33302 33067 31925 17210 22738 31852 26472 1515 29964 31887 21801 29096 17301 6117 24220 23353 1912 23404 28673 
26631 27084 12189 8604 27005 11323 4229 3219 14517 23661 22722 11474 4755 3580 9904 21964 26317 23042 29723 27831 19510 9401 30918 15110 26701 18322 20616 31340 20233 10524 7804 28150 4112 1279 18040 12404 27383 22268 15622 8405 27216 19630 1165 13257 23209 11068 16507 30812 614 12734 6434 20123 22134 18638 16519 30121 3464 18422 27965 4984 28945 17056 33133 14344 
18334 17678 26747 12222 21232 23655 1913 29734 9789 3077 9495 14284 14145 26002 11600 29540 20022 32815 30950 8661 17957 13973 5286 21421 13681 33251 7691 9131 31593 22110 4761 16431 21074 12794 28652 8811 2953 30564 19831 27523 14928 10613 23093 10359 17901 15979 6403 4427 15298 18639 13087 33254 13899 18373 2466 27579 32910 10156 17996 31007 13553 22756 28724 1131 
16836 23881 24723 1075 2236 11059 9884 31945 2958 32976 8808 20858 15459 29993 25284 30756 15136 19658 11802 29034 19317 29049 23118 18 20492 22400 31024 549 26443 7539 1679 9783 31419 26402 10858 14942 18747 20741 13391 21704 1509 3486 23848 16967 33478 30418 29010 15118 16580 22098 25439 2401 17651 29843 17200 4647 18747 29510 19977 11694 3554 21656 21477 16259 
29344 13621 31200 29377 15648 25878 17585 17156 29363 7937 15410 29345 4859 10924 25749 2726 14308 32474 19908 31958 28821 3613 17892 28855 33122 4373 7053 3180 7315 9816 19439 3163 4723 31925 13826 20371 5594 31410 18813 1461 20633 727 12092 6779 26432 19128 24286 7244 18106 10698 5707 28214 29092 4885 23573 28719 24039 11912 13185 31354 21728 13910 15803 26450 
27122 29629 28107 32715 8830 13425 15463 10750 14151 8841 17528 21870 9255 23100 29113 8648 302 16106 3366 10681 20990 8225 20686 11534 20136 375 24174 23150 29067 21263 30887 3980 17396 25498 3199 26226 20209 33443 18262 15647 23571 2294 4021 32825 25393 33133 22759 6981 15744 26124 17661 18020 15635 19633 10840 17058 1295 1518 6712 30361 22781 4103 845 21463 
10888 18825 28975 12383 60 13741 28029 23630 30816 32049 4246 4000 12974 27005 25763 10004 920 24710 28023 16555 10848 20150 117 12142 21667 21610 23789 25734 7000 24633 28484 32669 24744 23963 11556 24803 18991 6090 14937 16311 19425 19183 1598 32398 12692 27360 8906 13611 18574 18216 11452 29421 4870 26350 22849 7823 14465 13142 14844 2751 19061 9832 1924 10310 
15081 13479 1617 576 19568 31336 31669 5498 31805 33266 19182 25783 27130 28088 20680 26990 12808 32132 4203 32459 6273 27051 6786 20737 6698 21629 4774 25758 31460 6697 2572 13046 1463 18971 28403 21030 31593 26576 7814 29902 7633 8283 3476 16049 17657 24155 9544 11751 4078 13746 10714 10351 22083 17499 12374 28780 20415 17148 2330 18379 23844 19683 12711 25306 
19940 22401 27623 18037 30263 16723 29225 4401 6292 32700 20449 23948 23360 11279 2203 27437 6311 12916 19074 28394 11702 31448 4965 32116 15100 7294 31781 20230 8264 25779 26823 28203 14684 2237 12745 11451 246 23256 30633 6538 22461 32369 30485 27107 10152 13975 2335 31245 8177 21409 26143 1165 648 12394 33280 15747 975 12853 2481 9238 19918 29303 3945 15888 
12826 31471 8625 13072 2519 5763 19609 6266 19418 31380 14659 10856 11859 16993 8605 20036 19688 16034 21200 20335 28428 2272 17368 10689 29906 19849 19926 16328 30438 5157 32215 9769 17915 7344 22840 20433 27888 23735 26698 13810 21619 7861 24666 33478 6140 33270 1305 7115 30591 3791 27449 6810 20844 26104 17498 17254 27239 3928 14868 24181 9084 28369 15236 26998 
2218 19362 28717 11392 9601 21919 25202 12507 11066 31154 12489 17206 12215 28575 24320 9310 32365 33055 16119 19714 25663 121 18254 19406 18830 33122 24874 27914 9282 21396 2703 26281 7263 12707 4178 31645 1130 10666 10656 12196 8324 4431 10688 20538 33005 1512 29848 13162 15853 12471 14162 8021 27374 32415 8713 12708 13328 14873 21908 22610 2774 5898 15395 10036 
18604 859 22967 1020 11524 128 13215 19847 4558 5189 21672 18850 6700 18024 32011 3840 11781 12677 26642 20441 26378 1859 33149 20993 31514 2848 24889 792 8745 21570 25609 27348 22429 15080 28368 15239 29989 22869 16373 15834 28058 4549 1188 16044 3859 14485 1170 30421 8448 27811 17367 16112 10957 31802 3609 8975 1154 9784 9766 9899 31354 1879 18533 1574 
31740 28187 16812 28234 17561 33184 10572 26905 4237 26541 24235 8095 22312 25405 5021 30759 19720 3674 13375 11963 1980 31766 20937 3133 8054 11989 13031 5912 28649 31564 7485 26894 7542 5584 2919 25102 5272 28272 33293 24291 21317 24033 13672 10133 30724 33474 22178 16948 3652 2057 28911 5631 15109 31134 8764 23163 9628 3081 29074 4781 15931 17846 31674 23473 
23429 15879 29861 9987 10655 29659 782 13258 1483 29236 4677 32206 29214 26854 30440 32866 10198 7142 5001 25306 4781 28546 29755 14408 31627 6621 475 28844 24466 13436 18821 29181 29314 15187 20454 21256 26132 2523 1018 27614 31758 20477 26324 27476 28617 4555 26846 20101 11697 13134 11912 16477 8184 22953 12171 21097 29573 12645 16446 1830 7367 16553 31010 3186 
31739 32751 5728 24375 1778 21527 33275 40 8508 7390 8802 3630 11945 16935 5017 23641 30068 31710 21404 19538 21168 14861 7140 17245 8792 4872 19075 16159 21424 31371 631 19668 30626 6358 25329 13690 27884 6396 28511 2897 13785 3818 21308 25729 20752 26324 30656 32106 24539 18564 18148 12211 33424 6574 10742 8721 11445 29816 6166 32869 8979 6796 328 20891 
13153 6943 1086 7541 13338 10883 25219 8410 14700 27813 643 16738 20642 12586 30130 26467 12436 14783 19964 27147 2643 30705 2372 14088 8313 23319 28243 17291 30114 28570 19468 9771 16799 20553 32093 30137 31436 5104 5051 27422 32916 20475 25447 1349 14347 22081 27815 26783 18150 29065 20434 20793 26275 4092 1385 15874 27410 29627 14451 24028 5988 423 15085 22786 
2263 28464 714 14985 72 20546 8911 32988 22308 15644 841 3159 4230 9943 29941 3666 5512 31661 24458 31786 2257 25842 14164 29666 3260 9901 1485 24029 10324 31351 13320 12586 26320 14033 27570 26391 1084 17767 25883 23391 14698 8011 7836 18927 17953 19064 22592 23464 17229 28337 21755 19486 20683 17205 30438 5230 27106 13210 29258 18716 11065 23864 31301 3889 
4402 6662 11567 20267 5715 18736 24944 20412 26746 14066 20625 11203 33129 9722 1172 16863 19345 4213 2853 21314 2704 14577 26543 11096 27786 3593 29811 20138 27456 8903 5313 13144 15564 16879 14697 21279 2120 6145 8195 28865 1498 28820 21355 1131 19828 3813 17993 20459 8025 2132 8277 25510 31491 1325 3111 25781 19699 14208 27205 13659 23111 32518 26803 5179 
30683 22786 7744 32802 10218 30721 9459 11715 7332 30813 12845 8446 1130 30838 28904 23936 14256 3685 15950 12251 19791 347 19319 5994 14555 13028 940 4170 26832 9029 24130 24020 31814 13161 23326 8536 25168 14071 20250 32499 11388 33095 22231 27299 11724 32421 32521 25979 17392 29758 19517 3688 30104 5340 24463 25945 33149 25402 11401 26486 935 16818 17010 14036 
29978 6840 22571 2937 2198 9326 16722 13585 23707 5457 22171 16717 4382 2483 23982 21773 32240 10003 6747 10136 30124 12497 17367 29778 4403 28768 22768 20120 12090 6282 660 23354 27903 4517 26290 30100 28624 9516 24972 18835 29754 28429 2056 15422 30911 7325 3699 10943 17327 25228 21078 13956 4229 19731 10238 23413 15003 14292 24819 8379 1860 6765 31732 29762 
11282 5813 7654 6410 30110 32625 25245 26368 8845 8587 8294 6260 15911 26775 31984 14525 33289 853 28480 4022 20584 20004 8721 2091 15582 14827 25252 17441 21591 4775 13707 32872 10588 2647 5787 7202 16558 12318 14857 25402 2191 23150 12949 32884 31211 11437 13913 31004 12290 23679 16312 32873 24969 6320 16250 7055 21146 22788 5782 9241 27563 19488 23400 4655 
3422 10473 26638 19979 4077 22781 11886 6267 27218 24834 20437 24933 17557 15636 3729 29846 20601 1327 10510 12074 7646 8047 415 28791 30834 6196 19319 24901 6971 9223 10842 10392 19695 18767 11657 23771 22834 23542 11324 16556 29662 31761 22776 13724 28683 26504 24856 15789 27830 1871 9149 16763 24699 24346 26840 3324 11828 12663 9512 18798 21885 20353 10476 22866 
20406 22133 13141 9745 26961 5752 7587 23128 4017 30362 3356 32699 4657 28211 14992 13774 11368 5428 30536 17353 29773 23880 20677 8105 17830 30188 8190 21001 31827 18665 10372 25 22084 4799 24551 15550 10550 32137 19964 14566 10291 4606 28552 14947 14103 24830 10007 25471 30257 7047 24110 7821 12214 11291 15926 11330 22765 5402 32330 21097 5353 23988 2408 27437 
28787 26958 24273 5841 25599 25523 1694 17176 30128 11532 32123 10735 2866 8634 17492 14410 30463 8107 3517 23963 19397 729 16579 23449 6130 15413 11050 11483 5906 13457 20206 15979 21701 25765 21819 13804 17792 4799 30980 14424 31112 10894 25158 15265 814 23937 29674 12563 32043 14477 17812 32726 15206 895 22679 21335 31090 15015 32817 3500 28471 814 765 16676 
26578 3870 11767 10874 8669 24033 25297 6285 16213 31742 21549 17026 3470 32509 10876 2017 28273 28687 16029 9983 10869 5213 12604 8463 20227 26708 26744 29985 27521 27508 27947 20604 31377 21000 31477 21332 26319 4566 8904 9036 17594 11739 7349 21063 10753 18224 4366 20312 28197 20394 30294 5570 6893 9402 14032 8407 2614 7280 19678 11422 1292 28911 32025 13956 
16416 11293 1792 9239 30640 10695 33057 29520 22434 6910 31869 14473 6420 2739 1289 1121 4420 12869 21473 26094 3557 2009 1005 20953 9289 1969 32374 25362 30880 30903 5822 13800 23482 22396 4325 20627 33090 18668 31433 3315 6864 29807 17787 13283 13832 362 29186 18251 28012 17163 25632 31569 458 7923 19026 24528 9892 17904 16395 7276 30093 3503 2362 1366 
25898 21468 3279 6780 6641 1217 24876 13504 31023 23950 8074 11359 24311 18546 10897 115 2213 3033 31683 17452 10955 17213 8485 2133 16403 6166 9408 27782 9668 11769 29147 16853 33237 32426 4919 21164 147 29794 15954 12456 20248 24027 23814 25846 23859 15997 25960 26071 19029 5434 24810 11271 22646 33294 28185 20335 5964 4098 14621 30413 30648 25054 28552 11676 
5271 33470 32839 20199 11056 30080 32654 12590 1898 4260 4940 25757 20256 12186 33114 20572 17619 24428 13129 21551 24226 7818 23172 11476 11915 19079 8394 23850 10638 3450 2030 30690 18207 16156 17394 10549 12740 16552 23138 14637 20811 9365 6898 22354 2837 6517 9430 20456 12231 22558 23293 2962 30375 12970 14437 23577 32048 4117 13931 23972 7567 30742 21167 7060 
13402 5065 32390 26141 2903 22032 22065 5001 12683 10249 27354 15520 31547 3288 17262 10283 7132 21841 13244 18793 1315 8967 8874 14650 13084 4091 5126 1937 1338 7579 23778 14739 12643 22672 22167 15546 11208 25518 1833 5178 2271 29186 1984 15105 13760 532 25387 20891 22372 19917 6188 4974 28883 29844 19623 23253 439 6035 25189 16558 13614 15471 31297 7543 
4647 1255 4375 30637 8059 6207 17101 10329 1897 19084 6720 30438 19615 32106 17833 23273 18527 5308 28246 28697 1656 29155 18454 16876 16477 24930 33434 11377 21687 12522 18919 7621 28558 23294 19544 3121 10787 3149 28231 27466 3519 1456 24408 4420 14848 8746 27692 14662 28835 3730 9863 30490 14171 9603 28652 30647 15819 9877 8528 18793 22398 8734 26413 32242 
13314 12461 16649 24100 30391 11385 18070 15196 27622 8983 19615 8974 32510 28593 23635 27849 13609 14784 6130 27780 24387 1286 6218 21492 11163 29528 6789 14847 4766 33201 13594 32861 26948 11529 23465 5130 22913 8040 20325 17039 31804 6444 7300 30818 16324 30934 6458 29932 27005 12587 5503 32678 13872 11721 20674 6321 22535 27463 2455 8587 8455 30830 7952 16690 
8863 12703 3106 31776 2029 23431 30101 337 11161 18687 12441 27484 30908 18898 5208 24417 12771 10710 23599 7930 3717 10777 14250 26251 19526 16704 16124 9268 28820 24075 25957 4188 3283 29062 17250 5311 284 13855 20430 26227 13829 32870 1502 11241 33055 6709 2162 12330 32201 25760 20259 2422 17823 15796 9960 18636 13786 26083 27903 9111 31445 1651 13298 16014 
11999 30547 2611 27065 25688 23040 19796 6021 3702 21297 32043 18043 28006 709 11659 26711 7755 31918 10419 6865 29000 20378 25500 9290 27748 1194 18400 25697 2844 12984 22997 29624 24817 25607 23193 17010 15152 9493 4317 140 12077 2865 32964 6587 3573 11127 14584 26110 24331 6289 32974 19835 7954 6265 10412 2206 7458 10098 9189 25083 23082 32185 21211 14403 
24296 10909 12699 20734 1688 17016 2160 13764 19880 1628 1637 4739 12755 31002 12135 3590 3796 26395 4712 11749 32659 15123 28736 21403 25220 4429 12990 29588 3118 706 25278 8700 11614 4481 10721 28083 2783 12880 8352 3949 14508 9988 23470 8549 7495 2109 26920 26072 28504 31631 4325 8954 28040 14347 30357 1052 18775 9851 30639 3179 25338 3708 26660 18238 
22971 3885 12826 25753 16765 21177 29702 12559 31164 963 2394 19945 3071 29313 12521 12861 8736 31627 3102 3280 27260 33458 4331 12539 24595 16257 30499 16438 1251 23664 1180 24221 8835 28787 16479 6886 16468 27467 731 28919 28429 3124 30150 12786 13724 23958 25647 22459 22089 10035 25738 30636 24779 11356 9679 15878 8899 21465 13602 10149 26415 29564 875 1754 
24855 32135 8640 22610 26106 24152 18033 2326 27276 29469 15111 7504 19931 22044 29962 23307 32078 3491 20447 23361 29628 11412 20526 19813 32876 15414 29962 7082 11482 12123 8836 17624 25544 32257 6738 32936 22913 6057 1766 31475 2030 31658 20265 3248 20207 31513 26554 76 1509 13505 4724 12423 6203 25249 32236 5584 7167 9989 12665 33431 3398 2787 17559 28941 
16330 5583 28381 20530 11639 11433 18509 28450 9595 5279 31697 29801 3296 24755 11164 19586 19546 15887 13296 25749 22422 26818 12619 10875 3311 6570 10810 21490 9357 9655 16935 6973 15237 26602 27502 26875 4539 12516 21830 28915 32576 1318 25221 2376 26073 17671 3249 26905 62 16544 445 22483 9866 13063 33357 27958 19633 25454 15952 10276 1613 14173 17248 31632 
22061 11255 25011 7886 5057 28127 3305 4137 10732 9812 21294 18091 27482 24542 11500 27543 22372 11945 31312 13524 6294 12461 22768 25926 4419 20006 17488 20813 683 1241 18949 22743 27277 25247 30628 32333 1165 15220 2974 11896 25031 24267 29986 19018 30096 7991 13065 259 1222 10882 13783 7515 23342 3055 14728 9047 23061 32215 29859 5030 14742 30095 9060 8523 
21846 20974 7360 23010 2698 25115 16193 27729 30669 12683 13251 8556 1960 7602 8814 3181 33265 22596 25478 4398 6938 6710 13444 11285 5429 24590 16314 20171 21189 6660 9980 9539 27634 32122 13835 11618 23741 30027 5851 2201 9215 388 10756 25956 7990 19570 29137 22541 23452 21119 26939 30389 9115 6887 8178 14543 31476 5779 16000 19169 12438 25980 9994 21358 
24606 23829 32976 29633 20360 20113 31834 10861 1788 9094 3322 9777 9950 13745 32317 33402 16150 7047 30295 25264 13934 19760 21093 11914 6825 3598 12370 549 10864 22363 3194 1974 27478 17456 31606 29125 4073 11231 6490 5860 1612 24593 30418 11561 19624 10527 11467 17060 17573 23049 23610 12793 24095 11208 5994 12206 29587 18363 12754 21737 22012 15947 4997 15995 
14689 17889 11624 18762 29120 32895 5908 30731 5280 17613 8796 24903 9426 1550 23250 8285 5885 13364 21078 29979 5858 8358 8689 1949 26720 2729 4972 30018 33458 9968 27299 14651 27857 20209 33412 23481 19609 20607 2003 6175 19506 25580 12364 28931 27129 2118 3720 33013 15482 6084 10783 21339 14441 19471 4575 22447 3487 9546 18970 3449 801 27555 18099 28657 
14269 32798 18642 15164 1196 1931 21338 20701 27510 14988 16136 21144 17106 1142 1948 13874 7226 12731 16499 21666 13488 21073 10618 31756 11906 10874 1709 12706 4933 19808 22649 488 397 22577 30433 1592 24507 33057 22292 18521 14550 4932 20951 31655 20855 4186 26815 28080 16916 9818 31033 11690 12178 22937 9951 5370 315 26441 32857 20029 12753 22010 1804 27931 
11091 32236 29522 16884 31798 18318 1909 27634 4536 4147 7080 25391 8332 399 1262 6534 10216 32294 33005 22393 21735 24242 9049 3336 17188 8410 23365 11227 30419 6455 5663 8014 5195 1689 24897 18279 1294 8093 12417 5829 27021 19496 12506 1857 19894 13768 23172 11397 27348 22681 15076 30370 13428 24125 210 30615 32534 4861 8346 29458 11315 14008 18758 16510 
30479 24942 1293 31772 14321 28492 18887 7846 14492 12680 24484 15673 7734 14160 27069 1586 3345 23431 31955 31554 28842 32165 28673 27881 3530 18306 5130 29627 13600 5174 12641 10583 11402 28715 23641 7009 23711 9033 14854 19490 21712 20624 1667 10732 1288 10022 12317 19415 14739 25559 17473 10086 5515 27433 19253 23826 12243 24382 19957 25842 10842 32597 17712 22244 
9104 7857 29252 14101 31671 25393 95 1174 12521 16543 11905 28591 7851 5509 14510 3877 31067 31982 13962 3086 25919 33214 26911 19448 5387 13373 11795 16228 27256 10793 19758 2864 18649 15515 31747 31607 22194 31841 14067 1219 29671 25972 29809 18808 31480 10823 22684 10338 24092 17932 13423 31297 17650 21620 17250 4323 1497 10331 20551 10040 21123 6813 27685 21058 
3614 25936 456 25807 5569 14523 8313 1744 6999 4626 1838 19765 30231 5809 30102 20827 23740 24811 33410 7895 12935 17164 26999 29214 8781 14054 20540 29903 2154 14729 32248 5767 7170 32703 12861 12738 13730 21173 29263 2015 25798 12387 3066 3820 18195 33167 5933 8440 5769 5848 31116 33486 4298 24619 10491 13079 19960 31030 9486 22113 12263 23020 9166 719 
22228 3313 13456 17244 24485 24005 19259 31570 2897 3611 1894 2378 18065 22609 10817 23833 28456 23219 23823 32753 14343 15600 12336 15589 13134 3109 18988 25397 26128 28153 7402 29642 31466 20858 13391 3742 26149 13936 1816 10332 32328 18492 12710 16897 7605 4813 7235 2565 28032 12344 16604 23661 27944 10227 20536 7582 13335 6028 14265 20749 685 21667 31678 13437 
23811 26355 17179 31246 21577 281 22865 20409 18772 16861 3811 26376 21673 11045 10227 30991 4675 26831 2443 32618 18344 22978 21487 12965 29005 17038 218 10977 19991 31895 5700 25088 24754 4165 22839 27617 4446 12208 14531 4504 29068 18341 30880 32027 29385 22393 10810 564 30510 13252 14469 15358 17517 17242 28322 27808 784 9827 20071 20775 23008 25771 27149 29049 
