86 4 2
20615 16385 38996 9293 
14918 17731 32052 18062 
40618 1072 40641 19777 
17140 15741 10352 35966 
7811 17541 21602 48753 
25418 32747 4971 15748 
19037 3385 10775 9199 
10703 50316 24496 31317 
16141 22810 40610 40935 
50417 31979 8438 40475 
33050 8396 9692 9507 
34013 29920 45472 41824 
47460 16514 40017 32196 
8578 4305 47943 27615 
7689 8158 36813 18391 
7914 20627 9025 33931 
43436 49634 24307 43293 
40930 42621 43085 33297 
10334 12095 42804 44347 
42014 37716 45488 48792 
13548 44822 30428 22125 
49126 37688 9057 16132 
5163 5188 34522 22954 
25814 43546 6325 28567 
1939 40508 31177 2186 
42446 23702 35483 2221 
35796 37604 5885 37128 
34637 10690 35360 48184 
4952 25105 29627 13395 
22110 38683 29526 27272 
3188 23365 50225 29001 
16351 15868 16885 28166 
5816 48061 40229 7580 
31081 25152 19677 26194 
12196 25561 12762 46832 
46127 7439 3775 519 
42420 33401 23790 13970 
31401 2756 560 34589 
26120 10102 22907 1788 
25969 39792 39831 41662 
47170 29500 49241 27691 
13969 18358 13203 36041 
3236 35841 42190 49362 
43280 45964 9198 45017 
38682 32987 18305 19524 
45619 28741 3553 31056 
38842 36336 32843 24129 
25568 22114 15231 32056 
10931 23789 19064 24899 
1464 32266 10380 4699 
17548 11888 13378 20145 
7292 32452 24479 45974 
24756 42783 24815 19815 
30841 28367 311 19124 
14143 43030 43252 49588 
24462 17800 40961 35392 
41588 9465 19609 43051 
41731 39865 7067 18596 
1193 30321 48617 18362 
12213 22536 23653 46845 
24637 48467 25977 4918 
26274 36164 33918 50293 
28634 36487 8639 12413 
3727 49599 7123 4632 
8505 26731 7000 9553 
25913 14066 38025 36983 
3704 36082 4785 15916 
17935 28437 22078 1889 
26344 48054 16684 11935 
33658 42 21545 11733 
36529 30184 24145 50132 
29223 41144 4205 47604 
17315 11204 6597 2546 
35147 3939 39528 38850 
40020 44312 14084 17273 
32066 36161 19161 17727 
33656 35844 29661 26631 
45763 10523 48240 41609 
40706 31703 41181 29247 
22287 4703 26291 49479 
15907 42765 1465 10371 
46703 40992 8538 46041 
44621 22621 12754 36004 
18100 41791 3171 11073 
36953 42708 37703 32156 
2671 35384 23205 2695 
