91 88 61
1284 3220 7929 3378 5116 13865 5320 10513 11268 12713 6800 2510 11552 6369 8196 5667 11975 5692 11018 2845 8337 9853 13430 9418 11474 8155 5452 7265 7216 6425 7884 8499 9644 1599 11737 546 1391 2983 11058 12518 1483 3645 814 12894 10013 9009 4487 7915 487 1291 10619 8823 11003 9836 4027 8403 3917 9479 1594 10993 1690 9338 5278 11194 10936 2941 11739 12326 5784 8584 10630 7266 12228 11443 6086 8167 6379 10432 1868 6725 11723 12347 1335 8652 8109 5361 2842 11885 
626 4435 8804 2316 13772 9 13509 10495 2949 11034 8607 8732 5544 5164 1784 3698 2533 7869 11725 8771 4088 13592 1423 1597 11865 2617 10248 5760 7977 12949 3572 8603 3171 12375 10778 2729 12243 10073 13223 979 7033 7757 9710 12577 12920 11494 2061 1239 5149 13785 10010 9096 13304 11292 10692 10955 13908 6727 2642 7811 5602 6073 2200 8772 4234 12837 11361 2404 8836 10510 3382 1656 4053 12951 19 2759 10231 2079 3998 1167 1791 14007 10262 881 11225 6881 11695 10919 
13607 123 4656 4995 6195 6716 13767 10429 5339 11054 12692 14035 7350 1860 1617 11403 737 1635 14021 10968 3573 3945 12134 5223 3738 8182 6103 749 989 3585 11667 522 3707 2250 5377 9902 8825 5070 6117 90 1910 4735 51 9119 6594 1527 6308 7190 3021 6256 3944 6594 10200 2004 11816 13938 10046 3706 613 11034 7290 12140 11416 10856 176 2719 6684 9000 7648 12660 8949 9417 3181 8860 4462 9634 10386 10770 2751 13407 2952 6694 5787 13011 8558 3389 12735 4530 
7094 13208 1350 170 11274 12765 11026 11449 1270 3496 6235 8917 1943 1110 4260 5123 9829 8582 544 6142 5278 3294 5335 8089 9847 10981 6886 4191 296 5408 8580 7250 4542 9930 7279 1602 8481 4091 13050 9751 7587 5071 4454 9389 6180 8574 438 1796 3082 841 7937 8219 3994 13131 2234 13841 9898 8979 3818 10193 313 12398 3229 4714 8114 10508 6315 2381 525 5151 11991 7971 10221 2372 3286 2188 10945 3584 3983 14026 4424 11779 8171 8418 10696 10264 8045 6520 
5169 11722 2499 5342 9906 5728 10055 3806 2022 2297 6187 2546 7307 4104 10377 3455 6475 13522 5502 3206 3032 9344 3018 7316 7049 11188 1520 3531 7238 9424 10050 12267 7072 12408 3535 2765 3922 13589 6570 5943 1672 12756 8349 8839 2787 4652 12153 9121 4100 3581 12187 6992 12924 1131 94 5759 12179 1613 9289 5343 10896 5125 3536 3754 3459 7070 6518 7381 6446 13088 13183 7977 11630 7458 2742 203 12109 821 9324 1996 4261 7297 8847 2971 8427 8940 8729 6532 
10412 3944 11875 7094 8928 1197 10847 12387 8127 3292 5554 359 2166 4663 8335 13795 12121 10937 13998 10016 11617 9108 11871 1665 2331 6644 4635 10617 1370 13364 3076 11781 3094 737 4801 12022 1793 1435 10195 9919 4726 1675 10277 6751 6197 4399 6472 4104 1122 6396 47 12598 1290 11777 189 3620 4348 4684 24 5717 3974 3099 3285 6927 3695 7945 4875 5487 9379 856 1333 13964 2390 11469 6641 8587 1654 13113 12690 2775 5295 12596 1160 6445 10300 1208 9924 434 
5891 9947 6150 9864 13045 9294 2718 2526 3166 7452 8013 12544 8308 9205 12295 10697 6600 4862 5070 8254 3761 3547 10888 8916 1929 11907 1287 12228 13115 11210 12521 4932 7084 4598 583 5915 13751 3160 8441 2843 10611 2380 1174 4705 11444 13468 1189 3970 4116 6118 12083 7877 9664 8758 2719 11593 6591 4005 9607 5492 1001 8055 10424 8084 12512 11006 13999 12189 92 8226 819 10562 10465 1992 1054 7835 1246 2242 11664 5361 8359 9534 13237 3810 4218 1742 1329 10668 
5606 10795 2087 6607 4776 12370 617 3074 9162 402 1050 9113 8487 1868 5601 4878 3859 6514 12572 5104 8615 10163 10324 2901 5623 9488 6570 9700 11089 7758 6154 2622 4479 8100 9228 9115 6256 9704 12188 1344 10106 13097 10456 4519 891 1844 9257 4749 8357 7755 9712 2899 3844 5963 5659 9326 1237 12088 4812 12325 5772 10826 733 10250 4852 9960 5151 11108 5591 3126 12311 1483 2149 8694 5861 3040 10397 1044 7648 4540 8799 3147 7298 12502 9109 12956 7615 10205 
10970 12426 8316 2528 9178 9049 12638 13890 4795 3715 10784 10385 6840 9021 11867 8849 3501 3515 11888 13897 4558 5322 4364 13216 8468 11661 11645 3363 10404 5046 13567 7160 3258 7670 9688 12436 2645 8252 12112 7439 11826 8682 3611 4453 3629 1264 13301 6990 4778 11115 6813 9336 2363 11036 8338 10691 8484 5909 14053 4674 10814 13547 11833 14072 7143 7307 12294 9647 1345 10332 2872 13031 4940 6342 3410 8428 7606 2637 1344 12243 13611 8017 7365 1760 4979 1630 12450 13322 
7398 12430 3922 4139 11763 1542 4137 4692 8708 2357 265 10053 12548 2996 8870 3414 9338 12279 11701 2730 842 13045 759 239 6988 8124 1998 11826 9613 375 11075 2937 12664 923 7075 10353 2464 11071 971 11032 13427 1095 7011 11901 4090 1807 1101 13287 13945 12802 1943 713 11633 2702 811 4547 10685 2808 2299 6224 3042 13373 9160 1632 83 2022 11984 2406 13092 12814 13437 12306 13908 6234 9993 3785 7900 10954 2998 7771 9682 4801 8343 7241 7362 9153 11647 3973 
11821 13805 10196 789 12965 5142 2421 13047 7023 191 1239 5902 12865 603 3994 12699 6696 13986 2410 383 10866 5268 8153 6334 10068 2283 13434 3356 11295 10867 7188 9042 10599 3310 9691 9490 8311 11971 8323 1261 12161 9561 7022 10952 10023 11015 9438 2506 10927 11707 2888 7580 2901 10900 13773 12968 13182 12994 2110 10264 9787 9297 5092 6312 12466 709 1588 6564 12679 9910 7824 10627 5398 772 7365 1207 11786 2729 3712 8499 223 6599 2005 3123 3426 1565 1878 2394 
485 3847 12657 10271 13144 3536 2370 11396 4244 3957 3886 2850 13867 11569 13336 5191 12200 6627 6257 9772 9216 9969 4198 9438 2494 6062 12420 5779 7626 224 8173 8110 4071 6616 4168 3001 10151 6537 323 182 10493 4069 2891 10286 1564 2153 1263 13764 8639 7520 9462 3781 3275 13519 13078 5768 5508 11425 11407 12993 11508 5506 6890 1505 11981 11057 4505 7919 3380 4688 8100 13872 8756 10990 9945 10179 13142 11207 9729 7567 4513 4978 11348 7787 4423 10212 13415 9790 
7563 10748 8710 4998 2040 1386 6362 14020 12442 10727 7865 1748 1201 1751 1406 9816 12740 11350 5921 11668 8344 1437 5162 12716 6414 2436 6290 10836 12507 5491 6413 5857 2165 909 10714 4064 2294 3002 4010 522 13588 11735 2129 715 13485 3394 10530 12152 671 2238 9746 8874 3674 694 7376 9947 2989 13665 6569 1423 5082 12981 7279 7106 13889 3779 11169 1969 6640 1106 2350 6155 12700 4478 6729 11971 7872 3046 9909 8402 5283 5442 3062 8816 6135 10437 4689 9124 
10029 11257 10546 897 10025 3611 8003 9700 7249 5098 11529 13888 6063 13878 5969 4549 4143 12558 2447 11874 1530 12215 6202 6672 3583 9123 1414 9718 5486 5962 4628 1301 3005 960 2198 13029 4430 10060 8516 11678 944 5971 11492 7007 5775 3248 11415 9777 1732 13721 7577 3261 11863 13778 9932 1372 8827 11205 10949 100 2953 1503 1400 5957 2322 3457 4773 6751 13516 13148 4355 247 5045 1634 7253 10679 4881 4454 6383 6612 4102 13959 9732 1891 13524 5450 3122 8137 
2441 14071 8096 5393 1360 9356 11209 3542 12812 1908 10292 12115 842 434 12361 5886 2067 5400 2352 6947 9853 8594 13418 13954 8339 8936 1631 7649 312 4753 1573 2752 4610 9668 8004 5969 4950 5139 9510 3549 6907 5589 1590 7748 6022 13810 13494 8088 4996 1632 821 775 10225 165 516 4490 9100 2006 12139 9271 6758 13571 11882 11367 9165 5812 3123 13975 10810 12492 3450 3643 3867 4899 11251 9888 4635 10531 3762 9630 12162 4582 10264 8313 4606 10639 12662 13565 
12645 10587 8762 5189 10084 6430 2483 5036 12241 5465 4937 8838 3743 8386 12340 7610 13284 9517 3424 3705 5974 7046 13194 3922 11487 9244 12234 2020 5670 10683 1371 4241 7196 9993 9429 3067 2349 11771 8102 377 3022 13038 9214 6765 7210 7480 301 6280 2784 3584 9844 8617 10489 8964 12539 7903 3994 10559 9782 9663 7168 11152 13763 151 7071 9119 3217 9420 6676 11178 9796 9698 10142 4796 2249 3138 12275 2409 9417 985 5852 5187 9462 2268 14010 7927 10030 3930 
4272 5738 13453 11300 2816 13142 11450 9747 8187 453 4953 650 11630 535 10207 7558 5330 12455 10695 3531 650 6038 4376 6361 11084 13697 8628 11020 7550 4584 876 11681 10181 255 8907 12857 13397 6283 8530 7370 6595 13482 7879 4151 14016 4012 11568 5132 2253 8189 8662 2762 13 12897 9123 11096 12520 3537 8042 5856 8121 8778 3464 4088 9032 12370 2871 8215 4440 11400 1372 11034 10668 9250 972 10470 13122 12539 1528 1301 6655 10050 4063 6527 8733 13185 3550 7040 
2648 11591 12895 10628 6155 2145 503 974 302 3373 9188 4741 560 10419 1561 11227 5596 2532 7484 4504 998 9011 5804 7512 4847 9726 14038 13580 8697 3374 6546 11345 752 5227 7759 6906 7372 8261 7879 7533 11494 2854 12273 12053 13272 13693 9066 4654 2152 2336 9157 3149 11347 748 10520 2120 10473 10484 1486 5097 13858 8031 2228 536 13258 9846 7301 6416 3894 1107 13948 1174 3820 12007 13226 3018 11626 8078 7532 13777 10414 2475 2712 7547 3082 13231 9526 13555 
9502 11012 4438 9146 4969 6525 9541 4013 2157 2768 10288 5910 3734 10162 7083 7553 8095 6095 10571 5508 100 3889 5211 10373 6223 7783 3846 9305 6800 13371 8646 2228 10169 12943 11233 925 5394 6700 4937 7550 9328 1012 13460 13061 11173 6329 6541 5055 12424 2898 10562 12523 6646 1559 8682 12868 9341 12527 8099 2068 11684 2531 4155 7780 1400 1175 8564 6793 7734 13500 130 2988 298 13449 1976 11471 5704 8376 2312 3914 11273 12873 2363 3705 218 11044 2499 9559 
9357 10458 11486 6968 12988 1427 534 175 2601 9097 6967 10195 8383 6956 13182 8681 6191 944 5938 11755 9319 8249 1595 6378 6908 3818 10082 7125 788 12441 2470 10005 8685 13815 2759 7459 1169 3152 7633 3629 12248 527 13823 6417 7342 12792 884 13393 13735 6681 11074 8841 856 12668 1005 7623 2272 10947 675 2920 9314 3004 12924 3925 2746 1609 11383 3774 4760 4803 7262 2794 5329 6872 9070 12530 5590 9814 11849 5111 2421 8709 13951 3137 7164 743 10759 9435 
11689 11293 12354 6789 224 11204 10573 2969 12672 7742 6602 3218 12544 13863 5871 3659 6661 728 2116 12110 10541 13824 3148 12961 8460 2885 1884 1550 3627 12643 10844 1242 9862 9125 8030 9945 6115 4529 12773 4574 12271 5301 7791 10741 4951 13522 327 11611 176 2302 9648 10576 2052 12655 9323 10371 1466 11207 11780 5093 9776 8551 6334 5424 3602 151 1156 9576 4679 13928 76 2736 5016 7727 13477 9966 7175 13663 7363 7350 1891 2797 3712 3802 1378 13034 100 2844 
10167 11879 7936 5729 6356 56 11153 9817 206 12308 5320 4745 12022 5255 7480 2964 12981 6743 12789 6082 6332 5939 13291 8082 8735 2929 11884 10113 1890 11843 12816 12056 9648 6538 3572 1791 6593 651 11467 6799 12818 2573 11403 10626 7828 4809 13450 6735 11552 12165 12677 3810 4030 11894 11752 12625 610 9562 8524 2359 7331 7266 201 2765 13803 3772 4415 6182 4422 1809 12840 3026 4381 10169 13652 12068 905 12888 4730 12456 10839 3193 2052 656 1013 13663 13280 1482 
9151 7730 3840 2268 782 4041 5033 371 7812 9447 6552 12094 11115 5319 1046 1423 1414 484 13350 2178 13231 3866 420 9997 7058 2332 10652 7931 1921 9718 9412 11072 3234 13112 13339 4015 3079 4158 4245 10750 13465 10796 8770 10506 2041 9676 11788 3315 10019 11065 5492 9177 857 5912 5100 7775 8243 1538 1632 10163 11255 10903 7021 415 9941 6147 4289 13019 10164 8533 9556 9555 5115 4252 5988 7016 13927 3702 10330 9873 553 1608 4836 1410 7379 9795 9044 1408 
11332 10675 11571 8373 7504 4378 8647 3232 10384 12795 2037 6475 7254 11592 1956 12228 1771 7803 5170 1484 11365 1286 11216 11917 2754 1978 13186 10132 11772 8156 11540 8890 4617 8897 3189 12121 13134 11835 1279 9445 10556 3175 1846 3596 694 3661 1611 2464 11464 6780 3807 8755 7926 950 6598 10679 2927 5571 6597 486 13726 4063 9375 4270 12819 12564 2177 11880 10185 3315 7251 6528 6489 8956 9983 7182 12616 11593 9505 9866 4160 13312 4547 12085 48 11005 8550 2834 
2502 1073 3319 2014 4996 12694 6143 3601 11044 8319 1407 7015 11633 8517 13542 3909 3399 9452 11090 1802 6831 6382 11667 10990 5480 2001 8861 5527 12865 3197 8360 1153 4130 11539 3166 9125 10159 9309 12585 6989 3414 13992 14003 834 8295 13332 4742 11554 8570 1618 13215 1327 7859 10668 12177 13338 12668 6964 4651 11319 10161 13011 12471 217 10476 1424 9201 6421 10592 7712 13269 14005 7490 13058 625 1572 12316 5366 13125 6672 6844 12266 7999 629 8860 6102 13827 7315 
12925 4404 4560 9012 3201 2818 9088 13536 4241 4075 5883 759 11787 4938 550 5063 3923 1175 6634 2025 6400 5545 8697 13243 3737 2482 13732 12457 8583 13485 5698 7434 3675 10117 2233 6876 12934 11320 6338 3101 1182 12081 3719 12968 2805 4129 3817 6727 5303 10311 8612 11562 1782 3235 10592 5379 5716 10250 3762 85 9521 9459 7518 13055 5502 9610 5857 4363 6717 12055 7323 7898 9922 11042 6652 12726 1097 10468 5240 6259 6565 13851 3607 8347 2872 125 13725 8587 
10234 3413 8671 5541 12731 1975 4523 4159 11445 10239 8381 4088 8080 1491 11845 3928 12532 4423 2441 13488 677 7680 5533 7242 7317 9139 1375 10188 9264 886 4561 5284 4298 13231 10825 2815 992 1134 6833 12296 11372 1141 2170 5379 2631 14014 9166 949 4223 11606 223 4900 5072 5615 12001 12388 680 13375 8362 9803 47 12922 874 4344 11939 11698 7018 12931 12691 13850 11013 9989 777 13183 1154 3267 13123 10180 4075 3273 7572 4297 8032 12644 9911 5959 10818 10451 
5120 5107 6040 5026 3955 6913 9369 1821 4397 2173 538 3014 1949 11550 12863 2726 10659 14016 5992 9569 10122 9927 12701 3621 150 6659 2051 9921 12477 12868 6158 3383 3761 12057 8408 7716 4897 3563 9396 9153 5735 9933 12167 7683 7269 10956 10268 3715 10758 2047 13283 6667 11973 11770 10147 11982 4355 12197 7689 2618 10851 13846 6000 399 11830 194 7974 2513 3616 3296 11665 9350 13088 9758 2819 6283 6500 12947 9857 3185 920 8926 9711 12892 6622 5784 10660 10836 
3767 4276 13453 404 4048 5239 802 1664 5292 8775 4176 8907 12070 1768 4183 10944 11385 6862 3014 3812 5735 12870 6856 6654 7723 2493 5332 131 8136 1918 10967 11902 6053 10346 12305 10101 1372 12967 11624 6663 7668 1727 1497 5525 3354 5539 2395 525 12400 5408 4196 4061 4205 11051 10574 11787 13403 1692 11917 7325 3470 8810 5153 9522 4943 3245 5409 6314 2138 2960 12976 9665 4546 399 1116 7759 5938 3511 8283 4124 8918 12339 8185 12982 9316 4545 10555 8506 
6237 8259 1757 9566 2995 6770 5014 7797 9874 10283 37 12011 13102 13013 7602 3574 13271 8578 11192 4995 12088 5261 9119 6792 3526 3090 5561 12842 7494 2042 7134 13590 10300 8750 9082 13155 1446 13956 6878 11319 10165 6915 9116 9193 5714 2505 12626 4771 11082 9744 9626 8956 931 4531 1674 4457 7620 7234 3085 900 9136 10078 417 5222 4754 9498 4163 6060 9380 11041 3165 5331 3742 12281 450 9315 572 13075 12 11653 8605 9497 6395 9536 14027 8068 13852 7433 
1089 2723 8333 10084 12800 8749 1232 3340 4033 5395 9399 13413 2222 12564 4530 5963 10631 4840 1064 11202 3841 935 8641 12306 10432 962 7628 10385 8889 7266 3745 9837 9988 12077 5847 8574 6612 6939 11913 10644 12193 7239 9843 201 5589 300 6023 2146 5139 7086 13207 8839 8020 7634 7071 4238 8455 485 410 3130 7750 4014 12967 3664 1877 4600 12237 8488 11398 10077 5058 9517 3102 688 9577 8550 987 1526 10555 5985 8471 9548 750 2278 3108 7681 6515 11422 
8165 6784 478 1842 10797 13444 5365 12673 3831 3389 6947 1155 13325 11865 10532 2213 12552 6035 10762 13538 7421 7243 5449 1818 2717 6058 4095 5684 13738 10470 3032 7690 3180 3509 9391 13837 2740 682 12436 6570 3930 5170 7724 3181 2961 4182 5393 1439 10077 2081 763 3424 9183 6211 5241 11899 12268 9196 3509 11793 5452 6540 5409 8631 9909 726 8394 12648 1267 6617 5144 5197 11786 12727 8237 533 2696 13630 1971 12772 1497 2733 1982 10680 8803 7082 8365 6857 
2064 11874 4576 7515 4200 9844 2073 13968 10429 10326 12542 11556 2729 3472 2539 301 2126 10775 833 4681 10191 2663 3239 11548 5255 5080 8154 14057 12161 2305 6701 152 14038 11276 7526 4025 6907 9598 3919 3262 5711 2388 604 8299 5859 3142 8600 7844 13917 9292 12384 9894 11955 1549 7368 3136 6628 1308 2980 4576 3613 9680 4587 3577 6742 12112 7601 13508 7497 11520 2557 13207 13767 3160 7292 5412 6302 1818 13116 6005 11110 11426 1825 8851 12835 9193 11846 5249 
10500 612 9684 39 10151 197 3476 2680 12169 10936 2114 5592 8382 4670 4585 7935 7830 11876 13347 13991 13554 12389 5922 10590 9601 7746 5227 8362 2725 2999 13471 13085 3611 9081 12983 13761 9138 2385 2367 7233 13321 4341 12824 7489 9010 3195 1351 2626 997 484 2403 477 12872 8324 10926 8259 1857 2079 2548 4581 4938 1805 3592 8548 10885 2362 8095 5949 4746 10322 13181 3853 449 11791 11202 9318 912 12412 11944 1769 12895 273 2245 11553 8457 13171 5738 10173 
1036 8145 540 5973 9949 3992 307 6761 6353 8262 12569 11098 4370 11537 738 4818 9114 11939 62 10026 10277 11865 11794 9098 11998 13898 6577 6381 12995 12314 2480 13891 6246 3019 5790 2121 7010 6097 8741 13362 145 7237 10247 4514 4560 10984 9331 13673 8849 9392 9625 5052 7184 7205 14009 5108 7030 6372 11348 5811 4472 13687 5628 10717 2632 11278 12838 9502 3161 7505 8650 3305 528 4823 7818 5087 1733 3075 4687 10441 12326 98 1279 5296 7303 1214 10263 119 
7585 7537 5789 12057 7150 11417 8700 9642 8481 7324 4930 11641 756 13579 732 1283 4329 8549 6230 5921 11483 10916 2149 9595 11013 3427 818 4102 4501 11080 4080 12085 4404 9869 9928 11553 7072 4415 6981 1479 11598 11910 12979 12353 11416 13710 13496 1531 8045 5652 7311 5454 2354 9459 975 13366 12886 1792 3255 3313 12732 7334 1184 3062 3129 10972 401 10200 1173 7242 11538 12770 5078 10443 10910 2280 10079 10332 3810 4050 1770 10981 9363 4123 6366 10338 3275 5038 
11989 6389 8210 10507 13723 9394 13568 2638 6152 13829 12698 7184 6997 10162 5880 11934 6392 2716 141 2397 12907 3810 6307 463 717 1456 4585 7083 11653 7860 12120 9569 35 6257 5862 13757 1437 5217 2182 7448 4972 806 558 11828 10827 6297 9688 3145 9013 9828 5402 7706 13638 11568 8169 141 13023 12613 7223 10603 6259 5130 5958 6294 11246 11819 5977 12542 2962 8018 5916 7793 8683 6333 5547 5437 12629 1022 8441 7568 10709 13842 1061 10273 11196 9089 10274 10146 
7628 3423 6535 13887 8412 12492 6107 5584 10097 11943 4052 12919 5888 9827 6638 497 2086 12045 5933 642 13066 161 8069 9701 13862 9129 5761 10985 4144 1821 6917 11772 5243 13451 11445 13515 11729 3478 5025 7612 1347 8937 6457 7234 4690 12955 7591 6776 10926 13383 7277 9778 13543 1272 5265 13332 10261 10885 10243 191 12705 2946 11822 3735 2183 9193 3176 13911 12670 8060 7309 14017 2923 13766 7037 7613 12647 554 175 9359 13937 7451 4923 13406 8582 10047 12524 4769 
6859 8553 4820 5350 11498 2568 8944 13680 11761 12119 13377 10217 5966 6613 10020 8888 6165 2984 2287 4598 3397 2461 13816 3260 9771 4665 2453 4280 498 903 8908 7216 9316 13587 12566 6740 2082 7436 6207 13702 5342 5370 9845 11307 11842 5792 5981 3793 8635 8268 8390 11891 10588 8132 1078 6286 12656 3390 10425 13154 4152 5119 6296 13467 4633 4648 5994 6714 11944 12060 6202 3072 3216 1973 165 845 7624 6145 4637 2045 339 12887 13936 10927 6805 800 2999 5248 
4049 13283 4328 8200 4328 10483 7454 8960 918 13307 1460 12861 11153 7661 1719 295 9494 1883 1139 2904 7887 5636 4809 8226 4449 4671 4939 11113 5330 7797 2287 9378 7006 6474 3364 11333 2744 10817 6080 3661 9910 7399 2308 6989 847 3886 7284 10340 5768 8282 13103 13654 13777 3838 7666 4012 8508 12464 1052 13697 6187 3338 9001 13052 9672 12365 10172 12415 8968 2178 1862 4805 9436 4169 11793 10282 8054 4863 6548 13681 13145 5438 13121 12848 9275 6574 2787 3570 
4964 3698 3193 11011 6895 12054 9849 2493 10345 5947 694 5099 7984 2555 9903 3347 6583 7623 13628 423 12485 5963 30 11416 11400 13011 10051 6461 5511 12697 10030 10334 2321 13083 7131 9215 11063 2907 11568 7194 8853 12261 12292 2624 603 8122 5970 7185 1531 5524 7608 13875 11346 7497 11218 8672 6434 7195 920 11804 5678 10949 8065 7858 9818 982 2859 6807 3888 353 13860 12601 12474 12079 1151 13076 5987 6980 6187 7517 12363 13794 7318 9636 7078 4462 4094 13511 
11516 5013 11242 2980 1889 5093 10837 11566 6074 13696 4300 9822 13908 4086 8209 12308 1951 9359 11310 7937 2125 3284 1380 414 2864 8558 10049 9941 12879 70 9379 10182 5082 6407 13161 6830 11499 9925 4323 3359 9407 8482 13040 9241 12427 7175 7476 305 2320 4572 8101 4444 7855 9341 4858 10719 3825 833 6586 2490 762 1751 12671 5704 8157 11759 12533 5442 7470 2642 8661 2803 10983 7627 11903 9337 729 5305 9501 3048 9877 3388 7492 3518 12728 12209 163 2339 
13041 6749 4829 13663 8499 3426 5293 2443 971 3612 7884 8440 6254 2471 11102 3023 9958 8932 12359 10686 23 7646 13733 9759 11034 7011 13277 9548 5146 13299 11887 3974 5834 2642 3563 120 6067 8715 2562 6898 12326 10305 1264 4366 12636 12226 7389 8520 6944 5534 4992 6826 13180 4651 2512 10000 11522 1575 5474 2454 800 3147 6427 6494 5788 9849 6613 11715 4490 9174 4539 2603 5265 5662 6968 3827 3674 283 12206 10477 5817 3124 3230 4783 7635 5601 569 5083 
7175 5902 7396 7834 9049 13823 254 623 9458 6866 12337 13808 1826 2662 2337 6951 8184 9304 10637 11717 9447 8770 8121 1050 11753 11350 5832 5174 2737 6400 10256 9911 12161 3439 3531 7136 3188 3645 7759 12505 10370 5882 12239 12056 8404 502 4933 2514 9666 1496 157 5039 10125 8277 6088 7665 5413 11779 12838 8149 3965 8881 3846 2052 12319 7237 9188 1433 10881 2733 13797 7177 8614 11963 5159 2944 12324 9951 5317 7916 11447 5334 12954 7358 13470 4828 949 4810 
2533 13787 12818 6497 8594 2451 8409 6839 9687 3523 8131 6494 6115 7854 13530 655 5603 4476 3459 3854 353 8775 11769 11799 35 10510 4944 13505 1264 5892 4101 3657 5465 2705 10013 14058 5155 4348 6683 768 7730 740 7261 13844 8454 6578 286 14056 11053 3604 3836 11405 12378 1532 8991 12273 11901 13934 11564 13164 5612 1451 2607 11077 4155 12620 11061 9310 2754 3531 10077 10344 4270 3125 10114 12583 9702 10259 12566 6541 13862 2188 3872 12027 3579 12862 10086 1406 
12582 7436 357 4121 8886 2963 1124 12900 1369 12044 8136 3983 1501 4000 253 5631 6984 10366 4140 2472 6412 2492 9012 6200 4680 12883 4013 8118 11532 25 9524 10040 7460 9880 14020 2132 12702 1070 959 13931 12974 8954 3840 261 12953 4092 5891 5863 244 9891 8334 6655 12242 3132 12715 2708 1942 2514 10826 13333 2399 6276 9299 9858 1942 9246 11850 430 10175 12808 287 8935 7548 4126 9196 6428 8077 873 12150 8321 10623 6271 762 8792 9402 13336 11359 11203 
1777 7971 10462 4175 173 5548 13892 1974 580 11528 2264 10754 10122 2550 5476 3597 6536 598 10024 539 1330 7960 8719 11953 157 9341 6531 9559 8603 3816 6548 10239 11787 2937 340 11819 8484 19 13653 9063 11546 1843 5603 7595 4252 10938 11191 10787 11535 7001 11186 12865 887 5831 10604 1044 1098 3061 10462 9561 6736 2936 5726 4309 5732 5926 1915 142 5944 1494 9064 3276 3196 454 10730 7447 11391 7847 4161 8713 634 1133 7364 1521 6963 3894 2424 7921 
6814 12745 3408 13409 1467 8993 3645 7199 845 5559 7200 6648 6912 2191 9784 10107 2504 6440 3340 13894 74 7360 8533 567 8492 1683 2087 1242 5576 4370 9162 12249 2901 12429 11585 4368 7208 1156 11566 7913 6574 4552 347 13485 6742 10130 9378 9105 2357 12577 8926 2430 5864 3245 2996 142 4788 4943 1383 10363 9172 10404 8399 12073 8619 5910 2227 1754 6925 13652 9666 13498 4130 9872 12769 10732 5929 7933 5763 8285 6436 475 10574 12159 3720 13429 12301 8367 
4158 13683 4656 13190 9874 12914 11049 4419 4750 13275 6032 11674 12853 1484 10958 2909 11356 9653 13640 3211 3372 5330 11355 9668 5804 7715 7753 9383 6930 5980 3676 10948 5450 8192 10064 1110 6892 7039 5528 11642 6240 11560 9102 4879 12903 5987 7787 10185 1426 7214 13395 4798 12403 10536 252 3993 4177 8004 13236 10967 13844 2698 7841 5080 10749 3831 6189 3568 10729 11576 1136 2895 8922 10097 7773 7752 2010 1346 3863 3296 8559 3045 7953 6748 13580 8204 10741 3544 
2134 9903 437 1764 12600 8277 6843 9276 11967 12891 12843 8622 10394 13838 11376 5102 9861 4935 12853 11731 6280 2503 953 626 5547 8765 7373 4913 2895 3900 8456 4888 13802 8752 6652 12189 2815 13354 7391 708 12032 6020 9329 8212 5644 6631 13313 1291 11565 11953 13021 3632 242 13833 4117 5788 8524 11349 10560 11418 1176 4803 2093 904 13554 8744 12952 2296 7884 6129 2863 5842 12148 12052 14053 3578 4609 13153 4869 1961 11032 3816 5452 11273 3436 9568 2847 11959 
6843 13266 9164 8018 3995 11256 8782 3336 5786 7660 5491 13669 13789 8353 5298 11723 6331 5277 1228 10800 4216 5956 12620 1174 9631 3998 12306 13066 13425 939 10812 6194 132 5902 14072 4126 3084 8780 7461 8869 2226 12951 8324 1941 7091 13621 13524 13421 4825 538 10147 8900 6493 8693 10074 2050 12550 8166 903 11901 9105 11714 3882 9096 3542 3880 13221 6485 12519 6469 1280 671 5206 9603 2472 12156 9151 1922 11504 13835 2459 7437 8661 8811 1917 4521 10720 393 
12547 11622 12154 7438 9262 1962 2460 12663 5841 1467 5074 4286 7795 6213 4816 13001 1603 7287 11083 10613 9068 8373 10234 11386 1597 4681 6123 3513 9202 2630 3765 7535 178 1705 899 9300 3666 3358 7749 9366 4824 12683 13511 12619 4822 4254 11406 6284 11400 8275 2823 6395 2435 13056 3567 4031 3664 9550 7403 12725 12179 11027 6186 12216 12732 7084 7302 2184 10301 978 11550 1051 13520 10987 13529 4268 1027 10861 10552 12427 4923 13234 4608 7357 12217 8034 11387 1807 
3510 4576 318 1615 1529 6503 13691 187 13446 6919 2231 9673 7756 13780 10583 7202 10553 10039 11330 11440 6686 7808 9653 11608 6968 187 4751 4971 8220 1924 6637 11590 6499 6954 13204 7888 13316 12681 7934 12548 5527 10164 8147 13282 9730 4517 6271 6210 482 3527 3576 7027 11194 13228 4422 4088 13274 9172 8919 7280 11096 1482 4796 3381 8296 3787 11268 7538 2394 4989 6013 7780 1079 14019 6989 10809 4462 13119 2805 4803 2572 6240 11690 13765 5394 2038 3639 4454 
11209 12557 11733 8091 13899 2316 11332 8121 6102 8386 1445 8495 13374 7317 2202 380 7123 9050 11048 11444 8095 13852 2174 10526 6018 13863 10217 11271 1687 13715 1651 12895 12199 13243 6773 11884 1485 4031 5931 7586 12416 7235 1868 11577 479 3929 11956 7601 12838 8930 4971 6859 8708 7004 3171 512 6653 13387 11782 8339 12888 13432 7021 10873 12461 13653 8683 13946 3470 400 7318 1672 7635 9185 13248 7973 12973 10990 1360 11737 5846 6190 4382 340 13054 7552 851 5493 
6725 12492 13692 5540 11710 6499 2339 10098 6078 11022 9970 9547 11281 3074 11078 4702 12119 10253 12674 11018 7169 13893 8542 12875 6010 12923 13214 4990 6402 13925 10342 12986 12343 9960 4452 9980 2385 6651 5864 8462 3459 1620 3795 666 4693 800 5368 2598 11052 3828 13616 4007 3648 8084 2808 9517 6793 1809 293 13194 1660 10634 11967 13862 6521 2205 9628 8905 8855 1278 3154 12173 2897 6948 12839 7450 7747 3993 10047 4585 7680 9589 8452 11187 3459 11259 6630 10252 
13067 6922 9232 513 3483 6985 162 9863 9190 9649 4694 3971 10927 7847 2071 13823 722 696 7199 8328 4548 3173 12773 12087 12621 7151 9201 1867 4196 1757 11978 3050 8539 6996 3562 12021 13981 3583 7670 9097 13092 12363 12927 9945 5997 784 9554 6578 1339 2680 832 5886 5712 13464 3900 4119 6401 12960 5845 10597 643 3749 13646 9181 10745 2994 6988 10512 6437 584 5535 5455 12807 4248 1326 4730 5032 10879 11307 6230 13418 11998 11976 4916 11389 1662 8895 3716 
548 666 99 1190 4415 13744 10231 946 2665 3005 11457 9101 3449 2778 342 2182 6885 1667 6771 11916 12405 4004 3933 11750 1788 1835 2452 13036 3496 11346 2679 4043 12012 2637 5232 2213 2308 1249 3158 4832 4254 401 13792 7562 3038 60 9603 9922 1726 2300 7625 13990 6163 11557 11526 7950 13391 13978 6913 2813 11250 9451 6855 9048 12087 11946 11260 181 13055 204 5012 3095 604 4590 10656 3501 4649 6185 13423 6234 8344 6974 6011 433 4317 3463 8242 3634 
3367 941 6446 544 10251 13160 9591 8125 11032 6638 8305 10013 6841 13177 12967 7305 3553 9549 10805 8062 1520 10014 222 9863 2774 6232 10295 7090 9695 4464 10723 12921 5264 2955 13464 1442 2041 8842 9566 12933 1266 3657 8732 8106 2620 7626 1337 6173 2961 12002 161 4481 7942 242 270 10576 6334 10565 3592 1815 815 102 662 5938 3056 13986 7379 4957 8614 2731 3676 9879 6388 12267 3911 8867 5679 5108 966 8640 2896 986 13120 10697 1228 13389 7199 7421 
9740 10651 9235 10414 10752 9896 2279 13667 9668 9517 4550 4208 12248 8085 13946 4422 6279 3784 13148 11957 8751 41 6523 11506 886 5429 8129 1973 4605 1115 9393 131 11765 4554 10545 8443 237 12683 8036 9904 7986 12446 13972 6160 6457 13844 10441 12595 3414 9376 10479 12024 9276 2788 9456 10161 8217 3372 12134 12681 4486 7453 12811 2177 11867 9142 10619 11963 7751 4441 7653 1664 2813 7551 7683 9130 7182 3911 7651 10455 13286 3916 8406 8488 6564 3648 4435 707 
7019 2495 13247 11504 9808 11984 13540 7461 7053 9945 5350 590 313 13002 2113 2985 6340 9796 12114 13521 13566 5552 9762 12638 9467 4094 6912 1957 7602 11346 2523 407 13701 1696 11771 9435 13540 11237 2822 6379 7109 8031 6968 7421 6959 9081 10265 13298 4663 8306 12605 4015 13857 8294 2579 9110 12247 9490 10927 5775 6622 13309 6042 6249 792 3739 1470 258 902 4151 6636 8010 12181 13603 1217 5067 8470 11482 4151 13132 5574 2543 3073 5217 10696 5511 113 8869 
927 11039 431 7409 10275 6472 13657 10926 10210 1054 11183 10971 5204 3605 4768 3312 3134 5984 8238 11464 3252 12248 10382 8685 717 13455 13901 11412 4752 14014 6068 5679 10839 6498 12947 6900 12829 12530 3752 8825 13583 721 5722 4574 4325 10489 7745 7319 2260 1769 4709 5371 14016 1017 14056 520 258 13883 11791 5010 13683 3785 10548 10309 10142 9421 3135 8897 7737 6747 3508 7107 7467 9230 11680 11652 5505 5211 4897 7764 6979 9465 13135 6921 10481 12977 7300 10599 
12786 5018 1535 12256 8802 11942 8491 4871 7149 11485 13627 812 4018 3062 7918 11345 12151 5524 8923 3582 10734 13819 11206 3499 9210 10127 10280 5477 9030 3506 2002 7602 8523 3396 5644 3112 1124 13994 7982 8272 11406 7395 9084 1210 10316 2928 12554 8253 8312 7403 11695 4832 7008 8827 8331 2004 4740 4537 7481 13629 8042 9342 7157 2352 12598 12801 5463 13581 12721 13304 7780 9913 6625 2790 11123 2728 5577 9463 10980 13888 2793 8461 4507 9660 3214 12837 11664 7813 
3300 4931 7368 11201 59 452 13552 12516 13112 4941 12024 11619 4171 5730 7319 10656 8379 4368 13383 13955 13690 10149 13630 2269 4537 4063 11929 7610 2686 9519 1210 5985 236 8577 3112 294 8888 2451 12670 7786 7391 10620 5332 11422 2276 12650 8004 10514 2804 7173 10255 2420 3108 9671 4689 7644 13733 2404 1041 2345 11922 2250 8189 12017 10686 11161 12170 5501 13611 10766 13286 6788 7312 4404 4136 9447 2980 11999 5887 5643 5098 1929 7923 8206 11599 12611 1636 11119 
941 2536 13323 12722 4645 7439 10525 1258 4386 8621 6618 3783 5174 5830 10570 12485 10094 493 7719 12933 12491 13465 4503 3376 1320 12425 11441 12919 10822 13076 9964 11622 1399 9213 10130 6043 2438 6581 7300 6823 988 13917 10605 6161 5534 6962 4433 1554 7454 12151 273 5731 11402 4635 9106 12722 2846 6473 11427 13667 5336 7177 11075 6594 2316 6991 12636 4614 13431 5863 11296 346 5566 7688 6366 10959 576 10798 12372 7889 8735 12645 13479 6064 3206 8372 4572 6052 
631 1925 5505 5966 9101 2367 12559 11276 9357 10982 1816 8715 2631 12972 8920 8196 6586 1212 5082 7021 11870 3240 696 6391 1811 101 12454 4877 8472 2812 10788 9103 4736 2079 855 13696 4445 13274 10899 13662 10182 12574 8163 12672 11472 3009 6794 3844 4080 11735 10864 1736 902 11559 8127 2572 11520 6367 7308 5778 9179 4022 667 13774 6101 1522 13397 10405 582 10222 9853 10623 8582 3942 9221 5981 6810 1801 9684 10750 13536 6475 12345 224 3820 6398 2655 1126 
12625 9963 6904 7590 13984 7570 7290 5871 8951 6613 2063 9392 2621 11775 5941 11203 1644 1088 2970 8313 2749 12653 4849 2211 4914 3121 2294 8594 9378 4808 9719 7929 697 2409 1445 468 9839 8595 6198 4576 1134 8260 13968 3615 5962 5835 744 7465 6783 3573 1564 9531 2012 6413 11601 6786 9393 13754 1306 4697 4488 10884 12626 5185 13153 13930 5512 8918 8451 11709 13493 9445 5756 13387 12919 11577 5009 13662 4828 11651 3021 6391 6968 4892 12663 4495 11677 7982 
4035 12842 12539 8522 9513 10951 13566 8592 10807 5004 3296 5045 2500 2715 276 8255 1889 13194 5618 6757 12642 10445 4334 1449 2622 11301 6340 1212 1582 3944 9053 5616 2712 7518 13997 12224 4395 13490 6602 989 4280 9897 5893 6779 12472 6168 820 147 5148 6297 6903 3716 2668 11096 5024 5150 8183 11363 6361 9624 1233 1200 1026 3805 8718 949 1815 12972 225 8277 13960 4505 4100 5779 11143 2498 11806 11823 2504 2880 4046 9406 6455 6574 6288 11478 11723 257 
8628 3870 9740 9720 4929 10765 13384 13506 11714 1126 12405 11798 9402 12151 2229 13361 3717 13232 1646 1309 10981 4149 4049 813 13415 10503 7246 5629 7768 4895 5746 2182 8624 1412 11901 13553 12037 11212 12985 9537 12197 11176 7261 7385 9254 9350 6672 12970 8508 8317 205 5275 12466 4113 6087 11807 543 13333 3222 8170 4014 8827 10351 12498 10099 8178 11977 8062 5176 10748 3525 3299 7851 10645 10683 3031 5921 3282 1787 215 11458 1851 5489 9710 5964 11436 7303 6366 
10555 10385 322 355 5138 10672 12852 1023 4636 10615 9084 9672 7290 12468 12970 1067 8900 9440 3957 747 12581 5603 822 9965 7453 6310 5602 13276 3532 12904 5568 13946 9075 5749 228 140 2347 12939 1162 6843 9481 10106 2441 2697 8360 1197 3623 3186 10636 7579 3793 9143 13181 4614 5035 6420 10923 10496 5623 242 9186 11050 114 4188 2726 341 4187 4932 13140 5208 11634 8547 1240 13934 11103 9600 1058 652 12645 11693 8090 2364 6763 7197 6977 11657 13476 3687 
7939 4885 3928 2911 1722 4041 6958 4307 4242 11144 9238 3308 2279 6659 11714 3378 6519 8743 12837 7576 9394 11409 5196 3410 13632 11818 10466 6536 9261 9728 10222 2986 540 14009 5896 2261 3836 12854 6567 7937 9784 1591 11244 11922 8249 8744 1227 555 3413 13923 8130 12666 11118 13185 1862 10677 10789 12187 2999 5976 7842 13220 8821 8241 13015 644 10361 2777 13357 2854 10714 9067 4304 7744 6916 12413 2415 8002 12967 5687 7711 7023 4280 4756 5995 6001 1219 2710 
4115 4217 8546 11816 3223 3293 5983 2164 3796 2130 4940 3079 4843 1580 12006 9146 9324 4708 7485 11738 12709 6238 3211 6206 13121 7490 10961 5042 13351 12039 7751 3392 2182 2083 994 5404 5376 6836 7567 9031 8965 12507 12110 13807 13946 10042 8739 9196 676 2011 6720 13244 8248 9931 5236 7295 3207 2124 12196 2484 89 5874 5735 2131 7816 6728 7534 13191 13563 888 8149 8314 13394 6045 7907 13266 1873 2573 8249 2408 4583 895 1438 12690 10685 6673 5772 13892 
8656 3894 2302 8605 9627 8037 10735 3370 551 4055 2347 13974 4942 10355 8214 4122 2326 1908 3315 4198 4480 11423 6465 8922 12177 7902 7398 8789 502 13169 8607 9017 2990 10768 3548 12616 4591 209 1912 5142 4124 4259 4902 9065 540 12975 13187 2726 809 2288 6783 5148 13710 13248 13929 11813 6936 7254 6528 7297 6349 921 2241 9198 11549 5788 7741 2066 5857 9512 7067 9980 13630 11828 4971 14030 10730 3944 2542 11398 6231 9324 2473 5867 8358 2328 3467 1221 
9581 9854 8517 1717 10775 10757 10914 8250 2332 4441 10175 8188 13813 3029 4094 13229 783 8924 13185 11512 12868 1513 8837 5025 10837 11169 10752 5121 13496 5 6201 8864 9858 645 10440 6419 11261 7140 455 13592 11441 10630 7706 11180 13658 11659 10195 367 6510 9167 11739 5164 10679 6362 10188 7442 3457 6726 12423 2739 6730 4550 11462 2515 5054 7828 8933 2242 755 9248 1620 12195 5804 9186 9161 5248 6771 5282 5474 13140 375 3139 4230 11054 9500 205 4282 12816 
6930 2631 1482 13660 7041 12943 1961 11954 6558 10753 14055 7172 5927 1602 5293 11590 10787 240 2624 3344 5381 8098 2271 5756 11236 6500 2596 6523 6704 6737 5265 13494 9368 6606 12940 2195 5336 687 75 11753 11439 57 4851 3153 1518 10003 529 12164 10242 3153 1294 1549 11250 3564 7164 8272 9924 9619 581 2414 2283 5706 1834 11510 12311 560 13704 3433 1246 13638 1112 12545 13554 5822 1624 858 1751 2152 13021 11852 5304 102 13261 2340 3665 6351 10612 13588 
1757 11192 1789 4039 2824 3622 1475 922 4042 965 4354 5287 389 5326 3758 13943 11147 5241 587 12898 7393 13468 10536 12556 13569 9723 823 3160 1861 11294 2535 3617 8272 4323 7655 11096 7804 8989 11877 11845 9813 2017 3059 10201 7342 6676 9930 4416 11917 10517 3100 5096 9911 13635 3438 9406 9285 4120 12425 11005 1340 746 548 9612 5068 8062 6494 12732 2977 4297 10363 12789 6313 13281 8916 13515 5884 4633 3857 3587 1076 6816 8682 10846 6237 11979 6038 1308 
2026 4389 12312 3365 5135 12859 12836 10062 6847 5256 8580 9683 9412 4870 8258 1512 4077 3101 813 9820 7593 4669 13406 8668 11344 7874 5440 3507 5780 11337 4815 7805 1652 3053 11029 6646 1699 9792 2495 8405 834 11074 4015 10106 1730 12272 11617 5807 1159 12429 1553 8751 2884 746 3205 14 8619 8504 3520 325 5767 8194 8129 7279 11107 5085 13924 12805 663 2205 7136 1496 13139 11010 11601 795 9209 9004 6461 10227 7219 7874 4905 9962 8619 7969 9835 3164 
2400 13355 3489 8166 7335 11477 1371 4368 2348 1082 2959 3010 3286 10095 4366 2351 6891 1753 3006 2026 10617 9466 12113 3762 3126 2944 13584 11744 10772 9345 835 13171 8486 4183 7264 1748 1586 8494 5975 3934 9435 8934 6943 12721 4815 11168 858 11565 12921 3723 13451 9464 13049 11490 13085 2101 220 12595 13845 10991 7727 466 10089 2139 4648 3139 3746 6233 11492 9581 10026 6854 4441 2896 5501 9115 13923 6218 6606 12770 9941 5983 8160 8776 3259 7172 10876 3478 
5553 10647 396 13279 11112 10344 1205 1546 13482 4950 7779 10900 457 3731 3540 4757 6486 8900 13731 6336 1045 6124 5032 10845 12106 13052 5547 1292 6010 2209 4629 11562 12716 5024 10768 9614 1294 11972 11160 562 2708 4865 11322 3165 8455 788 7781 868 9688 7439 7063 10592 13562 11954 7223 11454 10932 12629 12605 2868 764 3161 357 13479 8184 10984 9020 9338 8742 6106 9899 11449 10830 7007 400 5211 7795 8181 5938 3269 1406 13000 13860 894 10741 6869 12347 7599 
5424 10739 10327 6187 13899 10543 5453 7869 7453 399 3133 1981 6364 12892 13289 3120 5685 13689 8190 13339 7656 55 2534 9061 12914 2180 9814 9581 9048 8087 2967 398 4612 13293 6445 4437 9762 11897 12166 3001 12155 1085 4841 4445 13976 4056 7424 5448 3671 1540 4713 11186 1454 7247 6173 295 9286 1913 9735 4261 9860 12701 4658 398 11920 11102 4695 7468 8785 2787 10328 6866 3871 1095 11310 3634 5151 4660 9081 8821 6060 13793 5794 7513 6826 11966 7807 2039 
13879 3469 6159 9525 2096 10676 9782 13876 7705 403 7130 2276 3189 3385 9142 7060 4479 6378 10553 9629 10898 5560 4237 2884 5139 10030 10396 11825 7922 3990 13723 7587 7318 5808 2898 9273 2410 12680 8935 9974 13082 1992 12250 2058 5376 7318 8977 9854 13555 5456 5410 10379 10875 9506 13122 1800 5462 9305 13624 13243 13294 13133 6617 6398 4867 9514 1597 7137 8120 10532 3037 6989 12523 1213 9046 3825 8390 3949 13538 7872 9404 4734 4037 6065 166 3086 7864 5627 
12250 7275 4657 11330 6334 11273 3654 11201 6713 5110 4264 620 1568 7160 7608 13950 8373 2440 3561 2549 6388 3026 10280 1578 7759 244 7642 7785 3189 1292 13411 1365 8566 3994 12694 827 1053 2134 11887 7766 7243 1937 8245 8671 9096 1639 8407 3255 4078 11968 5804 10325 780 2010 11902 8398 2113 5330 2109 5301 6481 1307 6525 974 5160 5005 1660 6213 7138 13406 13838 168 1269 8009 8698 10364 9507 3031 13479 13584 785 5209 9835 1424 7078 7523 9822 9051 
12712 11790 278 4979 12956 6663 5812 4043 11667 7471 10115 4592 6803 9879 4619 7931 3674 13316 4222 13180 2133 3627 12550 2918 8695 8171 4341 1559 1480 14022 10609 118 11739 10747 5096 10621 3336 10908 450 789 4165 10564 5240 10828 6369 9718 4685 9902 8960 8766 9008 11093 12252 7344 13870 6733 1441 4137 8292 2920 3946 4827 2897 1611 1360 7853 12091 4695 4547 12401 5344 8571 8891 10443 5325 1047 6088 10010 10808 974 4562 5603 11926 2741 12946 11582 9473 174 
1646 3551 3093 5451 8238 5990 6921 9597 13702 4798 79 4175 3125 5422 12745 11876 1791 3857 12782 7738 13726 9516 8572 4214 1045 6424 6954 13851 3933 2214 14024 5438 5764 2903 10888 14001 8752 3735 9525 8380 8532 9463 12554 11517 811 11086 9319 2461 869 7887 10199 521 3329 4557 4594 4234 10980 11548 3871 699 13621 3681 5996 5171 6583 2670 5099 1262 6264 410 9641 583 9872 7982 11959 10542 4854 7204 12862 5722 877 8847 6102 4065 13403 10695 8158 10170 
8029 12028 10728 7436 1635 2651 12607 8218 5180 3632 9479 11304 3901 4906 11886 13772 12887 9631 10100 3667 2621 8888 9248 3497 3522 1136 7561 2851 11691 1646 12880 5646 13673 9535 12942 1095 12045 11475 9172 3151 893 4577 241 4793 9342 12126 4351 8156 7543 377 11682 10163 9124 6717 13659 12645 7852 7147 1283 5469 8652 89 10975 8111 9623 9843 9205 7594 7244 4303 10605 7996 8739 10845 12788 4008 8758 2925 12163 2227 3301 9631 12390 12284 2274 11835 10716 10126 
4908 11858 1381 13559 11946 12355 7597 7356 7984 2588 736 1014 6891 11200 9009 1416 7972 7723 5423 2516 10507 3372 4602 13667 13003 2918 11878 1063 680 8380 11048 5447 6164 12429 4793 3896 10570 12249 11111 4481 623 11707 5494 7513 8833 430 8789 2591 8012 138 5106 4446 3510 9708 4039 2299 12485 1703 3361 13024 10082 196 4258 2032 12624 8910 5928 9120 7085 2825 13600 7707 458 4881 1007 9151 5310 9795 11741 13321 9792 2634 3553 13161 12201 7592 1246 10612 
9294 4467 9423 5163 4662 13540 7194 3212 8376 12981 12191 1387 1593 11718 8953 2050 2525 9819 11060 7694 5400 8728 6801 1119 11361 10354 66 9488 3732 1312 5886 12885 5778 1095 3834 10439 561 11028 13650 8936 9795 11767 10182 11247 9271 4922 13157 11655 667 10143 5275 5927 4797 11936 6905 1944 8216 6970 11291 11807 8281 3104 10618 14058 4058 379 10423 4479 11266 9859 13414 6847 7553 9383 4021 2610 231 3104 52 757 13246 5186 6543 3830 3048 13447 5773 11123 
6344 2991 8856 551 5954 5261 536 9871 5499 10958 276 2551 6744 13690 9397 83 8859 13277 2552 8949 2167 2603 9705 1340 7789 2175 5029 10696 1548 10801 7746 7891 13651 2388 8302 5531 7508 8837 1329 13006 5721 1604 1343 12324 1080 10600 12266 9938 9803 745 4813 11970 3207 305 13169 10855 2339 4124 7478 3746 851 1010 11497 289 3257 5725 5819 10765 488 7007 9557 6068 8471 10900 4179 9550 7426 2231 5275 3015 2975 9947 911 6042 10251 13939 2823 12449 
3989 10160 2122 4700 11029 13478 4988 213 5129 10666 10837 5476 3600 6320 11403 12070 3006 1368 7406 10291 3599 12680 13306 6433 8554 3 12474 4591 13942 1084 2827 3717 11103 4808 8276 8059 4212 13123 8131 9200 9716 4894 462 13175 11073 11864 11031 13939 13092 4363 10156 2617 2970 9388 9049 11383 9251 7310 1760 9119 8393 4446 12695 5282 9253 6758 13200 13324 5807 7257 8450 1449 12010 8771 410 8870 6422 11440 8735 5440 1730 4817 8056 4559 14065 2891 1728 9242 
10200 3487 4147 4379 7793 2628 9661 2972 9385 8787 2223 1119 1831 10532 2427 13700 5230 2837 8496 11651 203 3157 3017 1932 7834 10932 6350 7825 13822 8077 2993 9809 11424 6999 114 5143 9626 9634 8114 4938 4208 10196 6056 6038 6655 8342 5524 11744 11178 14020 9181 11381 2963 12197 13172 10796 8915 5449 4407 8523 13385 7259 4258 10735 184 4232 1664 9670 13865 9638 534 3999 5760 6449 9896 12274 717 1347 9804 11895 1153 4911 9062 4115 2894 8020 698 11808 
13468 4964 6118 12640 12223 10375 9301 12266 533 10965 7722 185 6529 8115 4043 12148 490 13939 10209 1067 1072 5939 12821 2224 10850 7669 6198 13743 1615 6895 11338 870 11719 3382 13509 9728 13616 8736 7920 14009 5487 1429 120 11875 9543 4162 9950 9893 3887 5945 10959 4958 11883 9566 7181 8519 3161 13379 8049 4775 6060 5173 5504 3705 8554 4939 13432 7956 13535 7139 7891 4948 8567 7870 2750 3896 11892 12559 13788 1705 4430 10533 6663 2099 6025 13703 10618 9045 
12868 4453 13820 4855 9625 5250 8419 3965 10049 7778 11920 9510 703 5738 384 9129 13467 2993 13024 11285 1338 12739 12850 5627 9058 5439 7726 1010 4928 4130 10054 3723 8582 9660 8437 4133 697 2782 7957 10745 10419 5803 6181 11121 11400 6424 6176 10794 9277 5127 7865 10614 3652 6641 2168 12709 11939 9753 13578 2794 13882 9419 6376 8250 4865 739 12242 5561 3380 6125 2092 13799 11927 8132 10846 9114 483 2809 5834 9619 7935 13558 6159 11446 6126 8326 9941 3991 
