94 76 28
30765 22595 36480 75517 84549 88361 27499 53786 83453 9055 4792 89592 69086 86860 50038 1319 14453 94529 45386 68667 80083 65182 42323 76273 34669 43859 81501 88972 20439 35124 73957 51203 34759 87477 8853 24401 80930 36352 55227 69475 45406 37060 41200 19584 6053 91237 20903 92453 67900 43329 66212 30116 85552 85576 83429 2354 11568 47064 91325 32006 82187 70374 83208 22038 62943 69101 23479 26007 10545 78706 574 32992 92806 18815 29616 3951 
87092 27559 1497 37125 47929 44749 44282 15614 35417 32803 17967 46984 79866 14384 78989 67145 61798 44330 66224 6874 18524 89702 32880 6109 50541 10495 16141 25480 29309 45757 29431 21493 50356 30927 35659 3377 75675 79940 18990 88133 17835 13997 40209 2794 28380 1332 46979 67218 45661 18295 74092 41225 85038 12064 24375 17712 22558 40515 43192 51866 63312 49663 50400 18761 57630 63099 94085 38397 48131 90116 8663 65965 9205 48872 45799 37585 
50203 69819 81843 72904 65154 61027 19222 32325 73091 20637 27078 741 61151 70269 29648 29556 2065 57088 48316 59694 25279 24534 75131 50450 19742 83794 93455 28947 37758 44347 43572 65001 91206 30507 20038 61452 91534 16300 93777 46758 36936 25947 47498 3180 73256 54186 32735 75320 88314 58091 17147 90633 59665 92277 46175 79407 58204 44723 13446 1054 66110 34058 43095 62408 64564 63133 28952 61190 79432 4862 84988 21461 30808 14620 1681 81104 
68805 11456 38557 39253 46587 55703 34978 11344 53073 81153 90750 16369 8009 81236 89371 74118 20386 14599 41618 84950 54772 47610 28273 39297 29513 18354 37798 37361 32973 16519 23558 78818 27974 62114 23163 51601 22910 35182 62944 53023 21427 35828 46432 29435 22156 17936 80593 19583 32535 4344 81573 87306 51953 86886 8736 58506 10332 23574 960 20345 40092 24517 76204 45106 86630 76407 1799 86580 16681 41784 44695 15148 54652 68168 21623 53848 
86103 7308 73430 771 11651 60095 88077 40645 52074 73853 4243 39446 2520 5202 36832 19652 6759 90076 64758 70430 48616 43597 62102 42338 62421 83838 57485 22165 57098 56149 76013 25334 63456 31576 26105 75107 68712 91222 92792 25878 70167 2127 42364 72686 79277 56236 92338 86035 28445 39229 38598 77061 59866 5793 24491 27380 66671 59016 26585 5902 20257 7690 31235 83713 16307 57339 40953 85018 30694 38837 87936 5954 18004 35392 55680 74321 
68669 30151 42490 2206 69379 81087 79266 11379 63920 80797 38758 35683 44906 42383 41584 65162 27114 72819 31008 43420 12291 71960 33530 20026 87837 26558 25979 82882 38990 81658 39336 12751 88850 81825 86905 63321 45046 48304 51740 86006 34194 67538 26782 79099 15014 45406 26394 42127 358 57402 85546 84597 34454 1209 9715 4425 4807 35693 87306 43796 94391 8775 33588 88333 90600 2626 33788 17779 50929 85527 8877 85122 58158 12699 46354 50212 
58105 72748 92338 58462 35242 60017 48151 46736 38266 57865 51160 43072 70598 20599 63908 70082 29374 74536 40548 2107 77161 74335 91833 33183 41996 5802 438 5246 90449 46792 55457 53646 1673 29928 89148 36914 89944 19433 60690 33302 54338 16943 53414 30029 14582 22414 77151 20996 2043 22791 23102 79203 2219 20027 89426 44214 2870 89864 26500 70359 18789 58997 6138 20461 88924 378 34415 61001 91758 197 71343 51189 89087 29849 81217 8762 
29303 63460 29757 8386 86250 29900 64630 65509 26967 59148 14815 6877 31145 18355 77235 49933 77351 83372 47434 71367 60791 81848 14501 57641 82045 85843 13922 76224 92732 72179 62026 4169 40731 68824 12554 9115 3816 77183 74623 7823 18465 66479 14700 49609 61874 68975 76583 44318 34481 29109 92725 364 16050 12319 58004 75135 75202 48967 56451 50068 26238 611 54236 44010 69434 66789 30165 50290 49065 81828 35153 67529 30440 26893 94178 92314 
961 75853 41724 35441 82003 39541 12845 3145 28900 47889 55320 81143 1948 88811 36303 5227 89421 90538 26277 63947 62419 56441 91277 88524 43361 31523 38186 73801 58415 37457 71207 36416 90350 89971 48897 77445 34604 61741 57630 40545 14723 18042 26780 88618 11946 63082 70885 6459 58712 2254 47447 3264 58694 20857 91788 7148 52379 35066 57989 87835 49563 34288 29343 45006 29351 78240 27543 40995 22114 85173 58580 13877 80255 85359 7588 92200 
30574 55513 75700 66326 57767 5280 46631 21553 26136 43511 5741 78515 55617 40770 48483 10273 75057 77825 32319 81448 38198 59861 4577 37353 27167 40197 51229 12515 7690 58816 81755 38263 19422 62547 81630 54229 67826 33353 52822 71003 53904 58563 31651 14613 4425 80133 1926 56523 40091 34244 20104 55330 71146 1721 92682 3405 41918 49003 87867 49607 84860 74715 64910 81322 19395 51632 40643 64262 84984 93464 40357 43980 34160 72007 35634 15626 
57232 37559 49189 2415 48844 69292 34785 25082 48054 32559 5527 67012 81562 93394 21711 71514 50242 86620 57928 69636 20386 75611 16031 10462 74167 56387 31483 85368 33486 67116 6086 67758 81715 55274 47214 12692 6699 81998 37773 31793 19650 20341 3897 78252 90775 2648 54858 46109 89268 89826 92785 86694 70529 13909 74196 26829 47336 10771 17289 57863 54927 415 7754 18776 55688 54967 31467 39428 19099 46281 71220 15789 66621 52158 94040 62488 
54805 31031 85637 26206 25949 83514 17992 73518 74463 92188 5439 26892 79999 94676 84754 40019 183 92507 58794 32912 29608 90260 72339 25747 18674 25692 41535 85294 77849 40667 29915 14788 71697 20644 40993 74686 9251 36026 53296 60754 33306 35775 87645 18397 35543 54532 35456 35726 29173 94249 68637 35821 66643 23109 61567 85316 25841 8194 52744 80731 25901 82658 611 74638 8395 41603 54416 89593 77628 84752 55439 87974 25619 25218 83412 61162 
56790 23960 1980 85962 343 47657 3916 44026 70765 65482 11475 1698 50716 64218 82428 53657 29010 83038 33387 37404 6775 87802 9130 61443 54687 41609 31551 80306 66826 20055 46560 28709 21055 48539 91711 21397 73236 720 42463 49093 43242 53938 50790 70999 289 15352 29748 29298 75430 63135 43742 82204 33070 52871 25781 87757 94480 57331 73155 43439 54426 1848 49188 52521 50386 45992 50959 28714 23752 93421 54847 44034 29492 82677 20125 29781 
3121 49873 59078 78551 90048 79861 42888 28210 37824 45709 93007 14437 80080 48295 34917 16639 50142 84104 69160 77568 35188 25211 83322 35980 23724 43261 80014 53216 31031 5231 60037 11192 32144 1248 66783 4325 81108 86712 32535 1066 37513 7675 15502 94634 55970 27459 16365 11204 16656 85524 65813 28884 15827 54227 64864 16592 2581 27011 46848 10652 32241 11977 93791 41426 13224 65667 45750 94332 34512 55325 490 72024 40041 87939 71750 1103 
20491 88115 84254 14187 55772 55159 43070 71599 14479 13026 65231 89007 40036 17171 76699 49318 29147 75582 67784 19411 23382 18626 90783 57893 50992 68313 12051 91032 61345 83800 69175 58876 54048 35562 73062 14913 90721 21224 63552 82240 11291 10916 53380 28367 28086 35171 77684 34273 87793 50560 30724 16268 46227 26600 51201 74259 5 63251 47424 38390 29185 21691 2358 83232 57252 52460 75185 30106 50725 20870 89386 62015 31785 47858 90381 36911 
60069 50199 71183 52955 77799 78948 46263 6159 10640 2556 80417 10644 65807 32933 49034 84 31664 28432 60356 65957 80892 17675 1155 36709 15585 67582 75764 24411 20532 71237 61321 57642 3569 14638 15689 81368 93585 38992 87526 9317 41547 73036 91908 84394 83009 23075 61518 91714 51507 4008 62763 14532 93630 40958 28281 14307 13632 9137 38717 11205 57414 5131 68846 60983 91716 61575 24484 90393 77607 17102 76750 1287 67178 73750 85681 32321 
1918 29332 29127 30465 10380 68930 22037 9102 86928 27358 450 77601 36494 39166 88805 70948 21337 39784 14064 18145 78399 38547 85578 61098 55649 67420 39425 4960 46263 7239 37280 25221 36571 43447 32726 46950 17469 31803 33093 9490 59160 33542 64131 72694 49748 58028 48734 71085 74852 39839 66270 35384 78385 56941 73522 16167 29453 18039 93075 52756 25278 35447 55017 38889 55935 87742 62879 73403 1678 1064 59933 60837 11646 29156 38623 61394 
64224 64398 14612 21209 9329 80881 33633 64754 42914 12247 57962 72367 7327 33170 30215 32604 45657 62273 48533 6684 55107 16504 57128 56785 89516 94101 94662 6254 5391 38378 44688 69614 79816 59299 67864 66185 45273 6589 36031 88186 90784 71033 42686 3203 9295 49942 12847 54952 17307 61379 61635 49454 54923 896 83279 49531 90 83034 55785 5480 3545 77513 52134 83360 41905 25090 54637 87177 8720 67708 57496 4596 20875 5275 79746 30169 
55216 69633 62161 49563 13145 5930 4109 68067 6825 64429 22691 6914 52555 55516 12393 33140 38121 64527 21592 80025 66657 53269 49335 52417 3110 11924 34053 23984 17198 18891 31194 49454 65564 93354 4109 78708 76324 80165 51868 83149 49686 51599 67103 79281 12207 56537 17513 27368 3197 16145 12486 69853 46454 38861 4404 49564 50784 38456 50588 45022 57347 58822 94475 5044 34310 75624 83752 15726 37923 40712 75915 64649 92310 48111 49023 81557 
81688 43576 14017 84884 36762 3543 36870 83215 42404 41273 14912 93187 79729 42541 20343 19209 6455 91858 24252 40764 72575 13096 56490 87538 30848 14538 57279 5291 62648 83342 86847 26469 32011 77905 16445 68772 81447 30356 34120 28943 71628 49032 4264 33490 68613 1647 29739 75067 93504 53991 20924 71171 44127 54454 40842 52016 68991 3214 57306 13773 86555 26287 40241 699 9284 33727 69470 90730 64082 80631 1807 40802 11796 78018 51333 80408 
79664 81071 60567 78260 40154 81490 31565 61322 18077 72406 90378 87068 52660 52776 77881 21349 56103 23214 22047 65386 56940 68558 61209 3155 54281 40056 43957 66076 23166 382 51576 79870 58493 89183 40263 75688 52807 71827 42102 70883 26367 37572 40084 79026 67388 23057 5467 28584 23312 4555 71010 57292 73112 37311 60447 9526 54407 81444 52642 54613 81825 81258 39575 45410 75533 56879 26190 33432 33798 45332 9408 37205 59944 26532 21324 9466 
49589 3831 15090 49941 80333 86099 12325 35578 5544 72771 45103 59950 59307 74785 91604 23265 61135 13312 45716 18802 70190 48946 52233 9081 94278 38681 23326 36355 65213 21690 45820 91842 25521 37950 46875 82894 29142 59199 23565 34685 14104 45708 94634 73410 25586 91330 1768 63761 9735 24524 82562 56965 73469 16929 66045 49880 55609 66412 63276 2955 88101 14188 94796 18714 52138 23804 78649 58320 83003 7306 93004 2199 30054 69771 52649 32680 
66194 31457 1534 52969 55980 61136 15026 34542 78064 58112 61462 15807 29616 29830 18761 22809 21059 90598 18564 50237 19494 74253 13649 79537 81558 11745 58776 88652 81515 16518 26425 29842 47974 27958 59851 80995 66134 74877 92577 49291 15122 59131 65097 21778 88961 60898 21627 87060 56588 17231 42389 76082 91483 56037 37752 55174 67781 1621 48919 31429 90086 75343 61271 20193 80341 3255 6280 51567 78131 75897 5950 70293 40121 48087 69111 11215 
14078 90738 3367 47706 13061 45755 5921 81585 78832 43673 41851 28746 22334 90769 60174 17512 71204 3578 37704 33678 78781 21025 85245 62004 2014 91194 14431 19175 21415 83541 30389 12533 56412 10796 60238 46514 33591 66159 33191 89463 14924 75041 23301 37257 47944 60516 31809 1281 41134 46553 34959 25007 44618 25296 64052 46632 93530 55523 42847 20037 44156 50277 32569 77609 61072 69848 29215 71704 41099 62405 66259 33063 19579 89560 47360 67522 
32209 79168 68803 73342 7854 8854 75390 52472 11190 44534 4196 9812 5149 24083 6890 26345 74359 16499 9046 40524 86346 38260 89268 32537 77705 60619 42640 2377 32312 89999 69898 41561 51300 20834 91944 59154 29687 72426 16718 17917 94000 92861 27729 76189 22036 34618 79574 73436 28157 88620 91000 19596 9013 85360 29173 86718 28112 71813 66135 60424 43945 41125 79025 338 39000 76061 36532 45727 53579 30290 63644 29712 5284 91372 10993 4360 
8123 90567 77795 36279 61320 73887 32915 70332 41380 62088 39183 69492 16034 10410 12049 59978 28576 91073 37356 67575 72227 50928 18394 7939 58258 59078 37651 63541 55542 25684 44942 40705 93291 27829 76984 59703 78757 14991 12169 25229 54119 28392 94720 47193 15843 11861 12264 44418 79975 26660 89033 57294 54629 84467 65232 17979 48638 79923 58561 81220 10700 8595 27018 9083 13464 81042 45827 92220 73073 57995 94490 32285 86386 71343 79477 7321 
60245 68781 28779 45312 72482 94852 7698 9244 84412 49970 27222 15183 34986 62823 1495 22726 71417 5553 31808 84881 86594 54675 59234 41801 17762 35857 51126 81189 12293 12736 88509 72537 81517 94329 22941 36132 94273 7679 45375 83777 57648 49637 76000 69674 17553 54536 92399 66010 60088 6341 55983 28816 61015 92258 47657 78777 10248 3875 65058 22540 16610 35700 72117 75167 35121 150 16391 34487 79776 38806 397 42517 88443 53438 17283 11088 
13066 86723 77097 50194 93063 15214 56050 59170 84512 8799 20080 94759 12673 62178 94340 29283 2971 71549 81490 15132 48740 2974 26659 33608 41779 4097 76124 12355 57534 70448 23442 47640 62263 77580 74874 37459 69834 36017 1721 36479 44815 93749 36330 34529 61019 12803 40852 41030 84352 27434 33203 38184 7448 59861 71791 49227 40998 30049 61581 75572 5589 62064 28304 44892 21777 8271 82350 68651 21328 84070 10222 43183 59952 23592 77711 26064 
36395 696 44134 2880 28130 77336 41063 12618 42290 17946 38885 60328 47994 77507 40993 30623 44663 69296 75514 43480 54607 62956 89171 75934 29160 76433 24210 89111 5117 78961 20267 18552 79657 41442 21431 84827 23870 39534 2537 43200 57480 41422 8621 82514 24021 49613 18230 45724 24001 93743 66244 55649 38833 60507 36675 67992 42032 37925 39236 24189 21979 36544 19782 6728 77985 18253 68595 6947 57787 48172 50147 20359 89593 58767 79913 90654 
13472 3235 18511 14513 74019 84754 47202 89892 27394 83877 62976 46466 26894 7304 47696 48872 20888 44518 32640 3965 62770 78275 10912 25649 31540 61058 23048 3266 1958 8054 93920 87377 83236 17523 78930 39388 79318 31225 34372 83752 20194 74388 12352 24128 81692 60047 50041 7672 9657 82680 83585 49467 43089 94496 75116 74628 37687 75204 77893 39644 83257 76905 9154 48627 71469 88083 88014 32920 24400 27479 93712 21634 6959 11156 45762 65691 
48243 895 50404 34940 60615 39081 84407 8796 38669 64615 60464 53396 44911 43450 93039 10302 2488 79233 58928 50997 72408 52034 83916 1901 56553 59762 23534 63512 70917 46336 34295 1294 47230 61739 36233 84886 5912 25732 70722 21621 90346 36279 75016 17391 79728 50188 27692 82215 34513 63660 38305 12014 92734 4354 85862 54380 41156 86436 22984 17166 37865 34319 18459 85094 1151 54691 52113 79010 57464 27928 5724 52902 64206 80739 47333 49026 
13061 52065 13374 47573 20817 28719 36627 18644 33073 4622 50064 51269 91058 50088 68434 34015 84406 63933 1242 62597 758 53355 46700 58221 81282 29464 88163 50580 87243 17630 4698 5396 69694 90019 30010 67552 23831 43677 63236 33944 48299 18392 85212 44449 68479 35780 55504 35018 4805 56745 2708 77510 15192 26448 17864 1566 32952 83068 52145 25287 5790 33883 7724 75483 6036 14774 25168 29866 35491 88403 63809 83789 11887 54113 10371 80365 
89892 65874 20476 71738 4753 224 31381 19944 3712 26286 93458 36663 14446 27736 38990 20235 38660 23754 72758 44695 38527 3019 74560 74018 91421 43461 39940 80349 74614 27352 65806 69599 70266 63322 23470 75018 40586 54850 55 44297 81135 93512 80959 72621 3381 25042 69896 42040 48795 47747 86734 64363 27806 66386 20514 1360 14939 60453 81708 89553 64845 29648 41285 40204 70010 41795 20314 15689 73685 92316 59985 36954 67961 46037 14667 71342 
48119 84563 18474 73954 14443 10301 20450 19289 76686 40963 20648 68666 78457 79397 40352 48394 14137 58677 88597 84146 5564 85952 4927 79248 83360 41953 21294 56414 65030 13002 9889 18241 2657 28362 69235 89047 15703 89685 13428 92389 12781 34075 43188 91237 18564 83539 44724 9741 24349 15454 70928 29912 6498 52895 86200 66899 94847 84535 5446 42010 2629 15334 60250 5285 20736 11619 94331 36439 78344 84799 33920 91124 23966 54148 87454 19571 
19820 14311 6352 44168 6805 77279 51120 13303 12308 42412 57242 84195 9080 62687 31298 11708 78020 68588 88940 75796 80206 65404 17327 63642 55295 51246 36900 56302 82434 6487 52913 7346 20797 59264 51513 27601 18677 79673 17944 30984 4219 75185 20271 13298 42964 51568 25006 3117 25249 19038 78913 82495 61483 73280 28271 21870 6660 65170 78171 89093 71656 36176 1532 92452 72481 30085 2186 91157 14851 20130 4274 19069 72355 24544 9407 92360 
53153 34412 72517 78401 30491 33563 65988 91973 11936 71299 90883 18595 41561 51188 12780 18309 87363 86259 87801 41977 21437 67028 38226 13328 64198 42499 9437 41645 44084 18843 16138 2329 53255 88655 57770 60786 27310 5891 34892 39245 77190 30867 34880 23843 82054 47660 19193 51551 39011 84034 93527 37488 56154 13887 50815 2485 33426 60251 44130 54550 79094 37308 56878 14482 31055 91688 52308 58365 74620 87199 74650 56902 199 14623 57785 82253 
39323 54018 15937 55374 20186 14556 92862 53380 5483 25810 55865 15950 63102 77035 70499 24329 19435 9511 38810 50490 6291 68158 85895 80910 60449 42678 19945 60647 57300 54771 25033 73663 13881 40969 34130 34066 32566 9125 87446 15089 11975 48403 31038 75076 7571 6630 4497 27005 16140 20347 77494 94378 88504 45522 57422 31086 88200 77366 91733 27633 37229 93806 6389 51110 39868 17559 62216 49474 3724 54754 64562 87646 80197 693 67815 87767 
79270 49352 19865 72450 69699 74399 71920 63295 2055 34434 94381 90254 16893 68247 20 31162 44186 78356 59312 61094 72955 26621 15660 76678 58415 57263 69417 43705 34996 19365 13605 19358 68716 10510 91807 20548 61950 45860 60884 64004 80294 37398 36391 74227 82685 36410 10481 31963 19859 69793 93057 92813 73454 85757 51625 36961 48112 3175 57706 60148 22539 48352 56546 68295 58861 30486 88843 25903 76346 31860 66947 38773 69257 8430 18092 57034 
21881 5613 88996 41739 75405 64186 16685 30992 55036 68309 67953 80188 71483 7792 45429 71062 56143 7067 21491 92045 37553 87374 81 90939 24326 67028 34804 93582 52498 52895 55708 74378 58507 26837 93157 16046 91023 14935 24078 28192 60284 69071 13472 13901 76863 58900 62003 15139 43008 83493 12276 57601 75959 12357 53632 5377 56425 65476 75999 14015 504 13840 65434 59010 17718 63683 52096 13833 55658 76174 42024 92983 50337 32536 11976 9333 
68477 51019 24472 88525 39605 36747 51218 92604 26144 81890 75022 82568 29499 56113 73624 30002 46994 44150 66052 64711 84873 23241 78543 22665 76455 2700 20740 8925 12276 9756 18258 80752 60774 19770 74369 77419 33557 7720 75116 59701 66650 32271 24402 1241 88383 75066 31242 17510 24308 2387 82220 86222 2668 42896 85927 79122 45595 83707 65087 34912 93462 83344 20756 36369 80154 72166 90829 18804 79885 71037 55545 51628 80348 79946 29909 73823 
60105 61151 91333 61453 40578 55686 29808 43245 3675 20827 4500 26310 9626 69586 61221 80128 58023 81977 93538 20310 36276 89459 39113 93201 42629 94657 49921 28069 56737 56871 78932 21934 23114 75357 60427 40732 13177 90235 83976 16851 88102 88475 43160 2821 63153 9474 59989 3309 68491 58619 23619 9859 53170 62731 8152 891 39522 35114 28959 1351 69025 84932 325 69179 42422 60751 15003 55598 33119 4071 72448 26314 92545 20701 6175 37831 
7215 66163 41140 52746 29875 41799 62604 60085 81570 47796 38017 26184 59950 66975 4575 11108 34040 4899 80286 76462 42691 381 37152 52850 4451 14693 56204 74036 12434 62378 88908 19648 10675 12181 72393 17590 53979 17130 77674 17682 41966 20783 20907 78957 64799 25481 90064 3931 7421 75443 80392 27152 75823 22637 80001 57315 14370 18339 13484 26803 80716 7484 23491 91390 19664 976 14072 50683 90053 68787 68365 14152 89569 89271 93108 59460 
91792 65306 40432 76253 45841 25916 8497 3797 25593 65539 38152 39962 83877 51636 66764 46726 36160 90254 43209 55824 68270 34321 83547 40456 80148 57004 54608 74810 28408 29849 16403 25293 247 33875 78586 46087 59791 87083 26925 62424 34755 65076 7479 23724 93752 51283 70449 35005 46630 90698 67869 91940 7153 56508 37489 87300 90553 69137 44243 1094 4078 60646 3427 4325 94520 82013 27452 36444 74188 54376 3961 14035 1586 83387 14799 430 
39762 62288 12475 63432 58079 80343 60465 42272 18985 74994 11705 86578 49223 55948 87671 53300 93634 91098 34665 70287 55244 62117 83772 34524 93533 87732 25599 72159 53252 17438 72589 93013 79725 62104 61538 19937 47540 4136 39249 43565 79129 50954 35235 10485 11994 5039 63784 82668 1229 75490 58047 56472 42699 23952 68036 18365 88724 70675 90524 47068 88112 45246 45174 49971 12442 83752 46948 37022 87887 86197 80586 49149 42243 92861 59633 31277 
2993 5550 19037 76169 81039 54124 14775 5871 78076 59851 24236 71892 35619 91800 1094 5864 42138 46267 32875 54579 12152 79823 91601 5131 71112 54320 31320 90395 52274 90952 26764 32307 73542 22841 13568 36715 54005 28342 42585 14214 88193 43861 63147 5945 40753 64240 83756 82890 15599 21724 19603 4791 78587 16296 9921 54791 47656 18281 27319 76970 86273 31123 14369 64907 53963 27937 6714 85008 33319 26340 4315 3645 47241 67461 81537 87994 
36793 70386 53017 29432 69150 72619 34222 52829 65955 21183 84660 18704 39463 89019 766 7869 25234 87083 72775 79196 92060 56530 46337 30471 59910 50651 11157 12243 23204 92693 77277 37037 45212 12428 66468 91402 62087 77730 26364 33135 4005 88064 28879 20508 82175 6685 28376 12501 93767 78192 68737 67960 16855 20167 3524 76764 70817 86628 66047 71062 61454 25458 13191 83707 37885 56700 80201 5064 39522 11658 15239 20568 4814 21158 18116 64030 
4884 23533 76530 75691 6817 50360 48744 23671 70526 29308 77475 23476 21028 48614 94537 82481 74071 84769 71280 88996 46561 33615 71101 63123 22313 86339 60731 27126 84538 78847 91155 89421 7472 49819 70204 86236 5271 1081 14999 52837 30388 69514 76312 51415 23220 75942 16030 74332 65803 64350 68420 89404 3057 21654 34660 25369 13086 484 29536 74664 79330 2824 69177 63842 52642 21514 55170 34953 22595 47209 87789 52982 21815 69194 81438 22075 
50228 74508 1499 93071 43950 46960 64608 47007 68613 4360 72375 58739 4843 78951 38495 61213 81775 84712 7188 39509 11319 62357 74462 10954 86606 44384 63935 13513 18670 27506 35588 45938 7106 14127 21142 51056 61086 85749 75103 11833 90109 29611 70571 71992 13655 86107 15339 522 75911 22526 17071 87229 61924 68573 3275 53622 18050 44251 44176 36719 48797 56804 59698 55903 70930 80839 83999 14150 71681 64194 25982 43923 93804 73593 92955 84499 
64792 13386 85020 45796 12953 7184 15158 51917 52797 90381 82579 70846 16765 31847 84606 65561 88650 49396 3597 41714 35327 64636 55863 84048 10963 81844 33063 81808 37570 31111 71399 7455 21537 61512 30291 11530 45736 22489 63446 75573 17962 51118 51512 34726 60005 18251 77328 30789 44687 80924 72502 80013 27694 33457 46195 38656 92341 79257 25556 35003 87408 2048 42457 14038 40600 49788 25567 63376 72277 66054 44041 67279 22264 72593 79046 59309 
90843 61466 90097 40622 24523 44732 2769 52216 78188 48963 67913 75621 10353 70509 15717 2854 72556 35214 88839 90196 62043 91446 35705 16453 62592 79746 83731 61896 34472 44910 26298 7449 83416 93435 48070 84980 43260 27879 19329 3581 53882 87241 79202 64235 62843 71959 44129 17532 84213 38060 12821 51348 11639 25566 44841 74231 10404 10706 18260 21917 55615 21598 29365 44124 20126 54475 34196 40426 82354 53524 44006 41328 22899 5341 82603 85741 
54340 31824 8365 43646 46924 93133 72034 58563 23792 93916 37886 11236 9714 56145 10193 65328 54784 39557 86492 74909 94032 25780 92375 58519 56345 18514 76887 79243 23855 64583 47117 55235 73447 32522 3973 25464 7789 53048 84026 31580 52056 4045 19856 38810 60189 7090 9230 92013 46646 72763 72014 22811 75583 46522 81329 37020 65036 63309 93303 65931 10025 22553 26258 83471 55075 7272 14027 62863 37360 3145 71483 66456 7189 68379 10358 44419 
75468 91535 41524 27207 69390 90579 50017 50066 19234 13480 64126 84269 76788 62522 32333 63853 85074 58591 52416 22282 65862 43484 85144 80262 46628 61719 51810 30858 35191 62167 52317 15751 58794 70881 19998 10318 43593 47056 60383 62827 60535 6642 29229 19456 46204 38603 83308 13412 2286 17857 35693 45188 61340 25930 30542 13061 64689 59392 20959 76920 26651 50316 92671 62485 3330 89709 49843 46923 41857 15318 86790 79432 93908 93059 3980 45204 
36754 64328 58615 16080 82185 94308 61267 48617 2371 68849 38718 67059 10374 36717 49072 14065 87032 23876 53591 90362 18677 8526 19418 37575 885 83248 22099 94792 81399 3120 45088 23246 44488 8796 16366 31765 80144 54674 57423 82514 5656 73181 54665 16030 14991 8829 30094 79063 32704 83684 51558 28422 92210 48016 43037 93094 36356 42176 70019 22848 45295 20199 23134 89783 6035 16540 3681 86178 71213 38144 73784 76869 16418 33542 92898 8449 
19411 28084 64552 29156 88809 21203 34618 86111 46259 77654 61338 82615 24922 13490 82503 47258 33688 10729 19174 16764 27268 22854 8034 75522 38039 58859 57483 54456 69441 32514 39945 88851 37638 9589 140 31539 7832 34757 94690 54091 89451 38161 41798 19466 51650 29393 43764 62379 17162 62937 79142 21470 85790 64216 2084 5962 28167 36607 60417 2700 69120 5454 68592 11851 15043 45772 20430 22874 57570 20213 54005 52113 58373 895 48619 87064 
7328 92382 54535 24489 60411 38769 23000 28335 80025 25083 34296 13285 38731 71754 87932 12943 77207 61616 1834 69290 84429 22264 69205 47091 42476 28302 76244 77889 6238 29956 47086 13565 4471 6713 38054 64882 22522 61053 70257 7640 63176 9645 20924 6999 58439 85896 91890 40739 29646 93723 87069 19167 93027 38407 43298 17636 43750 24634 72566 49987 54589 24744 63551 36101 31457 78645 6075 53978 21831 53372 38658 62048 63016 36622 46087 26548 
27611 43069 44327 57256 18926 13529 76422 17045 28977 24812 34681 72726 49445 12339 27805 81075 14123 68396 22268 45579 52134 5383 76598 51005 58754 20348 18145 3903 56970 64232 7491 84580 84341 28858 23969 8359 19428 5483 2445 48404 7335 14166 26222 33820 3545 31067 91935 17667 4555 91243 63246 33729 73666 21977 84734 37512 42324 79919 18456 76334 49243 2987 43047 38677 31845 67015 24076 51272 49538 26520 4768 33913 17726 8030 67733 21270 
39096 41801 38937 20691 38137 79223 54420 16895 6292 21287 31448 25656 6298 26944 79031 32582 29930 27170 71258 61774 71226 72374 90086 2897 75935 71894 36810 93660 79923 81583 20023 1152 5517 36000 21843 43653 20315 53303 37589 26606 51630 46077 29302 57927 73020 13425 90508 79990 17636 43899 46857 88861 93314 19076 68798 74341 90970 82648 73093 53026 46364 70156 31219 51881 11248 30102 72574 31562 83404 15255 35208 40126 38372 64510 75093 88432 
77934 70694 73515 662 91633 2505 66563 90039 21580 40454 69472 89590 5235 24699 24750 51599 94854 55968 8572 11195 86069 81145 19797 51606 73441 55005 68772 88853 24607 48957 82378 79581 1784 60985 80243 70458 40530 28939 42630 39150 46433 89143 33833 51668 18934 35623 8359 90828 91590 88878 79063 59792 52156 3953 88438 7730 35998 62302 1676 37645 88299 84053 22318 67124 27171 79601 42674 44741 13633 85303 83890 60065 79538 94763 88773 75512 
35478 74172 71433 9201 68142 32629 68992 2432 13622 62522 10161 49619 6957 11836 87263 349 72929 14674 44513 77140 94274 87186 26973 84947 54622 15956 27146 16294 15811 21011 91805 28330 72224 45371 37530 22499 55041 11615 24930 68662 51177 35091 23374 35175 23967 15729 12564 1989 7443 57076 56169 78758 26395 83142 68797 81016 76138 1035 74350 68989 93994 48289 2411 71310 70700 39941 70849 30833 28596 872 4588 56813 13003 5002 91987 36969 
20730 9643 15998 5214 43759 72167 83971 70153 60401 57860 33303 18672 35936 84693 87660 12063 38074 67112 83372 13867 84093 59313 21740 89729 37225 26327 51634 50227 31328 25755 64237 29099 12438 80234 34312 33238 57493 416 8483 27 35316 18826 90646 71251 8612 83399 83313 46685 32644 48818 37592 21829 85172 59332 16650 27489 62699 45324 54757 94027 48119 24086 5259 37598 9412 16611 70835 43946 17026 79317 21013 52341 3236 16752 5726 83795 
77191 66079 35572 14927 19990 50205 36755 82202 14629 30445 86731 77327 52809 46580 53487 6021 47706 58745 43618 57118 52396 19545 78104 69421 75902 76157 3896 56178 92908 9621 45065 52232 52740 57678 67158 49770 12975 80953 37064 4644 88438 28888 81970 46340 52508 17591 52360 5307 53376 73018 62424 10865 92562 22661 57326 50597 3910 61221 11868 73859 47882 33973 31183 5715 91650 75382 55484 81665 38468 69589 86308 31999 3569 50412 78338 56076 
45043 35790 61382 3511 13900 5939 14375 83502 5640 48742 39191 81498 15055 28099 37490 39978 62072 45713 22733 35855 26187 55257 22613 64655 29938 85961 1746 10547 18506 57124 66623 63548 69954 10138 67059 83853 88025 58474 49488 93664 12308 65719 80254 4404 70859 94784 21422 38023 45590 21195 50918 71776 76451 50571 18564 83430 41625 92257 93976 37171 54473 42732 5812 29519 52870 49911 90412 23028 13477 22033 21784 2826 64793 79079 79177 40744 
78955 77639 55807 29637 3926 11817 78454 80376 62388 74058 68898 81053 48449 45008 23316 8014 87739 6168 14574 22742 56078 82026 45769 46596 81100 67553 26462 50985 28765 10731 91728 84760 88369 52627 91438 69335 41484 52025 31844 80912 8216 5835 44098 56664 50842 67414 41719 20714 50622 56292 43456 11793 20451 89224 58388 6643 38910 61890 57627 44715 72620 31488 34568 43122 84114 8139 89497 7732 60163 26433 88643 68378 32267 37834 30135 60149 
82288 71853 80863 38002 10278 29411 26835 7769 768 62263 14412 39678 29245 49079 84392 78905 80567 1093 27119 46814 9231 21708 54545 46434 48141 48281 19905 57448 63155 27080 94638 50535 75973 57634 65577 63291 64085 92412 71059 64852 36808 62511 81570 66053 88631 71055 50050 74290 49188 54210 3237 58419 52958 57782 9945 78139 83103 6890 17721 51350 33969 17451 78925 86982 75084 26635 55365 44261 1180 8558 86153 37988 48109 72816 9133 41832 
48963 36223 93162 75191 67473 1492 38702 2565 36314 25688 80703 24509 9618 3516 52899 20628 92914 13957 12702 50131 40591 45108 71432 41771 53665 62678 79758 6866 40586 65931 48698 66589 79194 46952 46872 51760 25484 62615 54324 61797 65343 17160 63346 74960 92624 21337 680 90630 35293 85330 22895 52925 35530 94326 94695 66235 62096 56586 73100 7774 4650 3931 74362 83843 27924 3368 17736 53407 65982 49100 92245 36417 66260 60683 88417 41017 
82020 66138 36739 94353 56560 36674 52370 69130 36093 29198 40457 3281 85783 18649 83003 90432 94528 39498 56409 27544 42865 74144 80950 85887 28337 78287 4437 71637 44063 92854 17746 8216 41125 31525 79609 2777 68199 37072 71906 81332 66269 17455 61653 34186 13144 49748 6751 12764 66287 63159 40307 86192 19437 3391 77172 24814 58718 58649 73491 79821 33636 91236 65077 74760 4894 49779 54577 50133 86850 31575 36557 35252 26070 3303 46478 16255 
30091 53229 29018 1470 93428 46366 64703 17957 49756 24008 19811 85514 82656 93301 70428 93333 66670 40597 73185 48605 67416 32855 3830 59358 41470 17428 71651 44581 92678 23221 60835 27861 53490 66893 6372 29052 18351 71074 47008 45147 174 43860 35754 59870 42253 83222 58295 85964 5952 36573 39661 73368 46468 43490 14859 64978 37958 63550 14651 35728 63812 52526 63589 22394 24512 47001 51445 42862 208 75494 88009 381 1487 5896 37291 43739 
66158 679 11836 72109 14292 51496 27610 60759 72027 42469 7870 15077 11111 94469 50805 51963 52087 91434 74357 76598 43527 7935 1594 43734 60469 66643 21155 61955 49579 58445 82735 20829 36164 94570 92937 50455 51159 2681 88254 5319 22190 73165 20395 33300 72726 71199 62304 29905 44766 41753 83544 65333 26728 62178 86107 87197 10954 12354 54244 60532 47840 42071 81360 61044 18775 56430 16592 69933 59110 81886 75251 58340 60143 72686 68681 37961 
26019 36077 44907 70784 77829 10584 41210 9649 49802 32409 73886 60755 21804 33223 26379 46684 52334 84779 12820 71108 23342 6452 23174 59493 65379 75465 22925 30614 53244 91605 45616 56303 32774 67563 9220 15695 55187 50429 2385 10081 59879 53311 70835 58723 86533 74254 82447 21001 64125 72307 69149 87466 78759 92323 52051 26271 49921 52017 56884 80205 48714 79540 41600 81488 29236 50820 74223 84422 78289 53648 94502 20301 12052 70429 56064 3677 
26816 43603 1718 90940 21003 70867 60540 76802 45323 89631 8165 336 46740 42089 80541 547 3763 27233 82034 32998 55093 38390 22513 15516 92038 22107 35816 9182 69577 91880 84806 1485 17616 86524 69466 38618 39524 35098 92460 84846 6862 5717 85181 53602 24847 70814 31189 28609 75088 18315 61606 12314 33745 61159 27829 30875 60307 40686 40056 12017 14699 6996 13501 32314 93519 60007 47973 38135 197 45525 5114 79007 28283 90294 37701 30170 
43242 68889 58778 463 64244 2517 12776 3081 40717 17646 10997 6116 35372 51052 18132 50070 58047 8673 59424 33699 68680 12489 48874 45917 35055 53987 30016 40378 26415 44757 70547 69656 18738 11458 47159 60022 85922 36975 63103 31731 54620 51140 37846 67032 7284 33018 22194 42372 41691 81618 53111 87411 71147 79026 38420 11294 38105 45477 28712 41560 90233 4351 88256 86012 15808 40507 51126 6823 77482 91269 15594 14235 47501 53440 81267 31826 
63498 80501 51238 10281 67211 81389 74732 43451 65507 90193 31785 80653 40762 60497 27305 13128 41888 20654 4232 34737 38201 32399 41559 20775 5801 57152 12051 53302 87632 70358 62168 56223 55951 18498 43544 28255 76927 410 48746 47527 90602 57571 33272 13497 201 37617 26624 42089 35311 7897 76825 73512 40295 517 71327 23136 34709 60418 76437 27434 35868 20738 60697 91819 16276 81281 2207 93203 81690 50952 45822 77384 85563 56134 90880 85764 
93750 94545 32945 11195 7534 86810 61747 24869 87326 15207 25045 27127 75625 6575 31601 16585 27312 92297 85444 43588 55712 87650 18924 42494 43694 64745 2012 34350 25971 69932 2247 1854 69569 35191 84996 54143 4134 51835 56052 91459 67042 81097 23678 47759 64712 32320 41384 69064 29709 31921 89692 62461 24663 13708 10048 45398 55493 12059 56788 58504 59031 59034 60358 10734 71265 27487 64876 75398 79322 3062 48990 28497 61199 49708 53296 8044 
82027 94679 77107 88777 8733 48933 56330 10437 62640 66377 55834 23226 55476 89662 81729 91548 30829 24220 7374 79134 51707 49290 59624 13162 52351 85654 41658 90590 40454 46 3726 27574 71765 57874 93391 57539 11899 54813 67975 51579 3324 28901 51845 35840 696 15708 32480 31524 39927 39853 15750 68674 89143 52414 58876 23627 43160 5626 19310 60654 77619 76 65268 31518 57949 63751 89056 69847 23657 62123 26519 4021 68064 78363 39860 68759 
94070 49381 77323 16131 66274 93072 61845 37550 27619 25814 61177 47819 8480 57527 13565 63140 34643 78833 94657 92592 24717 88805 44572 48373 33061 71090 29434 6217 31587 46335 52016 7790 72756 34431 961 44122 9636 62806 81672 14295 65660 24982 62113 74139 82508 75677 42371 94191 36643 42120 91875 61360 13058 41540 86773 46118 89670 93248 29375 3390 44675 58431 11180 22523 92861 12140 66644 79537 51986 30449 93831 22738 55430 38077 1970 20071 
90795 21381 19355 9571 40542 88270 70930 53599 34902 39837 76758 29665 38177 83173 33054 59892 46697 21274 82414 21691 10455 31191 6321 62440 38681 77192 62219 94110 92310 41229 91222 88197 62609 87617 2860 8243 80979 50831 38883 20974 90667 92681 27679 33936 80946 37773 70868 9776 36088 58374 31467 46542 66605 14828 86022 10378 69060 53333 9581 66462 94561 77843 59751 39304 70552 39652 24587 56623 90482 63469 54637 63282 38283 59356 74258 1363 
2222 50218 11138 15350 85632 19645 61891 57329 34472 30046 67707 8625 83379 54328 75086 60073 37263 16971 4469 84855 33663 29056 46570 29237 69565 78248 69559 84889 42696 48909 86251 21958 4219 74429 37307 89850 94074 76238 29312 33638 11377 2111 19303 71796 33479 94389 36961 47782 88400 18471 37729 27155 24567 61340 33432 71172 44680 8083 61153 87375 34032 52496 14426 15291 32018 51732 82181 8225 33063 16585 41862 21480 90644 61165 93275 29215 
37687 35328 54038 8220 30839 68807 35374 55405 35239 45846 31670 56959 30969 69863 49427 42041 27452 40893 57331 36510 69665 44604 44734 79768 38229 63636 6340 33965 29893 4707 40221 44620 17076 94258 52839 24955 45198 65253 57401 80437 16191 89070 42488 24200 64025 68955 66240 68517 86888 28663 82067 61646 50307 8934 23547 88536 72570 6928 4634 79503 83582 44854 29216 5750 21245 59095 7746 66443 29441 65146 29013 22672 36349 48541 46872 77414 
94537 90152 51024 86517 949 15224 30296 51255 24158 30884 21924 73768 37811 26558 35404 26485 48452 64619 9276 69697 5848 17021 18273 12329 82166 47285 35000 648 72866 58912 78061 72495 31198 34177 64105 32146 26442 71441 83400 27640 7417 10417 6500 45227 14015 41903 71712 62466 83563 58028 14296 66451 75048 32568 78779 39347 56893 18871 39994 34852 54824 23147 12439 86021 34365 53584 23259 60806 30118 83699 65486 14575 71156 71985 36843 85170 
90928 13647 29770 79583 48715 44065 51126 28855 53674 12038 68201 15659 7950 85235 27551 62773 13474 39990 30927 24879 70614 31226 62725 77772 20017 33303 92347 68214 10380 34282 35517 78349 24969 65286 63024 73683 86392 91191 79578 45158 8321 29912 37857 16270 20239 42449 56083 10753 82438 87009 35632 35185 368 3449 18050 20385 36752 87437 88598 24172 3852 29207 7613 5861 71534 47678 56584 63018 21002 41254 85216 6363 71165 5206 94581 68444 
47654 55756 79196 12225 24899 91868 47410 25266 410 42500 22691 14202 35029 88329 38373 15921 94577 23027 21781 71203 70704 78364 16354 68746 1751 78610 75108 49956 83815 74781 23492 36562 12671 79728 48786 14610 76689 73236 16916 54139 20828 39607 45381 32897 33028 60794 25858 9738 83820 47638 80940 36657 8135 74334 10495 9885 58036 62644 36881 46944 42517 60372 60546 32228 22234 86372 46837 75963 64701 40794 35194 62569 80400 80574 72507 90468 
46460 3457 5299 12414 28136 63279 26111 36270 19747 36606 23196 77782 76290 60076 6859 940 2582 67404 33168 24815 58869 57045 5870 5703 2931 18104 45312 60371 75718 22911 32973 4311 3409 15312 16724 31544 55631 19876 67813 75377 56481 91008 58252 37863 33218 65110 38802 35799 14648 49010 37654 50557 11148 43523 56259 86026 38667 78611 51490 91425 6615 61503 828 10023 76814 89500 41566 37537 14468 86419 18007 47989 59561 53299 62892 92778 
542 78734 10710 15189 32837 48363 42786 21025 68926 4137 12143 12685 59789 40673 81150 66403 7268 81977 53466 61122 53610 72072 3752 68077 63583 93706 93106 5277 52097 61090 75095 52638 44917 85804 44868 54794 39259 87653 75818 85225 68831 65001 74950 33712 82715 61192 77155 89982 48262 35713 33238 78912 84825 36989 29123 53500 12828 27321 35818 64924 88411 16005 94602 15461 78850 44562 70254 23201 14349 28205 13519 60220 93205 88468 93931 81012 
54753 76178 53128 80055 88931 86365 64059 78848 5487 93181 14481 18314 2636 50298 60278 68087 43344 59972 83547 27286 81575 35934 27527 1016 64138 18086 61235 62435 83595 37299 25581 20481 90517 78708 5628 84540 47206 46727 45521 52692 22042 60001 48046 24677 87340 13416 92763 35776 73387 58443 40102 37095 94376 67628 15151 40647 85714 76385 80122 51442 90724 10795 71922 86333 66543 77549 53006 18841 6409 3619 48573 28450 63620 1711 30167 33093 
15126 28022 45909 65554 86464 86010 7741 62973 35771 22892 8712 3618 76317 88834 55059 72134 76669 32073 40600 48305 86662 93606 67145 93071 2317 20811 3654 42977 94469 33821 53110 14688 38883 4111 80241 7481 90120 65022 47494 8025 87913 56206 11642 46364 27173 66701 23590 8934 75814 41230 57238 67569 39928 6517 42773 19286 4368 23467 39303 3929 57287 92413 90564 73211 1616 52938 57732 68777 23053 10318 76801 16058 43564 65483 62421 70736 
14317 63051 56711 90131 9374 90989 39833 26342 2598 59646 22668 78913 83112 39012 82842 22533 36517 78498 836 15173 36529 58567 60990 36622 68884 19924 29720 17541 85407 92141 65317 76764 37325 27120 71987 23739 23202 88860 27122 2840 53598 26830 81753 41803 65841 46728 64335 79398 7359 42211 71612 43887 5870 37694 57549 51794 57618 87269 46375 25158 61543 88733 78962 3960 20945 56042 4740 21187 27035 8902 1068 80633 35731 82820 4569 6665 
11681 68903 86062 19039 16206 62766 39967 94023 77501 2608 27950 17252 89876 74325 19450 56511 45191 3504 37512 43176 36586 19292 64363 63621 28193 42471 49346 63923 7424 53914 70587 19104 4950 38783 38142 93103 78589 78108 92218 61182 80716 2301 55474 75684 76625 74923 14329 3949 78427 28881 47125 20105 48172 88528 83725 76364 36091 15204 45379 43514 46158 93007 62617 28148 13923 5851 26343 69552 83959 694 12868 69767 2995 68341 27584 56660 
48357 18953 60609 8917 47833 12826 29021 1097 6446 89787 54501 42536 82031 76921 63090 10323 52061 30799 38470 65983 36649 64813 40627 2741 42547 53494 49548 45541 3969 54173 7294 52325 73125 44943 38282 26051 57768 67302 4188 64213 39222 35730 83789 3387 17743 51971 13709 69803 59810 52178 17919 1551 94031 35586 76240 41671 66121 30880 64252 70089 85052 48586 4547 40311 93528 42828 66361 56388 87170 47589 2734 8526 83318 63563 11912 6153 
20626 25620 52996 57476 77797 70914 59027 53962 83541 17400 72673 54754 48279 42017 6976 15465 90603 11522 55775 66264 31390 4269 4786 23652 51857 7519 32177 17309 48123 21129 502 68748 46748 53498 8358 6679 6545 67384 60640 67126 61824 15446 26972 87143 57462 10988 7700 30198 22509 40515 73503 30939 44783 78288 31632 73681 62847 63808 90989 16062 84937 68531 61851 13818 4162 70208 20496 10707 42684 58176 77832 81548 73621 81845 73783 13217 
92832 81483 20455 92382 27090 93957 28413 48914 77337 60044 4728 45277 5986 72757 61338 67963 46380 28281 58821 50542 75529 79317 38289 346 19626 21213 81893 93247 80098 60769 83504 55064 24385 9051 52538 28515 80049 57991 77428 62478 169 82155 84795 6154 60004 28267 51157 83425 33588 15070 39059 14210 71427 77347 14555 91053 75600 1541 66433 37832 39350 55029 92895 63734 64079 27566 92248 49220 85556 74769 88739 62765 39057 55667 45959 76102 
83933 2208 64619 94562 89226 80718 85812 65745 63157 5459 38931 20890 78947 10456 58721 430 65484 56708 64163 34656 61314 61504 60916 51963 18406 54747 19820 34503 15507 65779 87645 76480 45027 57356 53175 16386 20207 44079 59172 83363 26579 3195 81294 82566 13651 45107 82996 56175 78856 52251 67871 45262 90795 33880 74265 86241 65667 71126 2878 58214 19038 90522 39787 64064 30012 92961 80450 50218 19174 44714 15715 45752 24949 2101 10451 38599 
47207 93446 71815 8196 27831 44778 53458 759 78657 32815 64041 49417 9033 66918 12723 28070 62532 29550 69175 69584 4645 31758 24895 23818 53512 40609 46610 78460 19750 57060 94100 66956 32640 71007 75152 60470 20877 10743 38269 76575 20598 7402 31084 29631 74319 20847 34741 18985 27438 80956 88568 32082 17806 18555 32940 71317 36204 56590 31911 55953 90690 8144 5043 28422 79150 57235 65932 77067 67977 9294 58734 65615 16695 66858 338 91014 
64746 12120 87039 92183 93075 80699 6398 87922 76295 16378 41372 89539 72967 50323 50585 45790 58466 32668 74212 42708 89902 45236 1909 40012 31570 37683 10719 48265 81582 83005 21412 51420 72165 85491 25736 47373 71282 9174 40387 29710 25551 58800 24342 75558 14215 51967 26440 72681 84634 77692 92429 56669 5062 94337 1773 36631 37113 84439 61936 828 72536 60388 52247 26834 50971 55023 74207 4387 64196 91634 34096 89746 55526 58437 47437 69741 
15496 73876 47514 77170 33702 22076 38931 38763 21506 17744 75393 35659 7276 19463 36486 56852 79850 65773 60727 35914 25888 40026 40300 90083 36752 51436 61962 92278 14966 86439 44152 7502 42448 68706 61713 76149 90781 77684 20004 17379 521 72438 30078 79744 91900 43604 18729 53883 14469 79455 66837 17397 1614 12229 84520 38366 40706 28615 12777 55671 20146 56928 40213 62594 30726 78966 43835 26599 61743 40880 21019 62263 18410 28137 24140 87350 
