89 8 3
517 7133 23492 26557 14715 20507 3024 2070 
14680 3081 24083 4847 2654 5481 9780 22162 
4776 4593 14433 10243 11015 9218 9170 18608 
13154 2843 16205 12858 16600 7228 9880 26429 
14361 5025 24639 10041 6497 8628 12110 2142 
21020 17158 6989 4640 3605 26080 7767 8380 
11638 22199 18622 22653 12382 8757 22226 25535 
11600 19396 19358 9165 26624 891 7247 21950 
15228 12851 3644 21724 2444 25065 4832 23464 
13877 11820 9069 17481 18865 16835 6826 2157 
20000 6413 5775 4035 24481 8966 10536 7734 
15 1547 26211 26638 11750 5111 1207 26977 
27274 4850 1320 1371 1569 6151 5800 24757 
27282 14868 23203 27113 12669 1682 923 4322 
17406 16009 8356 13540 24974 18891 2240 5954 
1404 104 4246 22465 14526 5452 21095 13453 
19614 3380 14824 2148 18843 20623 26904 17778 
16457 2726 16544 779 13719 26778 14412 2778 
23752 22767 25629 1345 22624 27868 7299 4993 
8937 20856 27457 4429 7273 1171 17881 26886 
4550 13670 9999 4358 15259 17868 22136 12681 
20593 19645 22771 5965 18077 8836 18054 22794 
12568 15337 24139 16157 24170 3091 21149 14073 
4912 20259 18501 12184 2395 8035 20036 16257 
2671 1688 20614 17929 19556 14403 2263 21114 
15014 25033 27079 4744 14834 26098 8503 27401 
22400 4295 15212 27536 7385 17326 13262 12296 
18551 3416 5446 20945 20762 25481 8855 23432 
8134 10435 22326 27689 24837 5554 1423 20816 
2240 155 25559 26385 7218 15028 6406 1272 
19322 21617 461 7673 19908 23034 934 10112 
26449 6379 12023 28176 12825 20877 23262 20959 
2965 17241 1267 8768 22795 2689 1237 6000 
12155 7762 13351 19373 22789 19756 1610 23076 
22338 11382 2402 13899 6069 3336 4977 13483 
19026 16999 13312 3505 18841 17539 5429 2772 
15746 6695 11539 19506 9384 22087 6471 2504 
10814 19821 2842 14568 11230 13763 9298 5221 
25144 21011 86 12178 24346 5062 6626 24338 
22060 904 27842 12554 27754 4924 15325 15153 
20930 7829 15624 11279 10882 22095 13783 2661 
13569 16624 17229 5765 11353 7492 20297 8150 
156 20382 1294 5468 25443 17231 1459 19156 
18134 954 3364 17542 15189 28000 4348 7772 
7483 938 17 27676 23032 13799 1990 17566 
11388 19218 23330 22740 7675 15281 11856 7831 
7316 22461 22610 4413 11345 24068 4534 1133 
5987 17209 18674 2141 16863 3987 19224 5311 
4924 19240 4640 8921 14004 6629 26487 25392 
6813 2436 751 14487 27028 21918 3283 5998 
16032 25892 19722 27377 21613 5221 9475 8565 
22430 9114 10705 20258 22412 1583 25568 8302 
20822 1861 17222 6480 17801 24674 12837 5579 
8076 22899 20066 6757 25783 4314 22066 13468 
1860 13441 21810 4438 27974 12250 13003 22057 
2329 23707 13968 24741 6255 20501 14008 27077 
3327 12195 14522 21127 8523 27358 26706 16598 
2876 27737 23354 312 3704 17074 23092 14875 
11480 25867 279 11107 9771 13281 14129 12099 
17953 9062 17805 24208 1216 3466 3904 13854 
15661 18425 15947 5149 26748 23618 21746 10589 
23008 26065 10901 7677 24104 5646 3518 16550 
3166 3796 8622 22248 26388 22751 15313 15994 
12778 4771 21167 23306 8237 6036 8813 4863 
5426 24759 10011 13139 20030 3410 23728 24003 
10440 6282 12646 15510 21239 16163 3713 5370 
19958 12334 8584 17999 16050 23896 14958 9794 
320 17091 4753 17868 4092 22877 22730 9518 
19290 4394 22656 20285 17115 27349 15942 8521 
5284 241 24030 7488 25715 27742 22170 17326 
21041 2407 16290 18057 26302 12213 27850 7587 
957 13568 25455 5049 8098 804 23878 8353 
5198 27499 9604 3278 26502 6511 11798 12751 
16063 7481 20239 13431 16188 14062 11722 18195 
16468 28011 7905 23735 11877 16720 2975 22146 
1941 9395 8160 19350 10199 3691 8669 15396 
2843 18272 27985 10310 24782 11437 23061 12498 
28229 24265 6894 25383 9980 18615 15231 7413 
27591 4101 12113 20433 20820 15087 14232 3726 
24482 22391 23075 15646 7047 3397 2695 19202 
21668 11645 1165 27415 23081 5191 20878 3930 
1109 8737 966 20400 27351 25508 8778 7561 
1262 20890 27994 3047 16943 23191 6772 22390 
17236 10812 9689 5248 14209 21695 24449 16842 
4993 6580 25223 9040 11770 27066 12969 12879 
7457 23246 14244 15773 1373 23022 23334 11946 
15565 22981 14992 13473 17825 21763 7516 16026 
13540 26516 2240 27748 19864 26688 25556 5823 
14233 22432 14862 26003 21151 8796 19847 9573 
