9 57 9
8212 20048 29882 20955 5149 25223 10485 30735 28662 28706 22801 1727 603 12459 10088 22677 9072 6494 21496 15203 19363 26703 10022 4755 4330 11852 29154 18681 11184 517 6229 19396 23917 8339 12579 1294 5791 26415 4257 3329 23998 27058 8407 24600 11745 18494 16153 24168 24987 9878 11599 16578 8809 21620 21333 16490 2349 
22715 4047 16884 23231 13628 8508 19376 21966 21087 20670 27756 16378 24926 31085 9252 24212 8368 6080 8185 30214 22233 1229 24077 4339 12827 9532 13147 3324 3093 29636 9024 25807 5911 25907 21266 19538 3292 9519 10381 27730 2417 10365 12984 27342 10326 25588 23783 22046 544 844 21136 26128 2073 17441 30466 18251 30324 
15841 24926 5645 17705 2826 328 23616 962 24946 12030 7605 6693 25762 4211 9109 5004 20546 8679 15329 15010 1338 9603 18906 5534 2967 13910 10958 20408 16605 29208 22960 4674 23011 28605 22379 29188 1161 14871 30149 29458 30252 6630 5027 24891 10840 17487 29894 263 29518 17451 18624 3084 27054 9758 8617 2249 27020 
19574 26008 12501 17659 17845 20526 12898 18678 15133 10962 23190 30003 9988 21525 1361 19969 26551 26251 30809 16267 28373 3300 14661 18052 25275 17744 17334 3910 26361 19583 30929 14811 14467 15658 4698 4540 5060 20947 23217 20193 786 18636 22424 10773 9037 27136 2970 4464 25615 6007 24082 22864 12658 7619 13145 6810 25363 
30478 14071 23952 18937 13876 10991 5633 1762 15689 10172 10173 5512 5618 2594 9649 24253 28370 23773 2166 24382 26743 9981 18874 1626 2940 13966 14284 13910 27110 24445 8149 26465 7392 977 17630 24619 15320 23262 26380 3237 5663 5429 12100 11280 8023 21749 7761 5269 14398 9926 1879 13369 23258 20752 14995 29549 6947 
1507 12336 6285 25951 23836 4978 5571 28165 22608 30189 12361 18098 25445 15597 23760 3102 27696 3916 14476 21673 11676 19744 4948 24953 21623 21668 20440 14603 5539 18865 24901 10397 3429 3415 8576 30617 8392 14146 27658 3228 13211 12247 21326 10884 27843 17314 17338 27767 21230 690 18317 5134 20434 26616 2316 14285 17160 
22755 1116 26051 13848 29369 8676 20629 1660 17252 20122 10051 274 20008 16631 16837 1131 10185 31072 1202 27498 17286 1197 17604 17976 19513 26090 10638 18357 634 28274 7746 26740 1618 6025 12816 30986 14700 2321 4874 828 25794 18277 4454 14678 3784 24642 15808 13968 24590 20361 10342 10753 21558 175 957 13299 29616 
11594 533 30249 12096 11630 29217 13713 17654 10909 16928 1230 13230 21801 2058 11252 8954 9863 25930 16089 3381 13966 30056 27970 3204 12627 10951 28113 16153 11907 10288 14645 26852 14172 17122 11176 25801 15215 24889 15683 26123 10693 16913 11581 4722 22322 22833 17028 1061 20991 1993 4441 3833 4278 4639 10388 20256 15590 
7377 5285 30848 17665 23281 29929 4065 9279 9981 29866 27845 7098 14425 22844 21142 3566 6654 25864 25887 1715 15120 30299 22705 17112 6968 26537 24741 11607 9154 13873 30548 16530 19157 2501 3071 11314 1306 10488 23944 14639 9230 20665 21736 27006 15738 11755 30572 22391 9847 28687 27457 24966 27863 19038 14306 3707 17803 
