49 22 2
94412 76638 77654 61688 26869 15974 94581 8316 53492 39555 64736 1556 47141 67147 56690 3779 68461 62112 5852 94934 54950 33804 
27351 54647 40542 25294 87620 93478 11499 70499 20371 50455 91681 1480 56686 22005 17453 95811 30320 15489 38821 39599 17044 30506 
10201 18278 34284 23206 24933 81223 21595 24426 18483 48946 23616 59024 18783 14692 502 30281 29734 20872 25279 24870 63440 26509 
46875 25436 25775 21738 40924 9139 5881 2512 80732 16081 61877 18471 80374 86809 3150 46513 55778 62720 95458 79394 66287 58784 
94085 11332 89064 27274 73292 58887 93232 40187 85395 84650 65622 55713 9843 51090 9395 56811 53601 90127 17436 18933 53141 1265 
50285 834 47777 9518 8097 87778 88911 18928 50017 30995 30259 83625 2813 7006 87055 96044 47192 75905 84149 57358 76161 38535 
11903 85555 95346 10047 23681 16237 28979 21366 58589 23807 22199 9822 74412 71384 42143 66779 90311 92160 42317 24025 23784 45129 
72119 14294 85716 63854 90198 73320 24667 14358 56399 77657 44456 55200 87703 12681 15980 61225 34046 74568 29575 788 28933 7443 
72171 71076 18765 10481 11235 61081 75594 35018 50754 51168 49311 39925 18477 84052 16701 84232 1865 73099 9888 87408 72842 42135 
3544 88821 47903 78677 11388 77478 79465 40321 29464 55091 55940 48228 65572 67174 53852 85709 46735 49149 40332 96045 89074 3352 
28096 50318 32127 29960 67960 83103 61911 85345 28693 65455 22165 21139 47587 33552 2072 71595 18416 72623 71230 18899 65394 81345 
86072 63790 70509 77350 16394 14296 76850 8923 58735 8401 3784 90862 79448 71743 77420 85903 60543 50656 54813 82707 71794 46943 
60803 18410 63082 79218 91032 37767 1573 4426 22567 32188 68215 93075 12994 84608 10826 34387 38075 14104 83876 41858 8421 11323 
58145 30384 681 63231 25583 37 90482 833 88068 54740 60330 54605 78501 54817 92371 24617 59242 18393 1349 72000 14923 55430 
60064 66836 89816 42682 80939 21691 84539 33904 33014 87227 8831 33694 53914 34414 74819 88939 76334 66342 47134 40119 24402 70178 
94935 61316 94795 2177 79708 40687 18720 39174 96116 78783 50553 89387 24920 76035 55622 54003 13394 88635 85773 22225 66872 84230 
1182 86234 76624 77515 56031 68301 21089 24976 41935 60567 30835 81273 7287 13998 25415 26007 94259 24986 49333 48267 58916 18797 
27758 17993 17343 82239 51171 6571 49007 21499 90801 50188 11188 70880 72246 11763 42637 37878 77826 29115 1901 12117 13843 50275 
67202 80345 20825 64917 8786 70158 57727 12245 88954 30028 30238 9752 15723 25952 16322 9273 88538 10578 4005 44270 26002 76250 
56032 68638 17584 78401 1208 60572 90517 56138 14302 61175 39938 35127 70635 48723 49828 72905 5511 42237 6389 76836 93076 63199 
6244 53941 72471 94781 9063 21019 42506 35064 725 43081 48245 59396 24938 90540 23423 18910 50133 78812 24628 90070 58482 95262 
83336 52853 71623 88846 95089 22555 13682 36164 30297 19925 90105 47311 18161 43711 68330 60667 78774 69054 48291 71562 72993 73228 
65557 40959 92138 19145 64314 20221 53758 26252 60027 81637 79104 76193 18482 22193 2203 32163 2900 32499 52087 37548 79809 14792 
81258 51594 20002 63487 65191 68292 79592 41639 44976 48604 27141 40569 12292 91455 5333 66049 21162 65359 51141 44809 86095 14167 
11545 88297 46329 55533 65339 1872 93080 48604 57751 77794 44741 77752 85824 54476 49499 68872 96114 94474 20931 67799 79586 33223 
62709 29463 43815 28414 39365 39500 17766 28916 53666 29311 20668 3450 29387 86007 46409 25922 79154 7615 48259 27350 29910 37539 
81825 79409 50954 25939 21882 16428 93737 46012 90738 4445 75474 38009 32858 18294 22052 50623 47209 75717 24477 12421 23710 53863 
42971 14663 79785 66668 63365 31499 38561 93275 13581 64930 76139 64534 35412 42564 80962 32604 88575 75155 78136 67504 57707 14449 
30342 79758 65071 77550 58930 34092 34514 27184 87954 22028 41846 15738 88695 8666 88325 30712 5396 5361 95641 26078 14439 34508 
68642 39944 11655 5216 59642 89790 72720 20805 48782 6517 45106 17308 28610 48580 51399 7668 75763 83897 29695 62152 3090 21846 
70817 91414 93645 20757 41319 92741 46834 301 71792 60019 40244 83446 65235 3341 21235 82498 65233 70016 33558 13795 31867 6711 
6918 27810 14378 82680 15162 85161 48287 18251 10462 63647 54209 48650 84403 40071 44846 75781 40371 20093 39255 80614 48082 49033 
28498 69316 76074 38275 42787 54175 93157 19197 5430 3530 47006 60895 30753 62167 49511 23583 24962 4516 87229 23714 53165 19632 
63784 42554 95412 7610 62646 79210 32767 55271 72787 61264 28042 93404 2994 15372 92123 96150 34569 1008 44223 81574 61902 74975 
88285 55957 2013 16702 5016 33786 40415 58181 53417 48742 4190 93372 56351 11380 76037 89117 66650 93367 94924 39236 90227 42462 
95695 85805 42067 74807 31356 30834 4381 37801 9264 92665 93757 52365 53910 2229 30694 38868 4953 84110 87609 50230 25481 47415 
61609 46061 81075 72803 42884 79454 56582 77654 25371 55732 11458 11982 75083 42813 42815 79463 25157 93166 20127 22370 48986 18580 
65686 79679 57447 70638 11788 89599 24323 37268 40469 30476 27873 66087 6734 70756 90084 7859 92953 59999 8134 7866 71980 83216 
91766 59338 10678 20378 503 30804 42747 49489 90471 52976 73711 51373 27069 30043 44427 51392 11854 29439 26411 39726 40069 74232 
55025 33609 82090 51433 93607 90223 59298 13586 21439 95607 72923 32116 19441 73425 7464 6731 67457 1390 59707 85712 93851 31319 
60298 82821 27254 72151 15716 53664 56421 55784 31351 14901 33936 16896 66334 30998 51663 70175 85671 73101 69238 6593 49760 88678 
24562 57223 39952 92018 3157 3114 25729 41551 34433 30570 27827 6230 6177 43542 59894 7141 43870 91244 22041 22349 52684 88374 
53347 7802 62005 83561 25446 75786 90154 75205 67919 18171 76972 11326 54732 24672 55528 25005 66222 34504 55574 94048 40733 61750 
82134 4082 68890 70547 39870 35475 92895 92553 68392 90785 44898 33852 77802 70343 13093 15955 90091 25555 34125 70518 77969 88856 
95189 36952 58404 9410 15999 17434 48002 56731 23727 33591 5357 37161 48681 45226 72635 45031 82322 44482 80360 30675 22878 61617 
45561 77058 22115 39107 6069 56239 13081 84037 89638 52813 65532 51498 62223 26074 68931 13680 82804 92657 88358 32704 33273 40494 
22473 50451 30068 8250 94933 13883 80012 21266 20043 29028 42867 42157 68135 48935 42939 81215 77515 36033 78571 87590 87530 85337 
17119 4460 43560 44467 41660 76461 77170 19477 20410 3099 69927 91566 52436 12859 8904 35904 75212 70035 64931 21535 15647 36521 
15013 58586 62279 37072 39162 44306 28117 71235 74186 86324 75694 21202 34246 61897 1118 55959 81373 62616 59057 95844 57637 14949 
