96 74 10
46328 22572 3502 28866 24691 43972 18777 70898 16177 64348 54468 51482 81263 54244 62898 53227 16307 24041 18224 29863 66211 23270 24120 44715 51453 44783 46462 10758 11036 70577 64665 46750 82535 68166 75616 23481 17779 34 10633 23343 64381 54487 64211 51285 24985 43363 10153 30678 56790 28377 60540 39256 41033 74046 73357 8740 35083 36074 8884 35505 12292 73549 82255 11081 47356 63512 23948 65135 52932 23967 4732 22954 78453 68942 
74238 9079 28559 73778 39756 74736 18409 5937 30246 59441 79983 19857 57568 31320 45317 55838 56212 46995 35028 54721 47463 82384 23874 71410 63773 66192 11632 57891 5400 79471 43087 69024 4805 61032 59056 44560 52022 66851 39884 71654 31934 36121 80898 5756 56827 31856 50980 29293 78851 2263 73400 42568 901 2915 19619 54060 69106 31250 28205 63892 16363 71291 49171 21167 48577 13868 55113 6241 80719 11251 77894 28907 36758 75046 
24049 9840 23157 64415 28519 7649 66677 7561 50216 67577 10475 59221 37891 68968 79858 66095 49114 12475 43027 3926 23028 80991 17794 78140 3486 4154 78778 81379 22447 21177 62067 46495 20403 1478 16551 48922 9126 83228 56482 48728 56446 56343 24203 10592 41565 20315 66073 6934 32789 14742 10859 55816 11987 28652 39598 15472 22192 24017 2492 44638 45193 64558 80519 65596 66035 13325 20159 64547 12807 66027 18916 69252 38624 43119 
69230 80189 52820 40945 76509 1864 55686 3622 47066 67672 21661 76050 72530 43852 5708 75021 4745 40288 55834 74650 22138 27510 4229 31683 81444 17035 3351 16614 75674 41974 59732 50545 27804 18194 7744 20567 9444 52816 13576 45896 26129 35236 38201 14913 68474 33295 79321 62605 73582 40796 53510 1361 57692 57738 33043 55390 64160 36393 72004 45475 67754 37377 12274 11812 55570 9405 21766 54400 62220 35341 16551 4604 70576 44138 
8903 44691 77432 4478 23551 67269 34660 77060 68629 8607 40439 7314 63996 20853 33093 41641 66327 17101 68405 67988 18300 29616 77392 40065 271 55866 64792 16821 49856 51622 60958 58759 1954 54644 52623 25504 27554 3538 8205 12438 12144 38031 9138 65526 48270 42230 12809 20239 48718 81213 4481 56404 27083 81872 2110 27353 43379 66901 33560 9490 24164 10772 57635 26117 54803 15899 41008 82356 8823 38599 435 20966 76629 9572 
75879 41154 41189 4942 50779 79293 2409 55259 51951 18878 42772 54060 35618 75537 37215 69177 74413 61378 69336 48302 76881 40393 64201 34143 28390 73023 72742 28825 83376 55012 27783 64896 1807 68971 59224 52585 64518 51019 24098 22110 69896 56256 76169 11155 48048 19025 80332 38715 80402 55309 76404 73538 1343 46246 13322 29732 24910 2318 47943 13927 57330 75726 78822 59136 60951 54300 27976 31111 10960 41460 53220 80856 3358 35031 
8265 51405 54055 77983 79506 40099 38933 72164 29891 40275 34664 43212 70007 59574 34917 34204 73500 81633 26184 57964 46410 76522 17905 63772 13274 28865 10874 66493 15362 14231 7165 13013 55022 61220 80383 50782 17573 35570 39201 36850 75845 63251 69448 51493 28466 20619 1951 7608 7893 17522 65571 54303 83430 72862 23716 2345 7368 34589 58224 12116 48819 65389 25129 20095 42863 21766 70877 49822 46722 15719 2926 38821 78969 72373 
79700 13077 82379 71038 20684 6526 77946 75641 50215 77630 64757 73931 69361 61512 24774 43839 73627 62980 25482 15010 72461 68344 26162 48979 34420 62271 64697 26732 6733 49308 15360 2688 62384 3380 73725 72454 83037 67925 64349 49507 51196 34747 29079 36811 12513 43239 80649 75527 22473 22386 6791 576 80116 22340 49554 20178 73997 19893 46909 80729 69200 51655 83416 37225 55034 62782 25933 54326 46961 79668 9474 3798 30669 38552 
40608 32569 81790 26899 24350 9905 38671 20527 83612 35041 32253 49420 55218 22504 69312 7769 19488 44153 59423 8545 81377 30712 71327 12951 1292 23929 8873 152 27727 28929 38703 57721 50884 26134 74006 75233 25425 28931 12014 25291 63972 33654 74711 24831 56157 49664 32599 65031 10072 8277 62963 7703 28375 39931 10041 19053 63859 8300 19204 80972 26615 57906 44335 77498 73426 34595 68985 15106 52913 70386 40396 33139 20294 20748 
47356 65837 70412 79955 36510 80483 77618 15727 77572 22247 55657 76999 30686 25157 1554 49889 11771 28168 24049 45492 11308 3116 80086 80292 18221 38640 56319 48004 71778 65999 68751 24776 48091 44804 10372 855 41541 77376 5968 24755 15877 61624 18008 35949 76167 8948 2092 4192 37116 15527 49683 48423 18642 35411 34356 36863 74050 6930 1121 51470 72928 59258 76245 26660 20317 76003 16901 51244 69633 22868 75998 74896 73878 83393 
27099 66300 8595 29190 59878 45710 34103 15203 83519 52744 50613 23517 78993 30304 19833 69500 71160 82147 45013 53046 25062 54716 45303 31349 22214 31190 54217 3854 22340 33736 3501 49438 16290 12095 68014 65555 47192 18371 80757 36352 60502 37011 59868 55749 67314 79700 41504 54729 78102 75903 24029 8805 36260 58719 40153 58473 6163 11 51713 17890 33747 55213 56714 39423 67308 30370 21232 20141 48740 18243 56492 14883 44640 32615 
70632 17596 17956 17777 72324 12312 83066 1994 10503 35580 50099 40043 83439 56262 40053 51407 63538 73799 22874 36506 18864 79568 66875 40095 15963 21257 47725 72455 36139 8619 21324 23025 26214 39279 30188 4179 40978 29508 79305 40867 65087 45658 80909 54168 7561 37217 21829 71098 16657 34089 23859 35520 29912 80120 75615 45874 17631 28981 23970 53770 37599 45293 66181 53200 73959 2011 46765 20578 31518 42324 61444 2247 77369 58608 
56414 1184 12079 67629 61669 18122 17972 74914 53642 47883 71288 34898 83144 78306 63878 23368 48330 7118 58048 20152 49704 37648 22162 12724 58225 43067 44434 25310 34700 38057 73304 80500 28628 74769 64383 6551 9146 71741 81464 62787 25266 58393 3326 24664 52953 67203 37418 6924 63707 11720 27076 19053 38754 38624 31776 2620 71077 65596 27930 11418 19908 17488 8172 37922 8512 61941 33859 17657 49937 31577 69830 75202 6224 73155 
5507 48564 45999 42924 55487 15347 44031 82562 34399 82784 26828 66174 1659 3546 37412 18975 14964 57319 36462 12522 882 34360 74463 34740 52016 30041 55703 27487 10884 61926 6283 16390 16131 52281 48700 71618 57015 8985 59821 7668 81156 2903 63229 82814 6449 16895 18043 10799 63600 43891 23320 64481 78251 14037 15475 35908 33464 71177 52782 44347 38744 59064 50123 54875 16987 15078 42747 74001 13449 18822 81668 246 11112 61151 
83059 6947 67432 6743 17745 47286 50634 30451 28021 34526 33875 32882 59820 67338 9700 28856 17327 37831 4175 67449 8960 21161 71913 41093 11416 74749 49301 82470 74994 49799 49263 63695 56745 32949 70437 63876 80235 26712 10582 13897 50624 44456 46779 26699 17435 45865 55554 34761 83695 59728 7852 82041 70275 79764 28775 81690 60154 78076 80415 51403 33516 45932 20739 79648 68267 80562 59778 64756 12916 59746 68040 63539 9843 20460 
6492 16665 66324 51433 51425 55661 16802 48663 53956 3332 34069 82731 1276 10477 66448 71077 51266 16218 22650 72004 1507 7172 68821 50672 61314 81736 16059 45608 50916 25902 66067 46795 31953 38033 14482 72764 9948 31283 37682 63903 34614 71750 52275 25277 82226 34977 1995 39134 40582 24645 16779 42088 21203 1854 82146 82516 72976 14460 44379 29534 40361 16087 76328 61700 54119 80196 50718 64066 27733 4654 33611 51734 76403 2140 
77010 64271 26504 79004 19659 67085 9290 36437 14814 30492 27678 13215 29263 6295 17061 63028 35828 57421 79114 17797 24762 38875 14247 75479 8582 41980 80133 42192 83100 62177 44332 65751 42702 60222 50396 62360 43561 59686 4439 47761 79564 21503 50362 14468 27797 67422 77495 53012 30484 62251 70808 55245 6767 74442 36366 15348 22063 32753 57540 21417 11184 7513 3422 43273 67734 53817 11274 16936 19144 15712 54083 14963 37214 20700 
29430 54398 77508 12567 13051 13634 74817 73245 58265 81583 63941 10885 2572 2258 33024 60111 23674 33595 57010 16482 76867 40998 70299 4395 57933 78829 20107 28271 83178 46707 38357 18250 6746 21506 30816 19796 24526 11274 9296 72178 82243 62623 83062 1069 64881 21728 50567 4809 55322 23831 21291 48443 64829 80976 52837 28403 65446 62330 46060 64879 14679 73803 83128 10811 951 19585 19994 25476 20245 18676 13908 18742 81298 2612 
9197 62433 24339 59763 67242 69047 72981 77919 33744 43451 75149 75967 71853 46236 43939 23555 27369 48004 13612 16138 58814 3949 35722 78807 29425 55966 3124 32719 64094 677 24717 62678 63109 49055 38695 35992 23743 17317 19552 46873 60767 10955 39095 38262 57191 72420 61816 73946 36678 64814 6339 11746 68763 31447 79940 3829 76800 83063 36547 46535 73126 61264 25467 41877 15960 53549 67255 29090 70865 3062 75962 47887 3403 20698 
2403 49980 9372 53605 40181 46049 34673 35906 47182 19690 56739 32763 12905 49793 21467 49452 12583 235 16357 38049 42111 21703 7852 25620 50792 68104 28681 43009 32245 32084 63706 24034 82063 73078 67025 27885 24768 17952 53177 61336 27029 26171 10353 39933 75963 21207 78771 77932 21441 11382 21623 63551 33085 18861 78557 73263 3219 23493 32526 24850 44963 1874 38270 32667 74951 21549 49939 5360 39501 19370 66696 55916 45540 66435 
1490 27145 3896 80261 21331 25336 81029 42953 78273 19755 61814 73085 9273 65032 2219 31185 79269 36568 33058 33793 58621 13650 55342 24814 19010 484 44184 75092 45786 79110 57781 47275 22509 61677 33177 43840 76399 30461 76179 60314 39602 54247 39040 48874 24921 41258 69446 20444 67212 18758 43623 42087 32408 15219 56288 40804 5089 6113 32150 50874 1477 6185 14404 13373 57248 47580 46599 39289 67427 39032 5244 23284 82666 44283 
61544 13228 74927 36631 23058 58393 55389 66680 6121 77183 71286 51795 23628 76374 57907 55777 43503 48771 51348 47293 62143 14238 514 14383 42913 67941 53414 48156 80611 52334 8693 47796 65561 73006 682 78005 37040 45457 60940 32547 38894 48480 597 51908 30495 47890 23939 73997 12915 64673 26931 64444 68297 27445 78826 27464 1027 48495 75619 81637 6470 73698 45687 61418 52345 35755 55677 5639 81211 22258 38186 25746 70737 28169 
77653 6874 76058 7233 80870 5228 71906 24056 59058 56457 40887 54139 73308 41913 8275 54568 39804 4131 33908 74877 65548 2507 26887 26867 81278 13739 49124 25105 39485 25503 53273 22779 32376 34972 30012 18887 40199 7559 32329 4899 53402 73215 59037 42964 31382 56698 13787 60572 60828 37081 41091 42631 39587 67977 58884 26506 71102 13649 51610 26841 39151 10524 49620 60913 45496 79631 69187 75081 76576 17770 79979 46232 7240 44657 
5451 28008 17609 8624 77967 78437 45704 35312 26709 74677 19543 74979 6825 6899 4882 47821 23127 44033 47732 62133 10587 9482 47405 79773 73949 40235 13798 59570 2721 10424 20481 81303 27818 27477 79313 22039 11555 30658 57350 38263 10977 66279 29496 17801 62565 34377 65621 75078 67796 18994 53465 67770 28475 17124 63797 8066 57358 66981 67635 49465 66791 77502 36410 10864 10620 31977 22289 22174 62635 79639 60436 73611 51559 79318 
80798 19765 19337 52060 11097 3387 71054 64561 60543 5170 71071 40595 13235 44683 13217 70256 83535 80008 53400 36199 80258 64019 68175 18801 2448 36451 4081 52270 26316 55640 47843 12755 75404 67179 64815 2756 59952 52123 56703 36750 57292 44029 66731 59914 78098 79947 46424 67274 65596 16078 19727 62108 69484 77289 80909 71931 29994 1244 40455 45697 46270 77684 58451 27316 61117 39520 19458 26711 81029 76160 52847 54576 25830 35832 
30744 9570 21420 66554 76843 3271 72019 12825 54765 57757 79500 51928 45942 15135 42559 75783 60831 78215 69722 24924 21785 47093 53830 30629 63190 51114 12431 32291 11331 38260 57509 42074 37216 68316 24882 30314 60973 2542 32525 31992 60298 28279 175 22494 43413 32120 3919 9886 15976 73640 34809 37761 26374 78025 57776 5819 45393 70206 27496 56723 14108 74392 4438 51323 58962 18707 81636 36189 21248 19802 68180 70933 37467 57741 
82813 80880 79247 2986 80152 11478 76625 20602 38625 19254 14881 12655 14459 49661 82861 41954 12025 2610 32600 16463 53932 80948 24556 41210 33391 35190 50398 7213 22377 4120 64953 21445 1254 60455 24430 70792 61319 6697 7648 16198 25950 22528 18239 29795 72188 6741 71748 73600 9350 9990 6317 52669 7192 20259 10133 40583 55448 60530 37182 67212 64649 18389 4911 55289 68230 18727 42335 45803 25423 39369 51387 40759 61897 69626 
70553 39726 76366 47943 29580 1971 57932 25283 54639 54510 34928 54158 734 79763 20329 37915 63229 74365 56304 57526 35295 30175 76252 67017 75978 7317 22640 43619 48075 73923 29499 24270 29904 11507 72212 48870 13477 35785 63540 57502 6549 14722 27914 7283 10739 37629 45197 63354 17635 7142 37134 52930 37317 19028 36201 29549 26344 58840 62554 63805 38405 81440 77461 68308 9201 65927 22819 12064 17966 2613 69565 24515 6722 3120 
21184 6847 40748 66380 70201 58383 73522 12976 27567 16480 21390 53154 46028 47733 17635 14223 17180 56039 11917 10895 29988 10504 66209 42194 22567 73561 34193 8386 3717 40914 11505 24900 37148 41640 80667 23603 16277 59830 25965 33230 76309 47355 75770 27978 729 82791 42200 7295 55085 43504 7577 74459 54007 73785 32907 76574 63600 67100 74346 56704 13655 75238 81603 50802 33132 67911 63791 38795 43995 6011 61411 36558 53365 42822 
64535 43480 41867 12377 50775 2593 55880 58351 77052 15528 37777 15600 81488 7018 72086 72089 63721 1996 63581 50966 52797 2354 35131 32843 30535 79126 28240 8200 21325 70991 51021 2115 30725 9142 14491 70886 1122 59757 45491 78173 75284 72654 83159 73027 79672 71500 61370 59647 62882 30592 16254 31933 22332 51385 54162 52866 36152 71788 61065 57476 59033 17727 48977 79145 16255 52854 66285 17376 28865 17418 1190 20404 6326 604 
82817 2252 61490 60441 51286 40626 80419 67539 61945 19005 24565 21749 61257 50103 9791 27963 13221 58211 45689 62197 53610 51330 20693 25536 68706 49557 42953 59282 59347 49279 49272 58418 40917 27016 24500 8457 57028 10560 65383 24615 18951 79334 46363 80207 35079 45540 24424 48299 9392 70112 26750 52388 37697 36829 77924 12044 2641 37131 71325 51374 2664 36852 15434 32968 53254 39933 30811 15924 39880 1835 40538 58830 81169 76287 
55292 32502 27468 69102 80800 36860 44856 13191 5502 71939 50020 83425 237 42047 26198 60948 82807 18248 3441 14495 51215 46082 43815 82026 62005 83694 115 18797 48165 70670 725 9098 19426 28192 78200 5867 65051 39310 8445 59940 27503 47851 49006 17126 79284 75203 67460 78345 9706 60288 9095 60920 22624 42296 48587 883 42244 48702 9066 79795 25013 82922 5148 33826 27368 83347 39692 81806 28298 37523 47387 45187 1628 12647 
62312 70298 4105 35413 64898 3197 11955 63379 53503 23965 21929 7732 14234 53559 45820 12686 49608 70832 11862 54755 20912 28617 43743 60604 26677 72040 3768 74063 33481 78528 76096 1434 65080 69587 26234 46232 72783 38188 15252 31928 62153 26567 39659 65773 80125 1733 78459 35375 72564 6575 79516 9731 35191 39514 59721 51254 17195 52875 30958 50676 47657 23309 41496 28992 9150 67729 64610 71320 11559 79862 8889 63098 12070 48547 
45125 8450 39666 39838 33211 17871 35800 28981 27601 70990 57881 76708 27886 75076 45838 58843 31393 82881 82151 62275 17514 80688 46259 82124 57649 47204 67627 66537 15943 79696 20725 61067 77532 60390 6547 26997 78260 42346 45365 11503 18977 19500 77597 46862 10830 29076 21960 31609 28212 9752 10139 45725 79826 45784 33490 53729 9242 17371 25907 25184 2709 46631 75637 80240 12662 71570 12879 80309 19557 58243 81198 38534 77742 75049 
74782 77959 9767 2383 25822 37978 12135 35960 73089 81347 71130 22834 51331 80371 29591 66624 11196 21686 29510 3088 7568 31558 74657 20446 17508 10469 68075 14960 38389 62071 79396 18812 45671 5417 21195 71493 32781 22716 13094 11511 20317 479 23731 71647 70236 53322 54526 81432 64394 73422 73906 71961 10621 54204 81793 28129 54059 66122 43088 81834 33835 38738 16901 79505 33541 38095 56639 66321 60810 59120 77832 70513 48985 17817 
47802 35475 60525 7969 22548 30561 70777 2095 18776 81397 45686 16824 25780 15999 72332 58255 3475 22421 2634 20375 7568 36175 47856 64206 8137 14307 39580 75355 1074 77951 82559 48875 29681 48725 46230 41615 79285 33261 43710 14316 30913 5650 20526 46079 11035 9112 20588 14509 20920 12609 24270 28487 38170 72125 82079 46306 2686 37914 27303 76892 32119 26116 31408 51186 74840 77638 82188 70380 27153 31539 74082 58065 37188 249 
9786 37609 82492 30373 41505 9053 42981 65774 37539 81150 43541 35873 33098 46226 63173 49787 28759 933 75902 60167 41506 56383 43446 39948 32404 70598 71486 12127 34305 14315 1762 44090 51923 509 63849 82814 9561 23085 64843 36487 9876 24638 72359 32360 60250 41173 82146 5264 42105 63689 54817 83610 25714 14517 29199 47504 1369 16939 59631 25060 31253 61392 69149 72563 51287 49253 71631 50235 61724 42115 2976 60986 66752 75334 
9601 32644 32761 81133 27294 64252 50464 82110 64117 65564 2268 82702 29322 3636 15896 78339 18083 36535 55986 3486 14739 12914 42125 75757 63148 20103 34126 66123 70476 6520 47098 69463 39163 69245 66850 66456 49752 22955 54207 19510 4773 56474 18466 34095 49496 23748 28688 67578 60283 74060 60451 75021 76361 18830 67032 55763 28320 6800 38141 15050 13319 74625 767 41868 60125 57003 24578 15518 69345 68171 35027 74117 40899 42879 
13853 6649 66627 31928 63614 32551 11629 40319 13213 4244 48535 80245 60007 76854 76431 3789 81290 6004 67800 82056 37258 44179 44701 51222 59696 19687 35647 364 10058 76545 32630 13298 72580 4898 34612 52448 37448 46240 82153 50660 39871 46943 36546 5519 29438 29231 82439 26983 24621 66493 14680 61878 26927 48767 29354 76009 68453 54387 65760 67898 36573 14644 81195 25408 19541 21448 67242 46375 57074 55037 13289 13199 18234 49835 
18717 37058 68452 17410 64040 82460 158 78720 60592 16471 43741 79333 81866 28449 49974 63880 12601 75934 67910 83182 6983 76837 20884 74224 39466 67344 34902 52755 80543 42522 8231 4901 79580 66069 11698 59874 64783 11855 44235 31017 17712 77363 26604 15832 11453 65964 69099 24053 58152 53263 12876 65134 35742 23146 45000 75207 6744 69288 33603 76673 28065 31220 81574 23899 13544 9526 73159 67713 10767 33649 14984 28478 16653 30974 
33696 28105 13193 19049 41544 60731 61699 54419 31507 13695 66951 65893 5156 73694 51435 28146 56009 79499 59365 53837 9039 62295 63362 82198 46263 63515 21488 61246 8247 38140 8475 41942 55631 11054 50378 13429 61171 17718 57234 8932 31412 40439 74824 25954 19774 31901 54099 75782 27654 19106 35260 26080 81400 14876 24532 43917 78390 35406 10805 76023 73545 19279 23607 45430 19719 63371 48245 80889 81088 21733 79208 28754 51558 59673 
44094 71331 7828 14448 52755 24869 22940 4269 50948 20594 8532 75479 53898 76308 27139 64702 68586 6325 73367 8447 41141 82472 71817 78772 79615 69159 16759 75077 3554 68316 40392 47647 45288 48219 51481 3684 73087 74420 7953 40289 656 16484 21409 43940 9046 37934 14283 67018 33645 77036 64851 64172 75762 52922 59198 71631 27722 65343 52350 20662 39300 82128 57696 843 46601 25431 4526 25330 5493 1865 65618 79280 18348 76414 
39474 16781 30602 53756 53 64247 47046 64904 44673 39062 23467 9513 16334 40576 74855 58070 50624 30410 56452 24574 20639 8695 50005 25164 34024 44884 27029 5283 40418 34763 81696 79891 40930 28553 39288 40983 82186 2588 11528 32500 31036 24381 42012 36756 64956 22509 11081 31835 52918 56919 45795 73556 65613 12054 4361 5278 56937 20776 10561 13609 44926 8511 82886 2110 26450 38428 32479 24890 30402 33393 46777 61437 57774 78175 
14448 28371 16938 14915 49592 59242 61220 11642 38439 32475 23695 32187 37752 70019 52962 48312 73014 3529 46210 61542 78771 72659 16224 27504 3191 46626 60897 39354 13704 34925 33783 17538 52682 40108 32452 18529 4991 9927 30170 43430 31788 43251 75616 69539 18911 34219 23493 8180 27135 69702 59108 22160 48002 64718 49663 40579 27598 16201 79932 30689 40512 29970 48226 9449 59464 70065 27977 64454 69378 58146 24138 17420 7038 5395 
3213 25949 29001 16092 23515 56135 2048 82622 67681 39437 63594 22985 80015 80579 39186 76202 27522 69084 11813 65134 78532 71276 51453 22763 41371 37085 70295 65509 54504 77333 60290 47104 19536 78677 63195 32437 40453 54630 31313 24388 10321 548 47373 6590 81126 75945 72178 14289 61283 245 79423 56070 60907 36517 68219 18533 73602 44156 73428 33747 27130 39359 80850 36052 34291 49687 68488 74743 20571 16055 4773 30891 16602 41532 
26867 3370 33731 15300 17658 655 4931 2722 46111 65838 39239 19972 73757 18482 64127 63439 52228 7511 19052 38720 32949 42729 4661 17691 23114 14618 23132 27886 45508 29120 69417 72374 32489 8789 77060 39534 82575 81991 42255 44941 64083 70880 54299 43481 5616 34680 23174 47231 31577 31612 75337 64525 74341 79997 71602 13709 10869 10988 41594 45763 40107 16652 23778 61983 14827 17093 7158 3043 4725 49412 37370 58194 25934 7923 
17929 20936 31989 41102 68166 63565 72713 59757 33731 52695 45395 21587 66403 45650 21961 13638 80799 51455 19676 20832 29692 23889 27311 36849 26932 32035 75647 64301 6483 17835 72224 24411 28158 20467 54899 12578 73419 33253 61722 12791 2203 12758 23765 57992 47795 45725 71630 44848 13434 80692 55066 32512 20836 71763 69360 37154 9439 50649 7096 15921 57870 79319 29718 2282 5428 74003 4247 68233 23511 55355 70410 15100 68112 10429 
73091 21548 45541 50362 55783 48361 36696 16490 70260 46918 4508 45261 326 13946 12164 7421 19254 70034 76127 38358 61702 70941 28616 65948 44815 41513 37557 31479 56612 11311 31295 35344 22245 66222 75093 78027 20224 28043 159 6738 74960 4666 51999 64672 7998 64162 61479 16638 39837 53860 54996 17794 30442 72998 73128 75256 30765 16327 12377 76763 17024 33058 17748 39268 15534 9095 33550 35757 37137 23095 42495 17738 27760 135 
82409 25144 64296 60143 41782 9775 19644 2419 16955 50086 75416 6337 30983 11822 12050 32746 77971 29073 65803 11973 68341 81336 21068 7532 22735 47591 30626 54616 54716 47772 54750 42766 72915 35300 8550 20338 34461 28194 22756 51415 67666 3813 47139 4290 5021 59188 37036 82991 4516 19093 606 72856 6071 21673 69774 28805 58650 16654 83420 29620 53812 43811 61773 42981 68497 70322 52706 19213 14770 75461 60014 71822 68661 23407 
76112 73681 82595 18789 62314 3365 37881 62919 65607 43951 846 41022 62142 48882 57675 51203 67889 27741 11268 45916 60108 69152 32492 29068 4619 36649 10171 64632 14112 68218 4294 79610 58153 76275 14653 36721 69026 52534 15894 40274 2126 6126 81295 53655 44395 44611 10499 17925 61738 21767 63840 27487 80305 1973 56555 1178 28008 56112 55196 42120 40584 48876 37984 4378 41405 52637 30486 26685 10812 46379 56345 2324 41892 53894 
55978 2541 14759 66477 20465 65883 77630 73691 9625 63576 65050 66179 64753 82445 27932 25590 40819 57902 74466 68189 62279 32125 26467 9019 48197 26665 44785 20796 28989 76063 64077 74353 67990 68222 46471 77841 50360 29742 67786 59984 9572 38477 31804 63711 37176 59735 5556 67381 33891 80021 41212 1811 17787 67678 217 55370 83730 34388 76166 28973 26705 45884 8967 10949 30360 44825 5044 80719 74566 62216 56957 73525 6334 5015 
53490 43510 54136 48432 16532 77413 44707 57743 79224 51881 41676 68827 23505 41660 19469 5312 60019 35560 51195 58372 35895 81555 19451 30325 67915 83404 81927 41127 62570 4515 35528 32314 37411 5919 80746 53943 83331 31094 27940 68196 82974 59002 42664 22734 6303 51519 17432 55708 76465 68627 30335 28614 55823 39172 48325 29379 28217 46506 70505 7041 40408 11675 28742 77818 6980 15129 37402 79697 46222 65342 53535 34838 29985 12453 
46958 36288 53359 64389 81382 46078 38657 27971 64079 10734 56530 28658 40113 74133 64551 16259 81174 21213 17320 26170 4672 24299 30685 42074 20251 76906 13057 73785 17385 32428 75624 64342 68715 45237 44986 66352 80702 83642 83709 61035 18 45880 79079 29517 36268 59884 35162 23083 70483 52482 38639 64542 76780 69323 22870 2672 51870 25313 65843 69255 57740 57722 49851 32097 8600 478 4090 78688 73507 77185 45364 73524 28707 40698 
8682 64974 6223 43843 77443 66093 12579 21723 46889 78746 7300 59145 81417 48556 712 52902 34065 47838 26878 73303 69321 24864 73780 73410 9194 63541 56237 54557 42706 1198 896 40774 55558 7119 872 49255 73211 2837 70977 36354 81582 67663 11753 68641 32473 1851 37797 66538 39075 54061 56095 24651 68311 35516 3702 77504 4699 59938 48316 36791 61135 49211 77565 32947 45716 67823 82201 35181 70659 58819 60921 68496 42736 62060 
53391 75209 63910 80574 47388 19240 50889 9124 33277 35454 34026 36978 29213 38724 13171 66915 64902 63692 32380 58721 12894 78096 42798 736 18918 19098 48942 79839 3848 81064 58153 46625 61914 27705 43453 25556 36331 83728 24066 69607 35437 58092 12226 54036 2457 14783 37205 67358 78475 69584 31720 80755 53321 63904 70877 72239 83002 36073 57719 3104 22779 32126 39116 947 49217 71955 26503 1802 71938 39955 71408 23629 14301 83634 
77664 16758 14671 20510 73502 82532 6348 21477 79541 49056 1635 56060 26936 891 81519 909 77127 20552 22421 32497 21499 71638 10093 37388 73439 82030 77342 61102 11300 81030 50377 78350 3429 54434 15114 76930 42608 10849 14661 27790 59904 5683 104 3094 79705 81623 4002 73086 7816 26422 11224 18701 3701 21317 56088 77140 8988 39072 43883 20288 25743 83646 14892 29171 54334 30006 22355 2583 30241 26403 30373 6399 32085 30476 
82624 28044 17740 76012 6772 14943 8075 17995 33643 11776 28698 79118 5170 37686 23831 38439 57973 49573 38339 62251 78743 82059 81643 6739 897 28138 33141 31269 34536 54612 51131 22801 72043 68871 15067 78814 73200 12529 2450 23097 24304 20535 18469 18860 58220 42299 57298 21834 8126 11891 73471 76255 10204 71369 82994 487 15761 21776 31755 39684 76388 82886 62484 64685 57398 66938 49140 46852 79466 40976 59335 20024 61510 77804 
28270 25371 25744 1822 36591 23257 3099 26317 5153 2689 13940 4401 3176 19087 26177 24317 58770 8206 23457 26896 62277 70241 83220 27671 33347 78940 58033 82069 4605 25185 76127 22261 50555 7512 24082 76533 20155 16567 19104 25308 19255 22430 29708 11817 30903 45271 36134 5928 53476 48977 22210 32007 35473 21684 49064 58206 6265 23352 56529 256 48536 38297 22516 4732 45809 46597 81264 55350 52550 6009 80657 71804 17825 16007 
83621 48728 61277 36009 44042 20395 1240 66251 52401 26099 77321 7107 560 72972 30458 46475 73227 68380 1027 11997 73111 36222 47980 60017 7826 16784 55412 77870 77974 73237 10131 77849 27606 60794 19499 71647 81188 10126 43539 49844 36224 26501 56950 26170 15727 76794 72645 5208 61428 63058 6591 40180 4921 43957 16451 12746 60740 71863 80002 54968 50741 6387 38459 78346 67181 47344 66247 54010 57469 15427 20108 83080 41927 66444 
25504 57653 48879 3790 52247 15948 56234 58837 56128 61154 8435 61965 63287 69174 39469 59543 29783 6464 55317 57628 74196 38752 21227 46084 9016 68082 61510 18511 67416 19691 74341 82307 66730 28862 75483 35231 44809 47972 83454 6578 25380 8143 68543 4921 66703 13653 53851 2128 9504 25422 49142 83699 53560 59755 46038 51962 44092 23802 70472 17149 32880 50455 5097 5251 79316 80580 29869 29766 34193 18964 36344 48959 16494 21141 
43267 72583 24180 13372 74710 33683 38793 29494 33637 8607 5503 69061 49955 49594 82249 36682 56130 31383 76523 61226 26021 61480 47447 55889 7500 81639 74852 43843 46853 7600 54370 6374 80183 78550 9132 60534 17874 47924 6282 51510 45917 1172 36825 12126 50765 35329 38194 12536 56098 20358 73762 82118 81837 37463 43648 5592 24744 34755 38821 60983 31741 9446 67356 17565 77382 65874 67486 11510 19439 63154 52407 65355 64325 78618 
66867 20732 19588 10703 33267 75686 20447 12670 63445 18539 50133 12735 13517 64263 36876 41724 41500 58003 51169 14497 75568 34192 80370 48695 45702 16063 28103 3750 70804 8683 82367 43312 29414 18210 54014 52067 83282 63848 64737 52368 71773 20511 65102 1544 1028 18232 43267 42527 76235 78 57023 57444 23656 43034 22393 58744 59096 50495 62493 46154 48564 61115 5720 77977 79324 49121 46299 78860 29223 16677 36869 17250 37187 18226 
8180 38214 25844 40833 70127 18333 30297 32791 65163 53953 75824 3810 28951 51174 43692 7699 2969 8510 58200 8688 75874 53778 47195 27814 38279 65804 33877 75147 72440 71063 82759 80619 25531 24858 27094 11912 32577 46777 44702 13995 16984 36780 7191 35322 77340 50882 32407 80308 48779 6861 78382 30294 50025 31219 47494 77690 13277 81370 69091 1972 68687 57492 71977 83604 82349 15325 1157 31180 51489 45858 34561 68472 72024 41752 
9435 55005 82020 41841 40954 47053 38088 35590 66733 4367 56195 19868 71443 69472 6879 46176 71443 64952 19922 49061 64810 18525 53773 55353 39091 21516 17465 73652 79374 78875 31658 5064 39521 29932 36291 80474 66372 74379 21706 38746 68132 77900 48001 45217 53013 54879 7647 30097 25473 27568 79158 6537 35479 49185 61890 74569 70700 68741 64475 66328 53258 1774 60778 82165 21093 13324 78894 76851 77089 6241 21238 50862 73527 69238 
12333 42795 29759 19979 62278 55231 47546 57690 51154 83024 12516 18685 63235 72602 76813 33351 44572 46325 24512 21604 34131 45604 24314 18666 28096 17657 24906 49333 57906 4075 34826 59625 36256 64584 79604 14788 25456 32791 72478 76609 21457 74380 11549 946 63237 4616 23683 24063 40327 48194 45666 74457 10052 69980 9378 38147 77023 23670 76867 40570 27744 27947 16450 53386 81917 12308 68174 13014 34485 46293 5877 55941 36927 6812 
46273 5805 814 59343 29867 41140 23791 64920 21239 23230 40541 30616 50763 33818 43672 43884 74388 60803 61217 80224 30443 48775 8786 14871 61788 32657 50550 57052 77985 3732 63863 29899 9536 64677 5496 28790 11458 29287 9964 32696 52516 50504 52698 8920 73708 2012 52804 64350 62814 30275 60828 9511 68437 59000 13769 46479 81044 64318 9172 75283 57436 62422 21436 56359 32740 26932 1403 44197 45605 753 66280 14375 51256 24619 
23294 41218 26630 65484 11210 78830 1401 61424 77728 69837 26066 7751 21957 23364 61455 20516 14901 24533 82937 25723 80891 31931 52654 71680 65514 14513 72432 37435 18274 29329 62054 30955 70546 78070 12693 71142 62542 3480 38208 56524 62703 64273 53661 915 77023 31370 10817 8178 55902 10008 33900 42434 31325 75941 30368 13093 6708 8441 50528 14369 37769 18223 45323 13957 1934 47402 1353 53862 50882 28947 26640 29839 9474 80300 
20140 2751 17312 30956 315 62600 40963 23602 10676 72287 15797 41043 74767 11891 38871 30936 26259 76639 49158 71581 79982 40478 24625 70722 10595 75506 15923 26621 10986 25397 23176 31126 17534 29874 62081 17849 81860 8686 30837 8790 70359 46633 49833 61380 58523 78090 8570 74169 60370 47114 51391 56607 76979 76015 32970 3828 67775 48892 30448 78761 63675 43010 15528 81209 62270 66995 4699 60385 75680 35535 69174 51681 71554 24648 
18702 46331 18992 27272 26141 68749 63772 77532 41610 57005 69801 74579 50219 43218 29112 70054 27620 9042 29318 43147 79637 80975 15783 590 57614 80850 25511 43042 48785 13319 57077 67486 49036 76068 399 75177 61071 64171 58350 8322 26817 44405 72287 77036 77009 17654 63344 20883 16082 82048 53416 11973 79277 69199 1949 42532 66303 16846 74961 20729 19551 48292 4469 68586 40614 4868 49404 7327 58425 24008 5035 1496 57800 77322 
67918 40450 617 36903 50720 16698 24593 20390 18057 9511 78975 9392 52043 50919 26237 43258 61034 45787 7804 65503 20014 37804 59757 58805 34517 23823 72199 39552 25318 46253 22515 82623 76090 12518 25167 43064 18602 49759 52840 36658 59270 48070 46049 16954 4630 61672 60211 65664 13100 57401 36808 33113 846 2206 8172 35363 26028 80371 64301 40732 32265 3070 39609 24609 15587 64776 67672 34188 20176 36767 60232 68832 74223 11922 
2040 68239 73593 51637 39544 76079 25292 76351 25446 26138 78556 23005 50887 20838 19630 31442 61570 41281 34511 6820 55277 39484 60982 28590 63058 81158 65356 39544 66244 45220 51465 57671 19101 30699 25562 58644 23032 50854 51250 37864 66378 35447 60868 33519 45672 69884 64960 12883 27420 5112 19702 72083 44595 80684 16927 13294 67483 71670 52837 39368 33144 9943 13293 52244 40641 38855 27143 53059 79095 67779 7177 51114 8867 57432 
887 54538 43570 55233 67420 60376 49731 3377 48713 83712 73447 65640 13260 46571 53564 66096 2193 76094 76038 15486 33980 22320 43727 50509 64765 39076 23929 61328 6444 32795 35014 80462 3588 67971 41336 71007 44601 7321 63770 82701 7287 42858 53982 20546 5683 13187 76028 7876 78667 57707 12748 28901 69413 56474 79409 50432 1191 8979 28014 80766 41774 52415 77482 45361 36640 24459 22009 70627 31779 2034 69582 28452 44891 29205 
38384 50574 42391 30666 47836 37313 77759 60583 55600 63426 33311 40651 19499 23888 49629 36899 20908 7657 5568 4031 53017 31594 28489 75026 18476 49654 66446 77444 78105 27591 22904 22130 67551 65294 42182 31641 8248 36195 81610 63848 5262 31175 20753 24760 44449 70381 61658 65356 78038 56613 58773 36696 4461 76648 17363 22936 42556 63 16635 26302 17041 28925 48431 73978 83605 6867 11261 8108 32448 9125 71955 37709 29687 82094 
51855 74135 58116 19155 45133 41795 75767 20160 78491 80227 13063 1495 8805 45005 74690 14826 71307 81117 43750 25379 71349 43609 21633 82609 51716 43467 81121 29312 81176 27062 17047 38672 17451 75163 57826 51970 33212 49847 72130 17344 35716 74579 18839 44520 35838 9783 59345 12786 7154 8736 27552 67889 52344 49184 56140 9702 8905 53515 28400 79467 80576 45447 23781 3668 36864 81606 55638 59462 37095 33409 76806 72810 24242 11899 
22971 49466 11068 71702 51639 7608 80437 79190 64883 49035 34015 37277 48123 32306 80178 76523 17415 77008 38224 41195 70063 64474 39055 31342 40190 65536 64750 33250 54600 78378 34535 66957 33485 34989 54913 1378 42596 51604 69954 13121 6281 20223 50397 54403 41916 46830 36567 59330 29479 74790 6166 15796 55518 34607 36524 1350 16398 17528 34599 60384 12160 58521 43596 35032 9764 14763 36409 41747 55754 12005 54867 51421 21614 10905 
22078 63529 57734 58645 28500 76600 39076 34665 81782 236 69272 34561 1585 1924 52088 25570 62307 53635 345 11544 4921 83241 15694 30716 41242 71447 42720 1750 39122 64334 12654 50586 33504 70388 14872 62004 52629 43335 12923 50665 43570 71581 1480 45154 62891 42955 60110 30840 2231 60455 42383 80283 49337 58076 27253 6833 35164 59360 8582 74285 39948 10622 30513 73451 70396 45384 41096 39279 4973 43406 6199 37929 31241 80810 
72469 10387 29406 48834 30613 21023 14930 72995 17560 64266 36713 34200 60485 71876 9814 58453 51803 39148 69074 82315 18240 55725 33340 59336 11258 27700 18996 6843 65628 39623 77040 43739 39396 12087 8827 70008 33110 23756 48645 50669 4276 1612 1123 64760 62874 323 28854 30931 39470 14182 18887 47097 69906 41614 22687 70551 58700 31069 66780 29969 60078 60074 73707 15729 61548 82533 1991 10912 22543 40022 61580 16205 41633 52090 
70351 10149 52412 15459 30466 81269 29641 49353 44620 5188 80353 56693 65125 55307 77148 48160 1530 53480 13875 75237 69208 75422 74024 60586 75720 2209 16862 53555 7800 47882 11286 78151 58030 53084 82996 4750 50607 18278 43489 868 23466 40096 46947 4845 11657 40349 42391 2574 10084 45653 77810 68678 37329 57475 45518 29304 49070 51767 72245 56870 15903 83530 40662 63319 42255 39912 57455 9117 58190 6586 83116 71042 46681 46318 
65273 47725 2921 23919 50298 2391 69571 33749 71069 12541 80610 32841 31231 45935 73994 9117 8446 79283 82033 38494 58856 40543 78405 21953 39046 42236 28538 38416 18919 64605 988 447 28584 77041 13752 68268 79431 72709 7658 56141 1504 4523 5237 22122 39844 68617 20625 37676 64155 18913 76169 39265 48842 60215 50604 4142 8093 79141 31944 27011 60001 32932 27457 77971 15614 30595 62494 11299 19558 59538 67440 10449 64060 62063 
32570 9545 36321 42581 47220 16730 50880 29030 45382 15976 78632 12240 9504 2979 7636 41448 29989 57023 63766 46833 51248 79379 77427 29996 80064 13240 5789 53145 13075 59235 20849 45644 58167 57170 77611 11028 73899 44746 40058 24922 60721 34944 37162 70225 27309 34184 17314 46684 7461 81079 9771 58708 76712 76585 78091 62417 79211 73266 31817 8540 38142 42052 43570 12563 4863 37435 23591 78762 82180 53035 9325 48543 77365 46486 
24409 20928 80669 41722 56998 4384 28442 66769 63092 10795 48995 57437 73211 44460 36344 10669 52999 74485 42108 2210 3303 46970 39644 16280 31373 27466 58701 40698 65395 41707 3438 6058 52021 73494 37166 25273 77877 54994 8296 46610 65788 46677 9688 44640 7391 46031 44696 49776 36771 3058 51985 29460 50027 7884 35126 81400 24736 10081 27739 6385 51787 31176 1829 20062 20924 28381 45334 4443 83374 43017 40439 54803 5948 39514 
15697 2726 74931 60392 52501 17343 52836 20741 46802 8505 18011 81927 6159 42746 81394 23284 49130 49435 54459 40345 58883 64770 68725 9859 58599 57740 42262 4679 28797 48209 44192 44493 50934 35378 10527 9077 42107 52749 29817 5164 61253 37214 76477 56798 79959 63513 80081 34730 29202 40182 75074 77472 10593 49440 3585 69191 23434 35233 63256 52230 83441 23703 2364 40017 48467 2277 38480 6828 55026 68296 1378 32533 21764 67242 
78718 7364 47009 75053 42093 65597 31489 22808 48710 42081 61634 41681 16913 1322 76913 80169 42938 65996 9513 34688 11654 47366 36965 50133 43580 81377 34683 34345 19551 45833 17841 14523 42583 54236 78963 74062 25474 16093 2511 63571 47561 64144 21506 64473 54852 14674 50283 14044 70056 59795 38118 81709 12802 64469 48096 56382 62100 72165 6981 81651 34252 14208 1815 76834 57830 80777 56537 83303 2512 59047 63128 50072 39445 74021 
30799 10551 78081 70469 13981 64391 35905 41485 62354 48707 22209 26704 21343 563 15123 28323 71600 38761 31917 62802 21236 6001 49220 77772 78690 51731 53073 47460 18057 81904 37735 38243 81841 32070 24966 1463 2102 60870 42947 64455 25831 65155 80545 36560 55105 11922 54269 42959 40069 2440 11402 61304 81572 60622 55330 76517 28607 14044 40231 46664 12202 67352 1161 10297 5063 15513 1146 7164 76382 44092 61005 7855 25502 57804 
44414 69993 69725 4325 18593 26048 6764 29995 76738 4591 6871 48322 70494 35477 51752 26979 71527 63953 10585 72687 63636 5034 4454 64781 12197 70223 14514 73201 67464 29402 47259 17519 15649 22625 21843 34242 38059 17994 53623 31051 11971 60493 68759 82464 1611 36765 15084 73138 6359 15055 51466 59381 20088 55920 29803 32284 31784 33703 11126 4889 63105 58384 22407 68140 70395 44250 18636 14095 51630 61645 45145 63600 38392 19545 
51705 40003 45696 66788 29395 41441 81842 80860 6463 7571 42421 36265 39854 63591 59354 40366 68479 38713 4391 80273 23108 74785 40777 31130 5134 81793 9030 39665 51034 36808 59209 18993 76810 10546 75167 11846 51986 62650 82093 58448 70220 30155 354 15715 83133 59707 56080 57253 4062 60470 53780 27169 40896 198 47685 46029 81990 46101 1948 49278 82909 50543 57657 65360 61088 49078 66593 18715 17369 54327 77162 3843 73868 77515 
8944 62642 42863 65023 36150 46924 31134 6184 63479 72029 6382 16806 23699 77758 62906 15033 32678 51456 65575 79721 22458 32304 34441 78437 51018 51809 49018 44434 45039 28527 27590 53982 7424 59840 24647 43573 23018 55780 39143 75884 33451 34911 8944 57149 18311 61236 72182 50988 28947 43398 36350 40791 75702 70790 35482 42974 38854 73886 76795 147 18667 10026 43515 26090 69865 68161 59049 82270 40196 14447 74408 73646 38744 72738 
47049 57054 50228 24872 13683 68561 68270 50033 25606 60226 37077 61087 8841 65317 51227 75022 54850 59281 1303 14620 1625 60554 82780 50061 59078 39230 53894 49740 18517 8892 38732 54953 65946 78347 79824 79628 63162 53735 45915 5023 30215 72379 55496 28443 53950 12365 19719 25055 71645 10408 39674 62656 70962 28095 28971 46294 56712 82864 1676 75228 8011 40407 35822 63343 24395 21288 48612 3812 75022 169 81966 10879 72547 53716 
39321 32138 66080 48426 57192 43366 58834 2507 22277 46050 30602 51247 8598 3568 39753 83405 68182 37150 29454 20259 16747 53848 41546 65358 57659 32822 54913 55879 43700 43714 15237 72407 75852 70703 37088 38685 30324 1563 41192 52600 47612 71793 9488 45596 64747 49240 45256 49183 75776 64096 69441 8777 34198 16628 63522 8112 49450 34689 53377 82536 78403 68613 60585 59896 55571 3314 14835 2149 4876 45413 44135 41874 22847 43009 
76856 3848 81636 27753 53031 73666 8103 28113 71830 42301 44741 51606 39799 83577 2549 9430 82367 70338 78043 48593 35875 39255 51906 40097 41403 46168 1764 74924 4296 24611 23574 70539 28458 21464 14546 70875 772 12036 15243 72601 54336 59983 29848 10389 59814 32396 19818 47822 8376 3502 2057 33637 42756 53962 73733 73545 5772 64884 54110 83199 5749 77684 69992 23593 4789 73925 110 78692 2215 4739 56934 45937 64721 3036 
45712 30176 24819 54916 67384 33194 58418 69440 56217 6815 29044 46205 80360 24202 16730 40111 23655 22478 34049 83034 35457 28225 62600 24953 12558 64814 29691 69492 27005 53 72527 72716 19615 13600 43886 3254 36180 7945 62080 8652 14760 80510 44243 761 20966 60972 40871 34008 72836 64307 33296 13934 81918 1537 38887 10730 66350 68577 80221 82741 68630 58390 61098 77631 71989 10625 80884 24424 7957 48606 22462 22716 45370 66704 
12863 55723 33317 43120 5985 22407 23681 28667 36340 11240 30203 75226 21970 2194 49445 7832 74321 23716 66221 41060 17601 54465 51684 4127 68275 49027 52732 6991 71742 3743 63081 73991 59465 12652 33366 54836 35058 46433 72889 60784 57673 8733 41652 79642 313 7351 76860 74633 20453 59336 31947 27440 19442 73018 31566 3971 38299 73684 348 15683 77427 63428 5928 42533 76079 28680 3011 16778 75113 65286 77561 49040 74019 35467 
34323 74331 32204 27437 54606 42043 3027 2807 69483 22468 65211 17303 15825 19765 80374 16172 35447 74055 79599 30761 22229 61319 59441 25239 78096 40195 6780 61299 5489 70185 2407 39811 50157 34611 67247 21017 66040 59661 13211 51777 82128 78421 58467 14208 3827 55095 19766 28660 34791 15620 59421 57019 66325 24503 71645 60676 64697 67811 27616 59572 54250 30022 5024 20661 54019 61657 31065 36314 37572 44275 77477 25342 38950 52198 
28936 32164 23547 48701 60823 47724 53707 25885 20998 36287 50387 82029 2604 20725 66094 30219 69683 25985 49627 74706 46645 9288 52618 77709 45601 79576 27625 39332 21172 55962 80917 39494 4380 10105 4450 65202 57829 47543 7342 68213 84 47115 66496 75819 57227 38231 11679 43164 64215 61306 23512 16501 70593 76129 83597 21835 61346 27476 50553 71905 83437 47724 27653 4071 47216 21489 58660 21299 69032 66001 78898 58502 18757 51035 
39963 75983 5520 51641 24789 59121 29201 48300 75621 5435 30070 75472 27269 7670 8590 67209 79574 8281 20574 23482 1739 67789 44970 60398 5342 19643 32040 73626 67532 40183 40915 23749 32421 35821 75389 57209 11196 10232 11150 3072 5053 41219 67930 21709 48888 76519 5172 44717 74187 25745 57585 75925 9789 8196 41964 4517 27839 63390 67530 11625 19827 24699 24760 41634 60520 5790 15097 61102 16021 26246 53560 10461 67464 37745 
32169 21994 19905 26727 66710 83478 52471 40549 65044 51646 48744 23262 45550 65969 2906 29334 66980 12120 43419 7994 53753 9580 3171 58237 70682 19191 737 29883 19038 57588 67627 51206 68968 76919 77932 51932 66038 36045 81867 47337 77077 36252 70598 28268 18476 62891 57601 74842 75010 6662 72223 34404 5628 75393 8895 76309 225 82764 22447 19263 56606 79460 70468 41828 62020 54042 83146 44313 79473 70654 7904 72804 23160 67888 
