94 13 8
9450 8367 10992 13572 12762 690 16786 4706 5653 13739 12574 13002 7162 
2887 3478 11696 1039 12715 11733 8327 9542 5481 3656 9092 17321 15050 
5181 13702 1613 4074 336 6480 7858 11327 15469 3102 7434 14736 3225 
13086 6375 11216 3987 8954 14102 7464 3132 15141 2661 14864 1367 7620 
15763 5022 12129 10983 2554 17309 2584 17102 16801 2919 1481 7140 9664 
16949 5659 12515 9584 4301 8083 15958 15516 12069 2812 7518 14951 5943 
5140 13029 16224 1924 16066 9886 6946 10676 16286 4917 10467 1352 4500 
9749 17206 1398 16888 4769 828 447 17284 5829 4747 3266 17205 15681 
10752 2498 5680 3602 3858 6237 16630 2563 8160 15177 7867 10523 8335 
6634 15439 14219 7985 15356 6449 3091 16753 1236 3277 12998 1682 3042 
1309 1847 1725 13931 12945 12477 16428 1106 16078 2767 7342 10608 747 
10919 8266 8613 3924 12018 15247 14780 8718 1131 12618 10584 4221 7270 
11820 7498 2750 8919 5957 16994 10765 7682 13406 6191 15576 7733 2714 
9553 10499 5473 2642 6663 16392 6326 15276 15733 825 13004 12994 4961 
14134 3511 15544 13773 10781 9845 16688 8948 1246 5126 3841 7428 8225 
12664 9037 6282 2878 7168 11253 8794 12641 13894 15456 6932 2701 13213 
564 3526 4116 8975 8486 13668 12486 1929 9922 5748 7192 9091 14695 
3855 9634 13953 11282 341 9098 15736 2040 11975 804 13292 3250 8862 
5086 14123 15793 7786 5236 11774 6729 9351 3230 10632 5500 15715 12561 
10839 16880 2234 2411 9474 6088 7463 5908 12787 3221 15005 6423 678 
4879 7226 13970 3546 16087 14473 151 9779 4740 5386 4034 11469 10154 
2681 17518 15654 878 12560 8974 239 10211 6803 5131 16298 14265 11038 
6985 17485 3943 13407 644 8821 3114 10031 12367 14618 6985 12517 6878 
7143 13320 10911 14029 5955 13591 14028 17026 9886 4488 8482 5543 14698 
10702 10673 8896 7448 17128 15880 2832 3552 7186 3475 7791 5717 8924 
2639 2816 15908 10573 9693 950 1792 16021 14978 7746 7511 11488 2672 
17397 11393 6571 839 8572 17272 6929 12885 2619 6538 11246 5450 5508 
913 4342 8716 6629 13265 11354 4862 7073 17344 14554 8022 1617 13056 
5482 4780 15985 12387 7451 11281 6261 9439 12119 10250 9192 1529 5617 
11810 3484 12280 12677 4409 8611 17019 13124 10657 12765 2377 15519 2319 
15138 12554 10341 16754 3510 11240 16952 14912 1526 2302 8674 7786 11741 
3274 13453 16350 220 1551 6060 16639 9249 1218 16466 341 718 12071 
10997 8901 9866 4415 6637 7485 12387 12395 2139 11314 1534 14508 8707 
3059 16809 17380 6262 6449 16071 2197 5281 11708 16683 11340 10828 3831 
7975 9775 4171 8693 17264 10586 13011 5029 15000 15065 12513 9868 9942 
10069 16599 11475 7058 7787 14534 6349 7648 16213 12797 1618 13827 13495 
13325 12992 7316 2053 16822 15291 7245 16411 1883 6990 9478 10311 7436 
2377 7857 2431 7663 13216 12499 6743 7173 14975 9948 17124 3805 13013 
11236 12019 14631 7545 3414 5855 3018 10729 7907 15257 3919 15152 9567 
1219 41 14462 11529 7477 16839 14804 5325 2401 10501 13241 4561 13091 
10697 14508 8114 9919 10003 1832 17356 2533 9376 3251 8387 7811 9397 
16294 967 13316 9345 10534 9952 4803 7477 16899 7697 6797 14184 13021 
4615 2584 8744 9176 15675 14858 6165 6270 7259 11585 3519 2514 14117 
12894 5764 404 3186 15160 12115 4153 6375 3941 10104 11745 8743 62 
11125 11858 2277 3208 7360 6891 5791 11521 11484 16883 8861 13067 1053 
11537 7133 4571 9468 16668 12883 15231 17071 11486 8290 11667 11056 10083 
11025 3641 4309 15185 3703 10851 9524 1397 9476 16884 8287 10684 6304 
15189 10049 10582 10737 6519 18 351 6507 9485 12436 1871 2615 11988 
8775 10905 1554 2312 16405 12578 1371 16131 10245 491 4881 2250 1887 
14356 14551 5591 7521 3337 3261 12987 13918 9415 1987 13936 5184 8494 
5902 101 5782 8517 7507 9974 14839 9060 7704 9143 4120 9074 7755 
14364 4982 12635 12031 6868 9472 9064 7876 16992 7818 6555 12461 4217 
15969 9865 13570 3634 13776 1954 16671 2040 5888 6659 12013 16144 15718 
2198 7768 2319 6689 15522 12100 11670 6056 2031 13955 10945 6512 17249 
5836 14329 6285 13714 1027 153 6061 10015 16723 2318 7386 15875 17293 
13273 5015 7206 7316 16150 4821 15083 951 11510 8504 8468 1079 9977 
5916 15034 3403 12427 14764 9238 9237 16466 5434 5682 16618 6912 15696 
15822 9229 5563 14178 4422 14253 14610 11627 4050 13242 16447 14550 9610 
5856 953 13495 6935 10929 1893 4450 9749 9737 14631 14404 1456 13578 
2319 2555 8095 4648 732 1817 13877 1712 11412 13716 15964 8504 7824 
15431 17163 2170 12462 9254 8026 8832 648 10378 15178 2540 10245 7408 
12277 7357 4293 9150 16352 2030 11704 6928 6677 7853 8744 15971 9564 
2638 12168 3427 6559 15409 1339 6203 12997 9218 10874 3504 13467 11521 
9299 11126 14061 2025 13951 4237 9381 13661 8804 3632 11108 15925 10559 
267 6259 14721 11655 11240 12776 1723 14666 1816 17131 11422 3436 8027 
16057 14309 6948 12005 8311 16246 5612 271 752 14980 17443 5550 11122 
8728 9181 4712 2552 2222 396 8810 12360 7468 15467 3035 9190 8032 
4850 4221 1935 3703 12247 473 493 1677 7895 4221 404 13506 17428 
14092 6385 17352 2123 12925 3980 11304 118 6531 8943 13449 10759 3784 
3398 4125 6818 8006 12157 7085 12226 9509 6205 2372 5400 2115 4048 
13294 6335 17388 4700 1662 9379 11084 14432 11501 6490 13829 5286 2025 
15777 14228 10891 9017 13429 9707 8560 15664 194 3198 648 7837 12706 
6852 10208 587 8966 9674 9299 10719 4961 13998 12380 14339 7563 4711 
8321 9471 1021 9025 6913 16798 1152 286 3714 14581 9992 12273 8144 
10185 10888 8792 13439 6076 15643 6128 2080 2509 11219 6796 13227 16179 
3275 3506 8417 6256 8217 16738 15726 9237 3662 5120 3934 4813 823 
7648 14811 10814 2402 5437 16416 13290 9646 12336 14783 3188 13882 12280 
5696 7582 1558 14340 1661 250 328 10077 6505 3962 4714 130 8616 
8375 668 12550 13188 1490 15615 5898 12304 498 6752 6619 9205 16397 
14373 1887 2067 10736 9585 7762 13735 6560 2 15395 6809 13265 3372 
8732 17226 8085 8861 3741 16460 9528 11708 7547 6436 9804 13444 14157 
5720 15614 3257 10342 14492 111 12229 11976 6264 17231 2220 2481 6272 
15157 13293 8498 10903 16664 17229 6028 7231 3990 9768 1590 8935 3958 
9136 15370 9179 479 12008 14898 16092 10683 7722 13066 6211 15368 7523 
12475 15080 5160 10373 3833 15734 1565 7748 9118 711 7459 15145 3359 
6866 2813 366 15800 2188 9501 9070 11366 5397 16495 8746 3971 9659 
11885 12454 11288 9734 15394 6244 7295 15972 12034 6545 14187 13598 14292 
1205 9726 17168 11767 8502 6515 14579 8867 215 16766 13785 4702 10614 
1664 3678 14777 5634 8755 9143 13505 2524 1358 6798 4185 8652 5251 
16218 10614 14856 7715 7387 16060 12859 7037 10308 3842 8969 2787 8127 
9183 2034 4393 9302 8065 6056 12980 5323 7107 17152 14465 3093 15093 
11240 9891 1759 15309 10559 13394 8404 3314 3590 15791 1855 16448 727 
7581 15708 9695 10367 6316 14296 7818 10708 6079 15883 16764 14476 16623 
1770 14109 8988 281 7101 2709 5589 8859 500 16147 4734 8903 1943 
