73 18 2
6983 65261 38721 38794 63643 45418 4461 1099 21892 51246 44499 29342 67385 16082 54850 36766 22741 4538 
7869 25349 37279 79451 76748 15114 70354 32742 13265 26398 34518 65691 5254 52773 57205 43975 6547 35829 
4373 22280 48200 26264 84798 7679 55605 78436 35033 36708 30183 69046 52518 38051 9375 16051 43755 12376 
31164 40362 45117 55701 66760 5888 47646 72013 58660 19831 42241 76479 66932 46613 25012 30112 84149 24791 
49063 66008 29480 10350 28969 59662 79395 81487 23967 3751 12518 78994 27399 43681 34337 72516 25635 16077 
78403 73280 14343 63317 19365 56584 54776 1277 29450 79788 42662 39853 30832 17978 20841 60311 28327 49809 
46227 22703 46276 70193 37726 70066 75440 65124 40000 24757 63893 65635 52106 57277 65168 66449 35574 84532 
49286 16603 12063 4989 22644 65997 44841 53475 10228 76954 40040 38555 41744 12520 72530 14273 8966 25236 
84339 84405 5340 50592 24143 69233 42480 76248 52763 22629 68950 14590 22141 44489 31192 45476 49478 65109 
37726 20572 44837 47954 12507 84876 1489 65523 12376 272 79795 21341 25507 5368 20727 42119 55960 56142 
37605 13420 47370 5348 47321 42574 31210 80735 2043 73675 41191 51520 53764 5171 83365 13581 53124 10852 
24711 65885 76374 48359 66156 82422 80973 17916 2771 27953 60034 70003 84094 12620 9676 57717 29240 56997 
15271 71723 63985 17314 60378 31429 80106 40395 36599 78451 65248 4703 15556 4939 81860 18183 64571 74269 
15586 60524 7165 29629 3457 67199 25885 13804 6072 46833 71520 46584 30083 1772 33287 9048 30358 19918 
40477 36717 60312 77075 41422 40541 8032 56977 56752 4872 1414 36303 79141 16999 11807 1286 57900 26536 
79757 83784 40339 809 45597 26840 58666 75680 39884 6933 10981 70241 26851 51457 33211 13416 54786 74632 
65229 62817 57863 36962 78961 59276 84537 84355 2528 22598 11895 60427 49133 6632 70464 4453 18714 42314 
42565 77379 44247 82448 10565 55228 78942 37415 21665 38406 50831 76450 28019 42313 65520 862 79274 59462 
71410 78792 58797 73937 16370 70691 49344 76775 3577 46061 81227 22290 3355 50045 25922 47602 58746 36486 
17810 52668 155 50747 17328 62258 53451 45346 19551 33951 57480 13806 8393 43870 18851 78463 32787 46493 
64134 8384 38248 78983 54444 45729 27526 57798 10754 53447 31653 80773 16187 49462 59694 16341 26463 77021 
78598 79913 37347 13129 28844 9807 38207 37237 53676 68330 30680 12716 29803 21067 21099 79324 26304 75542 
51306 53829 59594 73332 33530 6227 69085 49716 66962 43760 66056 8405 35761 70907 3298 84381 10289 43414 
9168 59769 80650 74117 43079 37583 1813 84155 69923 22912 78459 11207 24707 56018 76308 84300 44330 24818 
16781 28396 74533 83742 72155 66842 18400 34169 52729 32970 33530 74291 76383 53971 49040 83287 43068 7099 
47123 44880 17507 43299 79064 22219 54505 18752 78236 45794 29305 37547 70611 46085 65942 71398 56080 64350 
53220 733 13499 32203 33702 58302 21474 36339 27253 81786 34606 70320 3865 7982 41453 32645 51281 35498 
54863 32039 65522 48080 4086 9807 11880 951 67165 4075 72348 49498 68424 40548 50231 8176 84023 10186 
77750 20477 46524 19983 17243 7383 16556 32381 26638 58009 76298 77918 19760 46141 24937 262 20474 29023 
21341 32353 41246 14759 47700 28574 64257 42377 80394 40741 50553 79398 50926 54556 26128 23704 74539 54644 
42359 17348 13278 68996 75356 4556 61894 21369 61969 13085 21630 8697 53380 54244 52322 9606 69002 15003 
49452 48239 57379 44826 15233 34185 50477 66159 3722 76605 16116 4514 57502 58474 21861 82052 53724 12198 
12861 41871 44839 74829 66228 66469 9779 34588 46966 62101 55466 30948 77103 19898 5441 49462 75997 20673 
9901 41454 13085 13622 44312 29200 18135 28067 13928 39995 25099 78924 63465 37959 35775 23285 39042 16984 
16007 48820 62844 74245 25901 33291 31446 29257 64461 36886 4973 55438 68832 14873 11873 81916 39767 67457 
37370 57901 10505 62570 24149 35603 56474 13868 84835 7229 48425 38857 35485 75704 13930 13310 64929 51104 
57873 22628 80360 48587 59514 11586 19006 43326 26458 42151 51495 77497 24588 15118 61651 35092 77687 781 
81968 49141 25921 81783 67643 599 46893 18108 76302 60822 42690 67484 26906 26816 5092 33520 75403 75878 
45105 20662 45457 82836 62812 23206 75313 13653 38323 51945 60018 30991 63998 56966 80131 16172 65002 74027 
16770 38148 7116 19325 13950 61078 13062 52129 2875 29426 11902 4531 20285 68279 25192 77014 66095 2984 
15200 67662 16636 53523 45860 76653 10767 24838 59872 5878 41009 51127 6159 69051 4255 13274 3356 29478 
605 16417 7860 14752 45842 19761 19282 77399 3020 44473 69394 80388 47456 10847 63030 75365 64369 35143 
78271 75135 71253 64397 7267 27242 30504 13425 22546 46032 37971 25901 75509 49848 53590 9622 64600 25685 
29382 83881 18065 43674 43335 13712 39042 17044 24558 28325 7389 15181 63467 11914 16569 49700 76310 35108 
3195 33067 59805 25740 79098 12756 62913 80860 73877 42756 5462 53457 68441 46116 63591 12759 4771 21906 
37743 43812 50223 62300 72137 68884 3734 61857 80797 20303 26538 83360 55410 41005 31408 30196 78018 36759 
54224 55911 32600 43081 24921 49334 22791 8342 10431 1363 32373 15201 34541 70115 70285 84763 58668 68675 
68628 62402 56786 75678 8958 83323 74019 64367 50581 20407 20816 43579 57165 1294 25744 16018 55647 50664 
76625 78438 70278 13309 6054 17631 39782 51867 13999 25047 62884 72666 19976 46492 61321 76761 37150 81551 
1318 37422 60899 51898 57828 7968 21731 41247 9261 47474 68537 76181 24391 71415 69599 9649 84723 1906 
38552 39485 65045 52550 75805 42909 51469 10761 4381 39044 13775 52804 35575 15092 5206 22727 78262 74307 
41968 14973 41807 51228 73719 25324 42389 13090 11720 38241 22738 11423 51419 72562 62181 31445 51365 52966 
74353 17815 74999 4988 68131 3754 69064 18686 18845 74269 52686 12087 74829 9634 38333 31616 72134 27032 
56940 40777 51395 79932 5271 386 17608 56690 72948 79788 14388 39293 59007 14994 68380 48986 19981 51491 
52739 4025 81450 82856 4548 49116 21197 79376 58749 70802 25973 45863 12814 9166 1620 75481 4078 6891 
75867 32958 74853 75068 39000 4221 29341 12987 19214 23975 73246 50468 75465 40965 65765 71895 50075 70312 
47264 82544 75942 20993 68326 16895 78129 7393 37333 79748 82874 52683 12892 73721 621 2725 63769 39620 
18218 19363 63880 48705 43337 52106 14153 45056 19324 79917 43204 69398 76483 5449 66922 67405 37714 61501 
10553 30823 68894 47885 25552 66748 15548 49716 66722 27441 52441 56744 78334 81931 2360 57194 45616 45697 
35553 71041 17006 54876 65939 60209 50528 57402 76930 43703 39787 29625 20185 50339 60447 4059 24477 12252 
82079 51297 61968 63781 78737 40662 35505 72051 48846 49137 55498 9443 9814 6031 80483 38092 60907 72675 
24555 37688 45057 16465 81390 11097 46089 27828 72708 21517 31886 12165 45041 28945 63461 21989 18979 68452 
73923 65756 66756 37750 29874 37235 58465 50960 43265 53928 4033 30425 41584 28587 68112 12894 45051 75756 
35264 17394 18564 22952 50183 61723 46390 10204 16921 36104 43466 35900 19536 32369 16636 1273 81391 57782 
49780 54836 23723 19298 23745 39028 60996 76601 78887 44088 4475 50191 46097 39738 67584 75934 73963 32747 
52637 35333 54224 80830 71436 12670 31710 17226 45038 59619 29771 52683 32381 79550 22499 67376 25101 46243 
32657 1077 49097 26524 56438 64845 76715 17515 30836 70552 19702 19779 29553 72338 66384 83776 68149 64074 
11426 26112 81299 67736 11984 37323 35399 55638 43126 57898 37994 68226 30394 81924 69303 5745 23428 40721 
70589 26396 69508 16405 11929 4191 47457 52754 2782 28821 51510 82203 7875 74208 34569 15427 68197 46552 
52749 29850 17170 10855 14001 66437 5335 55667 63341 74637 61411 13022 41611 46980 50691 37372 74658 73892 
52835 37095 41626 66890 77188 19389 64073 11317 8577 24895 26743 3027 71447 5746 32876 14870 27873 46876 
7560 33207 17524 82173 34097 78934 21449 1961 52168 72139 39333 53079 61011 18421 16427 28890 291 8595 
48278 75637 31184 68127 15512 57927 71153 13212 74945 19010 39355 17798 77158 46914 62278 9662 55341 11355 
