88 83 42
2952 4477 377 6253 1234 2832 6596 284 3731 2915 878 5412 126 2295 3042 6431 5093 3957 3693 4117 2826 6731 2960 5360 551 3712 5899 1195 5027 602 6008 1106 814 6384 486 4655 4951 2817 4939 4417 5731 5816 5565 1592 3846 1734 1150 4675 5690 578 1919 4251 436 4878 2739 987 4326 4373 4789 5088 710 6532 1929 1523 1779 2414 6177 2466 966 6851 10 6696 1530 1310 1415 5376 3043 5172 3178 1860 5749 832 1847 
1921 5709 321 5515 5770 4693 3431 3985 5402 5698 5913 2660 604 4062 1964 3069 5027 4551 5687 4850 6080 124 2000 319 5775 2907 3496 3370 1784 4327 5216 6312 5772 5536 4954 4669 5964 4120 1782 229 2945 3430 2888 6156 620 588 4961 5646 5138 3775 6232 81 6506 3967 400 5408 2 3895 1906 4393 3958 2857 3832 5465 1521 4521 5869 3220 1768 3386 3449 448 6816 6336 2339 563 2659 427 1944 3532 4201 3911 3613 
6443 1006 4012 4978 1007 3642 2619 1135 3335 5476 702 1927 2732 5222 924 5951 2725 45 2527 5780 6860 4599 1246 3158 385 1673 838 3917 1609 4748 3265 1179 5753 404 6157 2495 4045 1903 3629 508 3114 66 5042 5845 5287 1701 4924 3747 1746 3186 2654 4341 912 3900 627 3905 1308 4072 3557 2916 1947 6821 4095 828 352 5987 5930 4396 3625 5295 639 6739 5360 5681 1447 6383 509 2106 3257 2254 5292 1647 6595 
6203 1282 2957 5843 2589 156 2527 5504 4710 2475 5334 1273 5434 184 331 5566 3809 1361 6204 6283 6720 748 857 6230 1257 2963 5223 6118 3990 6869 1576 5928 1278 268 4899 3866 3031 553 5105 869 5636 6175 2141 4197 6358 5079 2890 3294 6439 4830 2704 2023 5577 6169 1380 2569 4867 6602 1815 1984 2334 5998 1039 3611 6266 5937 3212 2424 2226 1445 3292 3597 747 1169 3529 2840 1983 2155 6134 4158 112 4573 6180 
1424 3869 3295 3993 4471 5633 1543 6454 1094 668 621 4705 61 2293 3652 5093 254 5096 1512 3850 1578 5288 507 4418 3007 2661 6287 292 5380 3987 6471 2539 3592 2893 6531 3798 1653 1201 3380 2747 4477 6608 3187 4537 2028 6838 5365 4890 798 2613 1867 4983 1028 4981 5136 4034 3377 4550 4325 4492 4273 3923 159 3600 2552 2425 525 4204 6234 3904 2686 3838 6247 1608 4110 4011 1574 2603 2028 4979 5215 6502 3089 
1978 347 1353 6012 3723 1638 6072 3951 5910 5731 4109 5245 1410 6533 5770 1349 5894 5409 6643 5467 4784 1378 2705 1922 5559 1043 6557 3665 6257 6186 6754 1362 2268 3842 3109 5991 5479 4917 5677 253 6383 2913 5497 3528 5181 4394 4876 6811 5539 4646 5405 3450 1760 3845 1107 446 4887 3399 4111 7 5320 6600 3977 716 3569 2821 2442 4783 865 1246 5035 375 4158 3660 3902 5074 3789 4514 5012 2455 4895 6153 1640 
6654 3125 5354 2836 3748 1880 74 3754 328 6673 3466 1043 5977 6287 3484 3887 2887 4729 2050 5870 4622 1445 5507 2823 5233 3148 3571 816 3779 2851 5063 6168 1711 3545 2131 5458 5424 4812 4948 1487 348 4149 5137 6324 3563 4356 5947 2186 4820 3732 1183 2569 5176 6689 1128 3536 5573 434 87 2479 3284 5150 4382 730 1822 6513 1924 2981 4452 6871 204 4800 4147 5340 6859 3446 2824 5933 5631 771 2792 2549 5948 
3703 4973 203 367 3673 3244 3061 1887 2263 3946 2005 2992 1503 1645 4915 4484 1832 649 4687 2367 4796 5762 2354 3977 1713 4022 5343 5092 6814 1019 4167 3644 5991 105 6618 5400 3348 5415 3022 5610 2488 5026 4337 3991 2406 2380 4210 4238 3028 4632 6604 3559 3521 4693 3271 970 1843 1741 6061 4392 5367 3355 1163 222 6067 3517 1357 5150 4667 4378 6495 282 5140 3959 4272 673 2074 4217 646 838 1976 2986 132 
5497 806 3403 6466 2648 879 1390 167 6246 480 3938 2203 6546 3190 6167 559 984 6280 181 1265 4547 4139 1273 956 6213 5489 1601 2786 3201 4586 2917 4433 1128 6319 6634 3775 326 1151 3942 2307 1630 3615 245 3911 6804 6411 4469 3523 5818 385 4787 6101 4523 1795 184 6471 3020 4392 2384 6220 4714 5301 6388 5841 483 6149 2743 3416 427 2420 1458 4664 1770 1702 1702 1701 3848 1906 5223 2794 2290 5746 4630 
2548 3276 4813 4755 2031 4940 2874 3986 2781 1302 3501 1749 4393 2777 228 936 3203 2647 2394 994 4417 6703 5303 1853 3679 2944 2812 2208 969 4293 6837 3517 696 513 1399 2727 5452 8 6712 1361 3918 3341 5717 1438 6117 5944 4981 5056 4327 502 1785 4479 2941 216 2067 2355 5767 4878 4562 6736 2298 262 5988 5602 774 3122 1456 6225 3129 3903 3321 174 2979 2166 1611 4832 3845 6592 3015 1299 2829 535 1513 
1505 3358 3580 3859 2253 1585 1548 2116 6491 1809 1231 5220 5190 4352 6675 4543 3216 6313 3599 3390 2420 5764 5000 2987 5345 455 6001 6643 5892 2271 1284 524 5629 4863 4383 1009 2183 1666 5732 1801 6083 2698 148 4400 2785 2558 4678 6000 1999 1405 5125 154 2904 3253 3140 1376 6315 4876 3755 5334 274 774 5858 5902 1372 5976 2646 3554 769 4113 5355 6851 6810 1238 115 5330 3796 528 194 1530 1932 5318 1683 
572 4306 4822 4555 3749 5433 1437 4818 5706 4818 6411 472 6189 5514 3117 2871 2019 358 3961 4605 2903 5198 4719 3969 2121 5247 4162 3650 2914 2607 1068 6093 41 1625 3776 6397 185 948 4342 1627 5766 6489 2098 5082 5130 950 3688 2884 1307 776 617 6818 5974 1071 3914 1222 2053 1203 608 703 6417 1675 6795 2193 5908 6306 1717 6092 2990 1795 846 4491 1411 5551 2700 2276 6501 2124 5160 3543 2899 1512 3488 
2000 5190 3137 5830 2979 75 6437 3681 6492 3847 6211 1812 2882 1381 6137 4710 4370 3667 1291 4596 5077 6842 3031 3088 6470 5154 1375 3140 1181 5494 2364 3180 3812 5500 4745 6790 5575 45 6206 930 6500 1280 2741 2509 2660 4613 2954 2765 1407 4245 488 2219 4214 3519 5307 6419 1800 2417 5294 5588 1039 785 4504 586 6285 2376 3111 723 2421 5052 1652 2048 6331 128 292 4727 4741 3246 619 1883 3226 3715 4102 
3175 361 2536 2721 4768 4952 1142 3484 1726 1927 1115 4919 3947 6098 1157 405 1646 1944 4664 6301 1403 4791 2329 6129 5267 1310 2483 2886 4535 6197 115 3445 6557 5258 6165 189 5945 3042 3672 3407 704 522 1453 386 6619 5218 790 4001 289 5453 6037 1691 5980 1493 3555 4374 5410 6038 387 3072 5362 3109 6516 783 1494 1544 971 3175 4586 378 6581 5289 899 1161 5675 3253 2114 2200 381 2403 781 6418 6701 
6760 3646 3384 6869 2184 5157 2992 991 6254 6100 635 164 3330 4786 3742 2240 2499 6727 1948 3524 3361 5716 4934 6614 3566 261 2730 5968 3649 4883 1532 6144 1657 651 6141 3840 5807 2260 4830 5189 4095 1200 1088 3160 5986 566 1135 4220 3028 3082 3479 6389 4534 1540 1866 1227 4409 331 2930 1185 5214 4461 457 6870 5112 6597 6445 6654 4592 4402 706 4422 5602 4402 3318 451 4967 4452 406 3730 3270 3885 5854 
3539 1160 3455 501 5568 3786 6038 6753 2127 3626 2945 4732 4473 5277 4304 6863 5604 4441 696 5761 5778 5097 2206 6228 5799 2394 6634 2657 1399 6254 1638 4937 541 5093 1173 1845 4614 338 4333 6740 6571 405 335 4172 1417 374 6770 148 4814 593 5908 3720 1426 3850 5683 352 6243 1180 5616 769 561 382 1441 3710 1210 2613 1290 5823 5558 5622 1426 5256 1762 4368 5163 3178 4741 5060 3325 5290 5653 4968 2137 
2814 1945 948 3165 3923 4735 1909 427 1032 4898 1867 477 6107 215 1766 793 5772 3123 2218 6764 620 6585 5054 3797 189 5850 2857 5478 4630 952 3351 571 5505 34 6343 2555 4768 3987 2982 5799 2012 584 6275 3854 3407 3776 4646 4914 26 2599 4805 3253 4919 5595 177 5107 4572 5641 6321 4937 2329 2799 1243 961 2832 713 6123 727 4700 2232 2262 2447 5424 4272 6301 1958 1176 4074 6871 3809 2409 4804 190 
455 3526 2974 1298 1225 4351 746 6161 6679 3544 531 3375 2111 3851 5233 5445 4286 3201 834 6733 1752 5106 6161 3709 2017 5970 6315 1561 1506 4246 1750 4569 3507 460 5866 467 4810 2347 2363 352 1626 5501 6334 3736 5088 4694 2308 2501 1022 5750 2361 2773 6591 1649 2217 1735 3355 1660 3295 4860 1641 781 5164 884 3848 4157 3958 1785 2239 6321 4744 3864 685 4205 727 5772 2026 5643 1401 5656 4520 3761 1556 
6846 1146 6381 1708 4500 1168 738 5095 5416 4126 3387 6299 1101 3279 3385 5493 5518 5441 3364 5117 6125 3304 1580 5025 5330 350 6425 6721 605 5921 1404 578 2802 912 4893 429 4687 5630 1260 5839 2884 382 5265 3984 6268 4385 2605 4913 2953 1704 5766 4814 5008 473 2966 6073 822 5126 5921 4034 6782 3060 4611 2712 6580 2631 5748 4394 1388 135 3360 7 3124 4361 6599 2520 1873 2331 3168 562 6642 2061 5375 
4777 2533 4076 6585 3354 4937 5633 515 582 4429 861 3293 4136 3491 4777 4265 615 4911 3361 3229 3771 849 2955 6290 5329 1021 2585 1626 791 4646 2736 5567 306 2547 5280 6268 3219 6648 2518 3801 4204 3379 2829 4075 2605 733 1468 5827 1380 4828 2184 5150 1412 874 4567 6740 1895 279 4102 2685 660 6837 3987 966 2512 5002 2969 5730 4778 5486 5266 4717 4600 1223 1920 2941 1955 3387 4503 3334 3950 2422 4219 
5361 3296 1913 5228 5190 4800 5065 3610 5459 5030 724 2160 3277 5726 5128 4742 6239 6350 3136 6691 6685 4358 1738 5361 2048 860 2992 1118 4809 1149 5336 3297 4444 2985 4261 5369 912 2453 2106 2106 3218 5438 4266 2230 4291 5129 100 6265 4606 5843 6083 155 5936 3557 5515 1111 4416 1634 4836 4961 2783 5908 3993 2962 2020 3989 4067 5539 2178 6172 772 5395 473 773 753 4763 5902 3460 6763 6243 2430 5974 6397 
1493 2658 776 5211 2809 2409 3175 3505 927 2210 626 6497 6837 4614 3691 5503 6791 5598 2010 1050 6071 2783 1802 6569 4420 997 6460 6398 3426 1297 1659 4918 6562 2434 3256 2498 578 6430 1739 4113 4375 2364 3737 4339 105 3163 2969 2632 1888 715 3681 1086 6105 1218 3391 3652 2214 5586 5785 5639 10 571 6292 6571 3004 2675 4804 3582 4841 6542 822 4951 4641 294 2418 482 3456 1122 3113 5343 1836 2529 2165 
3676 3746 5555 3063 1695 4268 1976 461 13 2546 2488 2319 1286 898 2858 4867 1474 5136 1424 6425 2904 1717 4578 3385 908 5699 2233 1986 3271 4761 4150 2682 4242 5440 5745 5936 5443 848 2132 1191 6001 4619 3509 414 5517 6367 1016 118 4630 2439 2278 661 6763 6855 6654 3406 1418 2014 5392 424 2511 2669 3105 2488 3845 1977 4160 2415 5432 6291 3606 4561 6646 2850 4974 1026 2344 5990 3751 2709 4164 6029 3370 
6663 1747 5759 3196 3164 3508 1715 6195 1754 120 2428 4242 3964 140 1529 2114 5572 3555 1455 3260 3328 4305 3969 4353 2384 3086 1232 5093 378 2996 4198 2776 4742 3084 5971 3642 2327 814 2964 4081 933 1127 1450 632 1267 5586 2745 6838 2268 6808 5833 5596 6848 2929 5684 2359 6015 43 3187 2128 5646 512 639 3516 6203 6609 285 1658 3158 5856 5738 6698 111 2923 457 1377 1636 5810 3950 3903 5745 2910 2626 
1456 1574 1438 6422 3324 4088 2737 1187 2862 5856 1825 2113 5187 1562 5005 2580 4719 3988 4053 4545 4098 103 737 1210 1738 6546 895 5640 1154 6412 4002 5217 1114 1175 4767 4437 998 631 1360 3859 6486 3184 1707 536 4745 6711 3115 5200 3827 295 5480 3660 397 6216 606 4742 1626 1500 6118 5387 3648 3247 3732 497 157 1626 4933 1154 4864 2028 749 4477 5212 2455 749 5692 4902 3863 4019 4464 6766 5234 1251 
2898 314 4464 768 4547 1700 13 3061 5347 5867 2528 5843 6023 6761 6511 2912 4752 1667 3660 4965 6 1851 5713 1433 6752 5311 1188 4343 940 6421 1329 3838 6734 1529 4605 144 3228 353 3205 1702 6219 1468 3280 1105 3965 5526 4016 4452 320 3412 2544 2933 998 3992 4366 877 5039 5553 955 5978 837 4891 2943 3307 6419 3283 3450 2774 6243 2390 211 1325 6466 6098 2429 3558 4752 2181 1137 807 5592 3681 3740 
6589 3408 3841 3201 1574 5129 6763 3288 5965 4781 1966 5007 64 985 1585 5445 355 6582 5656 1680 6175 617 4108 2860 5368 6288 3997 6175 743 3413 5650 459 2556 5226 6267 6738 3482 6157 3153 5182 6674 854 5925 6737 1838 637 5309 2193 346 6700 6480 2257 445 3715 5116 1548 5739 2240 3458 2217 1388 2235 5284 3944 3196 4678 3809 2413 6571 2697 3331 6372 3550 2383 6236 5388 5627 4672 3316 1708 4500 2923 3964 
680 2373 2208 2227 1239 183 5685 6064 4179 3655 4475 1250 2587 4888 794 4999 4586 3490 1457 4085 2775 3839 3448 1290 5201 3856 4605 37 4091 655 6608 4770 3028 1943 2732 2 4734 1544 6065 2040 935 6275 5897 3521 4291 6690 1647 4612 5915 5712 1825 1817 5286 5272 5715 3615 4863 3447 6259 2081 6710 5994 6850 5473 3673 2710 1210 4142 6861 403 1917 3531 2413 941 179 2439 3366 4434 179 5016 5881 2003 6832 
4294 3010 1410 3644 1001 4857 5638 3081 430 4760 5667 1638 4168 1504 2847 4045 4100 5857 5961 759 1398 29 937 3836 6002 1106 6622 4145 114 1752 6712 144 498 1250 3787 1498 1842 5161 314 4879 5656 5980 6516 2951 3219 2490 123 447 1475 1819 1205 2872 1847 2141 2443 3584 5855 2193 856 1704 6552 3303 1847 177 4552 1370 4282 2129 6530 4596 135 5313 6311 6650 3999 2658 2268 6729 3104 3742 1675 44 2349 
6129 4792 4791 2840 3774 2719 6303 5478 2399 2733 452 5183 3021 4429 5201 5149 4086 2924 5284 5134 4970 5061 4868 755 3064 460 6466 6805 2134 6509 2281 3998 4429 2808 2573 3938 1262 4611 2543 6268 3080 5603 4579 6100 3159 2907 112 2981 1566 5395 3850 6535 6192 1846 3026 2383 4913 5227 4924 175 600 332 6780 764 5747 5089 4701 137 2827 2980 6404 5906 4318 6718 5133 3212 5360 5245 6192 2661 6375 5778 4932 
5694 3359 3693 3813 1399 2047 1864 4181 2646 4803 4089 3409 3678 2305 3846 6422 5131 6825 1689 6773 4270 4143 5033 609 5238 6013 2537 1027 5516 4050 5958 73 536 2778 3885 1934 560 1484 6115 3206 6287 5939 2350 5700 3979 6195 985 4845 1883 2673 4745 1888 2551 2906 5105 917 4654 769 4551 3297 4818 6244 5978 1089 2149 5598 3022 5316 210 4872 4257 2232 3938 6607 1059 3652 1665 2043 1625 6156 451 6369 1171 
5610 5010 6275 2262 2792 2779 6812 1824 3332 6183 929 4420 4067 2263 3178 2510 2472 3785 6767 4703 3459 2237 1497 238 6509 6147 1862 5792 2333 1359 2699 1070 2104 4709 3331 4895 3224 5878 2455 6555 5188 5991 6711 4990 1381 5624 628 3852 2536 3130 4290 5994 1102 5786 6232 738 5060 3829 2266 521 923 700 4198 3027 5408 3265 3657 1759 2270 6111 4050 586 5230 6496 5575 6610 5247 1938 6198 3518 5067 3615 2640 
1904 2529 4607 2642 3324 1563 643 6452 2486 1342 3778 5512 6749 170 2296 4244 2439 1535 4029 5632 2500 3652 71 2237 4634 4616 1562 1279 5419 913 3918 450 3441 1652 3091 2500 5823 3733 2080 1436 5074 1593 75 687 1762 4978 4930 6808 2248 2086 5568 4747 1473 1374 2720 6106 5989 17 512 4535 929 166 4985 105 4425 3811 2605 3375 672 420 4810 1481 2012 620 4775 6381 5598 2832 6316 3581 653 747 4064 
2125 4728 6783 3966 3845 2535 4478 4115 3464 4643 2227 6176 2195 1774 4516 5570 5053 4935 6115 6533 2682 6735 4436 2190 1196 3003 4242 512 6264 724 4575 4124 5452 4485 1218 5032 2756 5695 2274 6219 6073 237 1258 4003 2010 5774 5308 190 6444 4551 2458 4862 149 2629 179 1344 1368 156 1855 759 880 6430 4882 2067 6650 6099 226 2533 657 2499 4487 6729 2735 1481 6468 480 382 4903 3277 2561 2581 1471 550 
2729 4099 3337 6680 1202 3492 1663 1960 107 3828 2578 2173 6213 4412 5006 4482 5069 633 4704 661 5975 6184 256 2191 2301 5159 5467 4862 3475 65 1147 6204 6772 4483 6011 1101 3711 3409 5669 6425 2972 1374 4334 2313 5785 2467 6794 6589 3099 4625 378 4810 6545 633 128 1973 1527 1330 2570 5002 1395 3717 69 3902 1327 6079 5002 773 5224 3798 326 1323 5171 4659 3635 6692 253 6164 6408 5960 6525 6785 3897 
6197 3154 6632 1297 416 1089 6475 5417 5091 3319 5485 2120 381 428 2858 1154 5651 6655 4087 101 690 4481 6344 3117 4733 5635 2652 6428 5287 5173 6060 347 4062 5819 4252 4477 2644 3854 5630 862 300 4242 5590 3288 405 1575 177 6055 3965 4263 1892 390 1871 3971 3506 2340 2733 1894 4503 3756 2802 3691 6710 6863 5245 4089 203 1016 3678 5832 4486 6585 5810 5811 3001 6214 3121 3177 1133 213 3176 5632 3211 
782 5338 6716 5729 3806 4345 3360 689 274 2786 3135 2872 1158 351 3075 4782 4029 4642 5003 3741 3579 3941 2477 5529 2797 5654 2397 5617 4565 3764 1955 5346 2229 4407 4203 6034 1879 3298 2459 4761 6083 5593 760 2976 1679 6442 885 1443 4212 1623 5184 3526 5563 3396 4790 4095 2177 314 2840 6741 6685 4794 951 2041 2328 5153 3811 6815 4186 6269 4703 3396 4989 1198 2107 2403 768 5600 3846 4979 350 4765 1632 
1649 1288 6422 5743 6073 2471 1710 5941 2284 2240 2627 60 303 3515 3870 245 828 3266 683 6831 3990 1881 2066 2129 2648 793 5974 3362 1142 3866 4993 2790 5153 278 4269 4353 5357 5978 6030 3376 1345 1784 3435 1648 5299 3041 4500 1862 2042 5183 1821 1768 2799 3886 3896 5446 4678 2997 1935 1555 2598 2663 4345 878 5549 4349 967 6641 3454 2732 3144 535 4515 6578 4790 5549 5354 2417 539 524 3335 4967 2291 
6133 1980 6186 442 2393 2310 2376 3947 4907 775 4027 1520 2059 1503 5094 1827 693 953 706 1227 1204 3019 6016 2488 1501 4168 5634 2024 631 3728 4314 6763 5707 3627 333 1227 1672 5316 5174 2314 1826 4936 6441 6492 6439 4663 1446 259 5615 2151 4093 2554 5170 3236 5042 2406 531 3803 4429 1161 659 1870 3660 6365 1232 3992 3328 2903 5043 4237 952 6869 2300 520 6488 4474 5182 3670 4732 6533 1556 1952 2214 
2461 923 383 4866 4062 6794 2422 5222 580 27 4617 2680 1258 4344 6007 6768 2515 3371 847 5119 1407 1367 470 5880 2284 6747 6348 1944 1431 4035 6766 6499 4958 2884 229 2147 2805 2650 3104 3384 5285 849 6064 6542 928 5198 6438 3442 4305 3020 4296 5711 4386 4766 4718 6670 4640 6801 4349 1806 3964 4242 4041 4657 254 4269 6803 5666 2654 5642 2178 1066 2226 1369 3344 3154 2302 5517 2331 6606 1664 6627 1180 
1786 256 1634 4191 631 1562 1667 2437 1261 1645 2213 5917 4506 6481 1583 3299 4870 353 1212 5936 5186 5188 5015 1467 618 6267 3798 2959 1058 6160 4139 5451 6415 1508 2769 173 3069 172 5217 4330 4424 557 3374 4665 2773 4957 3699 771 1045 4911 2442 6230 3226 3192 3433 6451 2586 2966 2538 3643 2253 2412 2222 4403 3919 726 4575 2723 897 2920 180 5320 6084 6162 3112 1985 6854 6811 5363 3634 585 932 2991 
3810 4123 2159 3389 6708 5124 1662 6086 3112 4073 1435 642 3727 2161 5217 6449 5665 3872 6629 4113 3083 1654 2960 803 1635 5506 6165 5268 6090 224 3994 5636 82 1889 4760 6789 140 6421 6003 3252 6229 3173 6501 3083 1069 581 2659 2470 4452 5023 6582 3271 6676 5277 4073 4046 6519 3366 5049 5736 6197 4779 235 6279 6667 4994 1931 2542 4542 3669 1529 6506 2578 1158 2716 6254 1738 1111 1851 1926 6133 4168 5196 
1673 2573 5004 5718 2219 1497 6503 3690 3430 4409 3925 5444 6811 2046 3110 2480 2324 2515 4009 4565 5092 902 409 4473 2639 1519 2060 4564 3387 6227 5495 5059 4535 3627 6513 2489 859 6143 6179 4288 6287 5839 5467 6225 3620 1705 4440 1679 4219 4184 6244 5046 5085 2388 5254 3460 3906 441 1151 3028 6668 6646 3823 66 6008 3463 2555 6866 5341 4469 4282 4755 3435 5484 6715 2790 2924 18 4469 270 4202 3840 1051 
2414 6227 6305 5873 5868 6745 2760 2023 2276 5141 5845 2342 4276 5043 4896 4269 3511 2492 4286 4001 1662 2898 6451 4451 1557 6469 2047 1827 3798 1622 5485 1947 976 4917 948 2579 526 6315 338 2801 4583 6182 878 4594 89 1509 4598 6207 6608 2012 3336 1397 645 2914 1584 2201 5118 6238 6635 4651 988 5248 6598 4571 5900 3281 278 6425 2723 615 4962 3041 2532 1575 762 2620 3084 1095 1955 2819 5714 1026 6824 
2094 6547 1535 4295 4793 900 6665 2571 4495 776 4904 2194 2412 1312 2471 4572 4034 3085 2661 2810 1352 4236 6179 3972 3055 402 1662 5873 6115 2687 5824 1337 4969 3094 1367 2889 3994 3767 1196 1616 279 6099 3809 2690 539 2015 389 308 835 5658 5726 2187 3021 5032 1894 6075 1169 6163 811 3020 4585 6635 4356 2681 2856 1458 1306 2585 960 2501 6809 1238 4335 6353 3927 609 1496 4316 3525 4938 3101 2378 2860 
1857 3145 489 3667 50 6651 4477 3069 4363 6847 3160 172 5439 4617 4085 3759 5576 6585 3695 2550 6655 3176 6476 392 407 6527 6524 5344 2755 4637 3940 347 909 4428 6621 958 4207 4226 6634 4305 6808 2921 4476 1110 3273 1688 4869 4585 4008 1691 262 6399 4866 6737 2526 1008 2128 2177 2088 618 6813 6027 965 3457 3582 713 151 3524 674 6784 957 3218 5441 1168 4327 1841 5464 2323 2161 5207 4014 2422 4733 
4615 4895 386 1359 150 5170 3446 3375 5110 2600 4339 4303 1917 788 4453 5441 4069 100 2133 3022 5540 3300 477 3117 1891 5407 5277 226 2548 3435 4958 2899 1457 1080 4257 4214 6249 3438 716 223 1773 791 4525 3689 4186 2105 4865 3990 2204 125 140 3480 6033 3224 6596 1051 1758 5000 3884 42 1562 1970 2940 5626 5657 2932 5575 5033 6369 2027 991 3877 2817 5515 693 2738 3355 1294 2463 1295 4026 5210 4774 
5794 1561 233 6845 5927 5232 3856 5968 2530 1561 4643 1283 2953 3310 6858 1114 2806 2012 2104 6682 564 3355 3110 5909 2445 139 1499 3739 6773 6709 4248 5694 4005 4480 1402 3059 5448 5258 2154 1105 2554 2532 4995 5507 5841 4980 2356 4382 2727 195 6799 5898 6157 3037 4934 1730 5783 2169 5468 5683 4613 2844 241 1745 3059 1642 540 1634 2635 5301 2738 5189 961 861 6431 6801 1576 4522 4311 39 4716 4237 5936 
4001 3009 6606 1466 4528 4510 61 3338 2250 5512 6186 6602 1699 956 269 5940 3590 5570 1806 4514 2266 5274 6680 2194 2585 4329 2240 2623 2173 6477 4295 1909 5221 6636 3374 2876 9 6042 1950 2258 418 1263 4595 4724 2218 600 3791 1544 1905 1332 6057 4170 2341 5865 6363 4926 5929 1731 3284 3837 3943 3314 5745 4899 3077 4854 903 3085 6632 2852 1078 177 6722 1409 4900 4676 2008 4426 6219 3912 5758 1139 1209 
1226 2739 3307 1887 1796 773 5171 5632 4715 1612 241 5350 425 830 6252 6117 589 4839 2931 765 424 4339 1400 5099 6346 5826 4445 5993 447 5584 329 4280 4058 6243 6167 5853 144 201 4613 594 4420 4853 5943 4844 1418 1058 6697 2007 1632 2755 5379 2056 221 2515 282 2302 4076 463 4030 4522 6046 94 4537 3231 6336 3831 4820 6479 6639 2560 2809 4187 3148 1879 4766 301 5545 4590 2307 304 3080 814 2359 
5908 5936 5249 1337 3139 5711 1102 788 620 1195 5324 6458 659 4891 4405 2873 4657 2700 5681 4579 1583 3296 2473 1884 1968 190 4190 4879 3270 739 366 2305 6674 1350 6250 2940 188 479 6335 807 4282 523 392 4940 5413 4797 3548 5805 624 4965 3512 4815 1388 5984 6698 5963 1909 4015 3969 914 490 70 5827 2899 1419 5204 5839 4214 1418 1037 5020 5699 1559 5412 6374 2707 5944 5658 1640 2303 3750 887 245 
873 2606 70 6835 250 6693 6539 1164 2918 2345 118 5816 6371 1057 518 3713 2474 1555 1860 3909 3113 3007 3410 1556 4686 2195 5803 117 1680 2425 2969 2552 5030 5647 5122 5279 1203 525 2178 4120 2869 2295 5671 4975 3351 6189 1815 1561 3479 6283 5469 2327 5025 4614 3882 2839 2545 2812 5563 4224 5236 1659 6776 6001 433 5025 144 4243 5549 2321 4098 4153 4616 2897 2256 3702 4821 6678 5262 1427 6088 6466 3753 
4241 4208 3371 207 6752 1918 1505 4103 282 3163 4006 2018 6204 4767 2161 3574 6051 4482 3408 3332 4833 6304 1323 4270 4252 1128 2660 1414 344 2253 5166 320 2196 1664 3134 2075 3582 4638 1914 6471 3536 1655 4224 2867 6421 2121 2177 1336 6602 5584 403 298 751 1725 4567 738 2852 2962 2151 5803 5215 444 1858 3146 4716 4991 5221 4033 2756 262 6239 6292 1916 6198 4894 4073 1446 2806 5408 3783 1517 5810 4080 
2267 3270 4383 3004 1857 472 890 788 1422 3942 2645 4568 1785 3372 5524 1553 6127 5785 3527 1282 3436 2852 1912 3244 4298 4717 4387 1208 1970 5932 1024 6844 2329 5406 5584 4186 5877 6473 709 427 3542 5961 4994 1062 2460 3645 2614 4323 5165 1876 5604 4336 4728 3251 3316 4761 1096 3438 1704 3065 2498 2727 3036 562 1260 1747 483 265 1348 3799 3299 4889 2888 4028 1687 5347 800 4300 5405 1700 1912 6745 1771 
6639 3123 822 263 4218 4260 1966 410 2493 4693 6054 3054 1688 928 3537 1952 2275 463 986 2900 5958 5013 4586 169 1548 4621 5573 5855 6532 5445 754 2034 1696 1575 4904 5913 1570 6870 2059 4062 426 1240 244 2113 2167 6388 4065 178 2586 786 5685 1672 5799 6006 1840 474 3754 3148 6329 6022 1721 2818 3791 6024 128 1823 800 1698 4428 2858 5759 4853 6705 1738 93 4608 3861 6765 521 6447 679 6205 3854 
6477 5338 1429 2686 4827 4576 2142 6584 2032 4959 3503 1183 5087 1061 1983 2520 5488 4840 4014 6076 409 5752 6168 5016 2740 1797 5536 4922 2475 604 1903 4687 1677 3331 500 6503 3643 5250 1951 5674 5944 1189 6857 4158 4857 1967 2413 3472 2542 6427 5283 2950 5306 4578 3701 3781 6374 2364 4439 4584 5575 6341 2398 379 5408 5506 2618 2178 3883 4568 3587 2954 1492 3571 2848 6348 1273 5260 5555 3815 550 3965 2500 
1591 1670 6201 5372 3780 4300 5546 4099 3003 5014 6497 3381 6157 866 1734 4070 4748 6301 785 3437 3528 4355 2020 3003 1364 3016 1685 5178 3565 5649 805 5156 3055 2741 6263 2570 169 4936 6668 5779 5685 6292 4895 706 2893 6629 4775 3376 1793 1295 6813 5321 1386 4568 1451 2749 711 3136 1054 4276 4520 4466 5167 702 335 4557 3271 3111 5228 3067 2017 4040 5094 39 481 3723 2403 5256 226 4196 2286 2774 5252 
3671 470 6702 6419 1180 5573 3208 1191 5829 3410 6357 2266 6352 4041 5537 2590 5004 4339 342 4780 5168 2988 5260 2018 5391 6251 4852 5322 1665 753 3701 5335 1222 6138 618 2402 575 6433 3592 6403 2970 5685 1796 2449 5461 3068 774 3593 3142 1115 1500 4046 6711 6759 1799 5229 6138 6650 6286 930 531 5722 2000 4360 4987 5225 6761 1297 4786 6089 827 883 4901 5231 5940 3489 1426 6713 209 304 3564 4316 4349 
3402 4203 1883 4366 6076 1661 6387 2741 4799 5236 476 2286 5958 5701 4783 383 6222 3999 1209 2840 4635 2175 1907 3859 3601 4356 6676 6512 1047 4119 6596 184 4057 1606 4549 5868 3266 6671 1736 3800 5034 4820 6086 4119 3648 3996 237 5605 3730 1446 1572 1492 6228 3479 1086 5564 962 889 5203 4616 5008 4926 4799 4800 6532 5083 3796 5533 4881 5531 2461 5650 6086 1674 2896 5469 1405 3133 4201 870 314 5773 2361 
6541 2379 3446 5233 5948 71 6171 3691 5078 4225 4225 3005 6492 5043 6800 5152 3051 1195 740 1828 408 5021 459 1613 2161 6199 5813 3030 6512 4713 1126 1917 2827 308 2885 1902 378 2183 1328 1191 2143 5552 4195 1762 3722 6731 42 2508 3661 3389 71 6676 4146 530 1416 2042 6728 357 5072 2104 5069 1933 4020 1024 2240 2640 5533 2617 4822 6861 6415 93 1276 3738 4462 734 6204 239 3241 2992 6236 5920 2795 
3509 6449 6819 1286 2040 303 6357 4143 1107 1418 1290 4738 6265 3929 6007 4618 4487 5995 4160 315 3006 3633 4776 3739 2964 751 2716 5955 114 1763 4486 6230 3947 4432 643 5986 470 2736 3257 1576 4153 282 2050 6153 6819 1184 3898 169 2914 1186 483 5919 4818 994 5394 910 1744 3845 2600 4465 1343 2821 6430 5289 380 201 4402 3457 2936 3394 769 2824 3676 2818 2104 6230 6609 1738 6398 2650 2923 2616 4304 
3476 3609 5433 4385 1089 2405 2721 1289 3747 5541 847 4771 1657 1047 2301 849 6590 1430 1617 5149 841 170 2988 198 6778 4725 2331 5163 775 4946 5203 4251 4291 3763 4371 5379 6168 2827 6667 5650 4104 3249 3549 5760 4295 1585 2344 6620 3014 3961 4896 3855 4130 1012 6660 6644 1472 2119 670 2247 2800 5872 2233 218 2763 2339 1332 4666 5166 3735 3443 2397 111 119 3892 142 4311 6235 6761 3061 5931 521 2651 
3189 4140 2438 5568 5611 292 6237 3593 3092 5237 1561 5917 3735 3900 377 1528 4801 4111 706 2933 4221 3433 6824 98 871 1922 6859 3931 981 3115 6581 6777 382 4755 1208 1728 5046 3180 5321 3873 4152 9 5526 1014 6516 5902 5149 4444 5748 5855 504 5704 2415 3063 5802 5893 721 1524 2952 4309 4638 5268 6821 755 3150 1156 2482 3932 4335 3538 3540 1615 3547 4801 5236 5798 6438 3513 3370 5313 2495 6481 6753 
645 5280 1418 6537 1736 2941 5224 6044 3314 6228 1728 4068 2505 2883 6549 2172 2953 3215 1448 303 2497 6248 5539 1422 5814 4787 527 6862 3017 2744 2478 3661 3759 3895 5933 1230 2571 21 401 5884 6248 2128 5687 4488 746 5364 2396 6306 4314 3843 6609 2546 5826 1011 6575 503 5797 2838 3101 1941 1317 5578 1337 5075 5209 397 6304 907 3025 2440 6791 2400 303 1341 2624 3656 2440 5019 3089 6753 4597 5433 5034 
6158 6443 473 6661 1103 3310 5497 3043 4626 4202 4379 5436 2538 512 603 6053 6144 3042 1707 1672 5952 3047 31 2735 5487 5049 1559 1103 5381 120 6137 4666 2298 6609 190 3401 5654 5686 2179 6015 5624 2294 4578 1289 2805 5180 3077 4684 3957 4783 6355 3036 958 2121 1506 2180 2905 5672 3282 1413 5791 5154 1815 3825 626 2004 353 6279 818 2531 5421 2177 4824 5734 6073 3364 4041 2278 1176 3733 188 3266 2504 
3753 1123 4009 5932 4027 2809 4950 5440 4335 3231 382 3895 3857 4993 4247 5871 1546 2514 156 3722 3073 5889 2923 2173 5666 5200 5956 2526 1123 2349 5030 612 3471 4774 2279 3234 3318 356 1801 3389 3587 4790 411 3179 2910 4658 2177 4456 2907 2332 3913 1715 1349 6835 3887 142 898 2970 5275 4629 1055 3432 5240 261 1334 646 3494 387 3610 1030 3775 324 5819 4186 3502 4465 4579 1414 4656 613 6354 1696 4935 
830 4267 1950 3579 900 655 1981 5528 1709 1149 6503 4578 5090 277 1199 5476 6494 4837 2379 6817 3783 6564 6054 3983 6 3203 1766 3226 2684 6070 1288 3513 3464 3237 2827 4363 6500 544 5627 1336 1692 5257 1649 6781 1269 5456 1120 890 3420 3498 3442 2938 5797 2623 49 1538 5826 1814 4763 4245 3619 6051 3494 210 5023 6320 309 4650 6863 5935 1722 4290 55 5978 6806 3932 4561 1054 4821 1108 287 1391 4046 
1820 6621 4094 3357 1310 1643 1248 5555 5262 3034 2176 1207 3792 4231 1515 1570 6830 3185 5899 4247 5848 5004 4181 2907 5301 970 855 6408 1256 4853 6189 5683 338 3410 2168 4255 789 6023 2937 6050 2184 848 2992 5975 815 243 3280 772 6035 4914 5018 5010 5654 4934 1044 4082 5903 4507 3617 2895 5095 2934 1705 5432 2079 6480 5423 2867 5630 1487 4652 3549 4943 772 5260 5757 3622 4275 2264 2784 2317 409 922 
1098 1079 4573 5179 2717 4815 4531 1347 3038 592 5660 4205 5279 5267 2755 1273 6633 6850 1661 5917 656 5040 4304 2148 1789 1707 4411 4572 6631 555 1229 856 1633 5802 6034 4350 6352 6300 1432 2517 20 219 2458 5298 5486 948 2306 982 3533 6574 26 4188 4741 66 6335 6529 4380 3873 6837 4138 4428 1193 4993 1796 2730 6762 1881 2210 6189 3313 462 1944 3531 5527 2977 4752 6475 1019 5733 3135 720 1495 3059 
5461 1560 5129 853 5939 2130 817 3204 2293 4618 3932 6696 3083 6429 1705 1028 5745 5017 1490 3425 4283 2752 6401 2163 2354 547 3631 1225 1267 5125 19 2463 2420 5147 3315 4094 3012 6740 3033 1040 221 92 864 3303 6520 5176 4331 1129 5928 1556 4553 3338 4307 4081 1236 2397 364 4867 6229 1630 5727 6247 4092 1275 257 3142 1104 3269 5617 4137 4308 5837 6836 907 4876 2220 6082 2334 3348 5137 3889 3636 4211 
3931 3452 5446 6327 3815 6048 5683 5444 639 793 5271 4521 1050 4149 5624 4318 2893 5496 4361 1858 5460 5268 2469 807 213 4802 6762 1086 4426 6133 5296 4092 2712 6477 3547 6527 1389 4965 834 2027 1494 1841 6547 2543 5989 5298 2596 4617 3922 2692 2210 5117 3695 4678 1659 3908 2607 4156 729 2768 3416 6024 6860 6127 1364 6142 5781 2752 6842 2351 4778 1463 4191 188 6613 5915 1222 4944 3659 5143 764 5869 5995 
4458 6282 781 4101 4625 4936 4829 520 1479 6588 3115 3341 1080 2384 4858 6439 2354 336 81 6424 262 268 6165 6176 1489 4236 5570 2367 4999 302 1489 5193 6584 4877 5029 4336 5548 5594 591 154 5309 6314 3495 2124 1825 4088 4299 6786 4423 4379 6338 4684 382 5630 6595 4479 5601 5292 6845 3728 1330 4070 4656 1041 4682 2812 1112 3358 1533 4310 6119 2578 3751 5349 437 1312 2564 4735 1225 114 4849 3298 533 
5231 4663 255 2837 3392 1283 5417 2855 2612 5222 3246 6260 3032 1793 3107 2125 5934 544 1371 1639 31 6720 2075 1342 2411 2546 5174 5133 522 4208 5665 5752 1998 1656 4324 1125 2938 5477 3979 1285 6434 352 3280 2593 2145 2122 453 1206 5273 1824 5452 5303 4279 3262 2380 6689 5807 682 4949 6329 4889 6350 944 2622 1133 5268 3747 6678 3872 853 3698 3433 3813 2713 1762 1693 4834 4822 5506 3234 6645 4085 1665 
4051 474 6652 6476 2017 461 288 1473 1085 6637 2416 3707 3505 3419 581 5918 3026 4041 5351 6459 981 1191 3956 5281 6024 1905 3914 2386 4286 3734 6658 4072 4208 6437 6283 6224 2634 6571 3432 3718 2071 1583 3160 1312 5002 6348 357 1155 3517 1444 3349 233 2634 432 5514 1786 4945 5163 6779 4966 2025 2300 4773 1968 4472 4184 3927 233 3882 486 6559 1688 2068 5454 2999 2805 4930 5964 3960 1574 535 436 4414 
3168 3476 5663 689 4156 3954 3203 2249 1714 1238 149 3681 5710 68 735 1678 3949 3828 3972 1373 1631 2554 4371 4436 611 6070 1523 4792 6604 4566 2333 5508 1169 3732 1932 1060 3421 871 5916 5134 4716 1801 1942 3553 1868 5284 967 1553 2239 4938 2925 3869 3227 3031 4040 6445 2229 1298 4364 4568 5864 2433 5811 2768 6164 3479 3828 2712 4349 2871 3581 2192 4671 5522 1481 6539 3933 5055 1219 1907 5728 6751 1511 
2083 2909 5551 1655 873 6848 1755 5441 1575 6795 115 4343 1822 3593 3906 4533 3677 2512 3849 5869 311 2498 3085 2585 2166 3875 6411 6680 2730 6289 1318 4812 4933 2604 2203 5806 5188 6565 110 6762 6487 2832 6840 1436 6425 6481 1704 3229 2121 5552 4833 2431 3785 3653 751 5950 655 289 5757 3385 2313 2810 3932 2981 5414 1870 4522 6337 1562 367 1962 3784 3199 1930 5219 2751 4146 2658 1715 6266 1337 2284 4432 
5121 5936 5182 6806 6591 1206 1426 5711 3518 4236 5378 2235 5385 376 6756 4849 4545 251 6810 1457 6057 4475 2411 1935 1749 5069 6257 1142 6405 1668 5574 390 732 6491 323 3058 825 1749 4504 78 1720 3009 2312 2840 3384 4804 816 1057 790 3361 5121 6846 3572 659 4516 5320 5727 3900 2197 996 1304 3506 1385 4643 5733 4315 828 6557 1799 1067 6634 3518 4075 4682 6357 587 5221 2908 4251 6010 6269 5107 5983 
2968 5765 6234 4023 4620 5869 1955 5615 300 1197 2735 4942 57 177 1505 2349 1976 2571 2110 5493 6646 2527 714 2968 875 3621 2954 2620 5625 1188 4338 4328 80 3699 4086 435 2696 6041 1785 5603 2973 4519 3673 3029 432 913 5377 2407 3484 3222 3635 5865 1485 4348 1960 4967 3705 649 715 2457 1836 5052 6785 4523 4487 6606 694 310 5774 5086 1648 4482 5341 5320 638 5772 6233 1750 1306 5452 708 4940 4444 
2192 5024 2139 2894 1856 5395 3608 4312 2966 4396 6832 616 2010 6566 3917 4927 1203 2131 6574 1421 599 758 4666 6370 2726 6416 3411 1305 2859 1478 1484 786 6501 6230 3679 1484 488 415 1532 3453 546 4099 6676 5163 6400 3721 3217 3339 5851 5526 4759 2185 6283 2552 4290 4744 4703 828 1784 3297 2305 3267 4082 4542 5232 889 1761 5719 3911 5900 2299 4456 3127 2103 5354 5262 1559 1698 1728 3145 2959 2222 5329 
4978 4774 2746 2849 5212 6181 4633 1637 1613 3635 1454 1890 1995 2342 3651 3449 1988 2678 1484 2179 1540 6194 660 6802 880 2357 1657 6632 1052 6487 5088 6029 4388 3569 4613 5335 2877 4981 2707 225 1744 4161 4723 6346 2238 1501 5530 4226 6786 141 6404 1454 2070 192 1383 5557 5156 5647 5316 6207 5261 6139 1099 5384 2835 1448 6455 1447 6428 2289 4280 3907 2185 2130 3380 4423 6238 4646 1776 1887 4786 3915 3340 
2592 4106 458 1276 4998 6105 6592 68 229 5858 3775 5613 4429 5222 5195 1611 513 3219 1626 4420 5404 6363 3535 5562 5728 1308 3073 743 1830 115 6690 4421 6829 276 5696 690 2116 5415 757 2344 137 4531 3692 4565 5488 4622 1911 6001 3577 3537 6156 2108 3027 2818 3405 4491 4126 6477 969 1691 2327 786 6111 2283 3669 4934 2972 5784 6085 6337 3864 6221 6603 683 6521 5219 1041 1559 83 4617 831 1974 2460 
3858 527 5864 4084 388 1204 5052 2078 3530 1573 1316 5813 5242 1986 4520 6761 1198 3984 3752 3154 6323 171 5410 405 1211 2704 3095 1563 3535 5068 4022 3128 5594 5621 339 5982 6824 1126 3795 3481 2698 5111 5029 3675 224 2677 3564 4029 2396 3051 2918 1846 5829 1455 4858 2775 4158 1080 4337 3428 6147 1486 6555 605 2842 21 2322 2793 1146 6116 6274 6452 4354 4430 3254 313 2842 2553 77 974 5604 2994 5427 
296 184 3413 3071 78 4492 535 3505 6375 4629 5796 107 598 5816 2428 5999 2698 1671 5400 4885 1761 5565 1266 4681 1535 3819 4758 5116 5158 3487 3670 5453 6279 210 1651 6356 438 4794 5596 6812 5158 4519 46 1491 6071 5081 617 4504 2487 1752 2516 4247 445 3781 2056 4587 3335 2549 2830 1620 6035 2235 2809 5441 5053 4459 660 5490 4988 6256 5429 5881 6510 1210 500 5708 6290 1116 3339 1904 2868 1590 1887 
5920 5371 6550 3634 4441 2226 2199 6061 3996 4433 1997 5173 2613 2191 1568 1230 2915 951 2394 1923 3197 3603 2422 2032 5628 6146 1107 3268 4749 2696 5154 3796 3802 567 3165 1371 5400 5363 3167 2523 5531 899 3431 1272 5697 4999 5109 1739 1685 3239 3662 4881 2577 1819 2649 1333 1092 3755 336 1576 2186 1225 1107 1724 1791 4271 3094 318 5369 1996 5448 4028 2894 2007 1035 1718 2741 1879 6065 4425 5117 2854 5042 
822 4672 818 4762 1500 308 5097 3075 5101 6321 4182 6824 1239 4188 5653 4164 2685 776 2739 2448 6277 4745 6090 3731 613 1096 2923 774 1949 1512 5815 5378 6183 2368 3267 3418 2675 4099 2229 3511 3547 2146 3463 521 6333 2243 4684 4753 3019 550 328 5031 1031 2153 1889 1643 5857 4811 2416 933 6322 3966 2046 1369 6333 5312 4786 4743 5146 2750 1382 4428 4895 580 4948 4356 2822 5367 2236 1576 1652 5172 6607 
2682 3060 1623 4325 2044 2170 2476 5584 1619 2178 757 5595 1638 1804 6117 2117 77 1994 6106 4504 17 6685 5187 108 2634 3681 4951 4210 5333 3250 6552 1142 2046 1302 1202 4089 6079 6286 2801 3434 1591 3557 2156 5836 1097 1400 1080 1173 6002 2921 5677 6018 2733 3991 6125 1103 3408 4203 1048 1868 3189 727 5617 5234 4636 6819 5058 3843 6232 3594 404 3558 279 5167 2521 1375 2303 6209 5155 1432 2257 6567 3185 
726 6294 2437 1828 2829 2375 2875 4696 1299 3601 3440 2268 3972 5994 454 942 1089 4047 3953 4646 61 2248 2903 4043 286 2239 2326 1717 231 2020 4901 956 1441 3073 2783 5 1183 5657 436 2482 4993 6484 4749 2093 5605 5202 5642 6694 4985 2723 203 5045 706 3105 4824 991 1079 277 5315 1310 4904 3343 2265 2081 2151 784 4693 3333 2176 5129 1550 2905 4740 6299 4997 3472 364 6374 5901 1084 4832 1840 6129 
1273 680 6688 2263 1759 2700 3313 5676 731 2391 3676 5419 4541 4459 3240 3610 2371 4104 5159 5275 1971 4585 6007 1178 685 5508 2815 1768 3468 4654 3632 476 5333 3447 2739 2827 6146 1787 1630 2613 4178 5306 3767 1846 5500 2742 5455 998 6845 6350 6272 1943 4062 5406 5729 482 6650 1671 2250 5853 6324 1617 6328 520 5064 4802 3347 73 6589 4976 2685 3894 6017 2188 1475 4645 4929 2666 5642 638 2143 778 2580 
