37 7 1
10142 29631 52136 45615 64135 54986 8599 
55945 29895 54931 49278 56472 22178 87548 
85670 69145 70554 44903 8321 64942 16436 
923 95732 81621 75001 11856 63115 62942 
44293 79321 11101 70786 8951 79588 32753 
89437 50926 41351 61733 80820 96281 11011 
37291 34811 14910 39312 3955 1816 566 
12275 66757 17002 29549 62488 14974 4550 
74344 78088 67491 18636 57408 78591 5773 
82710 74531 38525 88498 25456 79876 50230 
22627 92508 77592 76270 27318 92502 15581 
31272 94317 16147 59899 77425 33148 5799 
39912 48121 10348 30607 42560 94191 65594 
99967 89133 71367 99028 63663 9891 3877 
89118 6118 70458 28097 98626 48050 4366 
42295 56903 19946 73567 67571 36092 49817 
44995 85591 55615 1258 50063 82315 48217 
92622 92857 30162 8940 98341 17880 24319 
78356 27771 28195 83825 50240 98653 11921 
48865 63054 16286 91160 36308 36232 81078 
3878 88675 47246 65224 90618 19212 82833 
57032 17878 31049 49654 10734 77563 74945 
25427 95442 15616 3782 23212 43810 87606 
89804 58814 99527 38668 21867 15812 46179 
74526 68395 43608 78403 73422 7205 59978 
64039 26417 42811 21070 60646 90211 87075 
87732 67773 78372 13158 63215 93987 16939 
2778 37796 4544 92581 12962 20422 47601 
51180 36234 10131 25706 20980 53739 20460 
94401 60943 80438 58439 3711 39600 95861 
64357 29810 82935 52088 97583 61306 65245 
77149 71644 98535 79926 9440 3078 88859 
38753 23500 36459 89932 76085 46589 15637 
97064 16679 52449 91465 93974 32886 66255 
97684 72485 62115 78392 18646 61402 46831 
32580 39059 28427 9728 10703 26961 6006 
36494 46391 94864 75246 86242 31322 81529 
