230 49 21
17272 49725 78848 38336 47665 8467 50219 17324 75010 56686 20197 78678 25499 27487 3188 3296 45456 19154 30032 47989 37929 13526 81492 55195 78513 17340 79054 83758 10369 68454 98346 43992 34530 77194 82327 98546 2012 48898 15869 77022 21935 52418 72051 47433 79904 91590 67080 41711 27095 
13464 89700 81375 26989 87543 36570 5501 21234 31975 5610 47954 428 20308 91945 34958 13853 90624 49855 15864 39521 65724 9237 61455 18141 97639 25239 14396 5580 92319 56106 32675 5782 62157 14049 49122 66052 66970 54622 87285 98944 76583 51591 15724 96890 43535 67033 27094 50510 16887 
42958 90030 98962 68546 67836 17102 66185 93075 47849 71764 1745 3955 20790 23878 82463 51191 72999 48514 18160 27620 52151 17104 20554 3741 32827 33796 63627 99859 60889 30489 33097 20198 36870 32059 88744 4706 65512 71280 14132 13361 59395 15876 33667 80185 39753 16129 31375 12751 80995 
65886 56722 49497 82989 77275 69589 32167 27422 49567 48377 88311 80055 81474 24860 16925 13532 13603 21630 79043 1234 52113 8755 76981 67988 42421 57165 7740 74902 4891 36842 72248 70776 93563 21744 70117 87189 7684 18635 30963 57250 83364 19273 37305 64837 60484 54229 94720 90439 92210 
90114 91672 44322 15221 68652 12309 57641 42168 36400 48894 63410 89593 37493 50538 99507 75588 37006 3047 83271 55640 34009 40521 39003 69633 77825 20191 30117 48405 31262 20555 56966 21376 12226 1287 36596 97230 29947 10588 39397 82698 75834 19159 72290 29678 69696 71796 5266 6701 74842 
4888 78692 8851 61760 34047 94835 55936 70589 24951 4340 1851 45505 61305 39578 74083 78943 76173 87664 25241 3112 27060 7938 95297 62570 96579 24975 32265 68374 46592 55317 59568 67831 34009 84770 29591 84407 79604 85526 54995 4555 6218 56845 66411 67522 96422 40493 62817 88946 28156 
88057 8410 71568 12347 3706 50489 8925 45032 82754 93651 7975 54422 69570 75806 4782 54339 21748 89188 50294 7273 60535 54848 13490 17379 37611 97364 30153 78103 76532 35450 22611 64588 43859 10530 93286 63917 61018 2211 25300 60123 12213 33275 14545 81782 25432 35678 52472 47179 41218 
2765 70803 1752 57613 84293 19130 11575 98008 65634 89677 74539 1084 28639 55478 61294 55520 48764 25210 32890 67326 66862 93012 95890 16488 23908 77671 41919 59586 30142 5449 17155 49258 76251 18906 6870 76895 54387 34796 91254 20021 40825 65792 37456 69463 37622 98749 41335 2737 40311 
74224 70062 7172 67235 82303 40011 7495 59973 81929 83432 6466 3729 586 55723 79979 19491 78945 73226 73877 13740 64479 10249 54564 30271 47704 40379 84244 62805 81713 86980 19467 55936 73393 42990 39522 55695 83000 47016 32019 64928 46799 38484 68656 47384 10558 64986 83226 5854 38211 
57103 35946 2690 83703 6861 49312 47759 63591 33555 10563 45303 36886 30029 17590 10278 73018 73464 65972 56017 36831 97990 37296 83630 52825 22303 47365 79734 87288 30591 1940 41851 4045 37885 44540 87747 44745 10203 35505 8336 60109 62419 69990 96994 92447 3932 7271 65464 77395 73242 
37832 30577 87583 75127 14206 56759 97429 61571 36492 1069 8513 38431 42919 12557 92667 3810 16655 53764 14012 68512 62099 90472 30930 48440 87465 23377 68723 94735 5192 46117 84328 59376 76694 88262 34502 7251 45020 48283 85173 97863 65703 93685 36294 8621 6241 45312 28782 39248 99075 
42793 7759 77525 33264 38688 25965 37080 62064 94687 31814 83608 57156 32493 42983 50201 20754 93836 57451 82125 58470 42624 79987 24172 52660 16280 32792 58901 61592 61573 14500 77018 20717 22258 54543 70332 60945 80507 23763 39361 91545 71928 39320 65052 4420 82302 15252 41525 92489 89055 
23649 50959 31678 3636 75130 84337 36267 24274 59589 14210 2198 74088 91228 39267 12697 45770 25950 73642 42628 49713 29354 34172 21640 68673 99224 26060 67326 14475 83936 59814 3529 7585 27124 51558 11220 18606 52247 47486 59231 28187 78048 61428 18627 69275 17046 31323 15044 42996 21316 
57671 9060 50669 8194 30699 35693 7417 73110 3018 38244 57046 79184 58124 80982 22659 26034 92201 41264 78280 56038 494 22818 34085 78274 41444 19711 11671 89119 34754 71018 10434 8776 80077 77455 16970 27128 13147 40738 237 16165 95333 73634 11700 53457 54615 34358 79490 63167 75622 
74121 19205 92467 96938 69641 87092 54734 5704 98763 43852 56809 86132 54285 65585 66209 31739 98906 93336 44886 39643 9924 77402 34976 83558 5453 4784 38172 39810 625 1339 31783 74745 36895 40602 88034 22887 27693 42767 44942 42807 86618 1751 28939 57255 83687 11499 88993 82592 4834 
50230 38586 31109 43983 89913 14666 49435 11048 69190 89245 11672 86880 37379 86416 23774 77980 74450 63012 22025 33568 7954 81183 20186 26056 26473 77440 9742 37971 82784 8685 59156 49366 47270 90265 93348 53535 21282 59135 64582 90471 64731 76254 77350 2109 79021 17475 96441 69822 96839 
18465 3390 21144 15999 39927 47199 42472 33718 73292 96794 32853 81976 72302 82218 45597 78918 91918 99131 199 51052 63713 7022 15782 56318 84371 17890 35338 1846 14330 21512 98684 49146 41253 19827 81497 81179 83377 23968 14896 56668 37113 64100 38643 25766 46318 84239 4683 38235 83370 
21234 89286 63434 28255 21419 36103 28977 39308 87792 30822 69990 9303 45857 35487 50555 82035 16983 48085 65411 57302 79332 38430 10767 43432 77072 36532 89749 77663 57567 44335 77384 95152 49972 57169 39758 71390 93271 68734 27049 81062 15908 13390 6717 61764 48877 73623 60151 82211 21708 
41913 55865 1039 80343 66631 44470 73766 19514 50570 51428 93432 11256 28811 88583 61227 85979 28340 48968 95601 13426 92369 76663 29333 5758 99731 7448 70986 73353 83950 69549 95060 25863 25413 96099 6205 8395 56920 79970 27908 23842 31398 37692 35097 76560 26274 12676 78891 70966 77995 
74491 743 70363 67505 30075 92473 67235 53874 79810 40588 37824 49358 51999 63686 91122 48097 86242 99516 21369 66211 43776 45210 13960 81467 96658 6872 24092 9333 85762 95057 3680 60252 95799 74042 27757 42225 82866 94991 96099 62676 51930 50274 28385 3929 13959 19507 68377 200 35374 
89745 82762 79149 51306 96722 76967 47964 3593 1059 73648 5706 12467 77327 65957 24618 67721 93713 83194 66938 5056 79292 45965 56985 45917 74350 60913 59875 10208 29290 76426 61933 35386 59188 57434 86692 72261 34400 51007 92205 51810 24654 97910 64277 18333 80218 5246 2405 90283 88439 
69342 95338 84083 15307 52322 29999 6008 29587 6226 32567 75228 82651 94499 10613 58190 51932 13656 46802 2684 64662 55358 54493 5668 69619 35121 40352 49837 40366 42756 40119 28805 28449 51808 29239 60107 20481 59237 66114 50067 81814 98680 41646 64465 9531 52259 39006 61462 82266 2160 
80497 46928 73869 34990 68947 43488 70110 9298 9676 26828 52053 66146 55632 96853 17953 1222 56960 38433 76810 23073 4852 58624 38105 46497 39440 63987 98755 78445 41800 97373 96956 22297 44300 70825 57286 29598 30664 43747 38895 40339 70574 7299 6484 42557 4151 40788 43778 61110 79220 
20588 535 84071 79211 54991 30568 35002 18977 45674 29798 60776 43046 26754 83072 3697 13930 56709 33294 44593 456 72188 84931 87381 95838 7766 29938 99989 64905 90067 61098 44124 10654 61632 44547 6216 16622 91466 41217 51950 53491 71015 12726 12889 14120 12149 16585 28049 68858 66231 
72641 85665 54770 73923 73045 50608 98040 2982 50596 62944 93049 28045 23419 20054 89677 67965 42622 22650 75782 83838 74600 29273 71204 3677 42161 1675 15825 75097 29723 1034 41327 18715 86698 96097 8989 59743 63056 23380 79076 13651 2675 88476 58047 26094 8530 47723 10410 51151 86725 
86192 51340 77676 15464 22544 81352 73976 24218 13528 49072 70293 14562 6751 5359 1259 19199 14348 77353 82254 54079 56429 12256 56754 44904 70302 82847 69785 34377 9608 20935 37453 95799 72275 15128 27614 11170 96479 17941 51739 10006 67013 38383 40919 90115 43742 42178 9313 74441 35882 
91566 28519 8662 3821 1624 53566 90474 822 39702 24850 10430 60637 62302 22580 49263 93781 50194 76784 6611 68134 44874 32969 51498 83257 73887 41612 26998 32416 50924 17790 68298 58841 62660 76959 79013 64284 46876 69487 65105 86578 10688 75534 63566 89342 98114 29180 99474 64659 5963 
6085 49144 50836 39053 16994 50444 12939 58605 93793 45355 25881 11582 13652 84721 90594 6962 80086 54877 53838 65924 36333 56767 76611 28219 20332 82304 26332 49511 81778 7342 71825 87862 56485 39012 43266 73478 89456 56204 48435 99600 1558 90667 11182 31561 91739 1775 38523 71824 73003 
8712 37747 9335 65478 30710 37553 2161 29365 80236 68023 11142 87577 56199 15355 60414 95210 58620 50243 1017 31176 15029 617 49085 5695 28150 96998 97434 46276 35520 69257 19278 60583 23356 44964 42412 54065 82517 60924 83429 62752 28946 10923 66681 85144 26277 43446 96705 1249 10040 
14074 48776 25069 14690 97860 30763 59191 94857 44548 5466 46728 13805 24743 23662 37160 69706 66073 7576 68574 26996 91004 47678 72293 1926 30710 57436 44555 74155 70493 62155 546 84566 10930 25614 15607 8789 72729 74797 19998 17276 80262 66725 47432 21356 90387 943 7413 72811 8518 
75987 99807 15874 40016 72099 17799 70725 45887 78705 61231 16379 40859 61776 17296 68140 3742 32902 93281 76470 7698 13278 10097 87959 96354 57529 9314 3092 74823 33078 75903 83341 9064 92061 99214 49079 80511 33364 36155 42749 28421 97385 75479 69279 75513 92774 37419 79254 25675 47051 
72075 49724 60328 82171 37682 73033 56051 63347 76125 30874 96425 68379 14214 21840 76791 29779 87271 73653 79494 23425 16402 7914 37162 8232 77193 29026 1006 30963 24631 43032 94365 96705 92756 54692 95227 46789 27724 51278 10136 20200 82151 22912 4930 12716 61103 81720 42494 48373 71725 
21987 88150 88126 46253 41663 96357 39797 87040 13714 87111 11670 56746 81475 24726 65853 36166 19952 12641 80241 71229 39128 16793 53379 62039 21722 66094 39494 19794 24939 87866 7870 63278 92367 12347 9530 50381 8703 49326 37420 38769 36436 49089 11866 17910 90166 77718 70427 10118 90358 
67019 81346 45838 163 51077 7876 38237 33522 63721 58030 58461 51587 82251 21738 60305 94597 47619 10686 19651 13296 64457 58419 49731 29898 70284 83992 20063 64353 54418 30180 71063 37788 27878 16900 37951 78954 41127 76187 12475 4848 50568 70935 72786 32818 9024 33090 27414 72994 60127 
47064 86289 24584 21835 36019 70833 92118 36362 90895 72823 7131 21075 43885 44919 48952 60784 99221 27905 1910 75407 56731 23109 25974 44018 95894 75143 53041 45336 2556 26035 5462 65971 28675 46397 87805 81046 17229 96275 17407 8124 69097 24538 45550 12981 85808 10853 90116 85028 55109 
8377 60434 11839 31486 2759 55856 27379 77901 25249 72714 96808 67635 94528 62778 96309 40924 66935 77354 74505 63209 94761 82628 32305 35650 44529 61637 21457 55381 51752 6484 10489 60128 83269 22327 7965 2379 94535 35344 96631 19783 24409 93438 87417 18936 72567 77 59860 39501 77431 
34364 19061 88543 33343 67717 24192 77871 29353 62000 49603 97456 84835 60091 73936 68103 98769 81900 70481 93303 33595 67111 29437 58004 76900 16853 76939 65818 16930 53150 5319 10712 3865 40731 99254 37207 8448 39797 31429 54152 1796 81031 67960 86630 57473 41895 71084 56242 40146 57916 
65896 73741 41378 95333 48096 18277 28537 25034 84094 61818 78184 5764 72529 82048 62847 88134 35607 71294 27930 83387 25445 46077 64418 93404 49058 21890 51650 36493 94483 8148 94408 60379 98240 35785 72063 46335 70413 599 71368 70859 78769 65903 92974 51297 64303 55820 55783 16261 27113 
64 99647 68910 46141 80416 78665 11550 18658 30315 48043 13140 38462 58802 89870 36701 10939 78284 99387 81351 95235 87106 52209 74003 69361 45183 25299 50015 17354 97433 66275 44467 97497 82273 13376 59989 62689 92040 71538 81346 38706 35932 10837 93519 11086 17059 46571 22024 95342 45957 
3374 90576 49415 71935 64578 18775 33469 6229 68789 50822 3661 51415 11640 1157 33687 41367 61145 12727 49759 49035 94072 88464 1318 21261 98335 12403 38319 44905 34426 50012 7214 54152 56940 56628 42438 21517 75402 92258 44097 44190 43079 47758 95604 71071 65266 45642 12437 42763 58369 
62195 8149 68792 50659 9466 90052 48993 38221 44722 10249 88998 11086 17462 59501 68025 90441 1938 5893 65842 94195 49990 26383 53626 14099 38338 24696 95716 83980 37132 38478 58700 99327 62978 27491 66337 88796 33895 31681 27016 78616 41929 32365 89701 75743 91866 57725 66183 93803 63618 
48377 4350 29959 91111 57975 44057 29449 82670 39772 29780 36153 94602 4831 35479 57579 32321 18167 46374 66215 49847 89741 61183 8128 22106 50883 83870 13971 24960 66404 24125 4929 31132 44826 51239 22243 2800 95295 68043 1821 51418 14174 37974 62371 19004 89804 19950 67676 7971 82675 
33891 57817 88768 95073 65944 10873 62307 66165 41195 3618 48921 81671 24898 80052 26497 76136 18646 29296 87782 3040 47469 55552 17213 85442 17922 52568 75245 54223 20244 99567 36898 54134 57384 25665 65558 39679 52889 44216 22196 10435 47834 71116 92105 89083 67519 34953 65219 86165 80601 
69352 89204 28069 24903 22769 29862 59177 75336 21458 13399 95579 21025 50296 66064 78408 92312 47973 34438 61552 92189 56633 71986 56374 27748 80443 45456 11619 15395 27026 97783 95995 96378 3338 24063 37632 26106 53924 96808 1442 75382 10207 13372 96406 76854 79436 91165 85518 43760 41954 
47069 35948 98587 19055 92321 42686 99497 54129 54304 31243 81154 68438 27238 77531 71776 51300 31515 14233 21576 28322 15674 96957 38528 45398 9714 31734 24833 17230 17251 68592 59183 64319 20892 74121 99725 29564 33159 15573 83692 3814 46816 64846 72252 74053 58728 60379 41704 90242 74611 
63279 34916 6637 76587 73443 52034 2652 5176 93218 19881 22426 78161 95416 3097 99052 69536 2821 28616 19046 34746 28659 22860 81561 93504 95111 71965 68584 71841 13668 75177 46451 93299 10092 53087 86237 99887 5120 88889 21414 14689 8769 60192 92850 20536 63288 91901 6424 82460 36868 
25469 17205 65527 48328 15117 75382 59790 3433 60317 31630 17101 51846 94433 26751 61937 47519 12987 78175 68991 1875 99589 31 26996 59780 92880 63883 39419 1133 70306 21878 54352 95775 55435 36230 60454 86903 11612 20244 90336 88280 68225 23788 40125 62657 66890 18414 26528 79876 96588 
95518 98103 96176 95548 41450 72307 4780 5332 11725 5912 75638 49955 60263 87764 21741 96493 64569 24995 24456 84812 15330 29087 69389 55469 69212 32045 22358 87625 58572 2234 84212 70441 16688 96740 82341 58137 69046 3472 63468 97123 9383 55457 63429 85997 59572 1521 98841 24141 26515 
39648 25304 41845 68735 11044 97313 54298 43089 19671 41922 18012 38256 42485 4805 54943 39224 87145 13079 24622 90616 92898 21744 16350 64707 1524 18698 40630 3044 33891 81122 29558 73538 6426 71402 58624 17469 85067 12921 76909 21089 54842 94921 59344 97327 99725 30638 52902 3221 60068 
77523 10188 52965 99266 26537 34023 17141 61586 74653 20184 95476 55774 49742 85366 78551 37495 43989 12372 38913 56910 5632 60001 28103 16904 35696 25429 32980 66333 78331 36200 26400 72205 46387 95717 87823 89275 46091 4963 67213 20743 25147 62688 92869 91240 48053 87771 28734 8394 16494 
83999 65303 22126 43999 93405 55381 96047 35186 88361 78731 29868 24560 21483 2072 87299 17199 89894 92925 79641 94857 60137 384 36355 39177 9604 27594 3581 13726 72679 11974 30220 56677 93628 68697 17028 3385 24077 13074 38570 12437 8156 84789 53349 29638 86860 56999 63188 93106 49923 
42829 4314 26412 59564 40668 81940 85519 68261 85520 99244 57291 13846 45815 13968 7473 30863 47347 27209 71292 76772 65778 80 84927 50566 53428 30917 53778 26778 94104 63235 93053 36932 67548 19464 96495 8215 17755 82013 92827 19626 97609 66469 49823 43423 96788 57296 74286 44134 856 
61929 37257 66634 62008 22184 33551 15436 53100 3680 58565 47203 66914 51617 487 34461 87432 96981 59027 5186 95346 68205 24812 92954 34674 74634 36376 31461 48281 27013 75595 65489 88941 12851 32122 67301 51386 82024 99088 20837 85704 57652 84392 68969 9269 84878 3430 96700 98210 78808 
1886 9907 47013 43049 2860 81686 34034 55588 13146 98667 98952 5092 64155 4245 34295 12628 71545 2032 94651 70632 22869 96706 28283 23612 82027 37551 24841 1808 50603 39402 80615 52488 49309 27627 11888 52168 25664 62273 24107 55162 77291 23059 76605 57797 27303 10899 70424 15199 12931 
81427 85830 52151 94484 30464 92114 76510 68015 16954 78317 34969 56355 58932 3808 22015 2910 15695 74183 44926 94319 14641 87 71610 37699 76691 29406 81353 3942 16182 12903 33224 13960 98732 1726 8443 29196 93839 84953 13562 27144 79621 48530 99850 54904 68689 21865 74166 84383 96047 
19091 95053 27039 35529 66662 64738 28571 12420 62442 32512 44953 75345 65735 58912 90428 83812 67354 35975 77650 68658 65888 4793 64631 30769 4643 19534 99457 26507 93699 191 38905 29141 95244 65943 64669 61905 47032 9592 90676 25826 42103 35628 1170 24190 94539 7949 8001 78245 43924 
2003 63254 9811 23147 27884 56932 27789 47418 56388 70647 57468 56579 25903 86609 51822 8198 67629 30078 55229 77220 37106 81054 35675 89085 98575 76216 83624 6524 568 78220 66799 18922 41473 92961 42069 69357 49892 86209 33126 22632 56856 90593 79210 99110 93553 47383 7307 77534 93812 
78888 54753 47269 76293 6779 36354 74868 99346 36329 97743 99914 14548 64541 18835 56020 57501 77255 41728 23745 63464 74853 46376 36671 81798 41937 35780 75350 89319 59439 52883 99482 38326 23988 46751 14618 47118 99456 5837 46464 35784 3579 62729 66683 84471 97915 39054 58324 75170 80782 
82068 38633 71986 28443 91655 53783 70379 27434 29133 76049 3224 98367 91882 57901 22354 54984 88871 69472 54439 94707 15935 6574 14638 95015 73256 15460 92929 12310 73783 68098 9443 55850 23082 81428 644 14736 35211 71022 58522 80695 63422 61745 79061 55304 19646 17767 26639 8516 87238 
81078 19574 19524 87651 50563 14538 77259 66023 7466 5920 39805 91916 15362 95655 14997 13141 12650 29733 64703 83672 4606 45397 63445 66350 40810 35100 2347 58576 61739 27214 62165 42816 63140 81688 46818 13702 12577 40428 79724 20042 46347 35881 11957 78060 47887 43306 91201 60536 89390 
55903 60559 93995 17652 24004 76696 74813 59103 95395 49740 20841 38960 11904 80008 2099 9943 43178 32153 22519 83605 28228 42560 29952 64108 70869 8011 11994 30526 15563 88882 19915 71466 49440 30261 5469 73443 23308 96633 48898 18702 46372 69738 57662 58275 66098 76112 68217 9275 24616 
7087 92879 52844 49646 39182 33303 36866 47193 61649 83743 62755 50530 3657 50572 99969 50269 72392 89764 73577 69024 38661 92278 31747 24750 66291 6373 90847 58755 90941 121 83370 98027 9352 52565 64025 48533 85868 890 12077 63868 84633 74832 14397 4641 41755 30717 54910 30499 20480 
28486 15874 59140 37115 47621 242 19758 53993 91088 78512 44934 7561 78233 42960 16912 30798 6984 65444 33017 24226 77521 96884 25210 68704 27632 46202 26810 58348 17463 57308 78828 62300 89534 54319 99415 37154 54560 35524 91146 62000 14035 52431 69560 8619 95391 2823 55768 18726 68266 
5136 59303 62138 2019 864 47193 46002 47066 90355 4350 64528 47662 99529 26828 37195 53847 42594 90700 24759 78117 98198 86758 92151 50628 72669 17121 62370 75491 72889 97448 60108 78024 56750 22246 96395 57614 85790 42396 4679 76144 63097 85558 40158 62625 12385 93704 32824 71330 84404 
57582 49446 82601 60691 57948 49580 33359 75069 11950 8849 47957 9397 68956 42332 82498 7553 38726 40111 93343 97474 61141 69486 60570 63051 25995 23195 75435 19699 72370 63117 20454 29951 12562 3054 6993 70510 68985 40351 45578 80934 49199 9886 6682 34506 68569 89180 42059 7295 45642 
35401 21120 23135 21238 81689 86185 63585 21235 77971 83283 9956 41087 3736 39906 53649 23141 46898 24158 92125 3600 86087 89411 69150 12324 12444 3656 80892 1623 45714 4538 63617 97466 25657 86751 35055 23698 72935 98639 61284 50905 98273 71240 91992 2008 27497 45640 41500 90747 86149 
49977 94346 72235 55739 63496 910 68182 67151 81801 86157 29216 2691 49773 43033 28347 36523 78087 68396 9457 93078 46032 60361 91350 17271 68704 9710 61119 14343 51209 51865 16843 17537 62563 5429 73275 26058 6338 41457 9560 88139 27613 55127 90829 77385 98159 35527 30259 92597 20275 
39715 85674 66306 16427 77024 99928 1483 86733 61046 32177 54293 12911 49020 88182 91825 54448 61456 34234 60786 19264 60145 65276 63228 15271 72456 56964 29781 24334 87222 22377 44608 43288 8051 27265 76067 1426 27192 77549 4510 88238 9725 75154 17500 75096 63335 9324 29544 41143 43557 
90329 60406 20053 71956 23634 35323 44411 80597 65103 68744 84171 87479 13352 27458 11881 40616 3524 29658 84160 97424 34167 72397 23501 9321 6248 98596 89007 31923 28139 30149 91831 34819 90555 11883 6774 30540 47205 67536 27488 28659 36280 11658 32489 65983 55468 60722 22950 75343 90379 
7109 72767 24546 95857 96267 50218 18456 11214 39224 50378 39353 69373 42208 90523 76279 70442 13649 23170 33998 81184 50657 62656 17463 62315 11497 99797 17782 72218 22747 93124 78948 46207 82242 19845 42064 94860 70062 76871 6074 25638 27249 61778 11362 85808 52300 87640 56250 65948 27161 
90247 47132 77817 69255 80946 56483 97103 97095 90616 85672 19841 92 64619 82399 82333 84464 40814 93545 54525 17685 99618 96514 44933 61395 7875 47092 30046 11866 3341 95994 39026 9940 59477 33195 95546 56774 89677 92648 53868 80293 94671 90060 80384 59289 72459 79068 43752 29624 72612 
14629 47308 88581 11142 8592 66327 35369 55684 96373 63586 75376 8718 2612 85315 84546 35806 97212 41319 41834 6211 11539 22126 881 1598 18861 60170 90408 14281 20273 20032 86892 51253 67339 75473 78747 92283 41799 14115 47966 54523 77700 23341 79592 96663 25008 64137 48820 22219 21808 
90654 44782 33346 29131 45662 34943 64344 22183 25351 78624 42456 61734 65515 93708 45424 57339 88806 37706 15490 2920 85671 86364 96972 9012 65956 93634 50371 30092 58806 88941 68251 49459 33722 1596 94941 79384 52891 59284 17918 94593 37907 60373 56326 19774 70433 1749 93464 59238 39455 
25305 78510 25125 11669 91833 50488 93976 1818 17210 24067 60623 6151 8670 26433 39872 10265 21374 35607 63155 97009 53525 57747 51268 30249 30424 71041 17033 32173 80856 92623 71627 6161 87484 13103 34181 79316 79943 28156 81133 97152 68574 41756 19654 77243 68188 75878 87508 5913 11484 
67014 2922 81360 41113 54189 27961 71536 41581 61345 3708 38788 53967 91686 44948 41450 21141 95480 37117 1083 23635 18250 14586 8561 76357 34240 85803 60896 10117 89662 66809 37952 56676 69730 35664 14140 40270 63624 85675 81850 24968 89383 20637 95287 97420 81937 53088 18560 77416 90205 
35994 17403 24806 50580 25963 1162 1171 11765 62057 27639 17779 28865 65590 90806 14946 17605 4945 55215 81228 90619 37064 22548 96353 74053 34186 10125 55989 87273 28684 49756 77477 64678 67158 18634 31609 9472 19795 49131 37589 98204 76769 55367 27068 58710 46172 58366 76315 51116 13580 
73894 58086 66996 12793 70791 57400 46978 80915 29740 34251 9598 79495 28079 90627 63005 63065 38587 72476 82859 87717 10064 81062 64485 81782 24482 23195 27953 99199 15861 95420 12778 89754 53506 96125 2547 40648 53524 65876 21562 99615 126 47511 79110 44557 54490 58466 7621 93076 47293 
6831 97145 73709 4245 61629 55490 45078 1175 83443 44276 17035 95214 73405 23141 65071 69530 42039 5718 39405 7914 27279 55372 24392 91142 50833 68948 45631 9298 92920 38706 56590 16102 52202 46650 20346 13831 2140 65423 31357 1934 26050 64744 97147 99455 4236 78570 85336 46274 84287 
41092 54187 27918 96463 78578 19059 47295 63877 64689 56592 73148 19746 29534 89250 71948 92535 25947 2130 94674 91370 49838 12959 17419 14581 10106 33225 18816 88675 18560 81441 89313 59652 35628 17230 72466 30557 36288 19761 10786 17328 92704 83933 53426 38589 89534 25373 31124 15481 43854 
25797 23202 93691 38756 56972 24624 65213 90197 59791 70239 25108 41232 75903 84759 93211 93133 57225 23767 45772 93337 34552 63100 86040 34837 32877 24629 24370 58249 55752 39850 2102 97900 79403 12144 53007 36375 36767 34571 42923 12910 21161 68030 54141 97064 69141 47351 90196 26365 87469 
52319 19701 38373 31770 22092 73209 64646 46720 13930 39246 18823 53780 57699 16723 49534 69843 86081 85908 22961 20652 45182 35870 41812 13212 6362 38875 82352 70064 45422 25068 57533 97741 61120 12257 45862 83211 85465 10508 29931 99394 49753 65105 69525 7452 81827 19059 93646 84260 21318 
16606 4911 66500 68828 46722 96063 75189 1949 78414 45253 63722 3481 19137 77814 64600 31393 23676 64162 33209 50535 10444 48954 287 75549 18479 24090 73727 53889 17735 57986 91558 50693 62896 74409 19520 25970 70471 11060 44270 48884 56312 7991 68716 91800 85805 49667 23192 25832 13829 
72752 76366 24272 21706 93004 99820 56536 33446 73547 10424 67532 47884 18333 18224 27132 92742 54095 53101 79564 65155 13722 44800 37818 21712 13515 29618 23868 79534 69161 66051 93362 41913 58768 17633 63618 51772 33805 20153 85217 23703 46928 52748 71586 81612 87324 98717 90705 41418 68169 
70269 6572 81890 15068 44390 19954 44934 90359 60173 24467 59519 26224 17828 1431 84991 51813 81400 53114 85617 17904 54682 9319 64831 23782 97256 62795 11105 95973 53499 52522 64141 23767 75446 62383 55186 36187 82336 120 26545 42508 40938 2415 85083 75118 3846 86426 26930 85245 39539 
28898 3149 94221 38216 84331 18002 51823 47125 45458 47795 16976 14331 28288 57094 89776 90670 12280 42314 89357 28751 85210 48216 69688 87625 33299 44805 91470 19724 88086 93066 75614 16983 12566 69834 71550 13249 4187 23373 76725 49644 87519 93700 63975 15806 50794 70102 22827 63073 12416 
12183 8175 97625 76751 77862 85249 10049 39019 93070 46124 43456 2488 21737 60439 15053 7923 48340 44653 12109 71712 21378 78105 59231 15077 42079 91388 65870 12180 30567 45294 40947 59101 53468 54924 35851 47682 56524 62251 3052 65946 8374 46507 68433 46463 23297 99837 54385 71637 44490 
82845 59700 65867 60949 35282 97295 19379 26670 79517 47911 57236 41162 88857 32688 94630 60132 68539 58663 16656 30789 78066 82601 55515 24572 67385 18329 64221 67221 72713 35857 28062 71909 95556 10280 49210 47190 7575 68588 73859 3443 16498 47446 44604 21707 80133 55585 81838 65023 14247 
14845 95812 92312 97445 67678 33236 81181 86006 97456 48402 75070 49664 92815 46978 61571 3095 12539 8760 27021 81127 98970 30463 13976 46415 91418 52034 42900 47003 50224 7922 77601 65068 3733 69913 78865 87762 19500 60045 73767 33307 24798 65188 82970 33965 28518 44540 37059 41056 69652 
80431 38534 68621 27245 68862 15036 18662 20895 74287 65664 87470 82208 43265 52538 2293 29529 47754 90054 49028 24150 80173 82334 65300 45360 81655 99264 73877 26194 36322 31285 12197 33104 69818 80818 60348 38679 12205 79009 75926 86491 44673 63395 68698 4289 32284 87342 33817 96389 93748 
99196 20539 73920 97881 85838 35631 79535 85101 25860 22080 37774 57144 34277 87229 26961 15094 47576 81992 27298 26584 74269 30140 87608 37663 15189 8248 86299 2531 42064 82687 96278 57611 3225 86549 55491 5414 22179 35025 6866 48038 57105 60991 5181 7733 48219 48494 22826 95794 46837 
66475 38730 21105 12966 42689 58767 28154 50937 45065 47036 9352 44104 43313 66963 47328 29861 38805 69094 52040 73830 75959 16429 47286 53302 21610 71370 1520 86455 10547 13666 33291 93373 52395 54395 6338 95083 29513 34491 46019 90930 97879 71723 35033 41191 38685 98712 87404 77489 67805 
55795 67670 60116 72223 31307 13417 10184 2676 14936 12990 29574 44953 46280 22946 97347 17026 29283 8782 62891 80126 71152 53820 78004 42874 5204 35546 97910 3915 22949 91751 71720 78743 75772 48187 67318 7079 61603 93853 26106 92890 6843 72032 37843 69474 94977 51541 86500 24260 76674 
49390 20737 47826 19561 98740 7051 24764 34285 4961 45030 73586 96711 33101 68680 72482 81287 35997 95912 42889 46202 38370 52131 53044 10401 6325 22517 5377 74217 25368 45988 50891 91109 66724 98716 27021 81815 5766 51784 16100 27078 96814 6037 23788 46266 74716 12622 27553 27065 8533 
86793 73266 46902 38923 26309 73654 61599 65177 79031 35816 6897 25018 86706 98005 8094 1773 25026 89908 7538 93161 22359 50968 6326 28395 74755 52592 3111 87376 80144 46527 12261 83288 19792 75514 22211 62452 49168 161 27628 28198 35976 50876 69567 22681 48881 94012 40805 90258 83920 
64695 83418 22630 15662 6096 51025 90416 58687 70487 94144 55182 17013 6404 38469 53156 81917 77031 15607 47436 77192 59586 91985 13167 10462 61552 52200 75694 71915 93004 65951 55834 74050 65720 78464 89711 71815 45840 80127 30501 32678 90622 2034 49690 97025 40503 19197 95293 17533 34803 
42729 11076 10740 34713 40595 37553 12616 9146 13246 883 2149 79196 56716 76199 61268 51531 82261 33082 13722 62387 79935 46399 69360 81968 12440 82736 22470 31636 78029 56355 66438 37109 67430 93530 88173 8024 31082 17141 17169 44328 18023 35670 39875 91090 28220 17494 58973 10480 50576 
72694 89219 30510 19093 58578 12477 31532 57666 51299 79520 35694 7653 62309 89154 91434 55838 93678 15810 3272 10818 49330 63951 28840 1351 20177 19930 29570 37671 78902 56402 88246 67947 61972 35107 3391 36901 47583 51275 94566 15233 30794 46611 39237 93102 52116 30671 65292 45794 46480 
68563 56611 12161 32513 85451 13512 52689 21732 59433 90359 16985 15834 78604 1283 94157 30062 4674 31058 93997 55948 41975 9229 3093 88586 48466 96194 40701 95488 77837 86494 41967 46399 59457 70479 78911 61259 83990 31600 99342 43423 38310 16326 75608 33266 33960 69765 63327 38633 17174 
57323 10932 59148 82904 14024 64085 31369 26570 21138 26856 4406 23983 85174 67157 83439 55652 46067 44697 55994 94018 44038 99416 32328 76715 75023 65593 10675 61139 28919 65659 78312 2594 76591 53812 85497 6966 17896 33217 49887 55385 60072 70645 79368 61597 37801 62806 33600 219 23855 
89593 94237 84244 89008 26564 60959 80383 8508 87985 41521 53778 53643 36185 56371 46585 89996 58219 69903 24243 91435 19789 79628 51506 90433 58995 29454 44585 38152 63054 44804 62006 68998 39040 46250 74358 81955 23560 71092 6814 11544 12612 60591 81538 65148 33314 28123 55143 91532 98025 
95738 82967 34165 75365 50824 24598 34359 80278 69182 72510 59683 30337 50868 45032 69376 13469 19389 67682 37028 90480 74495 64923 19444 51438 46460 943 84751 90934 72438 76282 88958 68175 75600 23123 43539 26424 64072 94249 23053 49605 83110 99087 96294 33977 44118 65669 63797 79859 49703 
824 86690 40549 65746 22485 91986 12206 23428 76736 19491 95865 69370 8449 64039 44969 47923 23929 71392 28346 18177 10796 94302 17638 9882 90595 67967 54000 72616 31763 33858 38670 32587 36899 79218 14684 59384 71204 43241 82811 64291 62732 78675 50012 87532 59065 94981 51806 99345 82724 
80151 17521 93520 90804 35158 19753 81399 19476 73752 70366 51239 23961 9035 177 60860 88252 14860 20243 75807 58101 19405 56450 37184 14431 6461 24715 73495 17793 76520 72839 517 73022 6711 10388 63825 58220 30140 61575 77696 20244 48292 28934 60556 73678 45462 21415 61930 60321 58009 
54088 34773 77413 10537 88308 91843 33350 13022 81689 51142 5893 70879 51658 95266 93941 78397 75443 52161 24889 53369 46208 45132 1661 91493 22039 75338 36954 43454 53619 97274 17814 24059 48399 95227 34595 36706 3421 67944 66080 1462 19086 71972 72340 87095 83590 66281 81844 59032 34793 
6732 12400 81000 68215 30412 72492 90253 5750 25797 50058 75720 23070 67872 99778 87820 79450 34373 24526 99222 18668 90605 683 54105 78928 89375 57552 62517 72007 55747 37900 6799 78830 50300 4150 47044 80711 92993 53648 2812 18789 20058 78532 58210 4281 78309 46030 82 29033 86907 
99303 64053 93863 16338 18157 72790 5712 92060 51659 77718 47806 89558 868 26635 39857 5017 90030 36920 98009 60030 39731 16797 96439 18262 75006 719 12923 37387 800 58307 24293 16454 22359 18155 32791 56868 7297 54854 48927 58955 48923 13085 48512 49790 56071 4721 71158 62453 57992 
69166 22482 97722 2314 35272 32336 93672 35990 61610 31058 53141 19916 55351 69594 42275 89857 18737 99142 97153 73590 64420 56107 38865 93856 20971 5006 49927 42043 76164 12379 34 61681 51212 97755 80347 86483 46442 74018 38824 8051 5075 91964 27967 76777 77909 70241 66634 96645 85734 
80138 86587 66505 36245 41803 60361 73567 46808 26639 15609 39323 55369 15642 1004 22932 29748 81350 25766 76190 71719 64589 84240 76793 72904 28558 69922 50812 15150 52907 63809 17235 33044 66747 83740 85640 8549 60452 59206 71708 87090 74814 11031 42458 6807 28386 65389 36555 26087 91154 
29096 97805 72094 29687 90949 44997 58245 77222 12160 89746 30128 92320 6981 79524 75418 90720 65163 318 51171 40721 88378 38260 31886 99408 97069 38693 44145 78809 91599 70231 69962 37046 84387 58407 66732 75335 19755 41328 52557 48266 31074 99036 56938 38054 78559 32355 45125 60074 49025 
96295 794 37402 50906 32679 53161 47974 87723 97305 26782 95673 83887 13095 32718 68273 87853 15802 43607 7607 57129 12515 55872 4554 11551 12809 42607 6461 61516 4083 66534 10540 377 83679 64293 67634 16358 17453 31959 20432 14757 75092 16105 14995 4538 48822 83267 92390 64623 43225 
99996 38104 72092 72220 42657 83642 1380 1616 6454 79247 22050 72988 6138 22427 56666 70430 6412 89375 87882 38371 9807 18990 13462 25911 33984 18000 91084 33602 26741 72059 76827 43089 26514 48918 31660 85522 48911 33039 3489 55364 28638 25539 44703 34775 64317 17721 5205 70728 7095 
9438 25450 33253 44780 55264 75515 78763 89615 82951 28717 16355 55009 21895 59443 97874 70812 91102 83395 36074 40493 3236 7789 69130 28774 68844 3904 93090 86564 25460 80169 10010 51250 5619 43263 96029 60882 35129 91143 66848 18079 19859 83202 89439 41753 58997 3664 28916 66450 87059 
64989 6942 90294 89130 92423 35419 57973 12679 44860 60888 38138 25028 70897 5739 46998 30511 1767 24231 81992 92910 91078 70 12768 90632 5861 70873 49628 9524 99788 16077 12934 81129 39371 19579 70258 31793 54997 44582 44471 99856 5469 98961 41236 92717 4699 4585 23228 22818 28816 
21571 15727 36245 21640 44846 26876 43852 15718 76503 69728 31858 8932 82661 12986 48302 18592 99595 96446 89940 44176 57269 6148 65996 56229 47383 75064 77279 51967 14643 96 97134 36213 32174 33379 74205 93372 60254 18056 9089 53109 87783 40946 78392 86796 70283 43045 21739 69877 39490 
11678 30404 13110 17825 12751 85690 81559 87815 62969 33526 2457 79416 30659 38670 27942 80389 12874 21313 40643 47281 46753 10103 51416 87699 4846 54563 74333 47890 76301 44210 3731 4330 90965 16841 22155 3716 2530 3713 7882 81850 53590 10338 77618 84249 65359 5559 80989 94584 43223 
37983 58217 89975 48085 9632 94025 52930 80546 68358 17171 73198 28919 20902 77527 19883 37742 99681 39950 56623 19746 64183 38473 73335 90873 16090 73935 56231 38000 54924 67167 81222 92906 25383 71196 57343 51366 65221 10272 31911 49930 27443 5108 78848 64696 82634 15082 18789 98667 71384 
75411 18412 35566 13883 91746 26438 46324 82033 99021 84323 36956 66187 65544 46213 91569 36740 3555 59286 18312 30179 91196 68241 73973 12655 63440 38668 11640 94873 57456 10306 66256 32866 45069 18174 63101 53167 44611 9424 35199 43631 93747 88506 26169 59290 34718 34089 12381 54625 93374 
30692 84803 921 15284 58775 29927 95075 13794 41567 89948 71249 68224 72555 20466 13293 90728 83566 82811 35339 92990 34361 95321 86736 39218 21490 62377 73935 55578 74758 44911 65304 21801 29713 66224 37085 4839 96151 32159 18632 37717 38458 6232 22292 11013 26698 51936 1740 26615 34746 
37078 35956 85458 48751 39043 24675 70240 1420 14962 42169 76177 59872 7472 97977 5937 73696 51413 10775 86198 99924 45759 40266 38381 68342 62557 49393 95039 14493 51133 38006 65590 4562 73961 51048 53312 13004 92074 23551 30775 7035 65720 23303 66907 73191 21279 72843 63238 89044 99969 
49435 88967 62079 89700 27347 30421 68609 76740 41811 99453 27872 79816 65042 48785 70129 32441 2097 83132 40867 25647 13906 47901 7718 37208 31159 97261 74838 20353 76850 80233 36674 26285 69199 98752 32336 12898 29172 17296 89637 70983 16748 33860 67150 98142 82644 37278 46934 84740 36761 
87800 26739 50666 52053 50808 4225 83211 48068 95415 3564 24918 75647 40237 67554 61198 55340 16241 74095 84512 33537 80083 71846 50284 30294 38995 64777 29289 92625 11711 30381 29385 15862 57119 80051 67914 7926 627 51125 72346 12393 71040 97263 88040 27628 81168 65589 82967 97408 39683 
83830 30944 36117 55675 97580 66410 11022 62356 95698 3646 90418 26078 33030 6280 99548 29432 74193 23826 46411 41669 96171 58803 12708 9785 63194 56687 90952 45134 39654 4711 1168 39835 52007 37284 95510 49586 3693 22883 28293 15743 42880 18711 58172 92261 41342 57720 38045 31886 81545 
84455 73555 94067 59609 2614 3851 39155 59301 11154 84288 15306 15864 85456 55140 67870 22739 50649 33807 42784 89883 78452 74878 49114 13514 33049 41375 54855 90768 79419 86740 88664 80225 76646 82730 56185 79260 86580 95339 38560 14085 79627 70217 29949 81434 25356 14170 20524 92357 64329 
79659 82239 42780 54536 31353 56293 87585 89079 11147 94704 68497 14238 83368 65073 90884 66097 21257 86495 69029 16596 41406 83113 12574 11622 29413 10359 36977 59935 30882 29333 24263 10541 27924 67042 81428 59276 23334 69012 64706 50832 63716 33202 81421 47083 14626 72304 29531 35882 75150 
98559 68829 16555 98024 81402 28176 27436 8112 81505 3722 38994 10837 27984 65886 38760 95025 47313 14387 34710 32677 79092 1893 96392 28645 83314 59826 43270 71969 89356 95504 47119 4267 64332 80025 18642 62086 24553 62429 70197 6057 66151 25542 33245 94134 91427 72005 5511 55092 2743 
56572 87768 98187 74817 511 26831 58130 76688 86453 46450 66043 81956 9920 86661 62639 89945 5302 24724 14497 84083 94921 36905 50233 20462 70149 60718 28241 42153 82580 99684 61248 39152 87451 59434 13968 4313 2616 88449 81000 89068 34898 63394 87375 44818 50055 50014 51114 71708 91089 
81962 72142 86009 18866 22374 22823 89014 99444 67415 47519 82023 67098 8766 37526 70900 84551 51493 75212 87166 56293 56211 92586 7543 19604 79960 68712 86010 46325 19825 74070 37414 1786 46211 39774 20651 84937 78948 9664 84380 62714 57182 66402 29811 82299 3928 17062 66849 71772 92273 
54015 44417 64835 62952 51959 791 42911 20670 86800 5588 40494 77221 59353 58631 23432 99126 95633 24720 94426 5296 9099 57139 78830 91852 3302 77480 95779 20363 44329 83903 28988 14695 28319 93822 77646 80277 94612 36908 17298 97764 58847 74143 74984 18199 32773 14767 33677 28405 39486 
28102 50052 64936 1592 45233 56788 21245 22713 68918 41608 83393 52820 86947 14439 81138 80768 8436 77766 91732 45343 95063 5847 20542 69205 97182 38740 1977 11949 72416 46733 67786 16869 96785 49074 34813 42017 5861 56057 81081 74778 14016 64473 43950 962 78911 41439 98082 87346 19205 
89813 49041 14267 95659 69582 99824 92840 8321 18152 21140 97089 64885 5278 30309 78021 54351 65121 20037 76563 21178 1118 67692 35193 81942 11641 36155 60853 53080 50588 64550 88636 40400 13590 19254 52410 99523 19077 61601 7844 37229 99093 21284 18465 20722 51592 96485 75072 33065 32873 
67986 54242 33990 35677 5786 15932 63670 58292 93136 33101 8879 57685 21736 65630 87627 57341 34391 87149 76418 95992 11344 29998 11436 48979 64814 32157 571 61298 23580 49987 94170 91565 20580 44512 27241 26365 76795 7262 1009 69930 40362 26239 43966 78449 91869 47944 35790 42611 35093 
28559 38602 62788 74908 66389 11767 39721 14897 28689 1018 38476 78675 11539 30040 15606 56050 73633 58322 49196 80894 59330 35477 37608 85569 79443 16056 93789 43738 51845 36399 95182 96755 91353 57970 71662 74093 86088 11382 88990 14776 28751 27465 9802 56642 73857 25407 12691 47489 83728 
61887 44734 59410 13715 82341 61330 9509 14749 55118 53247 82945 7868 48428 79700 15572 22749 51361 89665 8836 79095 78654 23611 24197 22470 49764 80838 96326 75170 9881 43814 75250 88119 4900 34659 1833 87240 95988 11342 18340 67457 64588 1285 75324 29367 80984 90896 52116 48696 96912 
60951 44142 75565 914 68339 98034 50677 65528 94360 42199 75408 54525 17448 79878 75776 68458 98063 79368 64445 9404 97707 31901 90343 98991 23576 36061 79974 14471 88176 28670 11382 65479 72811 3298 82744 57501 17684 33420 23029 12043 91970 14788 82919 25769 94666 58695 94226 9080 38062 
58670 18483 35768 6922 25177 34759 30498 61237 31084 44968 49413 76105 72702 31243 48916 92351 13986 22768 10034 63757 62148 38428 55727 76936 21347 81495 87953 96393 92073 97032 50806 50742 31866 2925 74016 57042 37683 4513 18278 85119 65832 84042 61223 38533 15284 26490 47236 29269 49258 
57269 9378 27757 95697 65104 4692 33395 62950 8996 29787 55022 22379 96944 22116 54244 99868 96131 27637 53903 16995 62267 39021 82826 46308 243 37711 77944 43085 84946 23564 8694 42214 32941 36450 54262 14396 41142 87656 77346 66489 33794 48719 88868 30737 87186 59463 30605 99668 87100 
84507 16662 49366 39879 99488 12025 56473 37198 89968 99557 38495 13532 8250 80708 62824 61052 34970 77220 18545 38977 70917 85033 72771 19635 90252 19859 23173 49715 50463 22840 53166 51321 55854 18883 7551 71693 30907 64024 8890 37227 79932 63736 67110 4534 44443 29933 65585 95764 7152 
84129 34741 94420 85513 23863 14055 75765 43721 53579 41831 10536 76418 94996 78208 48623 30230 85759 20315 77488 66134 45556 14714 62417 9291 81823 66950 70086 28108 32534 65849 51611 33014 16941 46031 18527 40803 76437 94291 876 30015 52473 27763 22784 63820 5970 71407 94049 8080 91721 
71536 90565 37277 86250 52982 62919 84424 19931 33004 28883 68817 98853 80494 18182 32145 26524 36708 89300 19312 47350 90175 49326 99822 34289 88461 63641 40258 59867 57689 64690 67940 45577 55254 21568 31826 24587 84486 32601 60870 17490 61484 46038 32694 41977 64219 81190 84852 927 70489 
4163 64628 77015 69840 64450 11303 58300 28090 67913 34519 2131 32602 2458 47707 4207 40377 95884 28794 24862 44836 89663 58703 6319 35700 7748 64647 99918 88938 65850 17196 75778 70012 81824 52793 56203 62625 64095 14503 90714 32007 49021 9196 80960 67830 73254 85167 8206 85489 13960 
49419 30325 19974 24474 36643 55673 48573 17642 71942 53862 83491 5490 29640 69855 87313 82432 26057 49937 62878 56911 57002 11237 22283 82550 92196 6464 55803 93714 14669 57644 24025 80440 87968 43998 21265 40962 16022 69837 58603 4316 23699 58446 9805 69690 44652 13469 52121 70708 63405 
31350 43971 36758 58938 66253 35659 67486 72717 7814 61199 3737 65457 1576 528 69776 45573 21792 10737 77947 7981 85692 82262 48031 60489 8418 17720 5140 21886 86192 75847 1642 33893 36169 38399 92831 2422 90410 60316 91490 98223 37866 11578 63679 39441 12106 33454 1366 50249 60542 
79312 74581 62585 77925 22611 23073 86342 40330 28212 8227 42873 20411 9868 76766 56579 64618 69596 75352 55027 46263 83193 69601 84128 94771 49631 39921 23228 99436 41286 89828 59978 36949 64409 22562 14873 87019 45635 1214 43701 90198 25792 86573 10608 35659 63338 83539 16628 49285 58890 
88007 95547 42083 57607 96027 53205 7238 35947 92784 23025 93584 82611 83002 46884 47019 21916 61756 50390 83902 79321 10442 74099 5112 97014 1059 57122 76704 84597 90101 25988 43486 78107 37887 1920 35714 33913 71476 59303 86211 64259 82327 79794 46870 81681 26677 10240 19948 4784 76981 
3849 84104 87422 94299 5567 84436 95357 79040 77491 79953 69140 3478 39791 47247 41364 58062 99312 91628 29538 58614 77838 10148 57292 73983 73369 38972 17011 83609 58919 21794 76941 79119 22249 64363 73418 44167 65150 85126 23206 42640 81431 8698 62469 21221 55944 20185 95634 71607 28164 
41523 30220 6002 51671 3863 79984 25039 59187 96995 24999 34457 35140 1940 13576 57389 82654 3345 17907 47803 88470 41113 6794 69900 49810 85614 7472 22105 22150 19458 93711 50314 60980 40282 56315 12650 44144 52650 54041 19682 65996 79039 54139 17488 97330 67714 74876 79983 71058 9134 
44137 75879 50246 67282 62131 16407 52896 85954 54863 75045 5411 48573 41710 66391 5206 98024 95392 65702 67026 49432 85383 49373 28471 39521 66860 42152 23586 58087 22135 10995 67221 82623 86874 33818 49905 49004 50225 19152 51309 5087 10548 56720 70012 52258 23110 75217 66633 18501 40918 
33658 67933 42653 83031 12755 82173 66242 54906 22111 24329 93392 33105 91549 76015 36330 25366 42271 1685 91942 77774 52994 13381 88321 9713 83392 40578 32822 58608 7211 67674 15878 57220 51958 58530 56602 64712 57054 22844 35970 79164 47172 45713 28621 55072 21727 64950 96789 80349 66635 
88731 58122 19628 2111 62795 29340 1854 3372 78513 76813 26934 46186 92690 506 14496 67571 57107 79207 40977 96302 31528 20140 59825 77241 48760 31248 15319 13710 28037 12020 80344 33119 70141 16323 35229 49287 45662 53434 52659 24174 30246 95944 86711 39288 12801 1206 6858 86260 96765 
47834 82561 28292 84326 58738 21884 49437 89985 37203 79498 18021 49222 76193 51139 35714 92515 2719 85001 38176 72504 54011 78701 2750 66306 81764 42037 79107 82969 65246 81718 96085 13080 64278 24377 13757 39367 62612 63193 29352 16166 59043 63724 81739 35235 31215 17453 27750 50285 18805 
82277 22789 89167 77330 25538 71824 59093 83926 67282 58413 49171 48999 54498 78602 29629 95226 92358 68995 57837 71903 14698 74003 30945 78422 55741 82531 9636 89545 26632 76272 24701 8909 99060 30219 2590 40949 2043 78034 24874 69324 36446 74045 18323 90943 52646 47951 2520 45004 33297 
60357 33258 47995 50711 64202 26416 22803 63084 52403 28700 89716 28674 69752 14976 44086 99971 17565 85034 18365 95598 9908 87688 48395 304 22362 55690 52949 86664 58209 14304 36313 34917 47561 84307 1979 28114 27074 24782 7550 95828 69833 97265 40853 39584 12240 84938 55906 46156 86324 
74270 58105 12583 78310 6499 12886 17023 78540 82186 20039 36749 96490 56351 88017 60402 40657 89996 4868 84082 14777 12417 79909 961 9681 20761 56896 38272 22051 12802 84427 8374 3423 58883 20956 98084 65381 50193 15107 43921 32378 35145 97021 45219 7847 85037 21973 48503 75032 26840 
48936 6160 55608 28844 23472 81640 49604 80368 19911 88006 93169 20689 96379 12943 79571 33686 11027 61303 83878 26133 21575 32608 77629 18595 77826 85475 19984 99798 50329 11367 42989 99264 33879 98596 44459 57350 80235 10414 37717 16497 98420 47237 37185 11150 76532 16755 44836 87558 78058 
28713 30042 15984 77672 24022 34579 55498 25848 70914 71647 76176 98632 14636 91791 32510 29583 52601 6212 26170 63014 60280 42666 77785 7517 96203 88935 84048 12957 33770 87957 7366 78834 17998 23350 56506 42019 74280 28355 67866 61545 1 60393 60176 30988 68535 92686 76923 37487 15249 
3092 16852 75528 62109 94637 99396 58311 83571 83443 87620 33692 87751 94985 28877 5748 34686 1734 64118 25317 30088 48335 3213 46441 25079 63389 93780 93613 72426 70702 47451 87674 90145 64303 63201 68606 58939 62597 26916 58861 62391 14535 8904 50142 25872 37780 72241 76909 39514 36359 
18578 69601 1045 21790 32393 26124 85178 26173 36088 73955 13226 83539 61628 19723 47841 41181 88328 23131 20129 31595 81991 82519 62482 7246 49012 88353 45025 21253 81613 84538 73963 190 70491 91359 21980 19235 17482 7157 61759 53570 81112 91337 53460 59091 27411 17652 271 15738 40782 
20399 63684 39124 19270 26165 46369 84633 30869 7745 5885 12482 8635 96199 12671 95477 87558 51002 14711 21391 58159 76470 91312 55622 84158 61123 31064 11568 78774 47687 43657 35907 84437 7340 75030 3706 33505 37750 88339 64373 45495 10575 93206 70481 23126 5877 65957 27035 56878 80667 
64777 31388 73488 56089 3361 57645 17211 50777 69212 12337 98463 12868 48243 82899 36560 39625 2957 70064 77374 7647 50788 39220 34573 60346 26052 74050 82574 92008 1084 55803 89027 82213 87191 62514 38301 6903 36511 71863 74031 22074 551 72493 51294 48794 71744 87853 88418 74700 74268 
82143 98698 41407 37715 33270 1752 63766 23672 84325 72126 24755 40128 61152 23319 43670 23665 77971 66924 76527 49834 40955 98601 66736 29799 66246 15529 1542 54098 20298 92593 44717 18793 91290 2475 72859 40912 4227 52976 64583 4903 25101 5689 61382 86252 29008 5051 26269 6978 88327 
19147 73163 45633 34099 39899 75431 344 71779 76973 70793 8429 85917 15509 27221 93559 17984 16431 34470 38562 69406 15404 43464 94507 37444 21198 97110 82803 42600 39730 6133 30926 58877 79295 76558 92975 35545 68341 93319 7324 45313 80463 32104 47581 95972 59324 41139 30307 75754 91960 
85220 61511 23715 45035 56017 61159 66232 69479 43961 8832 9208 66445 56109 68084 45740 32667 77411 97636 17359 87081 21311 79023 67543 53414 26603 79866 29089 67742 26524 4842 76053 11743 66353 99768 56778 38721 77278 39361 8199 37590 48192 33759 4035 20653 18194 66126 69671 95604 63761 
87029 99036 85072 66051 66579 38485 92653 62796 83926 76746 89320 88767 52799 17414 71471 68918 90543 26544 62547 29904 51094 136 94447 84852 4170 15099 19398 86647 1121 31353 50408 88149 30389 51831 54199 13319 6667 63204 76114 90592 39949 81785 95711 9099 99199 67181 94368 6093 10076 
56914 52348 61170 57050 46795 62373 77571 78245 81770 64218 95718 13123 30977 83866 59863 82807 54417 73181 89473 17620 65646 96417 73920 47431 92127 99371 62981 75659 93738 69073 85735 50652 21421 63256 24053 84567 25628 17975 79163 23750 98544 74880 53224 29520 75098 13086 28678 29514 2618 
34503 63485 68263 30919 37404 32045 23045 36774 95025 15055 30512 80450 789 97515 18222 64044 37919 19140 6024 55893 14654 29773 54437 5886 82996 308 80983 12433 45338 26848 31402 79840 90332 99664 27110 44087 31709 66506 80861 43085 81560 27724 39886 82349 41590 58107 62744 79508 93598 
68767 35400 8252 98539 6188 14137 97886 22848 11471 26670 68185 38318 58071 48024 45001 74087 91485 89087 22147 57990 86299 81583 55901 14022 21469 54601 55611 95927 17345 35118 89525 86111 86870 14128 1002 93057 44616 15239 32256 72438 58261 440 10755 16331 64815 72107 6769 56299 61193 
28915 30640 63844 10498 86541 77865 48318 41141 49828 44244 58485 1297 50120 60948 88166 64247 78301 97575 25214 93539 29830 97651 51799 30270 24757 84482 95084 96863 91250 67735 74408 36517 98374 38251 47014 1266 32467 95331 42407 82294 55926 17243 83591 6046 78190 88108 86644 72842 85682 
11858 66381 31864 25860 34531 78485 50617 35364 89920 63831 26614 57654 54590 63130 72380 92840 26495 73645 41659 38177 32403 23952 94102 49646 23894 147 44187 12002 86791 17029 14035 15000 99761 62250 40859 34291 40734 7827 86007 30654 71658 12620 4659 42599 92101 93390 51791 18595 67035 
93449 56771 99437 33752 67224 65434 57646 67371 9621 85999 70513 26649 16385 1864 42761 94987 59074 93403 35720 66901 79409 82725 54910 8380 3736 97508 480 97125 49298 35426 80511 59098 8548 96300 92850 75772 61733 66847 59494 71353 69197 30006 14353 1933 48221 57113 96919 7294 50516 
48991 74194 46276 48067 45455 54656 51802 59315 55135 65279 8612 6913 62141 67710 15460 58440 76911 7583 20173 43757 67076 7877 29305 13433 22230 31237 61653 95694 28156 68947 62561 93498 59492 8837 41564 21299 63492 9718 80613 34978 74996 5576 41890 37136 89637 73702 11928 66547 81284 
32100 26655 64712 39976 55959 78144 78557 3548 56149 74251 48055 41447 53163 41552 938 61999 83115 22236 41842 9184 19200 76820 84179 24776 35061 37667 14412 8762 49594 80959 6398 98045 23965 87461 54372 79924 81956 32929 99823 38104 23531 47877 79550 76693 89428 96840 38692 88894 35427 
96885 98078 54627 73704 98608 95754 25117 52626 10165 50230 18571 7475 56627 16615 31440 60439 70987 27715 42395 20267 27537 80498 43797 75413 76400 20489 81192 73239 75532 70085 25017 72417 84514 95995 62472 99474 91748 87588 52099 1913 37818 70670 9387 10796 3636 57178 71235 74622 84892 
13629 94888 12428 10478 55036 4192 86877 91877 85383 76467 67408 71820 1484 56176 56333 97478 35000 55806 89226 22587 24257 7490 76756 11278 16876 3904 14913 74054 75138 89535 58945 5118 774 87725 15595 72162 91916 18824 64038 77299 95290 31445 65470 13125 3973 21802 10603 38972 93960 
16180 77910 34568 23669 71018 45845 56896 74921 60757 30949 66410 66643 6246 71527 83769 10322 3473 55930 2237 22296 19967 95887 17586 67763 61356 30710 71735 99510 57664 27058 9821 73843 4968 44388 13863 75985 90232 70759 50905 67340 18059 17314 33983 24304 5192 17751 50977 8664 90032 
69566 30960 9998 65452 64897 94112 43160 11958 65847 59021 85974 9256 68841 76168 14223 29580 90031 6559 36163 60789 73815 3502 78847 7480 53836 19503 12671 87938 86831 37687 77969 56396 84998 4318 38200 66246 14782 81359 94555 96980 56731 80528 6235 41923 56696 20458 87854 63078 43368 
24016 23866 17183 43869 19064 41014 14057 54918 70037 1994 41749 7723 96315 98144 92720 16984 52695 75317 31765 50405 69871 28744 7135 50399 34979 49057 23446 71788 53262 86523 31507 77277 26740 65041 37498 45803 6055 51554 17073 76091 53547 75173 165 66213 73316 9236 83197 42363 84552 
31313 92767 54422 60057 99902 21172 11387 65310 60969 99526 18572 47491 31032 12200 74230 96073 49697 36385 18479 1250 69809 10921 71149 44981 11085 37361 34648 20320 36909 77010 4871 68222 69777 75644 44630 86030 13168 72368 67691 74136 71893 2614 21627 19276 14814 12208 31700 80862 64944 
50178 82112 51104 77450 69612 96084 88534 6972 47084 8853 60233 24093 30075 28454 10221 22071 89435 12602 35238 61802 80293 9373 50046 82906 47351 85673 14071 75911 17373 94933 57206 83902 93396 8310 61352 63007 4393 66237 86330 51476 91442 46562 91921 37868 91367 2141 59938 80801 31095 
11527 58954 11387 37252 25351 10644 954 11024 41067 76864 44748 52351 34070 45001 45746 58731 22704 25104 63123 88941 27785 30951 96734 74347 39223 34601 65713 57715 10891 62866 88809 22417 21819 195 76020 47170 27191 76974 74545 68257 53837 19292 36959 4258 64292 99056 62988 3348 24159 
42463 92288 51943 89765 89021 42641 28987 39973 24706 3053 50863 87571 91862 89632 25741 8408 65651 89262 35598 42624 63806 20206 12813 99449 57164 33422 80093 56219 12762 83440 96729 55224 92079 65024 61340 81099 24016 6678 37423 48721 9730 88286 36291 1591 77917 78384 9999 59919 67645 
61948 2543 31451 82154 31707 30899 55669 65128 10991 28240 94241 94430 24968 49464 86508 6343 27155 83958 30359 33832 37733 79079 43562 26018 31722 45152 20286 10105 71502 80204 77749 33450 99098 9199 31955 47156 56450 3975 28636 83792 32214 22876 78222 73534 88692 81081 79876 15846 81391 
10234 49678 19123 5665 9591 61492 37386 54742 81777 47490 42596 78332 41590 76045 93782 50789 24351 40937 23590 28325 85924 7381 76891 8800 1954 50424 97491 83035 30299 29688 80777 56885 79365 99899 62549 88955 77742 99934 60049 59518 63775 18996 54201 5364 95040 64334 72504 35742 21623 
96093 80418 7546 3474 57308 32697 5427 7731 46539 4813 38030 76227 1941 11266 71943 1839 73814 77250 79580 73747 53650 55449 37521 72645 26002 59236 84036 90335 31740 19777 28309 27832 194 35855 47657 57502 68551 69436 81584 15090 90600 35965 91316 92541 47230 79610 10731 21043 56859 
6663 11141 10508 62111 65013 83152 4464 24249 67187 11151 55988 3315 39459 171 19861 75313 47828 93714 60216 33615 75297 91657 24214 11262 99324 33106 74843 78933 43837 95886 52144 50499 7026 62651 28961 72039 62155 33425 12639 45693 60927 68626 49008 385 68796 68868 92050 32975 62581 
68617 82941 54229 60273 23507 65490 59596 56612 56685 54880 448 52570 7023 67298 75947 86026 96259 64337 48180 46035 76975 93872 6961 45600 59231 7345 30748 28098 15746 80074 7030 84362 63015 61259 44634 86521 43100 20581 59484 99784 75461 76284 68705 98835 43581 44652 84860 39839 25340 
33039 2225 2315 43263 9185 64266 2493 32882 95013 46943 48627 91439 70324 49341 54453 31582 93974 57325 91034 30907 16808 7169 22719 93091 92226 21553 53024 53229 6413 9214 78568 55803 11439 80882 99065 20623 45148 1558 69856 56512 64852 18483 47950 35175 67823 18754 83109 78148 92430 
90494 25406 9238 97662 48124 18680 6239 69677 88055 59467 92441 97269 38035 48243 8707 18916 47308 45681 80415 65217 15537 36927 46420 34019 84876 81594 18193 19982 64702 12692 12411 55195 38098 38000 69209 2573 56680 91799 88601 61086 51266 81041 58354 89300 45636 83412 24567 9295 29093 
4982 90863 44629 58260 37282 94999 43135 18875 29543 63116 99929 42234 75527 71475 96683 13526 57035 99256 86557 48834 87856 63995 99 68897 22348 5750 30884 5760 46668 40178 51204 51649 31040 95832 9908 68321 7182 69395 3547 36724 48862 3475 95309 40740 91302 91992 70618 48336 91247 
73526 13521 79102 37520 29971 64350 59868 35720 11585 81979 82388 51762 33182 50388 82801 45365 76648 67473 52546 46042 87372 5621 11255 90846 929 51995 98499 92920 22612 63187 84166 12489 76707 79620 50009 6678 60321 26228 58749 71906 8206 41136 40019 57739 7876 39172 3103 84523 6644 
55648 46916 94015 77620 58170 1213 78548 26516 16063 71468 65479 79249 71985 77968 55956 67956 27976 78985 28277 54203 37733 16534 78760 95221 56552 36498 3096 95723 39600 3970 18719 11599 50885 29085 89218 25406 46649 67765 51922 62712 55584 17400 58312 27569 11719 30619 95524 39694 9603 
40152 10248 47336 56685 89007 58908 29589 25504 62003 25311 81455 65972 60381 93053 33208 5818 98622 74965 52466 82739 26886 31529 38322 60638 89841 65890 72356 20459 61414 28402 30062 17917 38649 93749 74602 27656 52656 4190 69511 31010 45852 50966 13333 6233 60370 62892 12050 58992 37856 
80867 41730 81094 12396 80051 41731 18588 62293 30438 55398 40058 75191 1811 57974 13840 95559 32575 57847 64566 53116 27357 95575 98968 94674 25259 21552 55044 88150 33601 30387 26006 30819 72116 7099 59566 68518 65181 78153 30810 11970 33551 87219 87161 35361 45193 1000 47272 94119 75198 
28189 47235 18906 40116 46202 13580 65374 84105 84975 53524 34057 15361 95881 64875 3828 19331 24441 72345 863 18945 19507 12832 68847 6725 99992 4208 68269 991 67831 62388 92540 96019 25974 11446 36134 72175 41377 1508 56279 26351 71383 6687 41711 83615 71561 61890 19297 12353 50586 
20159 31298 70092 32990 144 93169 32982 20703 77789 50324 88533 40176 42864 904 66149 54309 37037 54675 95685 54896 27305 22035 42630 33991 80097 42596 21904 58338 61892 34256 8923 82050 65553 95367 31392 82049 4887 64373 19103 82675 14696 23988 22851 57559 24891 5351 11867 78279 76378 
23903 49527 3682 45937 8508 54025 42385 51104 75928 722 29347 26535 25997 27749 8440 21363 59140 90488 26249 23512 9590 8923 38207 49929 48125 12118 74819 69828 40336 69450 46205 64239 18976 66238 26527 27483 36614 85264 94938 28893 85985 24285 55428 28333 52033 63867 49695 11172 70706 
92295 51035 96647 1218 5593 46576 65694 17710 37746 35521 58046 7195 98077 38636 26170 64315 65162 70005 17280 50425 64942 46173 52762 5578 1600 81094 73962 81818 47141 1485 52523 39435 52519 65521 57004 74464 12096 22698 92173 49842 74570 66570 73388 72647 21557 15910 53313 86719 85914 
70592 53495 67207 16764 22608 89137 34715 20054 63098 16532 67194 64583 85406 22980 33453 50927 79984 7916 79374 19033 16441 45567 93602 83010 18955 82600 20919 34864 35912 7637 37129 6504 77483 20687 39619 91 9823 74334 36496 72921 7217 20041 53855 8975 43020 87307 76253 39355 95223 
55626 74739 11663 17545 68341 11024 36499 50940 31942 87714 3204 55930 41194 9707 49765 61880 65677 49855 71703 56362 2702 44623 79931 22742 14829 88905 82113 2135 65157 21468 13709 37134 96206 41723 54678 80898 52747 7528 48190 1040 95241 51393 73322 36434 77451 23086 14666 43127 89292 
86368 15841 91993 47342 95771 14734 62170 84675 13198 80656 66183 34665 94365 3316 47223 36087 74346 28120 88833 81873 76309 6225 93466 44053 79546 46251 21503 18983 60916 80982 8274 47283 96822 266 94624 92592 31351 73145 93618 44548 53801 59800 95565 48165 79467 42787 84251 53812 87258 
89436 52037 79919 12012 45502 23971 7909 91752 61826 26891 52668 42807 35164 16302 55980 51781 27278 64923 99483 422 58540 44030 54222 34691 55946 18738 30509 15084 19341 673 2342 25128 52709 98612 37139 98210 22582 45047 6313 759 88289 58980 59917 23452 75282 15896 75232 2559 97170 
91066 19332 72061 35095 89906 23103 7393 8643 53612 22476 44335 54284 24817 69462 23344 23428 22952 21553 62362 84350 27865 63120 72638 3197 39389 12441 94830 55284 4024 13740 68806 95089 33071 40866 30184 22976 63969 37576 47971 17580 76403 92305 88215 1220 61767 11558 40999 1070 49462 
3360 85420 93678 82832 74409 13226 38572 86850 8055 10207 90873 21794 79012 85962 71217 19878 32497 94192 83846 70072 42162 17777 46474 50819 5991 64045 28937 33900 5044 30006 99713 24755 31777 93390 23938 6186 6616 62509 93035 31022 89068 83907 52816 68079 69868 24032 87956 2364 34575 
71801 88787 93089 89577 51613 43907 11919 32009 89195 45818 53404 35552 45530 94511 67329 55272 34800 73514 78239 97309 82900 9260 2728 66806 78427 70806 53026 18810 58762 71741 53385 46914 60528 62825 36491 28492 23083 64761 60500 12277 26931 30256 47828 88812 24766 15156 44083 59565 5021 
38673 73225 4272 47933 75952 71078 26359 46758 40455 45169 5519 12195 14905 52432 89074 77729 5274 33917 811 86387 10769 29439 13317 41024 77266 18480 65789 8774 62563 25353 30146 1235 98578 34418 65519 90881 21847 91878 37638 62301 53398 59508 90847 68302 28292 96273 46030 49917 30189 
63192 36303 40957 92630 65971 81980 86247 84451 64120 11372 63365 5825 57870 80951 20754 92287 46470 11634 30485 54699 49272 9137 8096 25131 99983 92749 53422 12607 55130 19691 42796 18321 55993 104 27302 38316 98436 29900 22766 78907 57624 2482 84731 15493 83432 5484 24131 46253 17118 
70967 17303 82741 80103 41750 24223 96437 34498 93997 9044 89627 13687 68191 24299 69679 84646 67952 24346 83081 14204 47111 61988 71827 65944 46718 3671 49376 68554 44153 11980 2023 15119 29283 1115 11573 71032 25337 24361 21882 19333 33404 11508 33019 17946 52159 19050 2592 20110 43395 
2024 50665 6858 80363 22491 72801 43433 42513 38528 11986 86665 66860 14008 18135 96142 31474 46059 83525 56810 70420 5406 92495 3823 33266 25513 38121 1776 60914 57064 21885 4309 59087 72550 11166 39450 11392 318 99234 70257 38846 11219 56921 5705 41578 91408 18198 73051 37466 18074 
46212 7885 39832 38706 28060 73097 64219 82532 74872 25132 39595 13108 45792 15033 2009 73309 70834 29753 73627 70067 9 28824 81285 73281 34528 39214 81040 69077 12264 18506 87150 74828 42742 43333 13533 70801 32781 94103 53332 7652 35587 9278 37112 81378 24311 55472 54687 95144 1576 
44665 65211 1584 73488 62847 91217 24367 2061 72256 9795 30676 7113 13296 5503 49855 56629 35388 37007 89409 29490 6691 13413 65076 15968 66876 62806 56630 22347 17492 68126 40275 78508 49688 41858 51995 12534 49426 92713 30946 38034 2507 77974 45146 15802 99828 11352 88782 35215 48359 
78191 64705 55049 91603 46132 87368 58478 8937 60350 97176 42780 28475 37450 21287 78162 95660 89633 7047 45085 82345 54345 99470 1203 32318 44616 33357 32145 55967 22138 83712 20677 328 48416 92077 8282 94547 79445 66759 3484 39794 80287 46263 84620 17736 83902 62781 29747 73534 86179 
91184 72231 40523 90653 73433 72840 51620 6789 21337 7587 45279 5048 28263 45606 69815 20340 53888 80713 16136 36998 548 72281 17284 63163 56900 51372 47064 36032 97470 36949 22210 88653 9179 62733 95658 98964 51924 47277 22104 89612 54863 67382 94659 99478 29340 80825 36169 83227 77890 
68656 36576 78437 40936 70212 41599 14187 37935 5014 50218 35404 41963 88779 40409 67493 51511 36066 66456 19787 83342 4912 9398 54557 72293 20409 70386 1632 1233 22906 1210 79122 91561 54138 73911 48848 40701 31861 79386 78635 36875 29603 30390 95189 34733 70798 79033 2596 6863 45489 
22382 6557 66752 31779 61113 39044 52187 31498 57028 69772 54403 74589 65245 62315 45078 55507 11162 85778 87368 90547 64412 40594 36501 11154 52134 87585 81951 31166 90180 5166 76654 12561 11722 59757 60692 89186 15153 29230 37035 72180 15353 7789 63120 96950 70103 24550 52456 97616 10327 
56175 4514 91091 96768 41014 2244 48901 44950 546 80067 35130 5711 73072 47690 33784 32829 24733 22969 47981 53963 76355 36512 69315 84143 15983 66264 54245 40532 35072 68212 50859 91246 72725 41949 88014 30090 60544 53266 75040 61089 33332 10169 83152 22756 74210 33287 55584 98943 72608 
3564 69257 48962 56427 54923 33105 72409 37539 3701 12941 72610 71913 80151 80207 44637 38451 68220 74727 98994 37838 49766 76434 71169 76286 59585 93924 50495 92872 65859 65789 65479 85774 35045 14440 42200 89968 63896 30961 43858 67597 43901 32819 55861 24051 13025 497 62501 97597 75223 
77846 35434 41340 54279 22954 17625 30216 33230 68120 39439 99088 50260 4917 1214 85305 35708 59765 91624 15956 90725 51833 99904 34625 84651 55764 75027 97675 56260 53879 95271 47835 31724 47056 89174 2355 70010 23151 32570 3239 7622 72008 18678 57881 93276 19891 59537 45335 79656 51160 
61290 70380 2992 61193 21357 3994 33308 12735 1669 89568 82966 13291 37402 14689 60347 42927 33395 30356 82429 82316 49946 90050 70675 68623 64283 63950 4866 23819 25637 873 91331 3278 87604 10674 80823 25312 14668 14130 38047 16336 3697 37364 29626 57450 52052 6324 16729 1799 36679 
99157 84114 2976 5559 54789 87951 86193 35090 9168 10011 60726 10040 1341 80356 13995 12015 61178 39307 43034 75307 93705 75721 95356 31068 5346 52805 99471 28022 85885 17621 64700 1394 1735 84028 23304 72875 71978 9496 24316 81145 19506 85042 7536 37199 81749 21530 65565 42926 77188 
8598 18232 70892 84318 13587 18311 6015 82744 34134 34036 84980 51754 15088 86373 53488 99115 26028 42714 87444 35523 67030 68588 71381 68423 76123 8579 50171 97652 74143 93096 91192 99092 27679 62083 99761 57618 96746 22127 56713 30879 72515 41692 82632 3954 44417 52472 3068 70444 11537 
6863 5967 78566 75450 93699 63340 67924 2277 13510 81927 92771 22957 73118 8214 66988 51553 7974 24605 48298 46452 97669 95528 18966 39360 78159 22919 128 46982 42338 86924 58519 49200 9242 53436 41001 2940 16776 25276 5216 46637 7203 14338 85946 96672 22551 52933 64576 46876 93889 
12873 93327 91557 24752 12293 47268 19263 51563 63748 66244 93901 50671 41114 59452 59912 10902 16805 62851 27677 42080 84418 90665 65634 98755 76610 62306 37657 29542 26881 84532 39782 56106 94210 31338 80857 6502 94958 119 74417 58705 82715 68317 9375 23828 44120 85638 34729 60924 64840 
78757 19356 49257 69422 84989 64363 62383 63646 2019 8277 6879 86550 48058 79336 80759 95748 60192 3613 7057 76663 78029 65761 75729 62697 91487 15908 23168 93476 66989 444 58315 45745 19799 7571 31518 4787 88285 10253 68433 90303 18529 91663 93204 82938 70998 90314 78685 47541 10278 
85741 24203 4658 67853 99931 67354 75691 32191 6874 69166 99179 7317 27480 61275 27115 51402 92793 31901 39686 19397 16685 29988 37925 8347 23191 20862 79344 29857 15899 26885 40134 1639 67439 44792 85844 83722 28497 61534 15912 35370 30700 31442 42686 58179 92716 86152 25933 1860 34405 
65618 21256 51089 95606 75532 75788 35148 96394 71483 65004 12292 14719 21490 30282 98510 66281 32477 82231 94777 94011 14494 30147 24710 45935 89184 99240 55002 75336 25172 56862 26092 7142 94469 77180 19099 70001 69319 70598 66394 40802 51954 95037 71872 73443 41670 70381 39723 74147 52611 
34499 84509 83456 80997 25570 45742 86533 41161 744 78220 82685 57605 4311 89826 52073 81490 8924 38425 67161 79521 4818 7962 31474 16206 79833 4916 74228 66566 60990 64726 19176 95489 49234 18984 92837 74803 64725 79369 15963 81820 57588 98647 55776 61898 4824 24201 59740 13747 62625 
26900 9620 67443 51213 41093 100000 47397 62361 74227 13962 23350 38952 49490 35190 4537 68473 28027 95691 49549 23747 11654 31369 81335 26652 87144 43232 31476 11344 19323 61574 73969 46222 71193 57763 97434 28638 74114 61183 7350 64693 75144 47051 3644 24633 82241 24533 9457 26619 20223 
59006 50365 48228 6726 31699 91232 93869 91283 22707 21565 10605 632 95533 73179 88177 69647 86964 33166 43760 48146 40515 8452 23290 87565 28448 64274 86157 52980 90083 12775 89554 65440 63140 37782 72165 11190 29013 66033 18824 68071 3949 29429 85054 99481 18959 73230 85479 5922 6395 
29239 54068 63261 54042 93709 67178 82489 74334 53334 51820 64416 66109 57726 46207 45600 95507 18371 56789 40871 756 91965 25293 4704 37745 10346 20537 56703 99928 6015 62624 6322 51605 33043 85935 5647 43103 53112 4487 33789 6445 72659 14556 88905 30384 60763 34504 42242 79133 7645 
99464 79888 99609 24756 84592 37353 35101 5128 10407 51380 27494 89382 57702 79099 22425 59988 84745 81879 13099 5583 32019 35895 78241 46575 24800 24976 23689 75655 67217 2821 99651 66680 99061 15611 7787 4 69315 59240 21483 79721 10619 48976 69103 84672 44426 7879 44659 29170 6109 
74109 51105 38128 10004 45697 1054 51155 70673 24742 43161 54241 43914 59164 37273 42974 91126 45059 59329 60441 4298 80811 56513 31269 46139 41967 15940 90564 66197 76951 36086 72306 51059 87190 26785 77414 32886 44190 44920 19910 68931 4433 74151 29196 63596 11423 72170 54721 56481 47850 
