211 10 1
22 90 65 97 30 21 36 62 62 96 
6 15 71 53 7 87 78 36 84 11 
8 80 95 19 9 68 62 37 30 23 
99 52 65 63 100 94 35 36 7 48 
83 65 62 54 17 21 92 94 56 75 
57 15 55 3 33 15 23 46 3 52 
21 1 55 85 15 55 30 50 42 37 
97 24 1 11 77 69 31 68 15 38 
95 23 53 49 25 37 15 99 83 17 
51 3 69 57 39 83 63 20 84 4 
56 81 28 8 43 56 29 25 76 95 
62 70 17 66 70 93 3 84 92 37 
52 94 91 72 2 81 54 65 100 38 
68 8 70 47 15 12 3 95 88 78 
89 1 99 57 67 68 50 21 3 93 
9 6 38 99 77 39 79 82 3 78 
71 23 85 40 69 52 3 71 98 90 
100 87 43 98 95 9 17 44 81 19 
88 89 76 25 39 52 64 17 86 18 
46 56 40 83 96 9 34 50 31 83 
92 31 69 34 80 16 94 97 59 26 
67 99 14 43 23 52 46 38 20 31 
56 17 87 47 99 34 55 84 35 38 
67 26 20 87 11 99 2 56 47 13 
81 66 11 46 8 85 49 5 23 68 
36 30 37 74 28 35 7 35 19 41 
72 37 19 91 23 81 41 77 37 88 
89 69 53 51 15 12 87 15 16 61 
35 3 90 71 76 70 5 34 4 75 
75 75 11 45 17 86 77 57 14 13 
96 54 34 48 4 48 11 90 62 79 
3 96 81 44 66 57 13 23 90 16 
97 16 42 60 12 58 97 89 67 10 
1 62 15 34 62 18 33 72 59 47 
50 61 94 31 5 12 39 69 34 28 
85 82 96 78 93 7 36 41 95 2 
50 48 63 64 33 24 33 18 48 44 
16 97 56 9 79 12 20 17 81 5 
97 17 39 92 94 31 50 81 72 97 
82 73 44 97 89 28 72 73 45 71 
16 60 20 24 21 98 35 40 67 67 
97 15 83 35 6 77 17 7 57 88 
3 91 13 46 39 1 26 62 25 22 
33 93 34 52 16 54 1 50 45 19 
17 93 33 51 27 38 27 44 97 36 
83 99 78 47 97 16 99 22 77 24 
95 61 16 28 64 31 33 65 32 30 
83 100 22 16 51 1 5 29 44 1 
16 78 52 93 77 48 8 75 69 37 
98 63 49 65 43 13 47 75 29 31 
4 63 82 78 30 84 78 87 13 73 
87 28 50 90 73 78 37 80 53 57 
68 2 72 17 67 14 29 65 40 9 
95 96 71 77 73 1 60 50 87 24 
22 25 4 23 15 76 1 51 7 5 
60 75 6 31 91 24 44 71 41 83 
79 35 30 1 63 2 1 75 3 39 
98 76 64 53 51 30 28 3 32 35 
7 91 61 64 21 3 40 16 73 80 
51 3 66 80 3 29 34 56 3 36 
94 52 64 9 5 14 38 84 16 22 
70 74 12 82 37 85 84 28 100 8 
7 2 10 73 82 65 53 15 20 55 
2 65 58 65 74 14 30 11 98 45 
32 19 70 96 1 59 80 36 86 31 
44 45 33 5 17 66 69 69 32 40 
75 33 5 32 50 78 98 79 40 47 
76 24 65 45 19 17 55 50 53 41 
32 48 37 64 52 53 29 73 73 60 
12 47 45 68 30 94 45 27 24 37 
73 99 60 90 96 30 58 50 79 62 
42 62 9 78 26 61 82 6 85 54 
18 96 52 14 64 34 59 60 12 82 
96 37 33 55 26 28 84 83 29 14 
97 23 76 5 52 53 17 34 10 1 
39 79 97 43 92 12 28 50 71 39 
84 19 75 16 25 100 43 9 35 23 
74 31 45 1 87 49 53 4 34 15 
4 72 93 52 66 37 15 93 86 38 
32 21 56 58 36 80 10 30 40 96 
53 66 78 49 66 64 97 71 67 30 
85 23 54 77 26 19 65 41 64 3 
78 47 23 85 4 59 16 13 88 56 
60 40 21 37 89 38 1 37 8 19 
67 92 93 20 21 19 90 85 59 53 
87 88 51 10 24 55 20 39 19 7 
46 79 99 66 67 39 4 67 75 63 
38 41 55 30 60 27 100 2 63 10 
54 50 97 5 11 72 11 30 11 81 
88 56 11 86 74 78 24 29 96 51 
91 33 91 97 15 3 75 14 4 38 
24 9 39 72 65 49 44 75 30 6 
8 69 13 18 7 38 47 30 18 43 
80 61 27 23 57 93 25 32 7 80 
69 82 88 7 53 53 7 48 79 88 
5 86 56 18 56 62 7 54 44 25 
48 75 85 75 49 41 19 25 24 25 
4 44 58 92 2 63 44 60 10 74 
47 15 60 55 84 67 68 90 20 63 
66 20 90 50 94 38 43 12 63 18 
89 66 62 46 9 63 8 52 23 70 
26 21 36 37 75 71 55 95 12 26 
57 78 45 46 79 90 36 21 54 98 
39 42 15 52 39 24 66 99 27 40 
68 4 61 3 92 87 25 46 81 36 
72 90 13 68 87 92 58 22 64 11 
71 54 4 38 5 42 61 71 40 39 
10 59 43 22 13 34 9 37 80 41 
73 3 82 37 22 69 80 79 42 44 
41 13 97 96 50 54 90 62 24 29 
100 85 40 42 7 52 28 67 41 7 
59 65 61 41 1 34 61 33 65 2 
28 5 14 76 1 15 29 90 28 4 
70 28 41 61 21 47 65 48 65 5 
6 75 21 18 67 73 52 27 5 16 
29 32 72 94 60 24 61 88 65 88 
92 87 67 84 47 88 30 63 87 46 
67 93 72 87 62 39 60 13 65 16 
80 93 100 52 39 59 75 99 46 92 
86 89 78 5 72 76 92 53 39 30 
50 57 22 22 44 84 60 55 48 24 
70 28 69 69 31 7 79 5 57 25 
48 94 65 25 98 37 53 41 41 91 
71 91 47 44 64 42 27 23 48 27 
98 70 54 18 90 84 76 69 40 32 
45 40 78 9 64 75 97 68 16 38 
58 38 80 57 81 95 50 60 69 50 
86 18 19 91 36 8 26 11 28 65 
95 72 4 72 81 20 98 29 39 13 
66 49 2 97 5 83 91 6 42 11 
55 79 29 25 69 64 85 94 26 12 
10 20 84 66 43 16 37 41 44 75 
5 62 23 7 10 79 89 53 85 82 
63 91 60 91 16 80 6 100 73 32 
63 34 3 46 99 46 13 35 86 9 
10 42 22 84 48 83 63 88 35 99 
21 98 41 32 40 56 11 46 7 35 
29 70 69 31 67 67 76 32 54 13 
40 15 55 13 98 54 95 12 94 30 
62 14 79 3 98 70 58 8 15 17 
95 43 86 63 26 4 81 1 35 34 
66 26 48 72 38 98 77 85 9 70 
14 71 36 44 73 33 13 82 40 80 
50 34 74 35 48 99 91 29 52 25 
14 17 51 62 40 40 11 16 24 71 
86 89 41 21 84 65 53 97 99 44 
28 48 30 1 35 77 52 25 5 3 
1 71 71 3 84 10 43 94 77 18 
64 62 7 57 34 90 73 38 38 71 
82 17 71 11 70 57 39 21 33 96 
75 85 66 45 88 49 6 82 42 82 
99 57 96 57 13 29 99 38 67 88 
8 100 57 30 62 26 38 100 98 70 
95 72 7 60 68 94 60 25 27 53 
6 77 10 1 34 74 82 84 11 100 
23 71 99 79 52 60 56 90 59 53 
11 6 24 17 65 43 62 25 67 88 
77 25 65 38 77 50 64 58 85 74 
9 7 96 7 38 48 18 93 89 29 
46 51 34 21 20 98 64 81 74 82 
69 3 6 85 92 83 34 55 92 18 
29 1 24 76 59 61 75 77 54 15 
5 51 66 38 71 85 87 86 65 13 
68 85 15 25 69 6 7 2 61 51 
71 41 51 47 68 61 7 43 37 12 
57 93 14 22 82 85 58 69 22 75 
81 89 59 47 14 28 4 72 81 16 
22 4 8 24 50 76 37 8 18 73 
72 26 18 85 100 99 21 57 19 43 
31 51 83 42 49 48 21 53 20 53 
68 93 56 28 69 5 3 5 13 72 
29 84 97 46 68 48 97 41 5 15 
83 87 66 65 28 14 65 100 18 84 
53 38 28 8 65 48 13 67 52 77 
90 33 60 86 78 79 86 26 19 90 
41 53 28 58 70 8 23 34 7 41 
69 11 30 96 19 94 44 83 12 47 
59 1 79 70 38 9 48 23 34 19 
64 26 71 92 35 92 51 58 25 9 
50 93 20 31 41 90 24 84 72 35 
82 30 87 13 99 24 21 98 47 6 
16 10 84 39 53 18 30 55 27 7 
64 28 99 35 58 39 24 33 74 95 
67 8 76 53 20 74 77 92 23 75 
97 91 36 80 81 89 50 10 43 28 
68 58 56 67 92 65 57 15 98 83 
9 16 90 84 21 61 9 49 52 84 
23 48 74 58 80 54 98 81 15 41 
8 83 98 15 1 42 80 9 56 29 
91 17 44 32 100 64 44 61 12 95 
44 34 95 17 44 26 22 41 6 36 
33 65 70 83 80 70 24 11 79 79 
39 21 95 82 5 47 98 48 7 9 
95 2 95 89 70 90 14 91 30 71 
78 63 35 48 45 66 69 20 28 99 
98 66 20 45 100 24 91 97 23 49 
57 17 50 51 5 71 40 70 61 22 
92 90 84 79 89 80 96 58 99 24 
56 48 89 27 92 88 2 34 36 25 
82 93 41 83 95 98 53 87 19 65 
8 63 55 43 41 43 74 36 52 24 
11 60 71 100 86 15 39 88 48 27 
12 30 19 4 64 65 53 17 51 72 
81 10 86 87 52 26 82 77 13 33 
100 24 92 71 75 30 37 65 17 84 
91 80 65 61 83 29 78 88 45 28 
11 77 90 96 16 41 21 97 70 85 
81 69 60 25 91 86 54 27 51 70 
11 93 1 27 54 83 55 31 22 51 
10 32 28 99 27 43 92 99 91 61 
84 71 81 95 95 72 81 100 50 31 
