9 30 2
68 68 31 53 63 70 79 97 46 32 27 54 55 93 84 37 97 14 62 40 78 41 78 88 7 36 48 37 44 78 
99 64 97 29 68 60 50 46 8 95 29 34 100 83 78 84 71 27 49 33 66 27 73 95 66 31 31 13 19 26 
42 17 41 91 97 8 50 46 53 57 92 34 43 92 68 72 27 39 98 75 23 16 53 47 10 18 77 92 83 95 
70 24 64 10 14 60 18 15 58 22 24 49 7 18 40 75 41 66 13 91 93 35 6 45 81 67 63 9 11 97 
55 80 72 18 41 38 30 58 4 87 32 79 35 38 96 27 12 89 44 76 79 36 10 36 81 42 54 95 50 64 
43 57 95 14 26 36 51 55 45 55 41 76 85 28 14 33 54 77 21 49 53 51 85 14 86 17 56 91 63 57 
7 5 65 1 70 91 36 21 45 81 27 38 8 11 17 73 43 22 50 15 70 54 65 6 67 2 22 74 45 36 
83 51 40 47 51 10 37 39 82 34 19 60 23 78 22 39 51 17 12 100 31 81 5 48 39 71 1 60 97 45 
48 31 95 87 77 98 48 66 36 81 51 54 40 73 31 14 63 33 30 26 84 12 6 88 11 44 11 12 56 7 
