63 136 40
16 53 18 78 70 65 39 47 84 35 84 61 21 76 17 79 18 58 26 22 59 52 9 57 12 31 57 91 93 92 17 60 44 87 37 14 51 75 12 34 61 47 94 81 23 63 12 92 20 89 13 30 40 74 39 3 4 95 46 48 86 14 8 81 100 44 46 50 19 57 84 31 4 29 12 78 43 75 69 62 63 34 44 2 7 82 56 62 76 1 9 13 15 16 45 14 60 91 64 30 99 99 60 2 79 23 31 22 97 52 35 59 37 30 12 43 11 20 4 38 20 64 2 34 80 47 100 91 89 15 20 87 13 31 41 43 
6 71 64 2 74 51 13 10 80 76 4 43 95 59 32 15 23 34 100 2 32 99 92 20 13 63 6 77 45 46 20 50 69 35 4 42 37 16 4 17 91 7 11 86 18 42 52 40 27 51 93 58 50 36 77 14 98 83 91 94 28 62 44 48 48 47 42 85 14 45 53 4 3 63 41 20 56 92 11 83 43 3 40 44 38 17 9 87 51 99 81 78 12 76 78 12 74 19 48 87 63 100 42 17 14 83 89 21 26 99 3 68 2 95 63 39 11 72 78 61 22 58 90 86 85 67 97 58 85 44 44 99 95 85 68 8 
19 56 28 45 54 83 64 7 77 79 98 39 50 75 51 23 84 92 8 68 59 4 25 95 47 68 46 41 4 13 100 23 68 80 19 73 62 82 80 90 60 77 80 61 51 30 84 34 21 43 1 31 47 25 26 45 44 23 38 99 35 37 73 2 16 91 26 29 25 5 70 36 81 49 97 31 78 32 16 51 74 16 81 72 92 58 17 87 80 54 86 14 42 58 67 10 49 93 38 25 49 8 60 30 8 8 12 38 39 28 88 65 95 68 88 87 78 4 73 57 9 10 23 51 68 41 60 68 85 49 92 34 8 51 63 16 
59 74 53 49 53 40 65 48 59 53 34 36 8 58 45 17 68 67 19 87 59 30 54 44 78 97 77 38 99 91 53 9 16 57 10 69 48 74 16 6 78 1 94 86 10 38 54 29 56 72 15 14 53 20 57 30 16 85 67 67 75 71 75 91 27 84 59 26 58 26 32 87 26 77 72 87 66 25 16 21 48 30 86 100 2 43 82 69 79 100 35 54 71 10 96 49 45 6 75 54 31 58 41 8 34 12 94 51 89 9 71 88 91 56 88 44 50 69 12 29 68 47 34 90 8 29 39 52 34 65 6 16 22 46 75 7 
9 20 57 97 81 79 85 71 86 24 66 36 44 77 16 63 75 49 53 82 29 43 86 14 7 43 29 28 40 55 86 48 74 42 97 54 20 33 76 57 8 41 92 51 70 59 13 44 7 17 78 35 59 63 48 17 57 28 44 96 82 29 43 8 22 91 61 93 75 89 50 82 29 93 32 98 52 97 94 58 65 71 45 76 85 92 92 41 72 36 36 53 16 30 60 90 21 73 82 95 61 83 29 41 76 12 91 27 60 84 36 25 6 80 100 90 24 91 30 47 78 17 99 94 46 11 35 18 35 16 65 47 99 93 87 26 
4 29 4 16 12 39 40 69 71 39 58 46 81 39 92 59 55 42 4 1 4 38 70 38 5 34 84 55 78 23 80 34 51 83 49 15 74 88 83 96 78 41 93 58 31 84 68 86 77 71 38 81 60 7 18 65 93 54 71 70 76 51 55 26 85 3 92 10 42 75 5 71 67 97 81 97 32 48 34 9 71 71 41 30 30 10 46 22 63 17 43 38 19 50 16 55 52 7 65 46 33 69 16 99 18 96 48 49 96 81 9 66 4 1 47 33 11 45 6 73 13 100 63 83 49 78 37 53 36 1 98 69 22 13 19 39 
61 18 39 56 99 100 73 54 100 71 86 10 15 43 35 79 42 97 61 91 74 98 43 61 98 92 81 19 56 100 9 16 17 48 23 67 47 47 20 98 18 57 8 84 99 94 63 93 90 23 35 15 20 29 75 70 20 56 40 75 7 49 43 75 48 65 42 46 64 13 43 81 70 2 64 20 95 26 64 84 1 98 98 72 26 25 93 97 32 33 24 38 81 66 12 28 82 5 25 45 70 67 25 91 21 41 10 15 18 26 51 70 23 100 42 1 24 34 97 7 66 20 44 98 37 8 77 19 64 1 15 33 20 92 75 40 
84 37 6 1 62 56 71 84 8 64 36 83 97 33 90 15 4 85 64 93 44 93 63 8 45 77 92 64 20 67 55 3 3 61 4 16 68 26 99 75 89 35 10 37 19 99 3 74 35 67 66 79 59 28 38 55 57 81 19 76 99 73 31 53 85 34 68 53 11 67 79 51 53 40 87 23 90 90 48 25 8 14 3 18 93 92 72 1 72 42 29 71 67 59 23 51 44 43 55 54 61 86 4 13 25 42 87 15 83 34 91 42 99 93 59 44 36 83 44 7 24 72 29 42 30 4 93 73 46 99 78 6 84 33 70 61 
75 56 27 9 41 17 51 40 61 9 83 96 43 78 54 19 50 83 60 31 38 4 56 83 3 33 40 38 18 9 50 92 16 76 100 56 44 2 47 4 63 81 99 5 59 53 23 60 87 35 42 24 38 97 58 92 82 97 30 99 5 31 42 72 7 93 79 50 95 26 54 57 58 4 13 68 8 36 27 94 22 21 69 11 17 26 3 50 22 84 100 78 14 93 49 20 86 28 22 32 5 27 88 62 82 100 30 90 87 8 35 60 28 56 71 97 81 73 46 3 56 98 32 21 90 81 93 27 8 14 58 12 92 97 25 73 
49 54 14 87 14 1 47 41 56 69 37 36 41 35 90 48 84 22 68 73 2 12 52 61 25 9 24 68 58 48 93 6 54 6 44 67 6 42 59 61 10 48 49 2 82 38 49 17 11 69 41 64 80 92 24 57 53 99 76 10 99 68 67 4 74 10 70 31 52 80 44 61 27 92 63 60 81 63 76 44 83 17 7 15 8 83 71 60 81 46 21 31 66 87 34 39 49 55 21 100 35 64 12 61 7 26 21 40 41 48 83 75 64 41 89 24 23 11 35 56 9 56 86 74 94 72 64 42 26 84 93 12 100 57 25 58 
34 45 97 74 92 31 49 8 24 89 31 46 100 65 53 8 72 91 81 66 62 96 59 39 79 52 51 30 8 27 88 93 71 36 67 14 19 67 73 42 55 3 39 54 20 92 13 91 82 45 56 95 40 15 85 71 18 87 100 77 13 87 69 35 75 87 49 93 53 73 86 60 76 24 65 95 67 30 37 48 74 45 94 66 59 79 36 28 65 35 4 78 74 24 12 100 11 12 44 15 85 29 26 12 52 91 58 19 20 94 18 45 38 64 10 48 42 45 75 58 32 30 87 57 54 51 56 16 62 51 82 98 79 8 61 82 
98 18 52 69 64 70 13 1 85 23 1 26 67 27 35 50 57 22 58 62 72 13 29 85 63 10 35 93 17 95 75 66 13 78 34 76 47 47 28 83 69 28 8 87 55 95 89 63 16 46 76 39 11 56 23 25 65 57 18 34 52 44 99 16 21 85 43 20 31 70 2 51 50 62 37 56 56 77 18 23 23 45 61 33 100 35 57 16 44 74 49 47 69 100 14 90 84 56 9 66 25 62 16 74 23 4 29 30 81 98 52 3 94 64 87 45 51 43 61 46 69 61 92 37 12 57 78 47 12 38 12 88 100 27 62 22 
83 42 52 15 92 55 69 37 71 55 82 21 49 94 18 17 6 61 6 18 17 83 64 28 21 28 15 72 6 28 93 88 22 96 2 65 3 70 1 73 76 34 45 25 79 62 93 85 22 50 54 38 33 69 65 5 96 31 76 2 11 20 41 32 68 95 96 70 16 48 42 92 34 86 68 12 47 60 48 68 10 53 5 94 74 21 50 21 3 25 74 13 96 15 96 63 9 91 32 76 91 73 67 76 10 34 87 56 46 87 75 55 91 31 48 64 3 97 85 6 73 58 18 20 24 14 83 84 56 66 60 98 91 78 73 100 
12 12 8 57 50 82 63 40 13 62 4 15 10 40 72 82 49 42 53 73 55 87 8 62 53 67 12 43 45 84 94 8 47 1 16 96 83 30 36 47 91 91 61 100 30 85 33 78 26 85 2 32 72 10 45 24 28 56 18 24 92 11 31 38 12 98 34 46 27 21 92 17 11 4 68 92 88 100 21 13 85 75 96 8 84 41 31 11 96 100 35 87 10 17 77 73 67 62 70 93 82 61 62 44 17 29 87 56 29 7 21 65 81 16 72 16 56 54 79 52 53 13 90 14 81 18 39 47 79 8 92 60 21 53 55 89 
33 41 44 61 100 64 77 80 32 48 96 87 53 74 90 57 38 32 23 70 49 61 17 28 20 8 39 92 12 94 80 44 86 76 57 85 91 33 17 22 33 64 61 85 89 2 42 78 33 16 47 82 28 63 61 47 22 51 91 33 44 70 29 82 45 85 66 88 17 34 9 49 97 69 86 85 71 79 62 55 94 61 88 21 23 48 19 97 99 9 81 94 31 9 75 27 93 93 14 62 78 23 62 75 43 47 11 65 25 25 20 18 85 7 90 59 7 9 55 5 69 88 50 99 48 77 78 41 21 91 54 98 65 15 72 60 
62 35 24 38 59 95 8 43 2 97 1 60 57 8 64 78 95 65 76 42 41 5 34 61 96 87 59 12 54 82 71 67 16 95 4 74 89 11 68 42 60 69 1 68 76 16 45 22 33 73 63 73 77 97 86 24 35 96 36 40 29 6 6 45 100 10 70 41 72 90 82 83 58 35 3 85 2 47 6 34 71 68 59 48 16 44 23 3 39 58 42 19 64 48 15 15 9 85 7 32 26 41 67 83 75 69 67 28 15 24 62 38 43 20 85 59 15 59 13 5 17 6 23 32 5 38 98 65 74 5 97 99 97 63 81 23 
31 99 50 97 22 63 34 64 82 70 74 48 81 38 52 97 44 75 80 48 12 29 13 85 85 61 35 81 75 67 3 57 65 5 53 38 67 39 53 1 60 27 48 40 16 100 88 59 74 19 59 37 48 23 73 32 83 7 65 57 73 67 13 89 23 17 26 90 7 30 90 67 8 89 58 24 88 46 82 13 64 92 49 63 14 21 95 48 79 59 4 3 77 68 91 100 37 68 89 43 98 30 61 5 18 71 80 58 68 14 70 31 5 71 46 71 43 40 18 22 50 74 24 26 93 67 77 29 34 17 24 83 98 36 40 16 
6 19 25 73 32 94 56 89 16 1 59 59 92 76 32 41 1 55 18 94 73 47 22 59 63 97 41 61 33 32 28 90 3 4 63 34 97 70 74 65 70 32 23 61 60 54 53 60 60 22 53 33 68 27 43 31 23 83 43 55 67 22 45 69 25 59 54 73 28 28 37 49 59 11 61 70 64 13 30 76 86 82 60 54 8 2 36 83 36 30 89 2 51 85 22 27 43 76 99 22 3 88 22 13 98 82 83 14 46 12 41 32 45 100 37 5 53 72 87 40 53 75 42 55 60 15 81 54 90 31 28 44 70 49 9 68 
31 91 33 28 54 25 11 50 76 47 54 28 70 92 67 22 19 60 76 30 75 8 83 16 39 62 60 8 11 20 27 93 10 11 20 15 35 31 64 10 29 70 89 99 61 8 72 79 67 100 60 93 7 95 9 97 56 20 57 66 39 35 10 100 46 82 14 32 64 29 94 92 98 34 42 59 41 14 89 8 13 1 100 71 95 60 68 50 31 76 68 21 10 77 20 7 58 85 91 21 14 84 65 11 17 6 21 58 19 62 17 83 62 68 6 56 80 73 57 10 100 24 31 9 1 2 68 10 87 58 31 52 93 95 62 61 
52 35 18 23 48 86 5 9 54 10 16 85 34 72 94 85 96 76 94 48 78 13 57 16 70 39 67 62 85 80 22 37 14 92 59 13 29 15 73 34 25 88 18 10 12 12 95 59 39 40 6 68 52 14 83 73 53 1 86 37 81 59 25 46 2 83 59 31 98 31 64 74 71 82 83 82 45 29 92 35 68 97 3 71 62 85 43 14 86 80 3 18 39 27 63 40 62 21 70 59 52 86 32 74 19 66 55 63 47 46 97 66 94 51 37 55 36 31 21 73 11 75 90 49 53 52 40 14 25 10 24 28 47 7 1 65 
25 55 79 71 52 27 36 97 78 24 51 65 7 23 37 69 49 26 69 54 29 8 67 53 69 43 80 15 49 80 79 73 86 9 95 89 36 31 85 13 6 88 77 12 10 65 80 11 42 48 64 70 8 82 75 76 24 6 91 73 38 21 97 23 82 92 64 17 74 48 81 79 35 9 43 97 73 74 7 14 74 22 35 81 3 61 56 27 67 98 51 4 71 47 78 52 90 41 20 63 41 100 94 75 8 88 71 32 61 29 97 86 50 31 66 53 44 74 31 10 23 81 65 45 79 94 48 69 87 67 83 27 18 76 1 77 
15 24 8 76 52 56 13 2 39 31 6 82 4 88 91 78 68 7 23 98 52 70 18 38 89 1 16 6 28 69 83 43 92 42 70 95 98 82 96 36 12 53 69 67 40 59 97 59 17 19 9 68 40 26 58 80 78 73 86 6 41 20 48 84 61 69 79 10 2 26 97 14 79 65 32 70 75 28 29 91 98 89 11 90 14 68 69 92 92 54 97 33 25 96 16 38 16 94 47 17 20 96 82 50 12 14 19 87 93 99 29 43 87 39 32 53 58 100 44 50 6 92 34 82 39 1 19 54 47 18 70 18 13 52 67 24 
17 37 62 61 36 91 3 74 81 34 26 91 86 21 92 43 12 77 76 2 77 95 55 23 64 77 92 28 80 58 3 48 47 65 8 34 7 11 7 39 96 85 29 33 5 72 27 69 48 3 70 25 49 77 99 12 5 91 39 84 100 41 31 98 57 38 31 63 100 90 2 48 74 82 80 78 54 59 98 53 13 20 29 61 96 80 24 100 22 62 35 21 54 17 19 63 6 1 25 6 90 78 5 63 12 84 93 17 94 42 69 6 61 98 66 56 77 41 7 50 2 93 70 8 9 40 70 15 93 46 72 82 76 76 45 87 
11 89 55 5 30 23 62 91 72 80 98 100 20 57 49 74 1 71 81 10 62 2 76 54 47 47 36 74 22 32 60 84 72 14 88 53 89 50 95 12 29 93 12 100 1 12 73 1 34 53 62 96 6 37 1 5 83 88 78 56 71 90 40 42 3 79 95 43 80 89 55 60 33 18 60 85 81 32 38 15 37 99 62 42 36 62 46 70 50 76 78 20 65 69 14 67 99 8 62 79 48 16 38 33 85 97 17 65 81 6 79 17 5 40 10 92 2 56 13 3 31 42 22 95 10 87 13 9 46 74 39 94 41 76 78 25 
25 46 90 57 52 20 73 8 60 82 99 13 89 63 67 71 5 88 17 66 27 82 26 72 7 64 65 48 92 94 24 68 40 65 24 91 85 48 98 96 81 48 8 22 62 74 44 66 13 61 84 39 94 9 11 100 25 27 99 16 21 23 35 12 87 58 2 23 57 51 18 37 50 77 10 11 2 54 29 15 14 12 5 7 72 67 58 96 46 57 63 18 31 97 29 69 54 82 92 62 32 9 99 33 86 8 43 87 13 23 53 26 34 10 84 58 28 94 53 25 50 16 42 32 12 70 100 18 3 91 79 86 100 29 18 37 
89 13 75 1 35 80 79 21 89 62 78 68 55 30 93 56 97 34 87 9 56 87 78 58 29 56 44 28 85 13 16 25 25 91 25 60 22 3 80 62 17 57 29 23 38 73 79 35 59 17 43 14 3 72 23 32 27 18 11 63 31 79 87 7 21 64 66 42 66 45 3 82 53 83 5 91 56 35 25 66 51 19 31 6 90 53 89 68 23 51 31 5 29 69 11 49 32 29 42 98 73 96 31 78 79 87 68 86 21 44 51 24 14 33 81 3 85 69 22 59 71 52 15 100 73 26 100 4 54 94 53 78 89 36 55 19 
22 74 56 95 69 58 70 82 90 50 36 27 70 58 37 40 61 52 91 33 77 43 89 82 36 41 11 76 76 66 47 98 91 2 44 60 12 13 41 53 62 77 79 83 34 68 22 46 19 13 79 47 7 67 28 42 59 38 69 35 55 15 84 46 69 27 57 32 91 97 84 4 25 15 86 10 82 59 56 100 23 34 46 29 52 25 22 10 14 91 44 69 57 79 66 25 57 74 56 47 70 92 2 95 6 87 56 87 46 11 38 68 44 35 97 95 59 70 57 24 60 100 44 17 31 61 93 87 34 1 86 4 92 87 50 49 
74 5 35 71 68 24 38 11 58 86 58 68 56 14 91 67 65 35 35 95 95 28 34 29 80 19 84 71 5 85 19 78 41 5 100 8 28 90 71 85 27 80 52 82 93 94 1 9 28 35 56 75 14 89 55 93 7 38 15 11 74 33 41 14 89 92 22 68 81 92 4 8 23 7 41 15 1 41 75 80 28 30 54 41 70 8 34 28 97 48 91 70 33 31 84 21 74 57 41 55 48 44 62 70 51 54 36 51 95 62 30 74 44 84 14 65 43 47 93 40 47 83 9 79 65 92 51 38 48 91 92 47 87 5 68 37 
59 55 87 5 69 68 78 12 51 91 28 46 90 20 85 88 2 93 18 66 37 20 4 36 63 95 35 49 100 54 85 10 61 23 14 29 90 43 92 41 85 19 38 26 39 22 13 92 66 82 58 54 2 61 90 64 7 76 12 58 29 48 67 89 70 32 69 59 74 12 51 59 31 88 84 21 9 49 12 27 30 69 80 31 81 21 46 40 96 57 97 77 4 64 17 25 47 86 84 21 49 34 31 79 22 66 51 82 14 15 8 44 83 40 26 16 60 72 55 8 80 3 84 84 18 52 60 65 89 43 37 38 77 67 68 50 
32 19 83 46 33 43 41 67 82 18 34 93 89 88 100 69 91 35 4 8 87 63 24 75 6 60 12 34 26 80 35 10 98 69 7 82 11 47 48 92 64 82 37 5 21 36 25 63 71 28 23 57 42 46 83 99 6 95 32 83 74 18 92 23 87 98 56 97 96 3 41 12 36 29 16 9 64 40 71 86 19 93 94 60 91 77 59 96 71 42 78 96 12 22 18 98 19 73 46 15 27 38 26 15 66 93 23 82 32 45 67 2 90 61 61 80 37 19 27 59 13 56 54 24 77 23 73 48 47 70 14 73 8 91 39 25 
83 61 6 66 58 25 67 47 37 27 78 73 98 4 31 10 11 84 85 40 58 57 87 4 26 100 76 85 90 67 62 24 27 19 89 36 43 55 82 79 33 11 3 30 14 85 91 77 20 27 16 77 35 2 80 13 53 8 97 42 74 10 65 52 29 5 88 23 59 21 2 91 32 56 73 97 41 15 73 60 42 88 37 28 89 68 40 41 75 89 34 48 98 50 52 26 54 91 49 12 11 2 55 42 57 79 91 97 45 63 9 38 51 45 66 91 12 5 32 39 93 17 38 43 67 89 68 20 79 68 84 42 21 90 83 78 
68 25 26 64 88 34 2 38 30 67 80 94 23 63 32 68 80 69 10 46 10 29 17 40 97 52 81 17 41 16 46 60 40 72 24 27 57 77 16 87 43 96 32 17 58 15 84 37 35 93 34 44 22 3 84 70 54 16 38 47 31 84 6 71 7 81 49 63 57 65 1 51 12 84 68 69 98 51 58 33 96 43 76 69 97 11 38 51 27 27 97 9 10 54 79 68 35 28 83 91 44 35 42 55 19 61 75 16 11 84 48 6 79 76 74 75 38 63 77 64 90 25 73 51 79 3 71 65 82 53 55 77 87 48 83 5 
8 58 73 71 93 72 28 23 99 54 98 37 16 26 52 57 51 76 60 29 79 30 93 12 82 99 89 20 99 71 77 58 80 49 28 73 72 8 95 71 61 44 7 76 70 10 85 20 86 44 100 16 73 44 79 6 94 67 25 92 90 53 2 69 1 81 93 25 88 40 95 48 83 53 76 4 62 60 75 99 55 74 14 79 69 93 84 63 11 60 6 100 13 59 69 65 40 13 41 27 52 35 75 87 87 2 42 1 61 17 99 15 42 65 93 63 9 28 25 19 39 82 71 3 41 91 20 80 3 60 58 7 95 84 45 33 
85 86 85 45 54 84 11 96 100 55 10 8 34 86 78 73 67 48 27 59 90 46 38 93 6 48 51 52 31 95 84 68 80 21 64 34 56 75 81 55 81 90 14 67 27 43 39 93 43 17 52 32 63 41 76 20 88 26 71 71 20 6 38 52 26 1 37 81 27 17 87 60 58 100 26 84 95 16 28 37 32 31 68 46 72 44 65 11 21 35 33 41 41 70 92 18 23 28 99 1 96 37 60 5 37 85 40 83 52 19 19 84 50 38 29 21 33 46 83 54 80 16 94 72 37 37 42 11 16 40 12 63 76 23 67 64 
60 58 46 11 76 16 46 25 54 27 97 86 72 32 39 3 47 84 27 35 72 68 46 87 7 9 49 34 31 67 50 90 76 47 53 52 63 98 28 68 24 77 53 47 8 44 50 6 79 76 40 51 43 85 37 1 93 38 86 76 56 87 65 32 34 17 35 48 67 14 67 90 90 71 89 49 14 38 54 93 65 94 43 59 30 31 11 75 20 96 50 76 35 66 59 20 83 93 67 1 6 85 90 48 55 30 96 69 67 2 13 83 95 7 41 76 89 51 50 9 99 99 84 33 65 42 52 99 86 70 99 43 54 40 90 8 
70 38 28 88 39 40 71 85 98 63 60 87 66 62 95 16 12 30 48 76 23 51 26 8 72 76 2 25 16 44 84 37 81 12 24 71 3 46 7 1 61 18 39 78 79 33 93 91 14 92 18 36 42 44 95 13 19 96 89 86 91 72 22 71 35 98 93 38 95 99 90 7 17 28 84 47 12 76 37 77 67 7 64 60 50 58 24 20 5 12 58 96 84 31 18 70 80 63 7 75 13 48 33 81 27 17 28 90 44 16 66 63 22 29 22 23 38 46 43 95 57 52 42 92 82 11 62 62 73 20 88 86 20 72 18 46 
88 45 88 84 61 53 46 34 34 67 57 23 64 51 69 21 2 62 64 83 73 77 96 97 49 35 34 68 7 52 65 46 96 52 29 8 57 74 42 42 93 98 64 56 48 33 28 1 94 92 35 18 20 31 15 68 17 100 87 23 51 52 21 99 55 49 6 11 75 99 4 67 96 68 22 95 52 2 95 97 45 30 15 64 12 81 84 28 80 70 3 31 73 23 81 28 71 86 90 97 37 94 63 32 13 37 79 16 38 25 12 82 6 26 97 17 58 80 97 38 2 99 20 74 73 52 53 95 89 95 92 25 40 6 9 4 
42 87 19 31 63 30 64 69 8 61 85 17 92 33 6 93 31 77 19 55 28 23 50 17 69 93 41 60 98 49 63 40 87 81 70 50 63 34 18 22 46 54 38 89 87 44 82 69 20 52 24 48 26 25 16 95 17 56 6 14 5 69 5 43 1 75 92 15 60 9 36 57 63 26 45 1 69 78 69 40 29 92 39 7 68 54 53 84 10 58 98 66 78 2 8 79 28 100 93 39 60 81 95 74 6 40 74 26 69 43 65 50 86 4 56 54 57 8 37 18 17 86 83 95 40 43 73 67 94 17 58 53 97 52 27 54 
43 100 79 12 94 44 61 80 99 68 85 7 75 21 25 91 59 59 37 98 1 9 16 94 78 73 99 26 77 25 80 19 76 58 82 22 53 94 1 51 61 85 58 87 57 34 78 15 44 14 64 45 75 80 90 52 4 88 77 80 64 8 51 92 66 32 13 70 26 65 21 38 1 30 25 9 15 54 76 58 19 39 54 93 70 44 96 74 83 25 53 99 32 55 42 49 39 6 19 16 22 91 53 22 72 77 82 86 30 57 95 49 48 49 93 17 44 89 90 26 65 95 76 48 1 69 97 39 74 67 54 95 57 7 68 28 
83 50 65 65 6 59 13 5 7 57 22 2 97 63 80 61 9 55 9 10 24 57 48 97 23 54 44 79 60 11 58 94 60 22 58 18 32 22 22 91 79 95 92 75 58 71 36 18 78 96 27 1 52 27 49 74 80 92 4 91 55 61 84 14 34 42 83 65 63 5 7 41 99 99 68 8 21 3 26 98 50 4 50 1 30 51 26 61 94 29 51 48 89 87 14 22 28 96 38 42 100 45 35 51 95 2 58 15 56 35 65 5 39 14 57 20 64 82 33 58 10 35 5 98 21 18 71 48 14 60 42 65 56 76 67 50 
77 25 17 32 11 33 88 1 46 44 21 62 25 5 19 86 39 75 83 60 45 5 59 10 64 100 26 72 75 93 73 3 69 41 86 79 73 73 80 19 68 52 32 44 56 2 29 94 76 11 5 72 67 64 81 83 15 7 54 42 99 26 44 19 67 82 97 39 54 76 9 74 27 92 17 34 93 46 80 21 8 84 92 75 99 73 9 14 31 62 55 81 39 50 99 57 31 95 48 37 23 56 10 1 48 26 87 92 71 66 12 79 49 4 5 48 28 13 13 58 26 67 90 16 16 40 73 99 34 20 35 8 27 44 61 26 
69 47 18 92 12 29 22 12 32 78 59 11 42 71 20 67 89 9 82 57 48 6 55 34 25 89 93 52 32 53 77 52 51 94 95 62 23 16 26 6 45 84 69 86 7 88 4 47 49 38 3 48 43 57 81 68 45 26 19 28 30 95 32 81 41 26 94 63 94 19 20 38 55 88 76 13 28 79 59 76 16 62 23 59 70 56 26 67 81 96 46 10 90 77 42 30 55 88 44 100 6 16 37 12 55 64 24 82 43 35 57 58 48 32 68 17 87 45 35 67 40 81 28 30 57 22 11 63 9 7 62 66 22 51 78 76 
14 53 58 8 87 66 66 34 97 85 3 83 30 37 1 69 17 81 50 26 2 61 40 62 67 54 27 40 4 4 15 69 9 24 77 95 90 94 81 38 78 35 73 7 23 73 28 92 5 77 17 6 89 8 19 55 61 46 46 16 49 61 85 9 36 61 4 77 54 36 15 83 70 87 90 44 11 69 35 16 45 3 73 34 11 92 40 71 37 86 87 37 98 23 46 33 83 1 10 88 88 76 70 9 14 11 52 24 79 87 91 76 89 16 9 99 7 48 22 95 33 60 83 82 82 80 15 16 32 76 55 71 3 24 79 16 
87 31 91 17 69 82 92 57 97 100 8 55 100 81 1 84 92 35 66 25 67 80 92 98 7 46 69 9 21 99 76 59 81 66 76 49 47 19 58 95 19 17 1 70 49 1 53 40 36 18 16 2 49 7 51 55 52 71 15 24 70 90 83 50 56 58 51 54 76 60 1 46 28 1 15 76 54 68 67 89 37 82 42 86 40 44 40 43 15 7 66 36 96 48 37 3 57 87 9 85 98 9 82 25 61 49 100 14 68 18 54 4 99 95 89 90 39 81 32 5 87 50 40 34 49 76 89 58 15 49 42 12 9 75 89 69 
23 88 35 90 6 88 94 56 35 34 98 25 14 29 29 52 78 20 38 79 95 78 36 61 26 77 25 34 3 13 54 26 52 88 15 9 76 60 65 62 94 62 86 59 42 14 11 72 85 100 50 79 77 85 92 2 13 16 87 15 28 40 92 31 28 7 40 55 18 4 68 11 17 53 70 10 18 32 81 2 31 82 32 7 18 23 60 82 90 46 49 69 37 40 100 16 98 39 22 16 94 89 78 62 41 47 71 10 30 4 11 60 85 95 18 55 17 29 36 59 26 84 27 63 76 26 78 73 64 100 40 9 40 18 70 81 
16 93 42 46 96 53 57 32 47 75 86 15 55 74 73 81 9 100 43 84 77 72 9 93 23 48 1 63 17 23 95 85 15 36 82 10 40 38 93 86 64 31 53 19 4 25 99 12 76 93 96 53 64 56 97 87 55 97 1 72 19 47 8 85 82 89 46 22 78 39 59 42 21 63 12 24 40 62 87 15 54 34 19 69 89 15 7 44 64 59 67 34 5 74 19 87 14 64 60 91 54 70 84 74 33 47 97 24 8 36 38 13 69 9 34 58 23 40 53 86 99 19 20 3 44 90 41 9 53 52 51 59 22 35 32 6 
81 81 29 41 16 18 5 84 26 38 93 1 78 45 38 28 15 9 82 58 98 23 66 51 74 17 9 47 3 92 4 35 72 84 75 39 54 80 75 31 69 67 31 46 12 21 25 26 29 7 36 27 81 53 77 54 21 37 53 23 80 8 10 4 44 36 42 97 67 16 27 36 35 10 81 46 30 58 23 58 64 10 36 44 63 64 49 83 100 53 58 32 61 19 35 56 54 76 52 21 44 30 56 78 91 88 75 72 45 49 82 60 59 17 3 73 81 4 7 32 56 16 63 68 34 97 23 88 25 26 8 20 8 15 49 98 
2 75 22 99 23 3 58 33 19 61 57 51 64 64 83 71 79 97 39 13 46 61 100 22 39 59 41 46 73 41 95 26 15 16 24 89 18 82 74 89 94 30 91 9 93 25 79 72 22 69 84 19 82 35 40 20 45 32 65 17 72 11 42 86 27 18 26 96 51 99 36 44 29 27 4 21 3 82 44 24 3 79 94 84 13 33 3 57 64 19 25 35 29 19 72 7 36 98 3 86 48 90 81 76 16 84 97 19 17 92 94 71 71 88 54 83 72 56 92 36 26 16 22 7 34 46 13 21 43 67 58 42 57 90 18 72 
73 66 42 42 57 88 12 27 75 18 62 98 25 53 33 51 20 55 57 6 52 21 26 46 88 36 87 44 25 4 67 50 69 9 43 78 48 6 4 74 23 65 71 48 69 4 98 89 10 6 46 61 26 23 6 13 58 92 8 83 48 75 84 68 83 26 45 30 31 1 3 54 17 73 53 86 28 2 26 89 7 71 49 84 93 6 49 3 50 56 37 97 30 20 16 12 97 61 93 27 13 47 32 29 72 36 66 99 37 91 88 43 13 88 27 58 94 27 12 95 82 48 91 12 19 6 75 15 18 68 93 30 66 77 11 37 
12 76 36 49 19 75 43 83 14 21 92 7 47 3 1 29 2 43 40 20 1 14 86 18 33 31 100 99 7 10 87 70 85 74 70 55 48 13 38 62 85 29 20 32 32 73 60 33 67 51 5 67 16 90 37 1 72 36 51 78 97 37 100 33 11 69 88 10 33 77 23 18 5 43 49 88 67 60 73 33 62 29 52 29 18 40 29 42 27 79 71 23 68 70 7 78 91 94 87 23 22 62 92 27 56 92 66 22 51 90 6 64 18 9 93 88 48 73 29 74 4 99 48 71 21 55 100 11 100 38 85 22 99 77 100 54 
68 65 75 71 7 33 34 24 41 78 63 41 51 91 14 6 42 14 76 62 68 75 72 67 12 56 88 11 32 87 16 52 4 91 22 10 75 7 85 67 85 48 7 87 38 73 92 79 86 19 92 53 45 63 19 56 19 59 18 2 97 34 53 100 76 26 61 50 33 98 68 69 45 75 7 34 47 50 65 32 68 56 84 12 71 54 19 41 64 89 42 61 22 47 12 97 24 25 98 56 22 65 76 66 91 34 51 37 83 15 68 2 23 3 65 93 9 36 33 72 24 26 32 45 72 96 93 48 20 42 3 41 58 31 58 49 
64 8 85 99 75 5 100 97 59 65 41 19 52 73 91 75 50 74 19 74 21 63 21 40 4 75 32 61 5 89 61 21 49 98 19 23 54 18 71 64 34 63 83 85 87 25 59 36 98 29 9 19 91 29 10 46 4 42 59 8 30 19 28 30 68 98 52 21 16 74 85 1 36 67 86 22 91 96 58 40 25 66 10 67 47 20 65 50 13 23 9 42 93 89 24 13 86 75 33 1 1 69 54 88 87 39 10 77 86 19 69 62 36 30 81 82 49 45 83 13 19 92 7 63 80 30 75 17 4 8 18 56 28 23 44 15 
61 5 43 98 75 11 60 10 41 40 44 41 36 78 54 54 69 12 16 100 41 43 17 96 2 86 52 29 8 47 43 20 51 86 17 25 48 28 86 40 67 81 33 2 59 38 7 79 49 75 31 89 17 47 84 18 84 87 98 91 33 41 62 35 78 78 11 77 58 49 17 24 29 1 78 39 38 36 70 38 10 100 78 78 98 61 95 81 100 93 23 32 85 84 19 62 13 29 90 70 77 6 46 58 58 75 96 47 10 65 84 20 16 61 97 13 74 44 45 25 88 67 8 72 2 26 85 67 55 74 88 31 32 33 88 89 
59 36 36 69 52 71 40 68 84 36 32 9 31 77 33 18 43 40 41 97 66 25 63 20 51 2 2 34 87 42 74 45 29 61 13 80 32 52 99 67 40 31 75 70 7 7 40 1 46 80 49 63 57 11 34 59 65 36 92 51 29 65 95 57 26 8 88 9 11 87 75 2 69 1 72 27 7 63 27 4 42 28 67 50 38 100 8 54 87 51 4 15 68 99 23 45 58 11 53 68 97 79 22 17 79 93 43 37 7 21 40 100 48 58 50 38 10 9 91 96 60 95 63 79 93 85 23 50 47 75 69 95 5 90 11 35 
34 53 71 40 74 62 92 21 20 41 58 29 1 49 76 12 95 38 90 87 75 12 88 21 38 8 68 94 98 78 28 83 31 98 75 56 12 66 28 31 58 86 11 58 86 38 22 80 28 11 18 2 75 5 74 12 12 41 6 61 71 33 44 1 83 70 8 46 35 35 76 44 72 38 53 57 75 74 88 54 85 5 55 11 61 81 22 73 73 79 85 43 64 80 95 98 49 54 43 35 89 70 30 60 7 83 69 33 56 56 87 92 13 93 2 73 25 76 97 98 54 82 92 69 61 39 66 62 92 8 96 32 77 26 92 35 
60 60 68 67 67 6 59 79 50 12 52 75 39 48 24 45 81 67 13 94 5 79 55 49 86 2 80 15 79 71 49 38 82 68 5 49 25 15 27 75 78 30 49 17 30 72 61 10 38 25 3 95 3 9 43 41 11 74 7 89 97 55 27 78 75 83 78 99 97 57 73 74 86 73 42 67 44 54 29 34 79 31 80 33 92 74 25 2 47 31 42 43 38 68 21 12 50 50 62 98 6 35 24 44 7 65 10 3 71 38 88 1 21 67 33 12 40 10 65 38 40 6 81 77 74 53 40 75 2 2 25 8 88 48 51 46 
64 12 100 86 50 87 86 70 5 71 33 44 80 97 82 19 2 14 48 27 66 87 54 19 88 78 26 27 77 28 73 92 40 72 78 41 59 63 62 15 85 94 11 64 42 92 35 43 57 34 70 74 20 23 92 60 52 70 86 28 97 58 19 88 82 48 80 40 63 41 54 47 86 64 63 27 7 49 22 15 82 91 88 53 65 80 64 68 49 50 95 97 59 65 37 40 13 16 31 75 9 37 73 94 52 87 73 11 35 94 25 68 36 13 21 100 44 84 67 92 85 13 40 44 29 76 35 93 92 18 19 52 54 92 45 57 
30 17 67 65 62 44 32 97 8 4 48 51 40 14 94 24 78 33 19 59 61 6 51 52 23 22 3 28 65 99 84 94 68 3 58 29 98 42 78 5 45 25 7 84 91 52 60 68 36 78 78 96 83 81 99 57 2 53 84 66 4 20 59 23 74 69 3 71 10 80 27 6 5 85 42 95 88 1 14 75 30 44 71 65 24 21 21 25 26 57 90 81 28 100 3 1 68 5 23 29 37 49 35 41 85 28 87 72 80 52 46 9 95 68 25 18 41 98 94 18 54 83 98 81 35 52 33 2 8 55 31 44 55 17 36 39 
96 22 62 75 26 59 35 20 79 12 90 19 9 83 88 14 18 37 94 52 88 26 5 95 32 87 39 86 55 26 76 50 48 37 76 25 47 63 44 25 74 85 95 82 20 82 95 37 70 40 40 57 17 44 4 48 31 94 85 37 19 60 87 66 48 62 42 94 76 38 71 49 22 65 82 41 99 28 29 68 19 20 77 87 64 80 34 46 73 70 82 91 29 20 9 28 34 50 22 9 87 44 10 61 8 43 1 58 23 82 78 41 1 54 28 16 33 13 13 5 83 47 47 63 18 55 43 51 57 16 12 43 59 73 3 66 
15 56 76 37 89 53 30 41 6 57 9 38 21 21 94 55 19 92 70 37 99 12 39 55 27 50 49 85 22 52 2 89 59 77 25 99 29 6 39 34 62 47 23 35 20 68 89 90 12 10 78 10 21 17 64 47 18 12 83 92 15 85 32 25 13 56 23 42 14 62 27 75 60 2 61 31 21 2 21 32 11 50 41 84 66 56 82 36 68 65 79 34 1 10 59 13 17 81 6 30 94 33 57 54 86 17 36 58 70 56 90 81 6 82 64 23 38 45 10 57 61 88 90 61 49 48 74 18 81 79 47 74 63 55 79 100 
72 15 58 93 22 99 73 79 32 88 54 69 85 15 77 45 55 67 6 3 66 31 20 98 61 19 24 24 73 2 75 96 68 32 89 42 82 13 72 14 1 77 34 37 92 11 81 46 29 86 100 46 68 72 44 29 42 67 52 14 20 78 62 88 10 2 81 43 14 52 56 66 81 90 2 72 52 83 69 80 20 20 25 88 91 68 16 32 86 19 98 6 96 59 45 57 60 25 100 25 28 7 91 8 96 44 31 47 78 99 78 98 19 3 37 61 22 4 45 8 22 42 13 69 52 57 26 11 33 77 87 12 83 29 20 31 
73 2 29 50 53 7 99 71 61 35 83 82 38 27 41 11 68 53 80 19 61 5 81 45 33 68 57 15 96 28 45 20 81 26 70 33 32 20 55 44 7 38 25 96 64 66 7 84 70 38 2 83 94 35 79 26 2 35 40 49 14 37 69 95 62 90 79 45 61 34 40 67 71 64 63 86 81 21 69 3 58 23 37 51 57 15 76 10 2 67 10 67 3 30 13 16 71 92 12 32 25 51 50 47 67 64 32 99 84 1 53 93 75 89 43 31 56 70 92 57 37 1 75 91 83 88 59 53 79 22 84 55 73 86 1 91 
49 32 41 33 84 94 25 58 34 20 40 89 89 31 97 77 84 72 20 66 59 78 18 89 99 54 43 23 91 43 65 39 74 6 71 58 51 48 67 84 67 7 25 7 37 21 36 72 44 55 37 2 32 7 90 82 12 32 57 2 26 21 40 100 26 63 9 28 62 27 12 80 33 88 86 22 8 21 93 52 27 30 5 10 88 47 92 99 30 48 52 56 68 43 7 46 5 67 25 66 93 88 97 26 75 83 47 35 55 39 38 34 20 42 43 7 40 34 57 70 33 60 25 53 3 83 50 59 49 74 77 41 62 73 18 36 
