51 31 10
93333 39827 40453 99930 96270 41945 27650 74430 7684 1919 49281 86604 33279 99957 66295 77779 27747 48190 93172 73026 73640 60860 55747 21551 39701 814 28334 77037 42864 16116 68106 
52549 55943 8558 52478 68564 66854 96479 59345 74538 14750 8626 77493 48028 24934 60139 42159 69032 24680 51682 58409 98320 12541 30507 36222 68594 31321 80907 61982 90536 97023 30087 
43084 69317 54997 95561 37880 21850 8392 97225 12739 23141 22202 6584 87520 47135 66722 29678 32518 7754 81360 7279 6073 10252 37785 42294 95197 85457 23201 57179 75993 36575 3617 
19076 5891 58613 30989 43770 96815 39380 40994 9553 62520 63195 32488 50039 26681 15562 96069 75551 23315 93780 82829 29387 20383 36965 88032 15580 22422 11232 89110 98414 64158 92726 
17489 70048 67691 48477 13818 64505 4208 71163 90409 66727 50710 22897 33118 93742 38458 29186 85644 61772 39317 68472 7510 59699 21789 95541 75278 44210 23125 80739 42623 87282 73465 
76463 57330 41155 41292 87499 22011 45499 75013 12419 28578 42074 51667 78047 35816 6476 23584 21459 84599 62900 6283 92108 22598 28071 87649 14228 88632 10773 94966 47606 14406 84782 
24068 71735 42288 81711 75585 64298 27210 66950 93069 72139 9023 61087 50185 61190 67563 73768 99001 52161 53019 5283 44269 75616 49705 48269 6195 38336 75393 1161 2293 89798 2294 
26360 61533 44582 24423 53469 25231 51632 20418 34651 40122 45793 95738 6658 6982 79652 80425 5982 48164 33443 27616 92432 25410 93672 57052 31605 48359 32444 49117 50651 22242 67762 
93363 126 12343 17785 53594 53926 85768 90364 88576 25889 36156 665 32546 59489 80316 29322 81823 28480 79116 25790 37263 20877 19462 10667 52481 84172 43110 17949 51175 81703 2063 
44537 81828 14405 78673 51774 84682 64440 42137 89610 6680 94644 90274 55577 70484 86942 1250 52306 31773 80365 78096 85387 1241 13909 96053 70074 14432 55515 4374 65606 37217 6436 
26494 19045 37193 5166 87170 21874 85957 45658 11483 92636 56653 1757 64564 27136 5050 65813 79442 36822 46177 73889 22208 63770 4149 34613 33843 34932 90127 54568 16890 27343 61004 
43383 62739 98196 64901 49908 36421 50857 95565 47904 59845 52217 66012 24408 95705 71061 90221 91498 24234 52749 81738 46441 16518 2238 81053 66712 37169 87531 21280 54058 14874 98635 
13793 77612 96830 78693 43872 49602 29549 55788 97505 89393 24357 79868 13801 20061 67280 20373 11558 91513 73121 9647 54306 5991 11884 51710 89054 49052 39241 26685 19462 70466 25319 
33254 64429 38500 11946 8300 88102 57846 80440 1958 47239 4796 81826 77391 24856 49105 14115 52765 56970 3587 62411 27627 9577 74294 79336 14983 39697 34928 41667 59158 5393 83338 
92411 86174 21837 20708 94473 9938 78554 74912 28248 42144 96059 10073 35886 20914 75529 50000 90030 48850 53586 68792 76476 79515 43085 72164 94497 99134 23443 52515 58291 28836 35852 
67054 31361 57689 87761 25833 83978 66314 17097 12225 24809 13155 38649 60694 50421 30530 10693 56802 79379 64279 25594 55855 43793 85030 44370 54641 84163 67812 7155 58806 12999 43007 
25859 44359 17047 29971 86544 17376 12637 19992 29601 37445 33146 84601 98139 99918 15130 8831 73072 94509 89461 98665 66715 49605 46 11084 20597 561 78895 27752 59366 8246 87110 
1576 52604 20508 31546 39147 37883 44182 59138 83835 81627 8636 68436 96117 24905 83565 4947 14328 94425 10760 12992 61139 76716 29390 88574 97313 29950 83821 25064 5667 92066 28525 
7242 61021 49032 55139 16520 3266 99321 92009 87101 97299 16996 55536 93415 41901 55452 14713 56228 49877 25472 85572 27367 2188 31313 32293 99500 77614 16113 40915 83280 24530 85791 
6873 85550 34822 62011 2069 54439 77683 10430 41539 74981 27425 13426 68395 85677 68878 83108 58257 35106 24931 43828 78824 27118 91492 11116 42969 69105 43580 235 68736 68109 86025 
91960 70011 37198 53970 88431 91637 48005 98860 33175 39337 42637 46601 7732 28313 31830 7191 86569 83287 48473 46748 62110 75591 38239 89578 34911 23695 33157 35146 92430 17618 21170 
84389 3980 74720 54711 92410 66356 2715 7622 15882 42051 50258 78834 66134 94922 10663 89676 81491 93949 38149 28238 72411 30091 82829 61988 65001 6523 11496 16498 98953 29113 54020 
99693 33092 28739 54403 41854 11446 73469 65827 27327 31872 16084 6161 98005 11005 16823 87681 8847 27124 42181 53437 99534 72271 36265 77873 53623 42787 89368 70121 58091 34833 40492 
57784 84276 69230 28538 26129 80675 2007 91955 24353 33878 24390 30513 48234 51747 63688 52266 76945 90811 94446 30381 6696 66716 66645 84568 36691 25784 90287 23163 83874 25119 63654 
58009 9395 32883 2899 51875 29909 21257 60182 54261 55134 923 84774 19719 52669 64813 71985 29614 71975 66430 76346 78670 49498 42991 79589 2540 85126 69875 25702 85351 11346 89355 
43360 37092 22237 62610 88966 68497 83866 49147 22757 55351 50070 23882 75069 19090 88694 47053 65055 60668 29835 41401 55689 95684 743 51629 98223 85868 37856 23924 71218 49201 13278 
30929 86292 51866 93538 91609 20362 77403 40756 43118 32753 7177 83352 24174 42618 88397 71226 7673 65417 1060 65425 21105 13095 66167 72734 11317 52034 26941 35240 39603 76141 48517 
70532 78784 382 80421 70392 37095 57824 27499 96565 6928 51027 79916 31101 93645 68312 18679 1317 50080 36090 66741 71185 49185 49259 60270 60501 17644 87210 12093 57246 79702 76961 
44129 74837 93695 24550 45228 30789 98725 89079 27353 22004 40105 23620 53105 33749 8284 88135 35065 58363 24224 18157 45899 89760 67415 22520 50261 85058 26081 78705 58656 22134 55665 
2784 96970 49359 27333 42198 96500 42409 47628 23852 64413 87732 47472 33869 21481 72107 22003 72897 30469 46226 91054 92720 52338 74820 15239 18950 76230 41320 97654 34885 79805 53318 
37668 76775 19029 81353 35324 15528 23761 82951 39379 88173 70682 3202 22041 92162 91660 60395 81411 22129 22973 72464 31200 75310 63635 46438 94259 39864 4109 91912 91100 83914 61581 
45120 60688 80609 26472 96011 96136 66584 78961 51867 71109 65994 71420 9501 58156 63080 69896 39566 1560 92868 28381 32759 68177 8367 95548 78787 64583 99657 70698 55682 99922 32278 
801 76961 29239 43624 89323 41726 26560 84635 93592 97668 50628 81364 7168 25135 44443 77063 81052 62354 86282 25784 95112 54458 34151 7011 33244 98733 6667 20293 70766 22940 68923 
87919 16252 98161 31542 5574 39886 74453 6560 49830 72120 57188 31193 95640 98674 91987 72702 79726 54340 58984 21861 65803 29793 56011 72813 79389 71095 95832 16033 41861 35123 84955 
29779 51375 99467 77672 73300 39353 52125 79860 5534 40596 53399 36726 36235 52072 45064 25289 48149 15755 84272 70010 81557 30416 42372 70721 26156 13467 66552 42189 55327 18027 27143 
1457 69401 26610 95480 42700 82314 63956 22559 4199 4552 92309 57276 40786 44381 2339 66074 8881 18093 66697 95242 16001 13465 37614 86721 39620 51080 69625 81808 22758 87651 25303 
40566 57051 68264 36045 16102 50577 1 55013 54775 4552 47321 28402 61689 8053 30740 44115 33286 65184 10811 28527 81184 40627 66140 84256 80247 33571 53880 62054 72680 57882 3708 
13245 31284 71971 65642 47386 38899 81994 18750 10025 2897 66070 38426 64585 90475 69165 8699 23760 50700 35862 68638 31883 76488 34778 32491 73086 84700 86370 51492 57380 44252 55199 
86976 91887 27170 68969 39272 66068 50962 58021 92445 53858 40443 30870 18443 47269 16387 43493 87380 67086 95706 56017 15321 88546 7146 47811 61631 8198 34180 13122 65577 94783 68321 
68904 86670 11842 37873 42293 94261 88834 16666 86705 42692 73460 17575 77486 20728 33961 37330 24459 17398 33036 80475 32718 37933 3973 80528 99563 12170 31060 12685 94098 42194 97357 
63001 28863 9198 17225 87508 3458 6059 4173 90163 65102 93984 24089 58939 14711 74401 96268 55521 91798 45655 35995 24516 83587 56319 5043 83150 68488 36102 12186 62585 94648 25894 
41938 23510 35091 59162 27369 54900 81572 47893 61414 46673 41876 85502 5611 72938 76254 18231 28458 68052 63885 80805 92567 47472 37123 13961 46973 5611 66415 75510 84547 61062 1403 
26484 923 52845 1998 28292 7744 83569 76184 85510 30242 34412 87363 52204 7349 63617 70434 52159 31668 50671 32963 40586 98142 70085 54546 61466 92047 20960 36975 92946 82021 54729 
35781 82944 7573 37778 11235 15316 21347 3770 17177 67940 38181 4540 36495 61882 84508 6929 14040 16175 73951 63354 56760 88444 49790 11305 49909 41837 48617 3235 51134 30637 57963 
86914 29932 65535 24692 57518 97202 46038 61288 14379 30329 15820 35270 66823 94053 19777 90103 8092 52303 64053 87797 9062 52496 37587 36718 18756 95775 85334 21990 46908 32323 96304 
33821 62254 61838 74864 19772 75392 37253 97411 6122 67581 29582 41391 50756 23635 77519 40858 48078 29821 4911 35875 55234 73758 73461 8303 8866 69235 9989 30855 32494 42311 43511 
66314 20916 5348 57530 57039 97091 94782 54449 3212 62363 383 60954 13118 40369 38472 70327 88446 84644 91589 40672 39877 65347 30484 64532 74212 16070 74520 21418 48563 16830 64928 
31229 54097 86628 88758 11136 70 83539 81936 3282 62253 82318 80587 91722 22686 35411 62049 27484 36406 69989 84507 76283 51687 14991 57166 42250 31060 31685 63668 79623 48514 44947 
27203 2610 47926 15960 30097 47996 15850 12033 67629 78103 10702 64567 86176 33388 99977 64576 77223 36383 34565 61729 29017 86251 93071 86182 28501 24131 17866 8520 20105 82731 69818 
47307 1692 34096 79618 31789 98443 95467 60173 82423 73569 70874 46989 76097 20613 63318 40672 97835 99700 91588 75916 45068 94191 68986 47601 39043 9468 81818 47562 45924 64548 33731 
93230 82591 84178 72847 30731 82620 84666 90903 65042 58234 61777 28383 50682 82389 91700 91354 96576 91399 99293 72491 52818 93483 57828 418 32525 67296 82235 96438 29571 63134 46521 
