351 7 1
60 38 85 68 45 39 2 
33 68 94 41 33 64 20 
13 40 64 32 5 32 42 
4 86 32 7 85 64 16 
87 22 9 46 59 45 13 
56 83 14 88 2 59 80 
34 22 99 47 61 15 30 
17 46 71 20 84 54 27 
68 17 94 6 39 3 51 
49 47 15 56 82 81 95 
35 39 74 21 61 25 19 
73 39 48 90 84 18 61 
19 23 39 38 40 33 43 
30 87 45 78 85 60 86 
66 40 80 53 78 54 73 
90 30 91 63 68 38 4 
3 7 64 22 29 3 59 
20 87 54 49 73 98 79 
57 57 64 75 48 95 27 
78 48 51 67 29 41 29 
96 78 32 51 36 48 72 
64 50 82 84 88 87 84 
60 85 62 16 93 77 42 
41 72 20 18 71 70 36 
100 10 65 47 39 48 97 
74 47 20 90 48 2 25 
35 40 8 94 24 70 62 
17 98 55 9 69 75 78 
92 44 13 91 6 29 37 
96 77 86 70 75 5 11 
23 58 35 57 98 42 3 
21 63 64 89 13 18 97 
81 44 74 24 88 87 14 
45 15 3 40 43 88 9 
18 92 71 92 2 5 48 
99 99 50 71 13 65 60 
25 35 8 58 78 34 81 
17 72 47 61 38 1 1 
33 40 61 50 83 32 93 
84 88 40 82 38 42 5 
51 58 64 27 92 23 36 
22 8 69 38 79 15 99 
17 67 99 49 6 11 50 
88 42 94 72 82 33 5 
19 26 9 21 36 24 100 
27 47 35 100 54 3 38 
85 69 88 53 35 38 1 
40 48 2 28 42 95 51 
23 79 55 41 57 64 14 
92 87 13 70 85 47 70 
91 2 59 75 70 98 27 
57 35 79 96 82 32 75 
75 78 25 97 56 32 90 
64 95 3 7 33 67 77 
18 13 98 60 66 8 34 
88 5 12 44 39 42 91 
72 73 18 47 50 94 95 
57 25 84 21 71 38 27 
4 4 55 73 17 52 32 
34 11 17 21 15 28 16 
5 69 7 29 41 24 75 
42 69 69 98 94 5 18 
64 42 97 19 46 51 91 
14 55 22 47 65 90 20 
32 17 35 36 37 93 64 
77 68 90 70 37 11 68 
30 15 37 45 56 33 64 
53 84 6 66 38 80 65 
54 69 84 85 38 18 21 
74 11 36 3 78 78 72 
66 88 39 47 54 28 92 
9 60 7 14 95 64 79 
84 95 43 38 64 78 22 
1 96 94 74 58 82 76 
87 59 100 53 46 38 51 
99 17 94 59 29 52 72 
23 16 3 7 10 45 44 
25 23 17 25 70 11 51 
79 92 78 17 2 77 69 
47 67 72 97 83 65 7 
11 17 31 34 84 33 92 
93 29 87 18 3 3 94 
24 65 96 2 8 74 19 
9 50 39 7 16 10 3 
51 75 62 61 43 92 46 
26 24 37 70 4 75 39 
7 78 33 82 94 80 84 
2 53 54 62 3 92 69 
70 54 23 20 80 84 81 
22 27 78 99 50 67 68 
6 41 7 64 70 91 45 
64 70 80 17 23 33 78 
77 77 98 98 82 21 18 
61 56 50 34 83 27 84 
84 93 51 89 34 9 52 
3 51 49 18 21 28 34 
95 61 64 23 37 61 20 
70 81 37 30 37 38 15 
71 65 98 54 57 100 43 
42 9 46 97 59 94 14 
31 22 100 77 34 63 99 
22 23 19 91 4 7 72 
92 45 86 62 61 35 67 
69 34 61 11 94 7 59 
5 52 72 35 73 71 12 
6 33 62 27 56 32 17 
11 39 88 54 35 25 67 
95 59 85 63 45 46 25 
38 52 83 94 3 7 29 
28 29 92 33 62 5 12 
69 37 80 31 75 20 36 
61 96 54 7 7 38 69 
51 83 46 40 86 28 34 
89 86 14 16 15 57 100 
28 61 63 96 97 95 78 
23 14 13 83 9 18 89 
15 55 10 17 38 55 57 
23 34 42 63 72 55 30 
86 63 82 13 23 44 60 
20 90 37 94 3 1 29 
64 18 69 30 72 78 99 
61 84 7 36 70 48 98 
41 54 28 78 16 61 90 
90 56 1 61 46 37 55 
100 89 83 15 58 3 45 
29 81 95 42 16 1 77 
37 100 26 29 53 5 6 
20 65 47 9 21 47 22 
66 35 76 65 75 10 80 
32 12 76 13 44 22 54 
12 22 82 48 73 7 77 
25 12 34 96 76 81 56 
48 79 77 65 14 4 30 
88 65 61 72 29 88 84 
24 9 89 35 82 70 35 
54 76 63 30 39 96 25 
67 28 32 14 7 61 79 
72 64 60 11 81 72 82 
9 59 17 84 19 5 19 
100 74 5 53 2 67 34 
40 14 58 6 94 41 72 
52 1 2 23 17 61 85 
49 32 67 57 42 83 92 
60 40 62 59 13 66 63 
14 84 96 6 50 5 63 
43 45 86 94 98 87 68 
66 47 52 14 30 70 22 
71 5 13 82 44 75 92 
8 92 54 22 76 1 79 
77 5 93 19 2 79 64 
51 65 31 16 64 34 81 
93 4 2 16 8 66 49 
3 92 41 10 84 94 83 
11 95 61 87 51 54 57 
52 32 20 2 48 2 69 
11 35 49 56 90 50 71 
49 68 71 51 59 11 61 
42 57 43 4 51 56 90 
53 9 98 5 92 69 58 
39 70 27 50 57 75 5 
98 77 27 47 44 97 97 
54 60 57 48 16 52 51 
18 7 93 70 67 90 26 
58 59 84 48 80 62 49 
88 36 53 86 64 31 84 
59 80 80 13 39 89 60 
54 40 62 71 98 54 92 
64 44 18 73 54 1 20 
85 62 69 73 49 73 10 
65 56 93 23 35 24 87 
25 64 98 30 55 12 52 
52 65 43 67 60 12 39 
65 12 11 50 25 31 74 
26 3 35 42 10 79 16 
96 2 3 20 18 52 1 
72 63 52 76 80 47 42 
91 58 33 56 22 95 5 
98 25 30 75 79 64 16 
89 94 32 84 47 86 56 
64 89 56 36 4 60 63 
83 58 4 25 67 88 80 
40 82 36 90 6 65 64 
37 80 32 25 73 15 60 
20 52 15 83 40 23 70 
95 34 32 29 43 88 54 
9 27 33 1 9 69 90 
66 85 53 2 65 36 78 
89 50 38 60 1 4 43 
93 78 64 87 63 48 16 
57 87 69 18 13 1 18 
73 21 7 91 58 11 44 
74 47 74 62 48 63 22 
49 18 16 41 96 31 79 
10 30 94 67 16 62 84 
81 15 53 5 87 59 47 
44 21 91 17 19 16 31 
67 78 4 67 95 19 59 
42 1 37 4 31 31 70 
46 44 5 78 10 57 83 
49 67 29 44 39 71 61 
58 38 43 76 15 46 94 
62 16 52 3 16 40 58 
98 22 27 44 18 83 73 
79 91 7 27 57 88 71 
48 10 83 57 48 25 32 
62 22 77 75 37 80 30 
4 19 87 2 93 66 97 
10 48 21 88 39 28 67 
47 15 37 46 24 19 2 
71 95 33 85 16 61 11 
4 40 40 59 11 27 12 
3 92 60 64 39 81 3 
29 60 69 28 74 5 73 
49 75 75 72 69 59 8 
36 20 18 91 11 58 2 
21 84 13 23 75 73 38 
65 5 41 46 64 9 25 
89 66 97 37 40 23 60 
61 34 67 48 5 85 39 
15 94 40 36 29 4 10 
3 76 48 19 32 40 16 
95 48 40 83 65 89 72 
57 11 31 17 96 50 64 
100 86 54 67 79 45 2 
7 49 63 61 76 62 31 
8 1 47 54 1 86 37 
17 26 60 73 37 90 41 
84 39 57 84 24 10 50 
54 7 3 60 55 17 72 
30 79 3 89 31 49 43 
83 86 31 52 12 90 24 
100 79 65 35 70 21 18 
45 82 19 99 88 73 10 
42 90 82 24 20 84 64 
2 84 6 85 21 36 88 
32 77 11 83 8 27 18 
77 47 87 73 81 58 71 
68 30 81 62 19 62 37 
38 97 100 40 80 58 76 
100 45 63 84 22 25 18 
29 52 87 5 50 74 77 
30 83 100 50 12 32 63 
31 45 51 20 41 2 11 
20 59 38 71 4 100 54 
25 77 24 53 28 10 9 
29 35 37 11 17 88 12 
29 19 74 11 63 76 30 
3 77 93 74 36 30 97 
91 82 50 15 58 25 19 
37 35 79 17 69 67 27 
38 55 90 66 73 15 28 
88 90 9 42 67 1 16 
54 83 12 44 64 13 10 
73 90 28 61 24 58 29 
44 24 8 33 78 97 98 
3 12 77 90 53 86 31 
19 38 98 24 20 61 19 
35 26 28 59 15 7 71 
90 64 100 85 88 7 18 
17 55 67 19 66 44 60 
71 81 43 41 18 92 65 
90 5 83 76 82 63 87 
48 69 9 37 85 8 73 
72 66 90 40 73 57 59 
90 52 70 60 32 12 1 
1 4 65 42 60 99 70 
41 61 8 88 82 16 76 
66 76 48 89 41 38 28 
65 46 38 55 97 8 14 
80 71 14 32 26 30 26 
85 81 47 25 41 54 12 
74 69 87 39 44 87 27 
37 24 7 1 69 44 55 
17 51 21 48 74 34 79 
99 16 56 84 96 2 60 
88 55 24 62 76 62 100 
19 48 79 7 71 85 60 
91 80 66 59 31 86 6 
4 72 37 54 39 44 37 
34 46 97 73 52 20 34 
27 81 86 98 81 16 4 
51 52 15 94 31 81 52 
13 18 10 16 41 98 70 
79 41 58 12 86 6 85 
38 77 70 64 58 7 13 
38 22 17 40 73 83 85 
4 63 89 16 33 98 84 
73 95 5 52 35 14 15 
73 20 51 62 96 21 77 
5 27 90 94 1 58 86 
73 40 70 28 3 58 96 
35 55 79 59 1 35 10 
88 48 25 60 67 75 73 
15 47 49 19 74 38 65 
26 95 50 50 35 19 78 
89 77 25 75 83 55 33 
36 89 43 23 88 19 34 
7 93 6 21 40 54 91 
65 92 55 90 38 4 91 
72 75 20 12 3 44 38 
85 98 71 20 38 65 94 
26 83 27 32 27 84 4 
18 90 94 82 33 49 23 
70 4 66 94 78 85 5 
80 29 95 17 26 65 88 
64 81 82 41 15 60 72 
41 96 75 11 85 68 44 
17 68 67 86 24 32 31 
53 16 36 85 96 30 1 
74 46 40 37 26 21 29 
92 33 100 32 28 74 94 
64 93 38 80 13 4 65 
88 87 96 40 54 83 24 
2 64 76 75 61 16 63 
38 88 91 29 72 90 12 
51 15 6 14 59 43 93 
23 98 10 10 36 57 2 
41 91 77 42 54 53 16 
66 20 78 3 59 68 83 
31 9 46 81 75 51 47 
86 45 39 8 94 48 18 
29 56 71 70 46 47 63 
51 99 79 16 70 8 70 
29 28 4 11 88 50 43 
63 52 89 48 97 28 55 
90 27 24 71 83 94 92 
80 93 54 31 91 84 98 
13 44 20 41 71 23 3 
58 72 45 72 76 34 19 
24 61 26 65 39 1 35 
73 47 78 53 39 84 35 
81 67 32 45 10 51 37 
32 26 39 42 49 84 13 
24 17 84 47 29 61 12 
67 13 98 40 11 76 44 
49 59 78 82 25 9 26 
87 12 15 70 37 53 11 
85 36 76 9 52 59 55 
80 71 18 99 83 16 90 
94 91 33 94 1 62 27 
25 70 5 63 33 19 33 
69 71 95 54 7 70 14 
10 80 20 42 50 38 92 
85 53 81 78 95 65 23 
95 26 50 71 47 6 86 
80 24 70 48 46 64 53 
4 86 66 14 65 86 7 
15 23 98 51 27 30 28 
73 94 2 19 19 51 89 
65 56 74 96 31 95 44 
77 59 96 80 96 14 45 
