129 9 6
22499 4432 1325 47886 81780 11738 13742 68812 58267 
22945 34310 47358 3355 73553 91944 20971 26062 56856 
36343 57967 8301 10993 9476 91158 12193 54782 91714 
48453 59710 60722 9983 82208 81506 11308 30093 79637 
39397 43834 48449 97664 66778 99110 45021 70132 89014 
53316 7455 15076 10171 43797 73042 18472 71142 98869 
25981 83334 70003 17695 48138 29712 94768 58120 28272 
76273 85779 58364 55910 41528 18550 20710 39191 1679 
36171 563 88163 25184 53878 11969 56611 80401 72117 
46005 15224 43258 61225 41204 42943 31227 75250 7432 
60939 86370 81904 89210 62642 67682 63925 34903 25561 
98826 71964 81103 16857 8134 81665 5019 49670 51895 
33339 6280 32295 5455 68636 63870 65065 29861 5073 
24359 61087 96675 31791 38377 83044 13694 43938 62037 
97727 24215 96940 23288 23040 68903 4390 39896 93389 
2407 61266 43058 54301 94604 65689 86595 16411 34325 
50464 97827 64185 71888 22185 41623 84914 70327 80000 
84309 84020 23937 46346 81747 48151 59637 21386 87543 
44891 25775 43790 54631 28181 5056 97688 82481 16011 
63377 85427 48773 97701 52242 46599 78237 40482 85136 
19859 41747 55462 99858 26056 55834 40147 88753 37580 
4649 64741 58965 92191 25983 1091 35981 80614 45624 
57388 94653 28104 89750 58029 29883 38523 72081 98476 
1473 50317 55309 2960 70176 97056 74774 86385 23111 
30607 42883 28215 68186 47532 9307 43502 56074 35289 
60944 92054 32254 6567 65793 26907 51023 55543 84935 
80905 94065 73368 95732 11889 23684 51041 14849 10211 
64448 5974 12948 87558 36580 55830 32124 21117 19713 
41430 64618 75787 76718 25561 67840 8972 48480 49985 
52230 99502 5527 37164 96758 15943 10531 92489 27831 
50567 59881 59031 77129 24328 65004 90076 28237 1583 
62258 60360 39051 81970 18141 3668 57756 11211 45581 
41948 36534 94060 91932 88763 9913 13810 42278 6670 
29752 69161 99158 73934 19727 75391 32965 13207 99718 
14320 3283 27955 32255 81892 4666 71305 63861 22807 
91325 37969 34017 53257 96268 86902 63668 4551 75664 
73580 18360 17941 80249 48111 87101 95758 22044 23179 
71148 71360 36386 87218 85680 56020 31524 34286 37911 
36189 21942 18123 75347 13266 56091 25715 82874 68710 
12616 46541 73260 4631 36472 91619 22572 33072 56081 
26024 28830 94477 65555 16329 65836 18292 3546 67867 
74311 51421 2152 28573 3962 24094 46695 79308 53711 
19138 21375 36585 87847 50342 99477 61107 54973 35949 
69077 93896 69020 41510 36271 14201 35986 1825 30530 
1821 36468 50427 69688 10778 1848 88191 55702 5809 
28636 2397 1468 82347 21534 39194 35283 25732 89536 
34759 3190 60860 70707 72267 54755 56079 30128 7377 
70279 66113 25554 808 67933 62021 67587 53972 89151 
85786 58515 44852 7946 87150 47248 9413 69496 85133 
64959 21130 10865 54494 55889 14054 15353 26595 2672 
86459 82673 32799 93835 69304 15263 19388 70111 99548 
97761 54049 53519 86911 39834 12033 31762 47779 15535 
95362 73544 1382 80494 38502 22512 7710 92995 78400 
38116 24699 21346 57139 27509 20371 89938 37695 89674 
21552 73435 76136 21099 71195 30185 74618 58105 70018 
3002 6218 34149 18536 1579 7692 19918 98425 46193 
42429 6134 55539 37180 44249 96589 58525 1388 24097 
95247 7677 78143 84920 29228 51577 61056 66679 22771 
7592 41296 97227 77609 60649 3445 28109 95537 5023 
35800 31806 3447 98344 90586 25933 70234 27765 86533 
83174 2641 87920 23622 97888 11948 1765 99159 57528 
53341 60214 24206 92464 67805 81853 89690 61766 42501 
93134 89874 54389 14509 42026 86194 34307 56721 93131 
76591 43307 37247 63124 26480 39888 67395 50102 54127 
79343 51866 53285 36870 21558 29851 61075 14021 97655 
42927 20063 75772 1779 29548 81998 56168 44056 40375 
58713 94715 97095 51844 87657 40401 89090 50780 83233 
45329 18175 33334 99455 97517 1551 52740 50738 39460 
82590 11812 53481 96596 71090 73543 88720 72868 3090 
87069 45387 63498 27443 4100 74564 40889 72295 62220 
97642 77736 29352 80874 23065 47526 30559 38871 61394 
32109 7962 12131 71568 6903 40294 41400 19851 11383 
31294 8570 602 50736 11990 45989 30585 39432 66440 
21500 80320 55086 71 94313 32821 29422 75186 72237 
93299 5744 27460 54692 54204 35421 83174 42124 42324 
23467 83523 78526 51201 31169 3447 51803 81904 15436 
14143 28840 54867 96934 50339 51538 68371 50409 45851 
17543 96183 37388 89780 89481 43132 33591 44173 13687 
69011 43698 55810 27686 67165 55685 6211 34717 86853 
9657 2871 85108 41444 17013 13947 96310 30298 80637 
64200 98668 31045 26402 16211 43579 63789 22342 33060 
23272 55932 93584 53311 41294 37281 9120 68980 20797 
64804 91542 55514 68008 17551 58384 53115 58994 91749 
83413 71656 22046 64049 52207 37066 11446 78608 69628 
55024 58748 8321 88083 98372 64252 98018 51682 21897 
35299 60801 90876 56095 41957 98770 27960 9964 32672 
86344 79431 91665 78092 62843 79672 16489 43244 31878 
69906 54689 26837 55885 26064 85585 64205 30499 308 
44808 28516 51989 66705 63814 29141 73932 36261 87449 
72701 64220 97413 5372 66915 93195 13389 61358 56037 
93060 77847 99280 41290 64104 70320 68126 19989 96384 
70062 84193 26882 70369 45353 55397 38709 12057 35563 
67850 85988 71823 55298 58689 52394 69062 80412 19309 
62256 93800 80666 34645 3212 74864 33924 44501 38968 
20596 12626 75308 16979 99040 75852 60212 69408 21204 
15608 8117 33260 67522 92318 19248 39344 63967 94288 
91738 49381 91051 11046 11636 1203 8063 62632 20766 
82927 12908 65266 21894 33503 94243 13553 66833 93282 
89404 27044 79042 10608 59003 87158 60219 26525 95827 
95818 65868 59793 6457 73957 9173 97508 1354 37161 
15062 9417 99792 35827 92343 12699 17444 30588 62553 
11686 60492 29385 21320 49895 56428 361 76854 15431 
3870 37073 41955 99696 49242 24174 75840 55699 14483 
85013 69558 15836 38525 84619 41604 38316 36797 50298 
67367 54240 97237 29919 82277 57728 59304 3596 7623 
32083 20308 828 47513 24177 37900 89467 40224 3494 
29993 16064 59192 44475 17428 28749 76662 55952 29719 
18266 10619 66515 84915 94337 20754 82152 40608 3030 
56231 99911 22978 80205 48345 59637 81033 95858 83814 
35284 1676 40389 38777 31668 72804 14320 76142 90231 
43068 69156 62534 89138 87421 89505 55652 88687 83841 
92757 87190 40800 12139 43421 57062 51468 23625 5407 
11104 21009 1264 11269 56293 2939 51658 11421 50959 
24461 25741 27100 31044 85160 96255 9929 74298 27 
99433 46301 5066 99626 39058 92255 40425 67548 52027 
97487 19015 92004 2893 30118 13012 20508 57739 85656 
39798 9396 13429 90756 50208 39169 34208 97603 40680 
46814 7532 14977 46841 23316 77630 68258 22941 16687 
60512 79718 586 12539 93556 19600 4542 12800 66069 
33905 33307 23807 19561 73104 49554 32989 63860 16114 
88509 14419 13716 29188 61232 37599 60517 24424 60915 
38146 92681 207 71184 53193 79924 71769 82083 73479 
7720 2976 86278 90140 36880 35936 30299 56440 25392 
96204 5780 89251 12317 10640 3669 42385 39828 81252 
79983 16696 5676 57249 54841 98356 57456 26024 67900 
53731 14144 49982 43562 38215 52957 46191 28354 89837 
82127 75004 62628 7518 71208 84760 13120 83524 95399 
33140 42260 51578 14391 22243 68273 20066 95843 23113 
18422 53298 65488 86321 7029 95983 52655 50590 34197 
