54 36 32
6249 101 3554 4340 710 4803 3068 672 1745 3732 845 1532 4863 1030 5980 1293 1721 5472 1029 1454 4391 4620 4728 1571 3504 480 1951 1632 4777 222 363 3116 322 3916 5832 1032 
2431 2613 1703 2552 4721 925 2461 1674 331 2153 2966 2052 1337 3995 3505 4105 2327 1945 5675 4208 2424 1338 5839 5578 6224 4578 2406 258 2206 1950 1289 3013 2939 1369 3942 1373 
2293 115 1423 2623 2267 4388 4674 1981 472 268 6085 1176 590 5472 5383 1390 5187 3311 680 5123 1602 1462 5380 3807 1789 5046 5197 4727 127 2851 6099 796 2965 1234 3418 3608 
3999 182 5588 4470 449 3762 5645 5702 2947 4740 805 223 1764 1484 3722 1742 1323 1191 5548 3111 6236 4457 1550 4739 5684 6026 5534 2361 5636 1042 5969 3347 1223 3646 1530 48 
1121 5551 5750 2444 2381 267 2666 4144 127 100 4262 1449 5954 3522 2936 5903 69 4486 2731 5752 4224 355 203 3572 1396 6171 632 995 3529 538 1042 4649 4465 5168 5469 558 
3811 1847 3078 2315 323 1052 2140 6277 4574 5076 4269 3019 3274 5376 2483 1210 5730 2685 3158 838 945 2166 209 2851 1080 5915 5876 5545 4795 5058 6102 696 5281 2893 3010 5604 
3944 5149 3970 607 3937 1951 2002 5587 1039 2862 5173 5146 3923 2044 4360 4868 2586 4569 6095 3666 4196 5683 2923 1080 4453 2737 152 3447 4006 3161 1140 40 400 5109 646 2713 
5436 1025 2013 4851 3886 898 3709 1521 1318 1782 4765 3904 4727 4572 1282 1012 3968 4204 468 510 5317 620 2333 1413 2157 3472 1452 2556 670 474 3646 6105 1498 5658 4669 5383 
4932 467 617 6250 625 3758 2243 3728 2043 3524 4739 6010 6104 5207 4896 3510 4203 942 4922 72 4413 86 1005 5083 560 4650 3277 434 2397 35 5817 1041 502 4810 5667 5790 
2280 6286 3231 4322 1899 1682 2421 1715 5265 1030 3602 3180 1971 2236 3252 96 699 4256 3555 5922 995 545 68 3391 579 4261 2808 5744 2783 2188 5247 3440 563 2190 1474 2462 
2248 2272 2553 1226 3301 6154 2782 3648 480 6033 2120 5842 2378 5675 5476 3372 4596 3920 5139 5174 1894 1660 3008 4676 2224 1967 1828 2786 2533 1679 5247 4780 3950 1513 4382 963 
1379 877 2987 235 5286 5106 6076 6041 4493 5264 3125 2801 2897 1977 65 3167 2013 1449 1555 4236 3415 1760 734 4324 3438 4358 1193 1100 5870 3952 439 5625 4828 3425 5860 2203 
620 4025 1956 5113 1379 3458 3 2652 3811 4731 5818 5823 6179 1085 3771 1683 2844 2881 6006 4658 951 912 4134 533 4863 2949 4535 1780 4750 2484 2359 5370 221 4315 2572 1599 
1485 2574 4250 3672 5682 3780 3207 5573 3242 690 969 4462 3570 5351 2833 2898 6262 5343 3430 3214 2005 1677 4993 467 4160 1065 4213 2758 3756 497 4356 3617 3071 696 1001 2465 
2852 4207 127 6093 3273 1095 4268 5219 159 5477 1829 4797 4532 3636 1724 4913 3689 5093 3757 6226 4534 1682 2696 379 2179 5428 3995 3626 6123 3372 4467 2688 5955 4593 870 1317 
4065 5137 249 2600 2703 454 1109 5612 4089 1209 4237 1491 4679 1706 1429 1302 1765 2501 1681 3943 1641 4052 5945 6141 5801 4124 2541 5468 2429 3410 498 4870 637 5410 1182 1716 
5863 668 1040 3665 253 5277 3532 4931 5359 3337 4610 836 5837 4667 3155 5854 2431 2812 5707 1944 648 337 5789 1454 2124 6286 36 1137 5408 5882 2852 3360 262 2269 5401 5178 
1258 2645 2199 4993 4358 521 4206 2284 5187 1073 228 5994 3885 5934 28 2909 4648 5816 2739 484 4191 1152 6284 1688 746 2848 5047 5671 5116 4161 4561 4750 5182 472 1833 1630 
5656 6038 3913 2932 5487 4140 2639 1461 2164 2666 4370 524 571 5485 5671 4761 349 4044 4825 1094 604 1961 5141 4097 6121 1792 936 3393 640 1145 5022 9 895 1024 2940 95 
5164 3955 1555 5704 4997 4301 4604 5567 3499 3987 2417 3847 120 954 3318 723 2915 548 3196 1125 2339 2509 2894 2979 3653 1628 1364 4548 1029 2680 3019 4569 348 2950 3985 5344 
5628 2301 4624 1216 4664 5417 3439 4783 4748 469 3882 1375 1017 5455 876 1732 1676 3770 4710 5328 3774 6073 1965 3179 2466 3360 1460 1190 4687 5444 246 4027 6121 3246 3619 2874 
2376 770 1369 836 5903 3628 587 632 2795 6126 740 2847 3608 5450 264 5759 3612 606 2650 4454 2342 4110 5643 741 1643 4266 3144 6141 1224 5139 2727 1976 5909 2473 2811 5524 
4477 1774 4532 5648 1613 5271 2207 5220 2810 847 3068 135 1452 4095 2965 2171 294 698 1288 313 4963 2809 166 4563 1660 2893 252 1281 3742 3062 5181 1931 4836 3425 1291 161 
2409 1874 3757 3595 2720 5202 2106 2549 3009 5071 4719 1679 4145 4383 1991 2820 904 2157 1095 2564 3426 6010 2221 880 1162 1115 2810 5997 4539 2477 4534 5324 4350 380 2632 782 
3958 3114 1707 5343 1897 4802 734 4418 2898 2725 950 3801 3258 422 77 396 4808 2298 5939 5969 1789 838 4055 40 3314 678 3741 6040 1058 4749 534 3392 1575 618 2448 1849 
5419 3181 6266 2029 4282 5593 5830 1252 4391 4283 24 2911 4957 5962 2593 458 512 5024 498 2202 5702 2615 1954 5136 1076 865 2240 1027 1482 4687 2875 5277 6245 2854 1019 4239 
536 5225 3868 3303 3220 2268 6213 1890 1943 895 2347 831 5919 1221 1410 3710 3835 3363 2558 3287 2604 4797 4314 2462 3197 901 1452 1531 2131 847 5769 1043 6071 1726 4345 3003 
3994 2648 3269 4313 3542 5616 5143 1550 5213 4929 5259 1138 382 6193 2801 2985 4703 827 5447 6276 105 5275 1519 612 6121 5664 1655 5904 1103 4376 996 5096 736 4265 1498 2655 
1970 5017 2581 895 3659 6217 409 4040 6122 3210 737 4537 4036 4560 4525 2517 3547 4420 3129 3380 3797 3160 1373 4899 1248 2369 2084 1984 346 3581 3015 692 2310 5595 6250 5968 
5524 372 2097 3736 1958 2834 1985 4370 5770 4887 600 1407 1396 2105 3163 5192 5264 4536 3803 224 5281 4263 584 5626 6220 1975 4694 2243 1283 4656 300 5183 5027 774 2631 5361 
1984 2993 3444 1466 6256 4043 2872 1364 6147 6035 4933 5123 2660 825 3723 1653 5088 2684 5655 5020 3035 4061 5639 4317 806 4316 1590 4210 5089 2597 3283 5449 3966 439 627 2311 
4481 1876 2052 2717 6287 697 6216 2659 1521 3652 4311 321 4712 2055 3718 1459 6115 1446 4153 633 4138 4119 4842 1316 5092 215 477 2771 653 1104 3458 5134 1356 5509 6227 1355 
6205 6156 4013 1439 1897 413 1759 321 2467 3853 156 671 5299 2685 5967 1526 5180 2899 2842 3985 3113 3318 5132 3765 2798 2302 988 4153 1524 928 5507 1441 796 1609 2879 1069 
2021 3015 1389 2864 580 6208 1911 4255 983 1591 5781 6162 2866 712 3859 5978 4029 2703 1832 5204 5005 1197 1446 4905 2124 5330 58 1296 651 2937 2364 1049 4328 2129 3912 3284 
426 5823 1252 1408 5790 5409 5947 2368 6120 1895 435 2238 4598 2266 5818 1692 3462 977 309 3962 19 5030 3634 5333 56 4374 94 4383 4879 2383 1380 3682 295 1008 3466 4461 
129 3125 541 4625 5020 975 5239 1707 1617 4770 1775 3456 4123 2083 5794 2518 5489 3141 6227 5545 5891 34 3640 4483 793 3396 1877 5751 4403 5342 3924 2908 557 2841 1245 5576 
2192 4861 995 2185 1720 1146 5640 5842 1605 5147 449 806 377 388 63 6267 5085 2080 2839 4254 5475 3092 3717 1968 524 6017 4875 1080 947 4497 5032 3138 3070 6026 3700 4789 
884 3052 2720 2488 288 3168 1670 664 1932 110 5308 730 2189 236 4983 6040 3328 790 1720 3851 5183 4972 4930 6130 3181 3674 1357 6250 1789 5056 3128 1049 198 5847 1913 485 
1104 1959 5813 1412 2068 3210 2141 4256 3445 5501 2386 485 4667 2482 2712 1939 1166 6018 1781 2723 1781 1515 2685 3569 4947 4189 2994 5144 2125 3283 4006 1605 5242 1908 3017 1022 
3494 3534 3655 651 1124 6040 5800 5790 2234 2224 1442 1777 332 1599 4499 2112 3113 5561 4058 150 3462 764 5293 3964 2424 1388 5568 1378 1672 2297 776 5165 4208 4430 5816 5331 
2559 3705 4834 3170 4305 4652 4946 4636 4627 1534 461 6117 807 2895 6266 2646 3658 3648 322 6081 5036 4266 5835 420 4940 324 5585 2860 4753 3490 1903 1025 5571 449 2571 3588 
3477 1229 314 1817 2762 774 1646 1946 3668 1624 4591 5702 5271 3289 3873 2396 1267 3420 1193 6206 2120 5154 2778 5250 2356 3058 4651 16 1883 934 3603 5360 2162 3916 5553 3300 
3066 911 5245 5110 911 1925 2902 4558 3590 487 5331 4857 2283 236 3152 2780 5389 4307 1742 6121 1077 105 6136 2959 1038 1828 408 1576 5744 5960 4875 899 583 2210 4386 6157 
2511 1000 2805 6101 6150 1848 3047 522 460 6198 3301 4225 2594 5042 4058 3670 5146 2283 342 4560 4110 749 6135 1943 5086 3100 1219 4045 3686 5604 3915 6196 316 5096 4386 178 
656 1145 699 5779 5720 2377 3716 2026 1131 6150 5696 4654 2145 4414 2926 4631 3539 1151 4951 2337 2627 6169 95 25 3862 2386 4597 4177 1194 2696 2731 1849 2217 1806 6004 1649 
4182 3432 3675 3690 3294 1460 2056 3815 4250 3358 2158 1501 4508 5485 2215 5511 3743 2309 5535 1317 3071 3845 3870 4264 4917 4977 4489 846 496 4205 2495 3054 1349 4546 456 4642 
4382 888 546 2344 4246 2703 2221 843 278 4435 67 4020 5120 5601 3714 280 1535 5960 4543 4828 4650 2744 5674 3522 5325 258 288 386 3180 5408 3404 1274 8 3949 1994 4253 
5029 2591 3473 3683 5403 3539 6079 4235 1229 3505 4515 1141 3178 1147 5968 6204 2268 5354 3438 1305 3988 2102 68 880 1222 3471 530 1230 5797 2523 3859 2915 5114 1044 310 4229 
2959 101 553 2565 1983 3444 3705 5160 2968 1762 3453 5235 5493 603 252 3193 2704 319 2450 3926 2167 2979 3532 1676 3879 5767 2967 1082 524 3276 3687 1859 1753 2616 4423 3735 
6060 217 984 1117 1979 4436 64 1184 5038 4979 2753 1455 5298 5202 3757 5841 1894 1001 5893 5772 480 2572 566 5667 5847 2629 5903 1312 5244 2415 3424 3393 2632 4407 4509 2987 
2556 4572 4170 1306 3264 635 1137 651 4214 3270 4868 6107 4270 4473 3968 3127 757 2910 883 4980 5538 498 4668 4494 1290 1804 1600 3921 6211 6108 5284 2479 2770 3166 2161 4410 
2177 1675 3437 4767 4944 2017 4586 1304 202 643 4430 5622 3552 3689 4314 1179 2564 2694 5673 3853 2875 5649 6150 2798 3846 5146 3653 4992 401 4190 3114 954 5864 4927 5721 4521 
656 2396 5824 857 3039 2343 191 4967 6031 2881 6146 684 3952 3908 2913 539 1646 2775 3336 5491 10 5365 2573 410 3267 5686 6028 2844 2703 5461 5741 3358 1569 5277 2592 2984 
1332 1159 1664 5739 4040 6186 4800 1704 2183 1425 2242 3828 4200 3954 1408 4209 1408 3980 2996 4674 1756 2736 5894 4458 286 5347 1528 1854 4336 2496 3215 4044 3655 3255 1873 1407 
