570 21 16
62 100 86 37 37 3 17 16 82 21 42 54 89 64 87 62 39 57 83 75 44 
62 67 50 51 66 41 12 87 62 72 48 13 58 36 2 12 52 17 46 25 11 
51 65 74 37 79 64 93 61 91 89 74 57 38 76 74 78 88 12 91 59 11 
56 68 47 57 80 50 73 25 26 35 75 43 8 64 21 24 8 81 14 96 7 
22 85 82 47 15 21 10 5 32 20 60 99 18 68 30 20 93 6 45 27 33 
87 35 96 59 10 3 92 75 51 98 48 35 79 46 49 52 55 6 83 74 17 
33 44 85 63 63 77 20 59 3 52 98 89 47 56 50 2 47 24 52 96 23 
38 27 68 39 78 22 44 12 48 60 44 91 96 58 5 24 78 63 79 29 60 
19 28 68 69 29 66 44 32 62 67 21 88 86 59 17 8 2 28 7 14 71 
49 9 81 53 85 58 15 63 38 27 81 17 46 49 45 11 45 28 72 63 49 
11 48 7 27 7 61 54 13 74 77 61 34 57 65 18 66 32 80 55 10 13 
72 55 13 68 65 57 96 37 19 96 47 67 54 74 25 14 79 38 39 55 50 
73 63 67 42 80 98 74 35 7 86 58 61 50 25 25 7 72 13 77 67 12 
95 73 37 20 86 67 9 25 22 10 49 36 76 42 16 25 15 2 31 52 59 
43 2 35 20 60 7 84 36 25 95 31 49 83 50 35 50 10 11 23 19 11 
58 95 52 25 19 19 26 2 22 36 44 75 23 63 34 81 47 22 57 93 4 
6 76 5 40 77 14 2 99 32 12 56 78 15 81 97 85 58 50 59 46 93 
33 68 8 19 48 6 92 4 50 95 9 25 99 100 1 12 1 51 95 64 7 
73 31 39 21 15 48 70 73 93 14 58 12 73 28 59 78 19 15 80 13 75 
56 63 75 9 26 27 59 20 91 65 44 73 55 16 39 3 85 64 47 51 21 
59 23 100 17 53 18 83 32 82 58 87 44 32 95 21 10 6 92 52 70 36 
24 77 51 63 31 88 26 77 38 98 35 12 97 4 16 14 86 99 47 43 38 
42 26 84 62 36 89 53 87 11 40 63 87 43 77 17 30 2 45 19 51 80 
82 47 83 98 12 68 48 58 63 85 51 88 21 12 75 9 16 14 71 8 76 
57 50 52 25 31 5 70 1 55 1 82 1 83 31 64 2 79 21 64 15 71 
4 35 34 78 96 1 91 66 60 18 75 9 21 51 91 25 72 91 31 72 73 
83 6 3 46 8 33 18 23 100 40 26 86 25 4 81 26 46 99 85 64 25 
46 36 75 36 61 99 27 43 70 51 26 76 5 71 35 90 89 57 89 80 35 
26 5 38 59 30 35 57 66 50 81 63 86 7 99 98 5 77 40 27 27 65 
54 31 88 88 20 76 96 60 55 82 86 59 19 44 40 6 52 58 55 84 20 
40 90 70 89 47 46 29 73 24 93 78 55 80 17 26 7 12 86 14 94 23 
24 64 18 16 21 69 73 76 52 44 67 93 14 56 91 59 84 15 35 28 92 
89 60 8 66 18 72 3 31 17 25 55 32 42 22 53 62 94 80 13 37 98 
58 2 53 48 13 88 63 47 68 6 87 27 14 52 44 37 55 27 53 31 33 
84 73 54 88 34 47 67 99 35 65 8 89 69 7 1 9 21 47 76 27 33 
54 92 36 49 28 90 75 80 21 59 15 45 12 3 30 10 21 80 97 85 87 
85 6 46 85 14 66 83 89 92 67 94 83 2 42 10 44 69 41 16 27 56 
60 39 10 41 100 30 73 96 67 59 80 72 56 16 85 22 50 25 65 16 70 
48 70 11 9 13 31 2 28 58 57 39 48 66 31 47 95 3 43 61 14 74 
84 69 42 20 90 91 44 55 7 13 54 28 76 14 40 6 15 19 15 23 57 
62 88 39 9 35 42 3 47 55 28 83 23 69 2 65 60 98 71 18 62 76 
45 37 89 36 95 56 54 9 78 62 23 18 100 31 4 41 85 2 47 12 84 
22 81 86 86 92 83 8 9 44 83 5 33 23 40 27 78 45 87 8 6 9 
25 57 91 80 50 75 81 96 39 65 17 71 50 54 62 84 61 22 27 95 78 
11 18 17 37 47 61 76 54 18 84 30 74 75 9 23 1 90 71 39 54 87 
61 55 93 22 38 5 95 16 100 72 27 17 40 15 63 100 90 69 69 74 98 
43 100 7 17 100 96 87 91 1 74 51 55 18 25 44 22 71 59 21 43 85 
89 82 100 4 34 89 72 2 14 69 96 65 27 13 65 22 99 7 74 24 9 
28 41 85 71 15 56 82 35 50 18 76 31 17 79 16 58 2 70 23 70 65 
88 49 29 4 70 28 62 96 3 70 23 96 7 46 10 62 79 96 63 96 71 
45 65 1 61 74 2 30 96 24 46 35 72 75 38 93 2 99 88 56 21 63 
51 27 60 12 40 38 8 2 33 78 98 49 79 58 22 80 39 70 3 85 4 
26 59 94 19 12 44 6 19 64 68 70 42 27 81 33 64 40 86 49 18 84 
97 48 93 71 79 32 40 34 68 95 59 78 88 77 89 32 83 59 47 50 28 
41 29 61 25 44 100 63 92 69 46 41 16 90 11 47 21 2 80 40 48 38 
17 36 67 5 19 49 16 17 50 43 9 78 55 34 22 7 96 65 75 93 57 
43 82 19 89 55 20 68 94 68 57 63 55 23 67 25 23 82 41 73 77 50 
2 83 35 75 89 30 92 64 74 48 58 7 67 46 13 38 65 59 57 73 21 
11 96 39 35 70 73 28 42 49 77 96 83 11 70 72 92 61 87 65 61 44 
23 27 41 36 64 57 94 21 29 66 83 76 4 70 46 76 97 39 76 73 86 
59 35 8 82 78 20 68 94 80 63 16 6 55 3 22 11 48 94 91 13 76 
67 17 45 64 92 41 54 68 65 92 78 51 99 59 28 18 26 21 98 40 37 
55 94 91 76 56 39 21 46 51 97 64 67 41 27 11 34 33 78 50 24 7 
1 22 65 28 91 42 1 40 81 89 95 26 79 22 81 17 43 26 68 39 90 
86 31 68 96 16 52 25 66 27 31 18 100 95 97 91 88 97 30 20 85 24 
45 16 98 77 32 40 3 51 30 44 89 12 63 84 80 67 9 97 93 39 14 
93 86 62 83 73 59 64 45 95 88 89 62 37 66 94 28 20 96 9 15 84 
20 77 20 51 95 28 47 88 18 12 80 55 74 14 80 84 77 24 78 16 64 
40 52 29 85 79 100 32 39 14 68 11 43 87 61 37 66 60 24 35 71 55 
90 96 20 21 79 97 96 9 12 59 48 16 88 84 46 39 67 85 53 34 95 
47 72 7 83 37 66 59 24 89 65 65 84 85 85 63 81 80 71 44 38 70 
11 77 5 9 68 71 93 20 57 39 66 80 45 100 17 11 10 92 99 75 56 
34 11 40 96 43 71 18 86 60 87 49 89 43 57 56 66 1 27 22 39 44 
1 35 95 69 97 5 60 95 79 67 81 41 58 76 83 28 46 20 40 84 68 
28 27 24 35 92 76 61 65 14 56 17 49 50 86 45 54 97 92 84 64 72 
24 73 99 6 1 44 26 92 28 45 71 6 21 5 97 96 17 13 10 72 29 
10 21 66 6 27 15 97 10 30 20 86 2 19 91 2 14 68 45 93 13 15 
98 33 19 46 80 87 58 89 58 87 50 31 4 56 57 18 52 18 47 24 3 
49 94 94 2 7 13 47 100 77 61 49 9 32 95 41 18 4 29 28 90 31 
58 46 86 66 63 89 83 10 12 86 58 5 31 59 64 95 57 15 72 18 63 
32 1 9 72 70 13 53 97 54 83 54 99 68 71 62 56 54 71 68 91 80 
24 21 90 87 15 47 1 38 16 16 70 16 24 41 85 36 93 34 42 75 39 
40 42 10 53 50 63 75 17 5 6 92 25 96 79 91 42 79 29 9 94 50 
24 70 90 60 57 83 93 98 9 32 90 3 93 42 52 7 69 20 11 74 11 
35 69 41 77 62 72 57 70 17 6 45 86 96 57 43 30 49 92 90 32 81 
92 76 75 95 82 43 66 92 68 77 78 89 69 55 50 40 63 72 57 69 16 
42 16 24 36 97 25 28 86 8 60 30 84 34 24 65 28 42 57 96 18 86 
84 86 92 85 78 55 56 34 75 24 27 90 47 63 38 71 42 75 79 1 4 
62 35 80 78 14 21 86 9 90 72 44 27 63 29 4 69 36 89 43 59 16 
84 58 30 21 80 71 96 58 71 51 71 57 82 49 71 2 86 31 43 57 27 
70 72 7 25 40 42 14 35 53 29 70 10 58 43 89 28 38 99 50 40 21 
59 22 21 81 75 7 63 18 15 89 39 86 95 63 78 37 76 64 41 56 33 
50 13 75 90 92 64 40 94 4 61 52 77 81 84 51 87 46 20 54 35 58 
39 81 21 68 17 48 31 57 4 64 58 68 38 100 60 2 39 5 57 99 56 
33 80 91 35 18 36 7 71 70 64 62 3 36 29 19 36 12 28 39 75 37 
6 64 36 17 65 75 21 73 25 28 57 56 18 44 26 6 50 48 27 13 9 
29 1 90 48 36 1 27 26 27 15 83 90 51 52 7 77 24 79 1 52 88 
57 21 31 82 26 80 29 53 44 90 33 44 31 80 31 83 58 8 9 73 91 
50 75 42 56 51 65 87 51 68 74 59 41 4 92 66 35 21 70 78 62 3 
74 92 34 56 74 44 64 34 68 54 83 42 47 39 44 11 77 46 79 2 5 
71 5 48 36 91 20 58 68 81 12 93 24 97 49 97 92 12 30 59 17 65 
52 63 3 47 25 31 93 55 32 49 25 88 96 13 78 16 22 97 96 85 90 
20 81 90 68 25 53 50 35 21 14 87 83 68 33 7 98 77 14 29 25 38 
16 21 50 45 88 71 41 83 55 82 54 88 23 74 64 75 23 98 95 36 36 
29 55 21 88 52 97 1 32 74 38 47 46 40 43 33 62 83 67 69 17 21 
8 39 94 71 14 68 20 60 55 56 89 9 28 76 12 24 76 43 49 65 41 
94 4 83 26 18 17 93 86 33 65 93 72 10 15 37 77 34 96 83 41 36 
91 68 11 54 44 38 96 92 3 88 86 58 70 11 75 38 3 12 71 19 56 
94 28 22 82 4 56 29 86 96 65 28 16 75 81 59 13 28 50 67 15 87 
76 36 98 51 74 52 14 44 71 70 89 98 91 70 54 98 98 91 46 14 19 
61 89 51 19 53 79 20 71 45 7 46 81 56 48 54 7 62 49 29 83 89 
79 73 58 84 23 7 74 68 21 44 28 61 47 98 65 77 17 35 21 75 32 
1 30 80 6 89 41 6 69 23 94 99 47 3 82 69 62 56 36 82 99 15 
94 97 64 10 73 33 44 94 7 75 46 89 6 4 29 46 9 97 20 3 96 
67 5 77 87 66 84 75 99 35 41 44 31 5 53 4 37 48 97 95 75 94 
83 80 97 11 78 6 60 97 60 55 15 64 83 2 82 67 28 32 1 68 28 
31 72 80 34 60 80 82 55 54 76 89 33 72 52 62 29 11 59 88 65 73 
4 47 26 37 13 53 68 65 21 47 96 44 27 81 4 6 63 58 11 90 98 
95 61 49 57 90 59 15 29 75 39 32 22 17 68 86 69 88 51 41 34 98 
85 12 78 88 17 92 97 79 81 94 74 94 95 30 35 53 96 63 28 86 95 
1 2 14 38 23 1 40 63 35 37 47 46 67 86 15 10 34 45 91 80 18 
36 74 99 70 78 46 84 5 32 78 57 85 44 95 7 44 34 22 30 23 20 
76 41 58 42 50 91 86 92 22 56 27 95 54 48 25 52 32 81 35 61 38 
19 4 84 78 100 17 51 29 91 70 56 31 79 97 33 70 83 24 43 90 3 
38 43 2 14 94 85 94 80 46 31 99 1 14 28 100 83 78 81 73 99 36 
56 78 33 88 99 67 11 41 56 65 30 50 67 43 96 51 37 75 48 19 25 
1 33 4 52 15 33 32 39 32 20 94 61 4 81 11 70 44 3 77 60 85 
78 26 79 73 29 67 100 28 86 76 80 70 80 32 36 12 15 74 95 34 68 
7 37 100 17 6 95 72 34 55 56 64 32 34 88 12 1 87 40 38 63 19 
7 94 2 42 5 17 15 100 50 34 6 87 86 75 44 80 46 30 86 1 93 
18 86 80 29 38 19 20 75 81 91 81 74 92 74 30 60 41 81 10 26 87 
48 11 61 91 43 58 72 28 10 64 45 95 96 26 85 14 97 59 46 87 92 
71 31 17 100 42 57 81 51 83 19 50 45 31 41 87 88 64 67 97 28 11 
43 23 88 27 36 37 38 33 75 81 3 5 97 2 47 54 34 49 88 52 99 
32 34 91 19 21 54 37 69 33 47 64 55 87 90 42 23 79 74 97 59 76 
54 56 30 52 61 63 52 48 67 50 79 100 92 49 73 98 85 93 30 84 56 
37 22 98 30 96 76 4 92 87 31 97 42 12 48 54 27 52 1 45 53 31 
44 45 32 68 42 68 61 71 51 16 59 24 13 89 19 41 44 63 27 26 59 
20 38 59 73 16 62 25 60 14 55 55 58 86 23 51 54 35 74 56 50 32 
32 15 72 50 7 15 64 33 41 75 4 30 85 28 45 46 52 56 59 58 62 
69 96 36 19 1 70 92 8 20 76 39 86 47 41 92 14 4 76 54 78 79 
35 62 58 31 7 9 86 18 18 99 86 13 35 56 13 4 48 21 75 75 11 
60 73 51 3 86 55 78 91 32 8 25 46 65 55 4 25 92 21 43 91 6 
55 25 62 20 28 61 92 3 87 2 14 59 53 17 97 59 46 87 90 54 12 
87 70 66 91 95 10 11 37 100 69 43 76 82 62 3 42 5 57 80 7 23 
38 11 91 34 69 36 21 10 41 84 97 11 1 87 5 10 49 93 61 17 35 
36 98 49 91 91 53 99 70 11 21 60 21 11 93 41 99 65 51 39 100 47 
49 1 85 5 10 33 49 23 50 36 58 47 84 48 90 88 47 59 51 19 18 
71 30 63 12 28 79 14 18 79 60 19 79 44 23 40 76 72 62 77 7 72 
76 42 19 65 81 17 75 31 36 93 54 65 55 17 44 33 30 13 11 41 31 
41 36 54 33 63 77 46 40 35 17 67 28 36 31 8 4 57 91 39 49 96 
55 55 12 50 88 93 63 50 33 93 43 68 98 75 82 26 72 21 12 89 39 
39 76 21 99 79 78 89 18 26 36 24 81 99 74 20 91 36 21 75 80 15 
94 78 41 75 3 13 48 15 1 86 5 76 7 3 6 84 43 75 61 30 99 
41 28 72 12 18 59 85 44 38 99 37 67 92 64 22 4 11 88 56 48 92 
83 54 47 88 89 41 63 50 71 13 42 98 84 54 68 94 90 11 31 88 100 
98 79 63 19 34 25 6 89 72 49 71 78 95 11 66 88 73 15 58 37 57 
55 20 62 22 65 51 85 95 38 84 44 69 98 14 54 22 71 43 45 72 65 
22 66 75 88 53 99 2 62 35 58 17 6 19 90 70 21 26 17 11 9 12 
31 58 26 84 79 48 26 76 19 43 97 37 17 84 41 68 38 3 2 95 71 
60 66 12 29 38 38 97 48 98 9 78 56 86 62 86 33 39 61 52 81 10 
40 50 93 80 17 30 34 70 77 4 29 94 16 58 31 5 54 79 2 14 56 
9 99 69 47 32 8 59 35 40 68 74 89 61 5 5 42 39 75 70 94 3 
63 61 12 94 65 18 24 19 31 79 79 82 100 25 13 7 36 99 46 3 24 
87 15 28 91 9 18 17 78 12 72 41 72 35 86 89 52 9 59 35 39 37 
16 38 14 80 96 49 78 42 3 53 28 18 32 70 78 50 39 55 13 10 95 
36 44 32 76 48 40 34 82 79 71 97 68 84 28 64 84 57 57 86 9 84 
55 40 5 32 41 43 39 5 4 85 41 48 17 16 95 56 50 76 86 72 24 
54 7 51 69 90 59 25 27 67 60 34 6 64 17 99 59 55 3 62 40 43 
9 56 11 55 63 12 82 49 83 57 54 41 59 22 82 17 98 60 83 57 93 
41 72 10 39 82 64 93 44 3 36 4 10 98 59 73 61 92 73 95 49 26 
35 7 99 16 76 48 27 58 4 20 50 27 29 88 9 44 33 4 99 20 7 
8 17 17 32 77 9 4 71 9 29 57 67 79 24 42 26 50 100 81 69 1 
60 49 41 20 93 73 23 43 92 29 50 8 46 82 36 6 85 6 14 66 14 
80 96 37 22 74 86 73 6 55 73 17 3 13 36 47 85 58 89 28 87 91 
35 84 72 22 89 8 79 54 25 92 33 73 28 6 46 14 30 3 68 3 20 
22 67 55 21 4 13 9 31 51 51 18 86 74 39 26 82 70 79 58 61 63 
82 89 69 27 54 98 82 21 52 1 94 71 7 14 74 71 75 56 73 25 25 
58 51 16 83 84 85 61 41 45 76 23 85 44 1 38 93 34 10 97 86 4 
67 93 69 92 63 95 47 88 72 24 45 22 39 28 5 23 40 97 19 15 71 
4 10 72 41 55 5 51 51 91 6 17 35 26 8 49 21 6 36 44 29 81 
17 67 60 73 41 51 69 60 66 40 63 27 63 55 81 19 5 31 61 10 99 
95 88 58 96 8 64 31 3 44 63 19 63 22 91 3 73 11 14 90 2 28 
16 64 83 49 83 87 79 95 49 30 90 36 87 85 95 50 67 97 46 30 67 
8 3 9 62 27 19 76 16 21 3 84 36 85 32 70 24 62 65 72 91 6 
59 78 42 53 79 8 1 24 89 67 83 92 75 45 18 45 72 86 17 74 69 
53 11 52 74 34 13 38 57 56 95 15 85 36 19 63 96 19 39 84 85 21 
27 11 17 97 7 88 82 24 14 2 28 24 53 1 9 17 91 65 24 85 31 
8 73 49 23 68 67 61 3 3 33 30 65 50 26 71 89 59 46 2 60 25 
25 64 78 33 32 68 49 56 4 79 15 76 27 37 43 45 49 46 47 34 27 
11 83 4 34 23 14 31 25 73 56 49 88 33 34 71 52 34 26 55 13 93 
31 91 29 25 36 30 22 82 63 100 45 97 3 78 19 16 8 43 40 15 44 
79 99 29 50 50 62 27 57 74 19 39 17 48 63 52 29 37 85 91 36 29 
87 91 58 57 6 18 100 98 32 95 76 31 23 77 32 84 4 88 10 22 26 
26 21 41 29 49 77 13 39 64 94 77 54 51 34 12 20 85 9 52 79 36 
34 53 13 65 36 16 5 97 89 30 22 10 22 50 58 50 15 49 14 8 25 
67 10 10 30 30 46 90 33 24 26 66 28 90 82 64 57 86 12 45 16 34 
6 89 35 64 39 1 12 4 60 88 22 70 50 52 51 95 41 83 71 18 100 
98 7 81 13 15 67 25 12 34 10 17 22 96 32 12 97 43 15 8 83 37 
77 84 88 79 78 80 61 100 98 60 50 56 93 14 71 59 38 34 44 99 50 
17 95 82 29 43 76 43 50 10 31 79 93 18 57 23 98 70 74 47 81 23 
2 73 37 24 83 26 57 26 77 59 95 71 40 23 65 67 17 66 77 48 44 
21 65 53 43 14 22 69 60 54 91 14 27 79 37 61 57 46 39 33 4 33 
55 95 55 19 13 71 36 41 70 80 62 35 84 56 100 5 24 12 10 67 25 
36 45 13 49 1 10 87 33 13 19 87 59 25 57 72 47 93 12 17 24 25 
3 7 81 54 63 4 65 72 22 41 60 67 54 8 19 63 94 4 28 64 42 
38 40 51 61 86 43 25 54 18 49 56 24 29 10 38 85 26 61 6 67 20 
24 72 79 95 86 24 98 65 87 91 3 26 41 63 64 35 87 17 52 88 25 
27 68 86 16 52 63 77 10 29 48 85 52 27 79 38 50 28 2 89 71 56 
66 11 71 29 46 9 98 49 96 74 28 64 59 43 67 21 19 28 2 19 13 
53 45 43 42 46 71 96 34 41 51 52 3 21 80 100 30 29 49 25 2 28 
40 12 70 7 85 41 34 86 59 46 90 55 41 32 100 63 27 86 55 29 37 
57 50 68 9 31 97 9 7 50 36 47 62 5 53 46 97 38 83 55 36 72 
9 76 55 61 38 33 46 44 14 34 100 15 1 8 45 49 68 3 99 3 49 
12 60 53 9 56 43 91 11 78 14 71 5 21 31 42 53 28 37 18 13 36 
32 14 96 28 14 63 31 12 18 31 75 77 36 83 32 78 73 42 55 39 65 
11 59 47 4 63 75 40 81 39 75 12 52 22 92 18 37 22 81 6 4 56 
82 39 38 13 16 63 7 22 1 71 32 59 69 35 73 95 74 53 34 1 17 
37 74 60 54 62 81 35 67 84 42 48 75 79 13 90 93 19 64 93 41 47 
3 61 82 28 56 7 32 89 59 48 25 85 7 31 46 39 65 13 75 6 12 
49 36 24 90 29 94 53 73 86 100 28 47 33 55 54 91 38 42 2 86 18 
86 44 100 31 35 16 95 9 73 59 9 9 34 98 89 28 3 13 65 54 92 
63 86 98 16 28 36 9 29 73 79 14 68 78 97 2 94 43 62 66 1 22 
26 35 20 66 14 74 31 30 27 22 93 64 20 8 91 7 17 72 79 95 85 
46 24 33 100 17 28 13 35 28 35 60 14 6 78 79 79 8 9 57 29 1 
20 100 60 62 6 28 33 36 22 18 34 46 2 85 14 29 97 48 9 31 60 
74 36 37 5 66 44 13 22 72 65 93 24 24 55 29 52 87 17 25 56 50 
22 58 34 36 38 82 35 46 13 94 72 100 30 76 18 73 40 39 97 4 32 
20 79 38 100 82 24 16 7 80 17 80 89 2 67 26 84 2 24 48 95 47 
99 77 22 16 1 61 7 97 16 90 68 94 27 68 28 50 35 34 81 4 65 
21 57 32 47 92 33 22 39 79 20 38 7 41 5 8 53 11 56 68 100 24 
13 26 43 40 28 29 25 8 32 42 29 89 73 27 80 57 100 71 35 19 60 
94 11 16 1 63 27 56 82 78 79 46 4 73 38 31 2 14 90 33 55 70 
73 27 48 5 35 47 27 22 17 38 15 27 53 15 41 79 70 74 57 1 20 
12 73 9 94 74 22 35 59 77 5 83 55 4 39 90 51 65 11 67 2 25 
46 7 39 86 85 60 60 93 60 31 56 85 39 1 10 60 36 68 88 92 3 
43 95 41 32 45 6 42 64 59 18 61 65 56 46 2 67 57 46 27 87 2 
63 77 2 72 37 89 92 24 80 94 18 75 34 49 71 91 42 86 2 59 46 
66 66 44 19 33 52 65 11 91 18 73 67 71 44 55 60 87 31 39 80 48 
65 66 49 36 56 90 73 57 1 71 75 66 14 93 98 65 9 8 7 26 32 
74 97 28 80 56 14 10 46 94 10 11 11 58 98 66 47 70 75 99 92 1 
65 5 45 14 22 54 22 28 31 5 53 79 32 33 86 46 94 32 91 3 94 
1 60 91 18 59 12 44 57 4 96 73 60 41 87 33 46 8 61 76 12 65 
7 96 97 92 41 43 23 83 45 68 83 5 58 52 15 22 96 71 25 91 44 
36 83 30 69 28 89 81 56 52 45 14 47 94 5 39 36 80 21 80 47 55 
36 57 7 50 78 54 73 54 96 68 89 79 49 9 58 89 89 65 92 34 78 
39 79 83 29 66 14 50 97 60 4 33 16 62 34 45 15 58 50 63 77 39 
41 77 99 50 65 88 15 57 73 44 47 51 78 75 16 91 76 64 3 32 96 
18 93 82 15 60 91 64 22 68 54 14 44 53 15 61 40 81 69 12 25 67 
14 2 93 81 45 69 44 47 52 92 64 44 25 30 55 15 94 76 34 99 41 
30 51 56 42 42 36 10 5 12 76 18 14 20 50 58 88 46 4 39 89 19 
35 13 49 89 79 94 17 65 92 57 94 95 64 35 36 100 96 41 11 23 58 
76 42 60 85 82 5 88 20 45 59 6 57 59 47 87 4 63 51 95 71 44 
89 35 30 25 86 25 65 48 99 74 76 41 85 60 22 41 100 93 85 10 99 
41 68 97 28 71 59 78 17 81 74 58 15 3 82 52 80 98 52 78 23 27 
70 8 38 43 48 37 36 85 46 86 25 65 82 4 35 92 34 52 72 7 9 
39 61 42 90 92 91 93 22 65 19 91 24 57 86 72 45 21 8 91 58 32 
55 91 88 42 34 21 45 5 79 53 95 39 46 37 31 88 29 52 52 48 94 
76 56 79 99 100 51 6 42 60 89 97 2 76 90 35 48 34 92 26 38 86 
65 83 22 47 22 51 98 73 50 43 100 5 22 98 4 24 55 46 84 44 94 
85 71 83 20 19 16 63 96 53 48 60 87 22 58 8 72 55 32 21 50 32 
25 71 81 80 46 88 77 29 83 70 14 53 52 85 23 19 47 19 71 46 30 
9 67 88 68 90 94 100 10 43 83 86 65 15 18 11 54 94 91 36 64 4 
41 67 40 15 86 38 33 8 84 15 69 2 2 36 92 47 87 1 42 21 39 
6 36 56 68 89 49 59 77 64 14 69 31 54 83 68 91 68 27 26 82 95 
28 35 31 19 33 69 71 74 90 9 80 77 16 99 17 65 57 93 28 23 61 
10 76 44 77 18 63 4 96 44 50 75 30 32 93 62 1 15 36 90 76 67 
66 91 65 82 55 74 27 35 96 87 44 23 82 73 92 44 28 87 39 77 61 
68 9 5 82 61 20 17 50 95 35 67 37 99 48 92 24 26 78 71 13 73 
93 46 45 85 90 72 23 80 1 36 48 61 40 81 21 11 97 70 57 31 88 
94 81 87 37 57 13 14 27 77 86 20 22 83 56 63 6 78 43 6 65 42 
66 57 22 38 67 18 59 76 100 46 21 32 33 57 88 97 22 15 73 59 86 
94 41 41 57 47 70 51 4 35 92 22 91 13 59 9 82 18 36 33 63 56 
64 47 64 4 43 85 18 15 44 55 61 36 47 17 82 16 67 38 2 10 59 
44 22 17 53 3 34 88 35 49 96 50 95 59 53 90 44 22 56 39 28 16 
74 74 84 8 42 50 45 43 59 55 87 32 71 91 86 57 30 72 5 25 22 
51 36 26 92 79 100 48 69 27 63 94 1 47 1 42 48 97 36 59 3 74 
90 74 16 28 30 46 99 86 22 72 88 9 98 80 39 49 27 7 75 41 1 
27 87 53 20 87 2 56 45 4 81 86 29 97 13 10 42 64 95 15 35 35 
24 84 14 62 32 92 21 59 84 73 37 23 25 9 9 78 64 5 34 44 42 
62 92 55 72 85 70 66 100 4 52 75 40 65 88 23 8 8 33 92 32 70 
14 57 78 74 86 93 78 19 88 19 81 80 25 52 64 46 69 15 50 21 41 
41 37 29 63 97 88 48 88 20 17 53 28 46 26 65 90 55 84 29 25 64 
60 2 67 76 47 87 42 48 59 83 40 96 63 3 92 2 50 31 73 18 35 
52 15 12 17 56 66 100 84 42 15 96 95 33 71 42 19 12 41 78 46 81 
25 8 35 68 62 36 50 34 53 84 86 19 95 2 74 12 53 9 53 67 4 
48 99 26 41 69 90 81 98 35 13 74 95 47 41 56 82 90 41 86 73 26 
4 19 79 29 30 31 90 35 49 45 34 47 71 74 68 60 6 65 46 71 91 
92 17 31 47 51 73 40 88 97 65 44 16 96 72 97 26 13 31 75 58 64 
73 28 89 92 39 47 9 36 17 99 28 85 29 26 87 1 65 75 50 82 18 
65 29 41 61 54 54 92 80 11 7 5 90 48 96 80 94 4 67 62 2 94 
46 83 72 85 35 88 59 84 21 76 100 49 16 61 55 21 4 34 31 62 38 
72 9 86 3 54 41 70 15 95 15 13 77 86 97 63 26 55 99 46 82 98 
95 49 58 49 70 13 34 52 75 24 76 35 9 78 89 49 47 3 95 62 67 
71 99 63 86 24 69 84 22 2 81 16 3 91 16 24 3 49 75 29 24 2 
64 32 80 52 33 78 6 27 39 25 50 90 87 35 65 8 18 86 61 98 53 
63 88 68 86 43 69 13 71 92 14 86 76 45 89 60 23 47 38 13 71 87 
2 9 73 67 68 42 52 29 40 5 43 79 24 29 73 44 93 96 88 58 81 
15 3 22 74 77 68 63 89 90 2 91 98 74 9 18 16 60 46 7 16 40 
37 92 68 10 35 12 57 74 70 89 88 24 10 13 52 29 76 40 18 77 82 
68 50 90 85 17 2 82 75 69 21 12 12 41 73 99 4 81 72 25 69 60 
100 79 72 51 59 47 91 77 75 24 96 77 14 32 93 67 13 20 87 85 83 
99 77 7 97 33 87 68 57 55 79 57 85 51 7 44 49 49 72 24 25 67 
52 38 50 96 56 14 15 42 98 97 40 27 3 88 59 41 56 67 48 34 23 
32 36 82 27 85 82 50 60 6 68 63 95 17 58 2 30 73 44 80 21 35 
58 76 23 16 16 30 82 63 63 57 47 99 90 25 35 71 75 46 29 42 8 
23 11 65 25 40 89 20 71 10 6 28 85 28 43 52 57 77 67 72 33 65 
22 74 89 8 44 15 53 72 9 12 47 19 28 23 10 69 42 81 30 47 60 
14 27 55 17 83 31 83 6 15 99 27 88 88 34 83 54 38 7 62 1 53 
32 29 75 42 49 16 74 78 14 33 43 40 87 59 75 69 94 80 35 92 7 
22 31 92 57 85 30 63 98 30 15 30 10 89 71 58 56 96 35 21 28 77 
61 67 88 35 35 33 66 70 76 72 43 7 64 99 43 45 61 40 74 75 21 
36 15 43 93 22 38 80 43 18 8 55 84 95 41 70 79 6 39 55 30 34 
13 45 32 55 89 45 46 14 71 67 49 86 9 94 59 99 73 53 16 80 7 
99 27 47 68 57 5 59 11 86 92 23 30 75 29 70 19 75 35 90 93 36 
27 53 29 85 51 53 38 66 32 96 16 10 95 84 67 99 42 29 84 85 52 
65 59 80 86 78 6 20 19 50 55 45 3 35 81 53 87 18 71 71 66 86 
80 60 69 98 10 62 79 93 98 30 9 57 61 94 86 19 65 4 68 72 48 
70 6 28 75 93 98 45 15 63 30 46 74 51 96 83 12 74 27 62 3 35 
18 15 80 55 85 44 58 53 15 57 74 73 36 48 17 33 92 31 47 22 76 
20 72 71 2 35 96 80 48 50 14 17 65 93 71 49 37 80 53 3 36 27 
27 72 74 43 56 66 25 3 39 53 74 62 75 28 48 71 7 96 20 73 12 
36 65 35 37 53 14 89 8 2 67 34 73 41 29 80 58 5 34 96 57 8 
9 84 87 56 54 45 3 25 17 67 61 82 1 49 86 14 37 93 67 4 79 
91 96 7 71 53 11 4 100 20 63 60 3 1 67 8 46 70 32 14 36 44 
47 88 92 33 53 81 77 20 36 55 10 31 13 80 35 76 36 34 95 50 45 
49 51 11 56 48 80 39 61 67 83 8 6 74 40 59 54 16 78 89 23 39 
71 35 71 5 10 6 90 56 7 34 56 57 45 11 4 76 50 17 43 32 24 
100 57 15 58 63 30 87 3 4 26 74 39 48 78 100 5 68 8 11 53 63 
68 97 26 23 73 27 39 67 10 62 66 66 76 76 80 58 62 83 61 39 56 
51 86 85 3 90 4 62 1 57 76 20 5 1 42 77 79 33 95 88 94 13 
6 22 88 85 79 49 19 91 40 74 94 77 11 48 67 14 9 19 22 84 90 
27 37 31 55 67 63 2 55 9 14 12 30 1 48 60 1 67 2 92 92 95 
69 2 42 87 68 2 57 41 38 46 19 74 76 74 40 91 75 46 99 40 9 
80 92 57 91 92 23 92 84 14 39 4 68 32 90 87 86 46 27 23 91 46 
48 18 71 39 8 97 37 58 36 45 89 27 1 31 70 23 75 5 89 13 8 
8 96 97 94 81 94 72 55 84 17 2 54 39 93 13 35 29 23 22 73 11 
48 74 94 70 48 68 74 88 32 34 95 27 82 40 60 76 12 14 11 80 68 
64 19 60 29 53 40 51 27 12 13 26 37 6 95 85 73 21 72 4 54 19 
83 35 58 42 62 69 7 73 49 26 88 19 85 16 23 24 18 49 88 31 75 
24 36 21 60 61 41 32 16 46 2 98 81 59 91 94 28 98 66 28 23 6 
46 60 73 20 35 91 69 74 73 95 98 60 15 57 20 56 40 36 1 41 33 
33 52 24 27 31 73 44 10 47 1 7 58 74 26 45 16 94 18 88 88 67 
47 55 24 19 10 15 6 62 8 90 47 11 65 73 41 37 68 50 36 69 56 
93 94 81 37 61 27 55 100 66 21 98 20 96 16 29 63 73 43 22 63 89 
32 27 13 72 16 32 73 51 100 28 43 45 60 32 57 86 38 56 52 10 54 
23 58 21 4 20 94 46 93 56 86 24 82 98 47 49 81 71 99 33 98 94 
77 9 25 34 47 14 41 50 23 46 72 80 67 75 51 12 72 43 67 57 18 
100 6 16 49 87 86 99 19 35 92 47 44 68 32 42 81 73 91 56 70 62 
87 36 37 38 47 60 32 65 17 2 17 74 17 65 60 55 63 30 89 7 29 
84 74 60 25 7 84 15 62 54 29 48 41 17 37 88 76 21 4 44 22 20 
18 90 36 29 96 99 11 37 57 39 20 82 50 97 88 34 63 1 39 43 1 
79 59 37 18 87 9 74 30 30 93 99 72 29 28 67 79 90 3 35 28 75 
68 77 71 56 62 85 8 100 28 60 31 86 97 100 24 57 73 54 87 66 4 
10 46 83 76 24 72 79 10 99 53 77 76 75 84 89 59 92 89 86 51 71 
24 99 22 99 56 95 4 94 12 8 3 57 90 78 32 62 8 41 12 12 17 
39 86 1 28 97 44 68 34 94 38 9 45 59 8 52 5 11 45 68 18 99 
24 60 28 55 73 36 95 84 47 64 23 85 64 50 81 7 17 66 52 6 75 
96 16 82 99 21 44 43 88 14 41 64 73 21 70 45 56 17 80 54 80 2 
38 43 51 70 1 19 36 52 24 62 100 40 95 98 12 38 93 51 51 85 14 
75 5 84 71 60 100 51 66 79 4 55 73 7 25 73 25 12 76 1 73 75 
92 67 25 3 56 17 53 59 1 19 85 58 54 8 17 53 58 82 83 13 89 
7 19 13 31 96 76 6 96 100 33 87 18 9 89 73 25 93 83 77 11 68 
34 16 75 3 20 84 36 54 96 24 60 67 88 42 62 63 100 57 62 32 43 
31 92 83 4 68 27 38 44 90 5 30 5 31 32 25 66 19 78 62 95 38 
80 82 79 41 97 78 97 10 61 91 41 52 25 96 19 51 33 15 40 90 96 
45 20 79 69 86 97 46 99 91 35 78 73 66 70 69 95 18 78 8 8 70 
11 84 65 82 34 98 96 26 87 91 70 58 69 90 95 17 87 93 8 22 22 
32 39 91 52 33 8 81 92 67 51 3 50 67 84 36 64 79 61 2 21 82 
12 41 71 6 57 57 99 16 30 72 99 68 63 50 53 22 83 96 41 85 98 
90 51 81 77 67 11 37 68 83 18 79 23 40 85 32 97 35 47 78 58 46 
98 72 47 50 94 81 97 34 65 95 75 68 75 52 34 38 40 1 20 10 32 
43 49 68 26 45 54 72 23 11 69 72 83 16 73 28 48 69 13 13 63 87 
80 90 90 13 27 30 65 98 39 48 92 87 67 17 84 20 89 58 83 9 29 
17 76 1 44 24 69 56 36 84 94 67 73 36 31 51 17 47 48 55 47 92 
93 13 8 28 85 48 37 67 57 17 35 32 17 30 55 38 85 42 21 30 60 
45 65 90 95 81 89 94 87 35 85 32 47 93 11 83 92 100 1 48 16 35 
32 85 64 38 22 100 32 94 82 91 38 98 33 84 31 21 77 69 55 14 52 
53 58 63 36 49 62 88 49 29 23 80 13 38 69 34 38 100 79 19 91 68 
68 75 51 98 95 80 67 1 93 18 5 2 32 92 50 45 80 98 74 54 29 
86 91 98 72 80 97 50 50 39 18 18 13 68 15 59 99 81 11 43 51 16 
44 82 59 94 27 90 43 100 43 24 85 86 21 8 65 69 58 15 60 75 32 
24 94 98 83 45 31 45 87 81 12 31 14 71 76 40 60 18 91 55 41 28 
40 13 35 4 34 44 70 93 18 53 16 64 3 50 60 33 95 46 65 6 28 
78 28 3 70 40 21 12 94 13 39 85 26 26 40 11 69 10 3 39 14 70 
54 16 20 13 48 66 10 64 23 38 94 51 40 63 42 12 26 35 25 17 71 
2 42 10 12 62 71 66 100 85 35 53 100 6 17 100 71 27 63 94 64 8 
96 3 70 37 67 48 23 43 64 93 96 5 54 7 66 25 24 18 9 10 22 
60 16 39 59 38 17 74 31 80 81 78 34 3 66 52 50 88 94 13 32 89 
69 86 47 86 10 70 3 70 80 77 29 47 15 40 84 83 13 67 14 45 44 
99 99 62 51 48 49 44 12 33 33 32 18 31 18 79 53 72 48 32 48 28 
78 14 67 13 96 31 79 9 28 75 8 26 36 10 26 84 53 89 68 37 21 
85 68 90 63 20 61 62 3 61 90 32 74 8 44 22 39 75 82 66 49 41 
43 84 50 68 19 3 57 87 91 29 23 10 18 38 81 30 99 35 90 40 66 
16 48 62 89 86 88 70 3 36 11 45 71 12 65 89 66 21 27 57 49 50 
66 18 87 99 99 37 33 89 77 51 56 76 64 96 13 51 17 15 86 79 11 
8 91 75 96 56 47 75 12 95 24 30 64 62 80 63 98 12 3 26 14 10 
53 77 5 65 27 21 31 64 100 42 71 42 68 19 97 15 93 61 61 68 90 
25 29 69 39 78 32 41 4 46 2 8 22 6 73 1 78 3 16 29 96 39 
70 64 57 67 30 1 27 90 68 68 66 96 88 4 25 19 96 80 16 97 88 
90 54 60 42 32 14 57 60 10 95 82 25 3 48 54 3 26 43 22 45 61 
69 32 64 94 2 60 73 18 8 60 59 62 19 100 93 33 56 4 94 3 85 
18 5 84 71 60 9 65 81 53 25 50 36 41 43 38 52 15 7 59 27 65 
72 45 64 16 29 71 20 22 25 56 91 30 92 61 41 52 78 73 57 54 22 
92 94 16 81 97 83 87 8 9 3 79 5 18 95 34 41 66 7 65 21 98 
46 12 10 86 64 87 59 20 93 32 63 38 48 44 35 82 82 42 90 85 72 
94 54 66 79 94 31 86 59 4 83 4 67 44 42 30 83 100 1 75 31 64 
12 30 59 98 11 40 91 52 76 63 98 30 80 76 75 63 13 85 66 47 41 
84 91 82 14 73 81 66 47 63 81 10 45 39 60 55 79 50 7 54 64 56 
35 96 83 10 58 96 94 75 42 34 58 84 15 23 8 47 41 6 62 21 16 
6 60 27 12 90 28 70 95 44 25 30 39 8 91 48 3 84 74 96 70 83 
32 36 6 39 35 46 45 96 18 12 53 29 38 64 18 65 34 13 8 58 94 
98 65 84 97 19 67 70 67 88 53 98 24 10 36 10 7 32 5 24 43 9 
53 32 72 70 49 57 34 8 67 27 6 83 10 2 2 29 24 20 16 76 17 
91 37 4 100 43 88 56 66 82 64 70 14 88 92 62 96 77 69 62 4 26 
45 65 80 98 45 3 69 61 30 37 3 66 92 55 8 79 10 25 61 26 47 
74 65 38 87 60 14 55 74 69 33 70 86 12 19 30 66 87 90 95 23 45 
60 14 99 19 93 60 95 5 85 41 78 1 30 64 13 96 70 86 16 54 55 
1 65 25 31 82 11 72 76 33 16 87 98 66 57 42 26 52 46 62 44 75 
63 74 90 75 21 60 60 36 65 66 37 82 42 67 63 52 38 91 36 6 29 
33 71 86 27 96 89 72 58 32 47 72 57 88 46 77 99 57 13 64 74 1 
45 15 67 7 66 56 49 53 61 78 37 32 63 63 27 51 87 36 34 85 7 
91 72 4 19 71 60 31 34 33 31 30 99 49 88 16 5 37 68 65 14 5 
96 76 19 75 78 5 62 63 41 69 53 13 72 72 35 84 54 68 68 37 97 
67 85 84 82 89 20 2 6 85 6 53 12 76 27 41 33 89 4 73 9 56 
37 32 79 71 15 33 90 83 69 86 49 5 22 82 46 93 83 51 30 40 55 
41 68 82 82 100 22 85 24 82 92 61 13 71 83 80 55 73 62 75 10 62 
79 83 95 76 76 78 26 5 69 81 97 36 14 78 87 87 14 11 20 58 23 
32 28 5 63 34 29 76 8 39 37 38 21 84 14 48 13 91 4 81 23 53 
69 88 82 55 26 96 17 45 53 91 29 32 48 91 65 76 67 24 66 55 61 
39 38 26 38 50 69 42 83 91 46 51 31 27 57 56 74 26 1 26 16 29 
9 63 71 25 39 37 48 56 92 61 94 81 38 32 83 6 25 65 97 70 67 
79 96 75 34 70 100 34 47 16 14 56 30 85 80 20 21 80 76 64 40 69 
97 77 100 79 83 76 43 31 45 61 61 93 35 94 62 87 28 8 2 93 15 
83 77 47 3 50 26 78 65 65 98 61 93 50 91 27 25 85 9 70 45 69 
62 32 63 75 18 42 34 19 86 49 1 63 95 55 64 20 32 28 36 30 41 
80 79 31 7 3 16 67 24 12 88 37 43 50 11 60 43 45 30 28 45 83 
42 39 37 57 10 21 37 97 50 77 76 80 59 34 34 26 53 58 38 40 94 
32 41 57 92 83 1 73 62 45 55 56 35 44 12 96 64 48 92 65 76 19 
96 87 5 29 12 57 38 1 96 84 33 36 92 76 70 92 48 83 88 55 90 
74 50 2 69 65 1 12 29 29 82 76 15 86 56 78 94 46 31 41 29 63 
28 72 38 97 63 37 32 2 43 21 75 92 74 95 56 75 58 36 55 39 11 
21 77 19 98 70 64 80 11 44 42 38 15 31 87 29 20 18 30 62 90 56 
54 64 2 9 90 59 97 44 49 59 64 25 77 13 47 92 93 9 35 86 46 
49 69 84 29 88 53 10 49 43 17 2 58 18 63 47 28 11 42 77 69 5 
53 98 69 99 89 13 7 24 51 5 24 19 40 53 6 93 62 54 87 79 8 
96 48 22 42 76 32 83 4 100 39 8 97 59 7 86 24 65 61 74 21 84 
44 61 88 49 5 2 54 43 80 61 38 79 34 31 6 65 65 61 17 3 69 
13 13 27 50 36 91 62 61 12 46 4 24 85 4 28 86 58 22 17 70 59 
96 4 41 1 20 5 62 36 59 82 1 71 8 50 59 50 12 71 13 9 75 
36 93 30 15 79 39 36 95 9 46 42 64 86 43 83 42 56 19 100 89 19 
71 96 20 81 45 31 51 58 91 77 45 36 59 60 66 97 47 12 5 45 54 
68 82 48 3 24 55 21 23 43 39 45 38 10 25 34 93 28 43 83 56 88 
18 14 99 35 11 45 47 15 41 100 35 23 47 37 46 1 9 20 95 99 65 
32 8 41 65 100 68 8 35 76 47 4 89 45 39 99 41 85 66 82 84 52 
56 82 40 53 34 48 72 28 98 88 11 5 29 27 57 48 86 91 23 32 94 
12 76 32 62 69 68 79 50 3 30 57 84 69 9 69 68 80 96 65 20 58 
70 48 85 78 47 70 68 70 2 61 33 29 45 46 97 12 25 98 67 54 54 
2 75 62 71 42 94 18 59 13 76 80 12 60 57 58 29 24 27 82 36 11 
11 32 9 7 96 33 57 62 38 10 63 64 72 33 6 17 3 16 29 78 95 
40 89 51 97 69 26 76 51 61 38 13 93 46 71 88 30 27 1 68 37 63 
31 60 48 88 28 50 55 56 79 49 47 67 51 95 35 76 22 37 37 12 1 
81 9 72 20 39 50 20 58 38 34 40 49 81 80 76 30 34 31 8 83 29 
26 33 76 13 61 97 1 49 8 2 81 17 25 100 7 74 71 64 64 4 3 
12 37 82 88 18 68 70 78 50 99 3 34 74 67 46 22 68 94 82 21 74 
98 45 25 56 70 47 19 33 51 73 45 39 55 32 56 74 53 33 75 51 36 
60 76 2 6 98 21 99 31 41 25 28 37 49 83 7 96 53 39 98 25 35 
36 31 18 91 4 71 24 78 21 11 38 49 64 43 98 37 93 28 77 69 7 
66 70 41 72 17 93 62 14 69 97 1 100 66 43 55 36 18 85 9 28 74 
57 44 68 6 80 60 33 8 81 91 73 50 31 96 66 75 58 31 43 6 31 
94 23 73 1 59 91 85 67 70 58 75 65 25 80 96 36 64 4 16 54 28 
65 36 24 82 10 33 12 52 90 42 98 12 67 98 22 9 82 88 30 91 14 
95 67 45 90 2 60 45 70 65 73 86 100 48 68 9 80 79 13 21 73 10 
32 39 7 54 99 40 93 28 82 59 22 48 3 64 1 63 8 70 27 80 56 
79 27 75 87 58 53 99 78 77 60 62 67 18 67 65 9 59 93 90 17 66 
89 72 29 90 86 37 59 64 68 66 42 47 40 29 56 93 79 34 21 91 47 
88 8 13 52 69 23 96 58 92 62 47 63 42 88 48 30 46 63 50 12 5 
96 51 85 51 95 63 36 16 5 34 55 13 46 6 81 69 54 90 12 67 88 
74 8 75 73 38 73 35 87 84 39 34 86 75 36 33 38 24 100 94 57 54 
6 55 11 38 75 16 80 86 82 19 59 90 94 83 79 18 17 17 53 8 2 
38 82 37 22 71 12 21 65 69 26 22 23 89 12 97 4 43 82 86 61 92 
27 6 74 57 23 42 25 75 1 26 65 35 14 38 5 26 11 21 46 36 95 
68 24 6 64 80 100 97 65 60 88 43 18 13 51 92 54 75 19 7 52 83 
41 17 72 45 42 82 18 87 70 12 6 45 69 69 24 68 17 40 79 4 82 
96 68 32 88 22 58 58 28 9 40 68 26 63 64 19 45 33 58 14 44 63 
58 64 84 82 83 100 21 62 56 55 9 23 38 48 96 96 5 23 56 96 42 
81 59 58 100 3 90 57 68 86 71 25 49 54 58 32 54 31 45 61 37 53 
83 74 53 79 21 57 53 77 53 47 9 63 56 8 17 45 16 84 82 39 60 
31 92 18 14 97 100 58 57 36 62 92 61 14 22 82 23 26 58 27 72 66 
89 27 26 5 24 93 40 5 83 99 87 75 68 52 23 67 61 32 54 75 23 
67 40 96 48 62 21 57 40 45 74 28 23 51 84 46 96 23 3 78 22 41 
4 41 45 79 60 5 10 13 31 84 31 71 79 78 84 51 86 24 95 12 51 
18 62 87 15 9 9 69 39 82 62 42 75 58 20 34 14 81 98 45 64 29 
15 94 58 98 45 44 73 91 55 24 60 68 62 75 77 22 95 15 4 8 8 
30 65 80 63 79 60 60 23 24 40 89 69 98 38 13 41 11 4 47 86 63 
14 47 89 90 68 36 56 23 95 64 52 60 95 66 38 54 78 12 29 17 52 
98 14 89 62 6 51 17 52 36 32 66 34 72 7 54 7 15 76 2 30 80 
13 24 45 2 77 22 13 6 91 16 55 4 56 68 10 7 85 13 94 16 78 
80 87 37 33 46 3 60 99 32 91 11 55 36 12 31 9 76 88 99 91 94 
55 98 62 16 4 98 28 50 13 58 29 51 94 13 96 96 72 46 79 63 56 
33 50 67 15 10 94 55 61 36 48 15 34 61 30 89 58 57 38 22 14 18 
73 59 30 20 6 2 66 84 16 73 16 17 92 31 26 85 37 86 21 84 100 
54 97 81 94 6 90 32 28 3 1 52 14 31 23 19 84 88 3 51 13 70 
67 4 52 92 88 88 30 60 24 81 65 20 62 59 25 51 42 4 5 94 55 
18 24 78 89 59 17 43 9 29 12 27 84 64 19 24 3 48 83 26 28 100 
97 41 10 74 43 51 29 48 44 84 17 20 13 5 30 29 99 91 10 11 17 
93 26 87 16 28 86 51 6 66 50 54 6 11 79 49 61 8 48 56 43 16 
27 55 21 57 35 19 47 96 81 15 89 58 2 56 86 87 58 43 52 59 48 
58 69 27 58 81 86 57 37 80 72 15 34 44 71 20 15 69 16 95 84 56 
53 37 11 90 23 21 84 75 79 31 84 48 9 93 28 46 49 16 25 20 31 
10 64 53 30 30 74 45 24 9 100 28 45 62 69 67 34 52 93 13 35 76 
60 95 20 39 41 68 55 65 40 37 75 55 89 56 84 14 100 59 22 51 87 
66 64 7 85 98 59 77 10 45 5 21 39 24 59 31 44 65 48 83 1 22 
89 42 77 72 55 28 30 77 30 68 94 45 75 30 42 33 59 3 29 63 75 
19 38 86 50 33 50 97 67 3 70 55 44 98 26 50 25 8 26 6 75 72 
50 49 1 44 33 59 98 61 73 73 80 63 10 81 47 59 77 14 13 98 68 
56 95 46 6 71 53 83 76 27 6 77 28 59 20 60 69 70 73 94 42 4 
56 3 84 2 13 12 67 26 9 87 81 3 32 38 73 36 73 100 62 78 76 
41 36 48 1 57 17 73 50 10 76 5 12 59 58 24 22 25 49 30 11 82 
32 94 71 56 29 43 55 42 21 82 83 8 29 35 64 45 7 13 54 34 69 
65 92 79 41 13 55 41 94 65 74 77 10 45 32 90 87 38 31 59 19 65 
67 48 99 82 44 5 47 98 38 15 14 81 93 6 45 47 47 38 63 20 14 
24 16 97 13 3 86 44 13 5 60 31 4 59 13 47 15 59 96 5 25 62 
85 70 67 82 68 65 71 31 85 37 54 52 33 19 54 19 14 19 75 73 49 
30 31 13 76 46 23 24 2 48 37 86 17 3 19 84 68 90 66 4 26 72 
55 10 90 61 80 3 79 6 75 79 35 58 92 63 55 14 86 56 13 22 93 
81 76 12 17 95 53 34 50 30 5 57 39 46 69 71 100 99 76 27 77 11 
84 20 73 90 86 10 45 50 83 89 31 10 100 99 5 52 32 6 81 37 14 
72 34 82 42 34 80 69 60 9 79 95 28 3 84 65 12 80 15 46 68 97 
56 20 95 12 23 26 69 56 14 83 79 48 64 72 81 96 40 92 4 71 38 
83 73 21 48 37 52 14 82 71 10 89 42 4 52 17 81 21 72 95 3 2 
42 18 73 74 13 64 65 16 34 2 99 59 74 98 95 77 11 28 99 20 69 
41 75 20 57 55 40 80 49 94 33 42 12 5 15 76 68 31 92 54 84 42 
12 9 39 6 37 49 85 36 20 53 28 94 25 36 100 16 67 1 10 99 42 
73 55 9 48 22 91 91 27 75 32 38 35 70 95 72 70 80 59 41 84 38 
86 8 73 86 24 39 86 85 89 79 57 43 39 56 16 30 47 43 56 78 80 
90 100 27 13 21 58 23 62 41 60 99 1 84 84 76 74 21 60 62 100 68 
4 38 23 72 19 69 14 74 99 45 16 50 71 80 22 28 3 35 21 14 34 
73 98 69 48 71 90 7 33 41 74 88 30 48 59 49 69 24 74 19 21 89 
20 43 21 41 23 23 28 43 88 13 15 85 81 62 56 22 20 40 62 45 27 
44 92 38 44 60 13 17 30 33 58 49 76 30 42 98 4 69 92 91 81 6 
76 61 19 83 35 90 22 96 34 100 91 77 89 34 89 2 3 18 86 12 67 
61 41 60 10 44 28 1 86 60 58 61 72 28 43 6 17 16 2 2 16 44 
79 56 78 67 57 32 36 43 95 54 55 87 13 65 30 40 65 67 99 23 28 
71 50 22 28 19 90 29 20 5 25 98 12 54 16 69 85 52 63 31 5 17 
17 18 81 98 9 98 64 60 72 43 30 73 65 57 91 54 38 63 10 14 60 
21 67 76 41 3 79 3 33 83 72 49 52 4 46 61 1 9 20 24 52 1 
97 68 9 39 73 98 1 82 11 13 54 77 88 47 79 18 49 11 100 72 59 
4 76 56 64 76 65 83 100 68 35 48 35 43 86 7 41 39 40 3 51 45 
80 90 91 10 7 92 73 58 63 83 61 38 39 76 66 55 10 17 22 44 16 
8 87 53 14 79 91 5 81 41 49 12 30 92 22 88 83 94 46 97 76 58 
87 66 34 52 20 43 20 93 39 35 100 77 87 65 55 30 69 87 70 70 51 
52 61 24 39 95 17 36 43 44 94 29 62 27 32 81 21 51 74 59 37 25 
35 76 90 41 57 58 28 26 79 30 29 91 53 68 85 21 3 28 64 96 8 
77 74 40 10 95 42 83 5 31 59 40 58 48 80 14 58 59 39 36 88 20 
27 40 87 63 12 89 42 28 37 50 4 62 41 13 8 82 47 13 64 6 4 
21 53 35 34 62 46 25 98 85 44 76 25 82 90 88 70 84 15 58 85 19 
20 25 31 27 58 30 91 22 35 94 94 39 29 28 1 26 4 50 10 47 25 
86 28 66 74 49 49 88 59 33 6 30 57 89 8 67 18 99 88 52 44 81 
42 24 60 42 49 63 91 59 61 67 44 40 33 17 89 81 5 99 14 62 28 
22 50 35 88 67 85 27 70 29 60 12 52 19 53 1 34 96 11 46 62 54 
86 46 23 26 27 79 24 92 40 51 13 42 37 53 8 22 79 78 50 90 41 
53 9 45 5 94 40 15 39 54 21 24 99 95 1 77 73 24 68 64 26 33 
5 63 37 65 36 67 94 85 57 34 89 17 78 94 10 70 60 100 23 80 76 
73 26 76 50 50 52 69 14 77 53 18 91 89 82 26 8 27 62 64 60 51 
80 38 96 41 59 55 92 81 87 67 53 12 95 54 62 98 75 75 26 27 44 
17 68 78 94 75 4 56 90 16 58 69 5 53 61 63 7 52 43 45 71 47 
57 17 53 70 14 27 44 39 53 39 7 72 68 1 46 72 8 35 39 17 55 
43 69 67 5 27 19 99 24 41 97 80 57 49 49 70 75 44 60 80 34 67 
51 2 19 49 25 26 83 63 94 90 5 14 56 61 92 26 59 15 66 55 46 
