46 39 530307983
212851367 314115602 256438156 466752018 193777010 346527791 305342519 447790852 164054903 258778464 468588901 20819830 192766827 466948972 51877407 93883661 235285729 4268357 47023806 221436070 32581609 512293036 61065024 184414575 354730274 115964086 288990075 33386036 136590921 263378473 187794392 349442287 47186091 444232548 259634605 214711384 234200639 8417425 
105942537 398255541 267195888 44223454 392823655 459962714 484920709 444701061 527594659 163646739 422717701 44310481 385082808 429047593 43817 419896115 56902469 328522375 5552217 345892543 361908410 115891421 78963032 19394818 465333707 99897406 437375649 168408613 314608790 141268305 176826037 420551326 513272129 444021924 438523063 375787800 347424939 393135789 
263929161 344711614 26474544 130087163 389022094 385305635 28826772 362814194 274893766 85729240 161028585 254194266 431621783 522936994 370085686 484333098 516080096 278859693 27670805 396896045 447268305 342279594 7856366 93786358 206271220 494876779 511556566 114486299 340356595 328673521 507622087 47726057 116825435 507844914 177813219 479595812 362842565 206639990 
312102022 81176631 266117514 473130607 309119180 141179597 439507901 148896882 95204711 399028297 401504859 122875515 265616359 292213464 438903392 247221008 385999822 114866628 211789803 340996688 203101211 525894682 139362225 154163598 43312755 229935943 131700529 221125973 179223771 468291377 401514246 491325792 523216292 137323776 407896699 302027488 278503372 290844901 
424672654 347456367 159565214 295869529 470331881 398929856 57775009 352675574 115842881 417523114 441290485 301380967 228211818 114083712 270715949 341322326 268247310 314028703 40950285 373696122 508902959 193922339 285427799 380109222 154940148 278336107 517432997 6277147 23803896 239376670 297122047 448476549 56525053 456687261 214038094 500605217 299057417 245561386 
322972807 414900297 106524801 233955309 159721565 308484902 321787304 430437513 119499245 33474914 187906517 134197813 407171035 166501492 328120152 136039135 16302730 456808583 414375241 507484011 463085729 438179136 216552697 203648077 330095985 246826033 103775638 13826095 217123266 402833054 233135765 9788090 261173652 339660565 217491682 420895216 91585767 513027269 
294773029 211085011 16194200 482679545 319031108 397113518 92621338 90591560 2844669 82672351 17092159 390968194 33596662 453926171 272587630 250149358 127266264 72375632 496975390 231041901 59950010 157538957 103566972 266834058 141075330 364740623 49934923 332315295 229076139 141520690 315034580 523849167 326353984 331228779 449969013 115077108 171782598 12282367 
205668667 148375550 68703001 196509109 9035760 102299663 120127297 255371674 352449020 247393560 301495589 292864711 478435461 361445598 424151951 25442733 71719957 34919297 363931639 121654879 367234591 62699794 263175568 125709471 29989261 32969853 456938250 479958273 148046960 72161148 465988923 327463911 220536697 4383941 523973019 203320741 106683603 113792332 
458692414 432880906 334934176 229880019 169185917 256809937 34765917 63029884 282252669 106485873 71697464 115876324 201889036 438932054 152324401 438812887 34333542 182313661 471782739 465020075 105712235 89521716 6873239 41393174 416985626 201158219 19525398 384398945 404478959 126209000 498191277 332863389 2530207 302817469 6183708 171716123 3067706 14697909 
208494291 285320374 121183781 280191754 374944981 296821100 188815825 527269381 205326004 196897650 153023342 146800759 105358025 258735576 210070758 85979547 273877034 70496684 287137765 293402431 454895629 135057025 393359715 396527206 467920413 395889921 142784975 447852405 11046344 145852680 462550313 219540634 431173053 27174394 499732388 249558334 323995494 131988513 
246519731 529321497 328886162 373291356 119562556 407992470 101718949 329633314 493972016 349344266 400129997 224550081 112438713 298465926 359607105 479546711 164685148 270967819 345128648 307470122 188512240 329923276 453322801 94502853 19155926 327936154 121677246 518888313 47186504 445672739 94317126 267454518 418434536 396951571 110437891 7689109 274636057 185905123 
311070706 238300089 4941405 154641003 462850170 91128401 453106929 265897575 40367129 61232377 6557410 359244060 368702499 195069649 158859352 265465600 289572501 151763562 36842055 384998031 114092175 84028558 300362786 208409301 351483076 162237623 75052888 435669250 143675015 349688945 91266389 454745720 31429334 69956077 79078739 468027787 161084477 505933951 
203617379 175199889 36858345 183923072 4135966 379309127 378992721 136743601 88215027 112005522 288507162 125057081 497003552 402599337 209085639 240806639 80700654 4009015 376792545 129501825 413426548 520467559 479190769 504692936 444905295 484368387 18089313 497732317 395836474 179173789 473358285 42894153 354373678 483964913 226817225 332257927 306714340 49250246 
469001527 394929366 135004051 227200706 519986447 75447904 99492059 172512386 316254542 153940996 150269684 136487387 283442820 33388248 126646962 206073890 511829467 14992557 133882577 529918779 512724873 529719050 152532868 429523458 42305220 480654829 356928671 242870728 256353056 133335027 292120973 195046600 502012677 427125023 395995589 465439424 502572926 495487647 
81392110 262267768 92868943 231661793 398755154 376311762 238798324 525402115 25825952 194068091 10086688 159708528 167427170 496559845 159119595 319960037 395775319 175173098 244055167 222396007 418043825 500408222 329479317 179856814 138895122 301184010 50422137 4582727 236315450 22687080 473818657 317707559 258703131 36379616 523117635 127150302 386439662 231607975 
95992717 412265613 425676065 79827689 41666158 36543535 46079550 174534036 356503572 441854868 349707133 43999039 107691175 237442974 518155544 410918776 391048071 126742683 181794802 441470207 105073693 391858536 437905570 48584367 153006395 166300718 58712266 119564331 267199303 445151927 351172305 363192019 300857841 220288671 443019707 342523998 256832205 489099256 
517058033 56776077 374394425 310205466 74523399 455833883 17340456 62370960 336444675 382136810 162861926 491987761 267047317 267935618 327286597 148393188 316519984 480292991 288442189 375232250 43297622 25333508 263824477 394469927 362273810 34374334 58198898 274985534 350646615 288779386 207525090 311144948 319303747 25359815 91042430 393827145 454941982 82131169 
429946388 234826957 464267978 62500330 170255018 174755596 330435948 497541614 323148783 90396232 421274906 55031272 465628481 464572527 80364779 172893259 302482754 442638588 181015876 334429935 161064422 1354508 92901338 342337796 312499455 385953368 341445894 377290169 249472529 266079892 459421337 122859218 500906849 367129616 185359547 114602167 11577228 515795494 
81835798 308474294 75883743 503110703 363505565 515260507 411123530 417618627 131594066 183298301 303697515 312609942 517728235 464761937 287712733 54069873 250540033 43652488 440023240 61677943 420942656 132936070 327757835 350056010 255795287 272104984 160625926 414903117 386707150 145951437 400390628 442291231 428174014 450022654 388842234 235119879 408723461 269657781 
122430522 10009544 426704365 426128036 296367769 387872900 334330273 53772518 415691057 54562322 71173289 299154597 116240265 492115945 405838950 417746383 285612255 105074537 133291667 446238180 519977654 493747100 35629917 363808582 405730348 463803930 283523252 238012882 168615825 135687013 481418946 291046346 119444840 377815327 160614682 415812608 209128528 494944955 
443333409 68259885 523255560 514506698 367414481 82936125 476314659 242945448 500682507 205367214 348019984 77414474 121297410 337689654 14601875 156927326 144938536 420332222 64171556 428461787 101785404 232787380 7589101 52896367 497582009 127033940 404459977 127888707 12538565 57028805 66273962 455871973 125288689 32969823 413818971 492703170 115905947 359825646 
179088918 60028755 8633160 527108901 111191512 129930569 308238856 125793386 260606178 453177391 15817624 324777733 325079479 91351312 1005413 332668579 144247678 498587421 433450802 522455938 69916429 445989366 49176760 136190390 345301640 174465448 142908496 202560911 136860634 258814443 5826858 315949551 292591481 14460017 286498753 403782992 144390586 38177909 
529576378 378745047 491355299 519142285 146963081 259875078 80185613 147968493 35983957 198181574 116247931 469434759 190329529 186164359 358864425 239506288 296103032 147606365 387720019 439011528 350167276 524580653 167517987 355994133 283970504 460109467 370454149 13909557 307332759 488593018 52087465 306601153 337030082 517191048 295435455 483993162 220506426 349369351 
75401955 256490383 17242942 191649885 169365442 181320754 377814243 501978150 420827041 143609292 119276532 251987360 26061120 443192091 220008313 193579106 242626524 503978817 97128873 82772689 491636657 404461631 14806008 517472406 154503085 325584373 504355470 449938539 253017835 168302196 242748190 328419789 398540862 259991131 520069674 37598320 441311884 341324217 
9268487 305579225 484933508 102293302 27258602 510994627 519233676 247266914 148014033 231552216 194686031 218891189 288073188 129762989 66793121 302879195 116927411 221296205 98155584 64723181 114675044 351173418 233025376 357423233 149285224 75006539 60854665 112795198 112604858 475914832 454119414 95621628 251186074 382493223 171663213 252192959 336928150 160588905 
473208156 458690467 365889404 111334488 147273672 123654609 241097476 187815076 426533803 331773170 382859564 498437671 396496350 497534607 319303105 72962026 298398141 442336612 147968564 333001089 24823826 234321706 278607937 452691524 303691617 503542294 304876763 475354830 199175553 85245213 79384035 142075726 13627696 445273439 253410213 134649652 12368348 468255972 
322464727 438902150 269721158 175016308 407031837 109657808 115991215 169775243 182619833 388137639 55552155 304336681 164579028 54124265 8350403 443186965 506815788 312042019 390169559 255132851 230837149 59037129 314126347 283969468 201112854 327754043 198934923 428271350 462403694 211303270 339967622 228308721 93645720 79380796 377073312 474425841 162786887 466812811 
87641384 345406719 324642466 143193538 93183700 489221494 171066086 75282386 375848759 121322174 387324405 235710334 350203308 61601854 268495746 134021672 345571321 469608599 461775714 518254527 341320249 367619708 172998097 150979887 39368729 266643817 204108966 416442041 184509958 366895852 326695152 272151341 155742872 94777918 389093162 248926571 27439712 29851265 
324208957 403288470 124921722 154973662 82439105 475125030 190323799 350934850 78838718 5587137 263983750 514362715 497589947 48744299 325422723 140280061 173472470 364791451 380672161 377581435 224673792 8622419 187917588 21060960 280773759 343660459 89587162 113307221 36027330 117026873 143158485 333984570 520315343 268080207 462706515 46194748 186645537 122722331 
397129597 265484254 102057751 104553647 223287269 43087998 153297946 18402008 157116342 326770415 356941742 7480519 147792150 25055835 16102937 335709737 19865078 270624979 122810496 109452239 383932200 132586110 226479112 500838968 440318963 190234755 212359475 372717495 236429502 399005011 469188109 76999399 134181281 14686160 181553046 357468549 57774157 308599275 
349618840 214890499 78809990 176252599 196119301 200350423 175056717 185970522 5752177 194921794 456595500 102310956 304374033 310219716 208645349 545161 254498985 118656329 164528199 466858459 465122107 400957700 335555487 404002232 477957098 443485051 418688391 102950444 244393901 450210831 385298002 63704757 108541630 464107991 213705639 304660931 134150431 388762355 
490631452 113650891 53376166 416918968 189710130 331498482 170578985 398355479 305791926 425077969 490760091 470320124 335376728 425574214 340969840 140624231 273016746 262367238 53801299 135145437 339065966 298195199 55048284 194055984 335648239 163589914 101604276 19045895 441999128 235754706 381556533 402322596 323153880 434932698 262681864 486612293 209871480 407009132 
328408072 515663405 275527401 288860179 429423829 80596146 157874693 213833969 194968660 430891438 476201207 248769958 9477175 284959189 520713440 64525459 452763456 299801980 201863656 24059748 318847874 113554800 233562737 143844707 489625679 26408633 22217706 195747843 513020926 232089185 72448992 284869298 191192891 347976392 43421494 90308736 402320821 175044470 
304142705 66981498 75627925 223784212 289499739 85105099 508743400 253653480 123378841 404947156 23147476 298990780 429006904 315743633 412545579 132261657 459588339 345611558 132418574 481806044 11051418 88879800 183587246 57248693 373749097 374780136 405225084 390918874 465088871 250986206 35655361 212671876 317967703 85031569 436456087 50907742 170136667 388639787 
304561221 267263792 263278960 327708696 35946588 135726164 113144345 422240451 267987820 16172985 237544025 400406393 497979028 222343726 463034476 151258290 279592418 306475590 499786709 128257803 167086480 408315881 379244008 176490124 90679773 140652011 261521692 500884144 191559752 431658359 359215947 469869257 142362451 65935207 267269969 178309038 201661370 354162598 
43989789 469649190 370335582 255282098 313495883 338006626 477625823 219970660 463013200 226910258 526446249 406240209 328916344 136973029 284248106 177852368 313463153 348676163 292252662 44676861 319252323 457560697 450083503 121908570 397121970 35886254 187843777 107832240 214195292 389505146 461994837 231933364 302594636 275770719 487215461 59530820 57217645 434533301 
279501479 493979128 104883859 249388028 369911354 433800202 360109340 97599760 55092870 143264509 446275922 347345531 161689654 208968545 248346528 55213457 330877115 115160515 91099711 518720891 222992754 279043286 351666337 128427891 510976649 97701274 377946893 467884127 130980377 435164537 345857728 384230139 372583966 450741586 77058467 212187336 327982088 437167806 
309787095 383074957 23872616 199503318 173860788 185562269 408471862 422207315 240775725 209040993 511116113 305623719 171202184 177549167 54359021 496616805 279725341 35027687 37758379 127364250 502911813 168738755 5969088 292209841 526717177 378553053 212643443 73467660 34180689 514373814 510635465 343967783 340889071 4200097 13163117 514749858 163510649 395383263 
380397473 404286374 74116272 334953887 153350393 219066740 512503053 207709414 185375561 261920411 242737100 196882223 363032944 189089213 365620977 369002031 481299053 335778454 190995384 137382796 409246113 225176072 95196910 389573594 12584156 436085980 367521975 529803539 394276138 724640 394878818 218113911 378759297 442743374 22759814 1801707 105250414 509011151 
209511120 290625974 214371862 425996503 487508196 47096822 58526016 296569473 389847137 513573352 75788227 24282821 94396448 485034339 249458893 189593357 318048233 235791332 95371353 155262224 209035171 489647490 129735148 47354290 177453417 508494444 490097663 173961515 484044434 38788377 152664682 136995854 329414350 367036543 32684373 260362846 387881648 64958672 
372619 247420801 48224040 76160845 271703622 116368771 4635484 494910798 305962127 322683716 174142430 401333479 451694224 383177600 334421269 51121388 430531889 485622970 3056132 364069852 129276501 487100566 402858228 255689466 93788436 175712878 66166309 100221093 409824007 454047956 165179764 383944909 171160774 187152088 460105753 416612679 303520858 438489520 
381215493 52923286 230865253 25049939 454256764 125999777 381975822 232118334 150869448 255948012 161181604 153925579 89709880 290458104 84466445 466316392 519895853 152003165 85469570 55754178 252224257 495293577 509802133 391152304 348930502 124403207 21744692 252476556 10707902 325265550 160658092 365671678 378188835 365271628 364469900 275885899 491271404 189886023 
481752516 85581152 445834034 112626136 239506731 5235930 376832523 323973175 445300605 366420392 475976339 462192 422174569 171640896 495755768 375417003 6233501 288126570 499820209 27978192 514351409 484276395 353243741 118449802 319640089 174872876 483721429 127550290 450758775 418433134 317436312 375951591 504014285 232962362 488577727 186961316 211946575 335102266 
484682775 100687481 144962959 404099414 101149672 36829544 45432327 40345740 412246546 51665827 302220593 355507056 79644018 286264019 309475467 406636043 404713820 72555856 51200935 331875549 173854429 475707993 193748983 491290740 321351601 167455285 167693402 253369628 328164884 353388261 31912194 282539675 454075741 176875152 156331106 528973696 213704696 175511716 
12759736 69391542 200925826 314980328 398646881 280569843 44684647 177814364 130646186 449398466 224118504 155595405 224714316 397972932 100995414 418463298 332703973 396095298 29358883 500397374 92905226 357523767 297225935 124817420 109755458 220993692 301692571 239834847 193407688 515397266 415346562 206167423 28229109 85964404 494896035 426875989 340282531 9272698 
48130654 470928716 432419448 245997441 69964421 126825780 113662389 170959835 519037361 446366361 10495433 18088261 390204036 103400659 375612027 157121987 228218078 459115768 351863963 529910648 142390916 14963667 488748215 27429494 194879374 490725607 87142182 159467425 361041896 401172996 142488406 382920833 315542012 44599870 98610290 385506433 145173933 212272679 
26158284 133903311 102079340 10402000 125739855 492283375 87550942 501351881 92845663 315769019 403907949 444709625 289119968 15990881 433421575 221308483 17168659 71741249 181726106 78059124 231208673 12460018 479232119 373697079 369129135 264466147 392045232 467739424 119664596 6911182 123452403 119571163 114562776 225531743 103721447 240302630 161255418 191272388 185094811 
227849364 507041407 58694776 115999289 239601675 48433941 19112881 460910157 39350883 64602413 112328279 117410006 295811086 98536580 66334141 112948465 467665714 330800287 504993696 378845439 424213167 511904877 502297841 13476346 69907953 171269884 117197792 310210582 306273586 308470180 495305392 3814966 258951887 23692185 93562539 498553561 45874409 86423703 429155734 
85225291 151026115 515232296 202635296 446837200 57209176 268969436 3225965 498623174 43210023 508219661 347160629 467423189 463564838 292898770 454647819 3164808 437916938 15285911 313375389 213882540 297504374 278372798 191445789 26148277 275813266 285008327 498450121 295435958 371432029 371046155 380661248 522458144 329718751 26736844 412735644 386927927 269454563 415961609 
328991401 312664585 393873286 119592330 223528075 300878424 412491099 121616194 304043231 320100053 136902104 60858921 507730876 434406478 312980002 168868682 434303038 32233568 427625292 402445176 327669525 268749338 216931631 151771073 234647782 16342399 178507916 117075442 403270325 421710762 2729067 175702026 177815647 370350636 295294355 401343721 140921077 177477470 522959914 
444964307 471325807 103302319 479571511 422496983 7400813 262243529 34805965 441703850 294477096 462431257 287589326 91838637 200872611 504520957 217357993 435520392 520863355 395865908 526344117 367573980 261016970 529073184 12968022 438832617 369115836 308262376 309868354 483785196 459488129 276268569 372189804 374254236 379570887 321453331 266443236 360719983 53388877 301249200 
272115849 321614256 233372473 3145476 413452893 407993367 507666432 74251186 286954059 471970087 470117094 282990193 282984367 174574364 255503677 295952388 83098997 68059813 47655064 366715635 21537026 480891476 112676220 393726829 324837729 465995390 158620460 34721265 296407389 185757620 309718748 11963538 507371876 12783238 15109013 364265069 394524888 496523728 438516254 
124919248 438185831 352073648 381657724 164610498 526648012 106853417 460562885 79439025 148661513 481966232 446154659 143946822 406298009 2271179 7365667 174576038 468266568 139734411 209297302 208114257 325492030 519016049 193826079 302555922 505547570 208935091 136513007 343512759 148899120 18469562 468432006 30525251 370543209 319781746 195135749 366883237 400383446 99138934 
446322262 18736975 24545467 335917221 136432081 430843475 311936684 117546031 75111529 223643552 257280441 284408830 431757809 52464488 246865179 95275904 328768693 195853050 277959278 439029984 9057825 426858397 457499545 451238114 431131932 297734770 214460160 95959697 134310024 58283906 195098630 24072586 50769164 219644096 333738090 187201244 93927871 115366790 304747275 
169039399 339010342 31719732 427196512 214208451 57932503 143753708 283232638 386701196 313355041 30883932 295423196 322412865 431490613 196363041 217091279 332314561 494097810 431551438 402022541 71848134 489835343 40561471 69669003 10296523 233953851 403407093 197497767 327881721 518773882 502245041 496921120 301224524 507713056 393809648 515432974 35337576 511311639 242105912 
395787055 294358696 272989844 134650551 60211861 147920757 331013591 277303139 453983601 294803417 152294877 325698158 340399835 85570520 340007912 410068837 69615327 43653779 283167946 267113093 371535500 245382129 212798434 338148636 520354936 163951790 175398584 479228211 173037649 130150524 191026139 38516720 424509219 437764266 173167270 458469364 55377039 477929144 179212803 
483108923 216172862 331507680 252247381 26264713 417078199 61947310 436333549 486693525 105601088 162941796 197246918 477136587 408323924 383793635 258725523 398370876 17437442 407872391 321039387 164223374 7714931 512065526 202740094 405972433 419521808 349655647 334133813 448647131 297276808 513346616 401448070 513449669 288294596 123387468 9406398 148813095 159083061 419488230 
78946921 264684148 52122042 276193838 185261036 434194249 103427774 417734842 276005426 94613499 295299249 66736829 258836872 276762463 48494371 435325249 152426913 441764463 254672913 486560725 360103610 525698004 443347641 204991980 508839689 201334253 302127731 491994370 350147348 461210791 354922900 429094268 169335240 407044942 148728406 354596275 284679491 225904463 215771417 
30376933 320517961 511070666 97113762 22795134 231273429 119356416 458120382 383700341 30812895 156233595 313701367 364664788 151623615 200489308 13097069 103903604 401823561 315224799 39338274 195411209 219875891 394261174 67945777 389211130 244746416 216674182 213499421 529425906 442578645 429270837 3243140 206536906 383781803 100356901 229332039 58495533 219713316 130892722 
415944157 224274495 287126316 173085824 32379583 438749931 373575132 45476651 12345551 218838993 334449734 25432109 414250201 24017641 419693282 455944261 413228770 107879998 116058743 70168491 80746204 2077688 473187611 83989343 208614594 300409715 184346243 411694916 358905247 377807843 12279654 244541420 45522638 273154254 417627244 77902220 181596201 234642676 97127155 
167690035 453481668 431576888 166870427 311172169 455594528 30004009 236808446 338515314 137884006 352867188 382432088 218630210 354944876 325311715 276367836 6999770 95413446 460714079 418694685 454318692 281962222 404722623 142300413 327484859 147568893 3367957 379135362 302913377 238010632 476262516 444351695 161184316 377531420 80914139 446104768 276566248 110918147 152605230 
58521862 248802153 479220701 440953949 441180646 277605877 235957681 187240498 284605646 305119410 91394877 146740632 202878403 347105382 21155271 345178815 118030541 142472447 348546771 497165903 445385823 29997703 416868719 359429534 164930302 264092156 440343672 80727086 10350420 525010103 207080599 42620566 217252556 155993316 483574514 128125218 433599193 189224211 289113999 
161645139 494343621 354257160 308385770 140662324 171054558 329541040 485841138 262833383 472013486 277828209 229691302 360839609 307825911 90000321 189961160 472756212 354092476 73745132 527231581 338191180 42195535 204004196 380811745 259448090 359997511 307826559 387573307 237037004 497050770 120127607 398682143 434834691 474384766 176759929 18937315 88879624 480049253 504778452 
351713006 395503039 226046961 24844608 226034665 507621155 114844929 389744108 423817667 442685688 463489239 420741264 224317168 505684774 94437476 48569213 208573164 428183270 356395772 39586772 108660575 296886842 159714378 507342717 175161833 77539444 127542946 194099147 140167351 51032499 142317899 465628641 446535538 368364859 490473248 142262219 345678030 48758477 1698343 
212935997 465192449 438935865 103369277 132949917 388060939 171555036 181519130 40074404 43178606 511663185 79661175 151839180 278242043 239375552 102622197 427152159 290663279 203913427 64691606 430830629 254945925 207009504 366151286 171173479 18814663 300064835 287183981 364492692 322571595 262630607 20868989 257456060 145006773 124238265 390405977 506815995 295793300 15365407 
16582415 338971905 527028591 96243589 464559369 248710934 309367424 36873582 119303393 69722719 240787008 183994998 500553348 495732933 391004501 310144934 110346712 409819163 53650069 371278977 217752155 376221664 77349884 238621143 77118024 222356656 362859407 441272284 172612952 102093007 456637690 189195366 414813195 427106581 259187239 349064580 119257815 38246679 359686446 
238561207 107969398 43913754 422556204 51963046 9338703 283252721 362107979 93433699 136512184 415758048 438460959 354264338 235420012 515810842 62577497 312538035 207859515 399185187 223502336 380472466 475026477 123580326 13108132 333279973 20378924 272295370 125784853 139636738 310542049 485471298 378197945 392259730 529385052 244194449 444222775 512472038 527447170 249771054 
49346037 133651370 108969402 487806995 461663992 344389413 473309854 524241488 126619465 124609669 366866976 323870084 478830418 285333753 447450409 491938549 88305742 441577616 207674220 214090595 24654655 491964552 169253909 402852599 353916298 142079261 90487348 241579373 124243316 87626534 491350426 147337636 195026188 43760129 104836648 126382196 388149541 21586802 94063984 
514769005 146196470 434679243 308331105 68467188 189705013 199221815 3846037 278010754 110491447 211520256 465849632 135146101 146925108 78543842 511746983 474589689 220623102 71926348 185861078 318614701 133301165 120651805 465952337 328327352 164411933 40481001 428457831 22253490 35816086 496270099 510770779 182012555 400641358 262542184 224228026 33786671 461763998 228074062 
285545709 15695746 413342602 221087357 124590130 29959726 299631198 106029130 504549415 520254300 151703761 133850793 282309301 285004925 228250881 217953654 56772578 366411097 232182938 485230408 362412871 267999023 424940807 342875666 450011577 269022466 48858150 117679903 302809136 484370432 345753965 31795145 500066177 228788583 252882502 68096607 232496592 526261983 174125736 
206738023 489956583 325829496 314337100 241957901 54274722 12279997 459911554 111047299 378691094 135534793 39718007 184544265 403533815 464658814 527419930 296985693 177121580 19718380 414665595 479930715 504088811 230111576 485474144 447595288 432648442 181796946 515691895 134837051 177750945 133257931 315323357 111147829 432835711 99352473 353105729 487110432 85380754 256457583 
67849747 437820131 391992375 107567753 92056412 265218207 15666867 62916642 5644200 192788446 82635021 420309794 116159462 30164133 120113387 71325622 451507704 22453845 253122567 410639899 131039179 404621795 517646114 446362536 515769623 420173841 15407025 312315652 376976289 74536062 38465252 418574319 512356192 404205910 526142071 74104620 112864417 515557222 110769545 
118508616 151785968 193404566 8510427 267945429 197316982 102372097 313019334 92264986 98574225 9582201 502904885 229613404 414203996 463991299 119416240 373413919 353857156 108571548 155421588 174273745 183107610 167635123 62540080 165155818 41533049 32122451 213008722 154397466 17371689 323778266 246654365 142905941 490931115 255164791 410851369 131688397 357536887 167311004 
223953383 429859396 176893204 170298568 129164816 34537500 103981883 248581055 407951419 431587322 357152602 33065023 75553083 514008495 200700145 111841446 122604614 215981477 143963896 335613335 370378942 135083869 102831901 60473608 277989809 63455033 315638398 132281478 195143429 116615586 299592481 392845095 16166998 476485685 32835679 119080097 511023184 110565845 341409435 
388666619 11845183 142002337 395479925 87398265 125702849 39620370 199239710 248307462 255601847 316951890 27361097 69421089 452035758 130192997 129894696 173465867 167396313 445533094 305747344 336288026 5588980 48780126 198825137 21755977 525265810 231660816 114584357 479729294 342226660 455993791 311836214 327820127 41436428 150756439 415218391 167139276 190376809 57898402 
389195021 445978655 348598575 416556117 515399743 244074633 520497398 114986456 417540499 157585727 3959850 166728143 493873752 9548829 215508268 136139190 5053089 184214378 367800005 119637445 107383973 153466965 19071536 392968470 481287091 34256247 13416925 339945783 201395523 203793733 371592468 34030844 119464404 189883059 450586961 104556164 433957691 414524659 193290903 
294938490 41802402 197250752 435414916 509424438 206799580 94363485 115255644 211852668 278577862 456803932 305238396 359710118 53711197 298058215 222370604 508746572 332314461 235787529 292132655 3402000 413329545 133417139 11181128 2485966 297048481 435516372 80790413 174446472 319733047 274081315 443133245 335283732 471332066 348240177 314400186 121571946 442603661 403404113 
333424613 164621824 329900061 82103309 524331941 383611258 380161523 190142846 335798130 182168000 399678658 97622801 159318284 282700219 204788223 170499411 258934468 501836703 75707799 339724880 119723475 369189129 57246495 32548736 174164877 528578560 380788912 488565063 93590806 266832874 335409476 427015418 431454697 135001554 509118726 399226938 492361095 358972265 59061800 
297851241 514888549 458740457 369222325 143898849 184880977 43702564 288146543 443815444 15231283 363854341 226980625 108703041 176483770 284227119 141251776 350648646 256245980 495788971 282654009 349836785 206062145 87755502 220292504 107208858 196505339 199103246 480184080 132306734 1515812 8937896 430157974 516404360 441426637 242820599 103743509 69747914 286523162 391890051 
513563357 275502728 199184692 210235998 384205768 375668461 468211401 499205827 169757407 194149397 438435098 452411416 13678198 114189260 9858934 207718985 195146401 180112556 406822231 145022497 312419289 382086326 127708677 186017563 341930986 12575614 428838161 419422778 82323527 185053339 281004845 39327184 434304350 453937820 223311466 288202134 273046581 161214883 230848261 
442803987 355364279 138975375 364907419 342790760 253164634 348514636 20201762 448311035 528627191 400772276 36773832 284486780 226298902 164482508 470504342 11670188 177058121 342782803 431092965 233129931 527836141 155538110 272457115 405580791 79167946 495768580 137223225 352214526 100423763 368071485 238458813 455788041 507046860 73058249 242019101 203651794 395321168 235969146 
95403129 367388660 80181722 105925245 121567456 280228907 270407752 35512099 291899094 421214157 378294901 166432359 124036104 349571343 321970468 370241502 224844150 374886697 309450382 362067375 170541523 409874144 173579160 409000336 309102485 124066320 482058584 20813603 301466398 320820052 230531032 396869526 157900728 284461038 502794770 253216468 8130245 216642823 262476850 
300029339 81297280 110463767 466461697 205333383 433783393 231872466 19015186 102067844 76451179 328465567 437883502 246992702 208031728 81154678 125685054 517134212 205220998 51183938 511696098 506687395 372003989 185667431 346997221 503653001 443876752 293232292 200309769 452006996 483623398 462786618 221728351 34612694 16690685 131630349 213694360 450474078 363502814 232709545 
22233938 439953992 4615413 433865723 130386994 212647140 515020400 256072047 173221652 163681698 281004268 128358051 113809393 96448558 314025481 434554898 43541859 227594249 171227490 243851627 123041545 124542904 176330261 344769896 132903881 166769229 450148528 346598240 86935323 257091642 22748086 82917544 140485934 27363498 516783266 270872928 240010637 475243967 500693258 
386980572 82365965 251389543 515338622 196175358 347838100 299056119 74170556 391379958 500398651 245398045 78671885 93132213 343689232 228750429 411650392 476593112 395519657 305239220 266631652 482454980 32022878 289379737 8812824 172508811 316743234 499344374 443381738 194171 418028641 413767013 387174743 500394605 108596856 345953665 140010263 430183239 88450085 214180818 
265003497 58540752 433327146 343675381 125421248 246708394 42117826 510819923 166741806 437637482 285751159 433373458 363532762 317774036 166193495 346093870 490282847 456685013 288878544 377104885 430627467 176599201 234312198 261242510 120434106 316657337 76888192 234192653 216532592 165338276 448373470 481536088 197627311 325140917 268651769 323048559 15289611 284517878 303560498 
182031417 165595661 32751958 58845175 502876706 350525993 198786953 318662592 284249140 125163982 50981436 104794326 25483466 201328920 312854807 260474259 321763026 99204161 337362450 25647695 315736752 502700725 447769448 240713141 170020053 216350665 483113193 466816895 231640276 237323088 213817693 387419976 376667032 246569650 446265150 349235754 40535944 88492403 111338647 
298533367 187404669 162320082 403327692 186636418 363649002 159622800 447110676 128852328 258826960 254165143 128248306 18004012 200306168 45709770 232465436 344074504 262060435 185270646 280583415 467448994 396342017 494401108 324560986 242701065 184411058 214266436 35377119 198695285 302758838 146715765 497228652 490163506 309035847 343996644 146491940 116125149 503619443 37042917 
244977476 232138419 291208059 373225781 223890715 491514226 392683834 456356150 279029031 98184569 111318812 29304462 35325579 481409112 497453853 333634848 193802193 125305212 17593300 229179312 324000496 294100422 349643360 290921164 253955944 102119507 78358109 374196168 218244655 51669568 411239084 436970414 257556271 145887443 253636495 481446985 80841969 89760630 407495151 
359870999 187945198 492562247 362923745 197019061 443663375 330069614 345925 80905869 429123109 17939225 283833464 222815622 285787930 103168840 487485069 9435890 205288347 35535194 357380341 397281285 60953046 212059725 303943716 292257600 357947167 1020511 243396601 438789136 90781140 94332052 242100435 278726338 30334599 74716196 449493682 447746258 378534094 449839606 
502400410 277349219 441527114 255925890 473913124 197007060 332843013 431090210 180191234 511879643 440373687 511319858 378852945 501326732 193071600 126236961 237024632 524767050 101005755 480421232 406996486 191786895 18193585 118788938 444261516 22276467 167253417 363447214 470022724 15479527 256727120 442115150 266577030 167946251 141481340 210182170 338701594 448072637 84712680 
