35 35 8526122
891281 3075233 4590163 5117357 606705 4064177 5649906 2137696 5975035 8440342 7623097 6824152 3389410 5997563 6734270 8466069 5169759 8079146 4603036 1298180 4680110 2966864 5121426 4487765 3488748 615402 1948190 1228261 198332 4117370 1059361 2188708 8291698 5649523 
7306064 1471377 2286673 5528944 3609072 8261707 5443163 3805142 7658832 1405546 2375678 5866979 1345492 7545436 5420002 7047624 317493 2673085 2587461 6538014 8259945 6076208 7153415 1682013 8403564 8450842 6898478 936802 2113427 6664054 7685420 1992464 8135430 1445970 
7521407 4317475 2280651 5537543 695590 1413360 6943088 4170363 8379435 861554 3189676 6372410 482151 4606264 519373 3069611 3717251 253195 1718793 2344543 3034303 1596234 3368358 1406659 3632132 5481784 643686 2791429 47221 1352089 5336495 7568628 6768659 7617145 
4580048 37222 1603478 4096110 4207584 1456790 4957663 8496355 7829200 5439813 4576496 921546 1082397 866720 1174740 2801189 4310358 4209043 4397423 7678715 6714797 602528 5733472 7358482 4493052 5780692 1283544 1303424 4823197 8052202 1493542 1976219 8089423 3097020 
6072328 3770884 4553809 3602964 3741116 4955982 516654 890585 5877527 1599050 1757304 8151363 5499335 6067661 4933379 2469731 6319349 3122053 3072258 3526698 3053508 7565309 781267 4337051 1441707 6703560 4962226 2935248 153656 4525526 6032267 7325079 869383 2059954 
2401920 5709594 7015935 2918573 7699274 5466436 5616718 2029551 5091676 2589930 8097211 1498932 6158756 6989533 5720080 704891 1990108 247465 843174 2771374 5683611 2284880 948811 2119714 5220127 2201562 6645239 3825368 1000518 87595 6984417 4501533 5797188 6573325 
7420105 6069435 3513638 5609797 8098985 79191 772700 243047 2677218 6931456 7232579 8397297 209320 696564 118639 1052493 4567033 6901345 4436468 6614940 494936 2229569 290379 8239270 6054936 2389993 8326864 4513230 6891525 6697025 2560432 6884604 4240337 7173166 
5067374 4912295 8351452 5840073 5155341 2502548 5344502 3861797 2373722 5553822 5657456 3591457 7705410 1698367 1966679 3615756 8313306 2461615 5845324 1176658 3273858 4473233 4665746 4173696 1559436 3031149 2344598 5218963 2488726 7684031 3866006 7556099 5169299 3691336 
5969145 1798518 7292979 2787525 6759410 1140578 914320 3890744 5831130 93607 6688206 7797809 3709362 7574485 2832397 2127659 1324116 7205350 7699987 5989862 2852923 733300 1593984 6296617 5952263 4082709 6553621 1292146 3112685 3196797 6082577 555707 4995314 4849433 
4442327 4327698 7089107 5356646 8218441 4394114 5450253 7479620 4764896 1732588 6527982 170266 3860247 7852097 7375616 4133207 5315836 1702416 4866507 6909819 572006 2292647 3565501 7125626 4683888 7777281 1796301 2240343 905962 7890710 8188871 5348288 3692285 7850951 
2178812 4483699 3718943 7629064 3437196 1056812 1934625 1439055 2326174 6893967 1864126 1175667 2501052 8279057 3977178 7367558 6662754 4549184 2233178 2801228 3148687 6917065 2052387 6044083 1730381 2958348 5408671 1393130 8306635 1673929 717958 3058420 6157628 5535996 
2161361 1068701 7691904 5195082 3606852 1491955 3562926 6570073 3766717 6063977 6323007 7743894 6004508 5558734 3766955 8237685 8359962 8014738 6628628 1886226 5532698 8359008 5943669 3514342 2325111 5724181 5188271 4142165 1355575 2819776 2251134 4616031 4987572 2516011 
1284990 68301 4007965 4847916 6638373 7774681 3484866 4435258 8091549 963252 1467869 4431477 674814 2400804 3920092 8402537 5386125 2025764 808397 2803671 5540105 4232603 1100826 2202253 947741 2456400 5022028 4297971 7072430 2582574 6813981 8357420 2650874 3394920 
5778309 1862221 3742574 737052 7396574 3308000 2799399 1437416 7739477 4573309 4937316 4232542 5548819 1797318 7357401 6357215 4600989 4371384 3162792 6800910 7672732 4110532 731187 5267734 8408502 7803616 7850307 6696361 207887 3074154 1565158 5986195 6035470 5307731 
7822343 4905921 1188705 3194715 7442433 1501155 7768023 3853626 6832792 4790720 6750039 5664071 3720908 2824905 2608428 6883699 1099692 1755037 2468109 2929974 7022770 3449584 3306564 6346954 1619822 3514450 894986 4284075 2073619 6930455 2164780 2468935 4409350 3353484 
5663649 4424756 4854638 6004646 851355 4260403 3368339 7601393 1398351 8188342 2999272 4006778 6545919 5198059 6860911 1587001 8128033 6456654 5036584 2908474 4277486 7755502 7522019 6271567 4612550 1069515 5774995 6777329 4637545 2757318 1604690 1775072 7182073 7558423 
352691 606401 3292704 4820125 780768 5790150 4482344 3780039 2369902 3601236 451975 704690 6287332 1152981 7161343 3896890 5160550 4011802 4225365 4156447 2856342 311792 5225961 105215 7089121 2436480 3961628 1266784 5310647 3716675 1398181 5663337 4323075 5789980 
3056435 5103842 3054007 111752 1456854 5423908 3712988 3007925 7227693 2573293 4160905 5862914 6470182 795333 2447689 2169424 4951779 5304031 2481216 2750713 6508341 2143310 5187192 1943846 3410093 3070812 5660520 5907369 208026 2556569 3171226 4363556 233384 7324329 
4475308 1690238 5321210 8188295 4698162 4022781 2235465 332944 2458668 1278621 2227372 4906356 4547140 8278246 2783360 7028355 2502837 765578 1744638 263002 3808520 6253827 3333814 2042013 3635073 4640935 4598581 7905395 478369 4831965 6703601 4953676 7621298 3498688 
5714944 3793337 94442 523382 5225376 2553109 2901098 25722 32439 7448238 8303967 3914894 7049566 3379777 5779568 268082 4741875 1061965 6521908 648662 3103977 2729954 5289596 275532 2109226 6867060 6206592 1385800 4393709 5301767 5983584 2681626 1668077 6078025 
3205008 7992548 1204108 7205201 8018269 2335642 6127316 7796114 6250535 4650760 2649768 3503980 4918841 8490738 5665040 4013722 613277 242895 6743675 5902873 1617522 1425875 5342906 7824113 2811674 1210493 5698853 269135 4991214 7366929 7446256 769195 6833354 124241 
7974396 6325501 2459882 5575589 6694588 1283390 1700226 1917329 5886466 7718162 1881945 3025383 4304857 2495221 4367373 2522410 971067 5984894 5047380 7413069 6381980 432027 1196535 3554710 1800258 6187748 3494612 720391 6956943 1801844 1943727 6405216 700318 5502704 
3454682 7394905 6786093 6254004 1885207 5245532 6545139 3767151 8270915 2323874 7361468 5211261 5945379 905508 3769129 2466636 8318576 1624986 2898662 2088084 6278792 5798015 8275832 1247281 6518405 6706652 4148220 1035105 5684841 5947633 6537808 1712496 5915511 5896875 
7966499 7800718 2616284 7084612 4140842 3460172 882363 4075283 145311 6827741 4980791 3914439 1867350 5872340 6638520 5865107 7960424 5490285 3137000 283107 6737566 2228378 6989758 3458759 3263483 4148476 880270 2374264 6960067 6795780 8271138 6400444 7169471 3460396 
4958933 2784191 6920567 6940391 6859473 8164973 6341105 4413237 4652385 8208454 2858551 2764783 6646534 3391948 8255067 1257411 3675054 7565606 4584885 2138689 2498243 421341 7386260 4477608 2795604 5820204 3846361 2540620 4793621 2489710 7100111 2325527 5273900 5494555 
1838891 4706346 6232502 8179995 1692557 2358764 435300 4551107 5123546 7081834 7943054 5951587 912218 3091985 6090166 6596198 6329769 1161382 7017538 6289002 5638989 1287020 4682179 959228 4926735 2048774 4548033 3500723 5473396 1295810 1568251 7312287 7101251 7800752 
8065255 267685 1633394 8500555 5917887 7856035 8155362 6433914 6380595 541457 2098872 3944639 7137655 1001614 5106020 6728166 7290615 3317983 8015185 4545768 5376306 4415797 6594541 1398216 489493 4640910 3793121 2057744 3427074 2368249 2431469 2966207 3735030 5163958 
4039735 2225890 5592967 3668974 1232778 3447439 5309526 3331649 8491173 3921058 4333263 6170167 3222198 4196851 962027 2711260 1315592 7437428 8226153 483106 309521 1288619 5124016 4102641 3346362 1124063 7569985 6876927 4090269 3877988 3514762 8130003 7202974 581606 
3272854 8435751 5128141 1155354 4340373 5093191 5076411 1246609 2737235 871582 5443460 4798357 3582842 7858147 3709662 4381968 8341253 4019182 5670586 6038242 694796 1589922 7162304 837755 8466848 2726451 5814838 4554583 3429427 5590785 6235285 7801377 5500413 2837303 
430608 1314664 503467 6606114 3660368 4339798 7477696 1676801 612032 3633511 1008826 4321694 8015478 823956 913849 6259037 7961293 2707741 7848958 6597474 4644591 362657 1896898 3032402 4917240 6425421 97065 3725498 5700675 5597477 7661896 7230378 8011236 8165362 
6409465 4244578 3979037 6460134 5921378 5690165 1567522 6930203 2584832 2155973 327132 4597776 8415010 8288424 8404612 310819 6359776 4523080 673476 829647 7555482 5590715 7255067 225520 1889186 5528715 5822996 1024959 4232970 6407206 664198 3215409 2125661 5742331 
1149420 620012 2906373 2716942 7550215 6590300 5972010 7877346 2661953 6959993 212622 2540443 7270812 7671493 7063522 7944287 8501139 7191977 6107975 7230084 7417496 7997160 4232676 5813466 495996 1038620 4793645 2259289 4254028 8018401 8001619 6502543 112290 3480965 
693362 235478 1545142 7764468 8112824 4207095 6198338 898419 6747537 4943027 43789 6384032 5460287 18805 6148983 3042139 8347984 5040356 3612272 5153634 3426795 4108267 7291349 8220439 6367556 4118350 285691 6942148 2094770 397981 1896991 3887228 1732554 3442132 
3125573 1319255 7649226 1896884 3316769 6969736 6839911 3360557 5926742 4873171 4478458 3549602 7915310 4300319 1162931 3001459 2026926 4589726 8208822 792152 5383138 6050255 6009597 5668829 4466280 8104367 7165905 6363270 3465472 372336 2378376 7690140 2790687 2600575 
1060901 6107455 1044189 473785 941890 8070026 5346956 6519443 3093505 5835239 3392735 4256435 1409671 5419661 320038 1092370 7310908 5703176 8241720 4794383 3944978 4181878 5471723 3683856 3118121 411072 4056191 6595592 674185 7945973 670045 1735085 5527306 2813329 
3307966 7568291 2357232 128799 5561611 5450736 7063133 428223 2280144 8472803 6946979 2600182 1039051 5731765 876331 754648 3099121 5920404 6035621 44721 1078137 1726716 1554888 6233423 8322307 2229072 5653274 1565325 5063252 3753553 4378653 8371217 3894817 7834980 1072989 
2029401 4759593 8136121 2457623 7039737 8082802 1977576 2212892 1694826 282314 4188318 3548569 3381434 1582599 1058068 4525250 2660735 3883879 7179233 1467131 3680063 1981278 7120404 6344484 7044529 3446930 2197014 7988720 7341746 1505872 1634682 845024 7364560 2343777 4401743 
6977270 2999552 6379318 1763135 4694377 7760727 5951452 8242945 2616038 107024 1873986 8240383 3866854 5757864 6893493 5333985 2010901 1447744 5027362 8355384 8492272 8474292 3125371 527843 8389011 5730338 3261621 707913 5667872 5605397 6208751 5218115 78826 5161042 6981250 
4773202 4395646 5505675 5589120 8110779 5612699 36080 398013 953430 6893039 7291505 7386510 1476913 1312222 3887750 2405270 1278371 4935015 5530641 2905310 4797903 3833952 6166930 6604911 975701 3246204 4287539 6193816 4424125 2021554 5748039 1770300 7516295 2727591 7359419 
7100951 913263 8494594 7498963 1866693 6861511 7363441 727080 911397 149540 5713925 3316667 2527007 2122817 321185 6531412 6920720 5254232 5271315 6098604 7329029 1090492 2959117 4996722 5514616 4980670 3317734 7284915 3970843 6045324 7217307 3644767 8057683 7185779 3716704 
1398253 6620263 3653118 3224428 7531659 4901754 1511327 3421299 7428760 3634143 4841579 6533145 3127836 1569689 3278337 700318 372595 4368828 4758530 6468412 1357321 1213077 1260023 1215209 6283015 8404442 8432515 2500756 7936002 8191267 7316555 1907228 7384503 2443550 6230752 
7489136 7345303 7742078 2384312 7347036 3949194 7225891 5354058 7077030 269457 1205368 350321 642051 6673291 5108850 8209558 8030611 7421022 943458 1818793 6277011 1920873 1725186 1350740 2429849 2489426 141172 4337076 1347807 2584721 3140801 310820 2502998 2356756 3794227 
1323911 6305950 2493995 7777065 5955953 2763451 1555406 7405369 4504597 8228697 3988096 4188032 7733185 3982091 6230585 2124952 2832075 724432 4949233 4182814 3154280 7438658 4323985 64329 1359438 8007802 3205130 2769353 1984677 6660981 6563580 4407683 5539904 531452 3658625 
4068830 4393999 5214031 2948076 372473 4916605 8035267 5659601 5222763 3491236 4463159 7347714 6323310 5187590 3770824 1980002 914843 3782456 7403082 979172 5141893 6884761 5283397 7911246 343315 4517351 7047799 4750998 1531133 7579250 982596 5599962 4546222 7295722 21916 
6017791 3686204 8057182 4250365 1481941 4121391 187401 1402628 1918579 6474087 5173452 4997676 8488025 1528881 4973731 2040170 6670773 3332370 7323566 7154992 4774780 3314795 6775764 2098751 5945023 6927988 4180443 4117958 2948087 2950042 5238969 439755 7735342 4770029 4690119 
691160 1464393 5976616 2093787 4482067 3924580 8366334 2052716 4985578 1369092 7026447 7025748 612839 2931790 6922287 340804 7706569 2810055 8215664 2378294 228955 6617529 6558736 4346913 1039493 982655 1059759 1479248 191874 6928883 7268462 1982129 966250 4718955 4075916 
5448316 1216508 5015223 7501032 6202086 7483411 7100452 4701711 669223 1506119 3097875 2109122 1785661 7007026 1798663 4163954 7235980 8416191 2196567 4155866 929562 4278318 6314721 3507905 5569287 5816577 2250244 7551416 6782826 8068295 4200305 4804116 758680 689405 4878121 
6960765 745789 3452450 4235449 1415011 4958568 8432420 3524133 6744228 6913323 5322795 2382060 6722276 6311960 5677722 3451116 8340617 1429917 2338810 3322399 8098300 8155386 6671738 7123593 7511186 6213910 2797775 3789179 8071686 4586275 141177 7605424 5332064 3593626 3314751 
6747074 1125167 4320144 2844180 7869394 2707344 739949 2824427 2002593 7051908 8502149 5453708 6866402 2505039 7792517 2761774 2077216 8520877 2006485 1773782 7505940 8220395 4571556 3868092 7765958 1730805 5108364 6845259 7062868 175867 2732983 6382915 2400129 7053126 1800069 
1743400 2333443 2540017 5666923 5435132 2164898 5642949 2362717 1604273 720961 2728208 5465142 3897273 3822058 7471626 5671054 2801875 7165898 2815584 7769062 7504829 4546388 4351303 6923062 3083133 5626265 2229018 2039021 8026393 756022 3839089 2342766 4188560 7478201 8009688 
1097569 2216072 6225610 4559382 3820344 6946571 8386685 1858459 2317721 3682620 803963 561748 7583590 542834 3377331 6826529 620637 7923718 3750805 7543698 3579824 850947 2345689 6717941 1450313 4200806 3130003 3793078 8389366 3181178 4375740 2059908 5397249 2075227 6619289 
1790567 1594771 7578947 3649025 5011587 2735444 5552083 5573335 1792911 6094917 1523639 1192413 6715553 2020331 4943217 6832224 5600154 6893259 651790 4891068 8343571 4852596 8021071 4709623 5814935 2676126 559240 7874842 646348 3733562 7067105 2436914 5328333 6119929 7185035 
1813797 1428347 4210995 8486227 4320353 1779789 1483744 5512766 1068315 3504074 3028956 7900538 1677201 1396093 26206 6568269 2312637 5977897 7162313 8121355 3266709 2411412 1253568 3714524 3057759 4987130 3354602 6593769 2888436 2047505 5252681 4702232 3475851 2036649 5761433 
369177 4915534 7245176 5881942 5983848 2223127 1483872 6457360 3900327 3979060 7582661 3041569 7390792 5034435 1677759 6986025 874117 5188266 8239592 5687736 8246025 5799695 516216 7412767 162008 2563720 5238421 5963336 7138666 7275069 4297742 7507842 3664480 3016795 5962758 
2221302 6339017 19603 152539 2812317 3998662 7735199 5853886 2863331 5342607 104618 2422329 6216723 5292884 3234895 3378336 6111882 1607563 4993647 4998526 2868667 130340 1710824 305880 7269005 1558866 5702717 7349821 5223346 193389 5885552 17621 6532405 7004250 170159 
818599 2476789 478331 7771580 6439215 5820937 449172 1434518 3511537 6841151 4669412 7988968 4426910 6276974 4456493 1998409 619518 5685928 3709232 2024493 5527907 5268097 7727209 5450701 3064416 493571 2810130 4181132 7025975 2387353 4351290 417548 5963237 4829620 762101 
3876329 3223530 1211272 5310846 6735066 625396 2553231 7297008 5052305 304083 4326474 7050713 2022696 1486279 3332918 4047189 7014185 1173989 4347371 3938763 4238404 4840942 7847988 8419536 3340794 2808314 5343799 4857437 245428 2746393 6718634 4121757 5969922 502879 2005576 
5277962 1128275 5657903 4048847 6180579 5961985 948294 5804266 7984680 2434572 611061 4604842 2021731 1785049 426091 7059589 7122549 6366128 7480551 8115058 2279895 1762742 6031830 7137332 2008170 252100 6428939 7229022 7321118 6931817 1807571 4072957 8060091 7465473 694777 
6813644 4901335 1643070 4091787 5458989 5176737 5801943 2636804 7198467 7586992 4161990 6831030 7282514 2001995 5785458 6871449 4281890 121173 5476252 3992195 2129342 5728352 1895011 1931337 4523347 1399801 3738908 1169277 933770 2678258 1864053 7747413 152567 4606218 4412173 
6710651 1256832 1687993 821332 1028273 1847958 6082418 432276 604349 657386 7316829 48771 4939275 7438001 5525023 1504443 2140317 3826348 4498549 4071653 8349694 5898350 7810560 2091944 7931215 1962696 5055092 8251601 3214358 2234283 4137651 1398886 4590210 5825643 3319313 
6717578 7673601 875608 7149853 850923 1532994 5940559 899694 7571364 5951534 6424716 1648781 8091850 1724941 6147329 3637380 2647608 4618652 4020914 5838647 4023744 5983609 2367616 3749222 1770940 5700994 459846 3169825 1765081 7384585 7588233 8482659 7631159 8463841 7106389 
8482081 2569808 5619922 1954748 2714145 3045333 952437 5462021 2611060 3776473 4182324 7347535 6424080 274853 2842326 4835700 5397693 1398908 8302411 1719888 3169847 5477282 2179734 7438767 7242363 2137292 6500878 7198899 1242328 6438596 6878261 2297382 1581377 3972060 4252130 
5394617 8116488 5204566 2330516 2201425 454917 6512839 2121934 7978092 7886787 4964259 5386766 5857453 6363167 5163054 7577341 2105987 2114214 2330048 1018632 1929550 4467339 7519509 1701422 6808762 6531078 53560 580021 685428 4025620 5931246 7179140 3615985 3708786 983533 
6916506 5262798 69345 1611413 4714767 529106 6575671 1575410 6386558 5511811 7837560 5437776 190772 2524747 340797 1209403 4454296 5907231 1301885 6155717 5288966 7832962 6209276 6968083 1091363 2807869 4373206 8270502 7522950 8081991 1827009 7012429 4818666 1896353 97719 
2106407 3524554 7772485 4780912 1384990 4758174 4092349 7921861 6048041 6617095 835632 7257443 3644364 6742862 33205 1273958 3505706 439140 56208 1947666 2629598 3963172 7419967 2373977 2959999 8074932 5300081 2545401 5466571 7196434 3742215 7572977 2194865 2988578 3827767 
4678950 319725 493089 4074689 6367765 8209280 4910320 5099085 3327521 4226155 6231385 4601479 304834 7769620 5756782 3351595 2972191 1193831 2245440 5346167 5252926 1794249 2120126 7798326 7260819 1889533 3014419 7406770 5183493 7102092 3807510 1336321 7421816 4300598 6510105 
5263458 3983755 3993398 2935516 7311276 8219552 1739874 4485728 8524386 2082467 2815483 3349858 5054657 4009313 5595297 2973797 736116 8488641 6193018 1107416 8322434 8082550 4121834 7203081 5839017 3796899 2484468 8274433 2692592 7884161 6258415 529023 4440890 1725690 4563634 
4325139 2518215 7402603 284744 2516478 958947 3100226 5866336 7112699 8208634 4034606 1560373 418628 5096221 7753391 1526043 4892532 8408914 6746972 4668586 6820904 2017748 8252149 6569214 5809435 7610187 5400602 7437553 3524954 8225387 3475064 7850092 2217480 2351544 707809 
4733957 4409586 4907130 3173266 2996162 4589642 8306968 4556534 6107365 4877066 4882898 206381 2342571 5864786 6953352 7011156 4159567 1544073 6737182 3301755 8452603 5821246 176234 7364033 1919174 8401621 2312974 1243143 3192074 5763613 3050048 499004 1647076 7957177 3672270 
