1730 1 256968411
227989430 
225569547 
203939757 
42698653 
241130970 
141135828 
244306632 
162342243 
144724298 
132280931 
224915929 
220885097 
180152362 
112567681 
171932299 
82122047 
199107752 
156249647 
182259428 
22622920 
242868266 
25044381 
201882229 
27814183 
45873896 
137755658 
207745329 
212023259 
84312566 
139626236 
54078848 
55333585 
16491012 
166282245 
98032237 
653570 
50449661 
250602508 
71259453 
103437598 
125915028 
39206970 
67354283 
214331029 
151774650 
147550222 
204716715 
2177630 
46831457 
38271371 
24800549 
197963363 
63315751 
134946417 
225777545 
17453286 
15733663 
84818102 
229476544 
100046229 
224444338 
191819032 
63643453 
240935349 
101132865 
161675689 
149852558 
59846165 
63573425 
221112010 
163283763 
97752092 
168582619 
230638045 
55114710 
63388857 
121219855 
168095064 
230798537 
76314952 
206366435 
163862726 
17309903 
177945825 
41840731 
151351087 
195399111 
222806445 
236169189 
76170883 
65884262 
111908755 
11021503 
129527714 
4139332 
20418007 
199467042 
153991889 
80264172 
6072055 
26399128 
243547934 
12087787 
194981746 
125481207 
232434547 
166634243 
154964702 
143561199 
140464368 
231279653 
1222862 
212590733 
156853195 
179168687 
254431464 
216467921 
25863026 
128533137 
195668698 
102033908 
194417398 
50609041 
21319051 
232208751 
54748372 
41737057 
174707381 
117003901 
30264868 
89043075 
143403028 
16844390 
101130861 
246648413 
50589237 
76596996 
156314244 
205553938 
128421835 
205042252 
88128819 
37908336 
160664573 
244982013 
125340662 
66391265 
112745162 
151203687 
194924401 
51445449 
253237595 
40637027 
10318129 
182820285 
15877366 
230298552 
224557341 
98848386 
255566092 
254822209 
96155101 
50264348 
179930238 
105549601 
39944349 
230519474 
90410237 
104522233 
179105000 
218832071 
52596073 
10265407 
256740406 
121524285 
163511059 
33376297 
96179190 
19287810 
184579983 
199367230 
235965309 
89112806 
240004257 
154547077 
14964679 
164145262 
36140857 
239522020 
171257288 
34738537 
145639457 
175676028 
85002884 
68601283 
24257217 
33210873 
207384397 
114667453 
137733105 
37784625 
76531112 
190329177 
48050032 
241535158 
220117101 
119824730 
17943043 
59327879 
47376179 
110786665 
166958749 
26373076 
199899471 
58258234 
89183793 
214864149 
222403495 
125324649 
105681397 
44956011 
68326826 
159584493 
220632038 
153329709 
136449416 
244889255 
94804221 
86865401 
10851936 
232537325 
124650025 
252615099 
74161730 
80963696 
145445485 
37310420 
109052066 
71652167 
4901938 
156428244 
182438831 
171860686 
91064960 
125369890 
230118919 
180248752 
248497679 
103817643 
48604989 
5474304 
148773653 
25195454 
165058797 
20700920 
86788803 
44539801 
173853814 
181593023 
39668841 
184705749 
157161937 
72582505 
180352436 
231323666 
153546201 
234061560 
11665674 
5629855 
48745315 
16567612 
70321738 
231184146 
96691937 
161386697 
7849264 
69842445 
84667037 
164610582 
173660087 
41535666 
170084886 
230697379 
66731119 
78175271 
251398298 
153519921 
30978711 
76547340 
78144533 
235879602 
4284678 
143570109 
51493695 
92900753 
117925363 
113303535 
69993902 
37854677 
118933389 
27002856 
219654339 
189255127 
1218590 
59377864 
1937052 
174299905 
129220308 
86604089 
81942075 
45911983 
36403394 
160290600 
184873002 
11398152 
146729510 
179302888 
164918073 
177708220 
255850228 
151326245 
64883050 
168398545 
37927942 
116376745 
169562937 
64116944 
229680279 
147820478 
101971620 
256877308 
174823334 
64657547 
97427663 
84305563 
32299051 
99364714 
1637056 
161519358 
94232442 
248811182 
115694981 
38899475 
152133370 
43599571 
50297627 
41894469 
131166098 
123479339 
127866328 
38311554 
17837172 
192749378 
206710098 
220997164 
217389762 
27568264 
193377747 
98365269 
175388741 
203613007 
6537805 
1507303 
11302142 
12229107 
85812866 
43601192 
19857461 
252681972 
113384190 
114089902 
152788382 
229079170 
152989377 
47953341 
180942380 
203287003 
255079860 
55140066 
69797930 
125977776 
93451620 
252867152 
226990793 
208425357 
125159544 
95675783 
235993620 
61568879 
194041052 
62677590 
8213474 
108842496 
229416943 
184747667 
121071603 
223493448 
136612498 
140929063 
219207009 
158260327 
255018964 
23290619 
38634725 
59303569 
71243959 
219577104 
170854211 
234587458 
17748759 
148915780 
11860463 
111200378 
53078160 
238851255 
227889374 
178237703 
77558627 
206914583 
148070222 
179863318 
177855812 
64547335 
31737402 
150304343 
157558641 
61072644 
25093020 
202434779 
202001706 
244300028 
103726694 
108315899 
10622235 
142361419 
75883107 
247098245 
104970111 
246737318 
224717291 
30982509 
138684686 
236577753 
142182886 
191762846 
126724237 
113103849 
21295777 
112546503 
228282071 
169365998 
200673460 
57433111 
142176973 
140674501 
116001093 
42767202 
201747145 
141094112 
245201980 
55044079 
36689368 
223903 
163359977 
212543654 
142585321 
239243084 
202673487 
155819071 
137275630 
78686006 
186801580 
184223955 
223527399 
237248105 
27282029 
93283224 
1647182 
48577806 
205829726 
138192892 
126207443 
57798414 
195626002 
11416004 
198472914 
54658684 
219415257 
143251647 
104016435 
115912465 
198295726 
140705803 
116136367 
12950931 
96281045 
166985327 
160457654 
207218171 
231068038 
40764872 
28935765 
160901206 
224988827 
252463163 
49444539 
252270855 
254010026 
51091721 
209112300 
111134980 
189284612 
78351332 
168933393 
127942203 
254999386 
110437896 
90864526 
125709871 
161953182 
103144600 
241622336 
11544136 
243850402 
9053931 
24495067 
248395086 
176039258 
184952720 
106908485 
150138884 
133981232 
44107890 
219303729 
102001647 
39602641 
11779856 
5567730 
201876307 
62871576 
214680030 
56042875 
160419828 
201295001 
133239908 
31393619 
107589615 
151941443 
30521784 
233299486 
56926213 
41930023 
126217050 
233702400 
194044065 
135270980 
166461106 
185470739 
54341826 
2709054 
35410813 
112744349 
136690285 
79518702 
240311717 
146955571 
27384982 
252091573 
60786941 
137524928 
223226788 
18498559 
101831443 
126678204 
128057199 
235071350 
66335462 
143910453 
38308021 
5120885 
28505167 
3497873 
47050908 
154722216 
237200272 
241094972 
33024785 
146692966 
77860939 
252598661 
57665660 
21535391 
16638239 
194355944 
9317732 
256949955 
84343104 
201934765 
160336756 
53393684 
82491281 
126595133 
71892242 
92586363 
161536976 
108213080 
70689301 
227872438 
160387172 
108997321 
141256962 
188892339 
112495194 
188307869 
86646143 
990694 
80698069 
119670927 
55947300 
158559008 
23564817 
113612959 
180094398 
40203055 
51000491 
97675770 
40184598 
43607234 
42642123 
108784994 
97000917 
33397043 
235380126 
77156798 
125983406 
48212330 
93633517 
104936346 
19116356 
254020689 
213933667 
160373318 
185944616 
234692500 
256944826 
15622347 
235683193 
80674484 
43556914 
34662081 
147497131 
67121730 
56538679 
70623117 
15588424 
107539170 
76562526 
221005072 
59410043 
119204648 
72821654 
156410960 
60865331 
216465419 
141831397 
186848736 
7709338 
235464914 
34816670 
192057744 
140780831 
157013976 
95462650 
69757035 
43001704 
3702705 
250611432 
186948537 
84377188 
202431985 
129874257 
231874318 
177817354 
186412936 
210761074 
193405777 
202215745 
195587240 
65706078 
4657376 
57823476 
138527731 
69331975 
26952446 
98024739 
211163372 
213801181 
13997716 
97923514 
156881491 
206055459 
146967984 
222159106 
209781749 
124988658 
173424450 
213484453 
26895318 
103404575 
206125280 
229327303 
233278831 
89294826 
150176245 
70986995 
43087488 
251845662 
16234328 
238674727 
60583328 
20891704 
204761843 
107374698 
255455729 
139977928 
205399436 
209650689 
5074338 
127660791 
215837842 
161955828 
76747839 
105837414 
35410162 
29561176 
139089711 
208834611 
151309268 
165985029 
220502825 
100466136 
138343920 
105076885 
189760961 
196783804 
176063879 
141112088 
191661054 
192298207 
31082044 
160508021 
121453550 
144107526 
10914308 
119940867 
27117042 
124577383 
237855196 
32191379 
252238174 
104988266 
102410846 
72017601 
119089320 
137821008 
9842416 
1210619 
254919258 
161151683 
167195647 
218453672 
169881458 
213803206 
66562145 
102674007 
153618599 
150889663 
152049734 
253543292 
86219458 
183131777 
157082902 
115936647 
70270891 
167997209 
144141154 
97387933 
200838231 
33291578 
37842951 
196107993 
46543483 
140253797 
176389233 
165632802 
186338444 
94495288 
166843421 
92552930 
163910610 
242302707 
54038190 
76823656 
199137502 
28863974 
87761302 
4051329 
179753637 
239811036 
626209 
174236734 
165974401 
157709110 
198437021 
144508932 
233969958 
85609763 
150160504 
177839778 
27164980 
188003454 
25242999 
73708462 
236520890 
109895872 
239341264 
74154562 
204391159 
57479913 
166707492 
19596998 
208046259 
220745681 
96420653 
150215349 
157873295 
92445595 
154266677 
80658520 
75288219 
63156526 
163158893 
149526259 
220865635 
104627502 
37066779 
106130822 
98500904 
187227282 
192234239 
125665883 
26525965 
125740877 
107637985 
6078443 
235636748 
90010837 
80233005 
91323136 
55754389 
246940496 
110920133 
6832236 
118981405 
207340785 
65311225 
185118339 
42817968 
127841541 
8808447 
26369826 
190998066 
80230980 
175896085 
63158930 
184858481 
121226503 
169289751 
26390974 
51485374 
12819218 
60320496 
243243389 
138560094 
167958480 
157585471 
117228431 
166232956 
237818475 
208551566 
130250984 
136054199 
62503287 
137083220 
163299244 
178107711 
110658084 
91449171 
129189319 
238499624 
8521258 
155559144 
80792919 
88752237 
74486817 
143951848 
181874357 
103976960 
221505238 
116528970 
63725973 
234324455 
176849466 
50000950 
24179777 
253071585 
207586420 
141408207 
162336130 
96700124 
1255001 
35618702 
141017962 
228990338 
80965561 
47348794 
150129638 
99887284 
47061605 
22350545 
246650548 
220814913 
86173328 
70475055 
217830789 
68923785 
122690542 
51000374 
172900744 
87227368 
167529344 
236626716 
229815462 
252642449 
29659254 
253995238 
248745622 
145509313 
46698674 
62376980 
242209436 
47953674 
6259322 
34522627 
19975601 
252456933 
81871420 
78368878 
3639446 
37196664 
8983062 
250289993 
166275216 
95156389 
229028687 
127137593 
164080173 
94750817 
86401607 
80012505 
90241824 
253930950 
224902860 
228320925 
157868627 
162825753 
225347751 
57909477 
51366655 
15078013 
120286457 
201839730 
228263738 
34809418 
236362356 
156502978 
195529990 
226497416 
234871855 
199169435 
171957719 
243854916 
100754656 
81264524 
82042893 
72814931 
116665756 
154386706 
167565747 
203067362 
234399210 
166071210 
108293540 
202333659 
137423723 
9193755 
108191000 
14066703 
67103232 
67821294 
194376766 
95653328 
177924664 
165672092 
38726385 
157318608 
230438709 
234256374 
35111252 
208342152 
84721038 
207068971 
103492296 
185475693 
196597134 
93798829 
1322213 
221526529 
248185534 
77151599 
75889120 
225616332 
243222809 
184182659 
79245219 
31941760 
193376414 
95699859 
46008462 
168743285 
71784792 
240385228 
7428201 
249709455 
57352548 
46154585 
150059652 
30822846 
23442547 
93434543 
147428637 
108163584 
208767153 
250920933 
36670866 
56659515 
87751350 
203225129 
21217633 
78968472 
23408316 
97106752 
212848443 
174894764 
24320999 
200357302 
206836524 
125961052 
39088749 
161108625 
37735925 
110873540 
144525441 
45164125 
103614584 
110141629 
256550760 
161937875 
140964474 
188256947 
163636057 
196656750 
39452119 
115434799 
190609271 
241355035 
172094313 
186624260 
95875392 
193311945 
173856371 
119283708 
198682336 
129736403 
202442111 
131266975 
73125293 
152310223 
259615 
20477681 
56450437 
37995540 
39614860 
109239517 
248391715 
51493083 
219381145 
156237704 
121694597 
11640847 
87526239 
28362243 
116561237 
35241997 
143797041 
50202096 
184860672 
224154993 
145089996 
23767652 
68762167 
61977955 
51314999 
10476091 
99977997 
253757110 
141743065 
81366929 
57362561 
50266320 
10108249 
22076637 
253493910 
49723109 
131316154 
153180853 
101216191 
1992527 
52450145 
131174428 
178865425 
139976383 
159536670 
38458250 
175218380 
211597350 
253892396 
103110640 
178783931 
142013980 
126878291 
155809737 
112255575 
86456930 
166285828 
212233571 
83245628 
216292532 
36632089 
140608188 
9590440 
46740337 
70948465 
171347989 
4727085 
202264618 
67560431 
14206916 
112520784 
120010575 
145381343 
199649848 
3018547 
47949601 
238108097 
86500566 
167810590 
143295722 
189611205 
89626109 
28341290 
224753135 
153699486 
48860504 
54241653 
63016902 
4125664 
45750920 
187573073 
205989803 
94622748 
105427153 
160993779 
165571212 
19806730 
165720864 
19131058 
252599211 
88191419 
131651841 
115641375 
233572761 
74333278 
26923561 
189786001 
220705014 
113424126 
100628179 
107032324 
211298970 
98517927 
43637254 
179083693 
252217412 
92497757 
141588986 
223497953 
4887060 
187339905 
154102615 
119140502 
190226292 
167793407 
23165870 
98829092 
95863776 
97150373 
117960149 
91494576 
93605431 
157875630 
115399590 
70209780 
232208907 
142323150 
3027369 
104209149 
255747275 
11919187 
119505113 
210077833 
110437113 
163142366 
40456754 
105686114 
163903762 
182045739 
72215655 
77054462 
20680873 
134581909 
196194963 
210907164 
210638955 
127624472 
217999896 
49534320 
133038484 
78991633 
49292535 
226643914 
236867262 
164692124 
205117333 
120371397 
50046862 
208144701 
132844186 
214057776 
220063887 
252349298 
167167197 
73532589 
66786892 
115887590 
87482342 
230690653 
206196969 
67961636 
50776703 
135141481 
202543545 
155235306 
89080233 
156214088 
191123417 
215343768 
114012047 
67193490 
37366990 
163304581 
202101043 
182497891 
71028293 
150249965 
211132928 
121075154 
9689894 
87008702 
78164518 
138017421 
247621639 
153595354 
119813649 
57440119 
177746584 
207295990 
31162360 
126975141 
18289214 
247171114 
5148210 
129096398 
53701648 
2492082 
28342075 
244825064 
217835850 
142354121 
220282193 
163466479 
213922342 
165414825 
254228009 
27982223 
223928429 
208392525 
57321017 
233618322 
203664866 
135485534 
114667331 
102581733 
197344528 
234480979 
160021851 
118122700 
184808557 
99447851 
245097840 
111361411 
254882604 
158509689 
240457808 
51615840 
161001770 
177063522 
204704543 
30132848 
227681283 
168018325 
193599326 
184635213 
241696789 
190858924 
212617435 
208656806 
50546677 
12970040 
185306716 
162475183 
56719214 
208237687 
8088504 
254063741 
185750254 
76373995 
23481669 
21854040 
175821845 
176843148 
41479090 
173736037 
78384425 
24968486 
133615516 
147649834 
202032008 
81351647 
177782682 
172744879 
157633611 
22677236 
8675320 
50625628 
121799799 
221292754 
2314022 
172346476 
142526434 
95884378 
77853247 
199245647 
47153653 
251173801 
104604616 
141167546 
70579384 
128086284 
163021585 
246401228 
213193071 
204500674 
71432493 
34609084 
137732800 
113311648 
90522557 
82796396 
102926935 
176568878 
163804914 
168824185 
199246114 
172480233 
219449813 
64077501 
45068215 
221763834 
144687616 
187594648 
60679800 
130804502 
38135523 
16097092 
125009892 
142740138 
157264638 
195589275 
179090061 
228549862 
93285732 
135314720 
84345765 
72981864 
78187443 
222078564 
94557152 
168710000 
213138599 
197484086 
88310466 
28238741 
109339859 
195820219 
108982613 
237053311 
168161360 
154050827 
201848734 
55880564 
249909115 
170792173 
186685066 
31076226 
95152905 
54726546 
173816364 
252417542 
158579460 
4201653 
132262632 
160128831 
139516373 
216608396 
233110695 
217703815 
89982188 
235931486 
37709043 
46152375 
176447160 
34283149 
239623166 
194050658 
230103367 
91637367 
174135558 
141296315 
245688194 
27279520 
105440519 
146892537 
106335332 
35157173 
177968762 
201488236 
255115769 
3080354 
105201006 
156726817 
7282007 
145727278 
225119288 
146798379 
105367262 
109525211 
15797422 
103613090 
88488285 
218738516 
149765464 
7967033 
253021664 
40683859 
110281330 
134420259 
132321225 
192680527 
183980214 
29304647 
128223686 
32452321 
176197183 
234559018 
67609493 
97197534 
87342482 
230988901 
8541527 
192543488 
130747306 
15823533 
81302354 
7161822 
70885551 
94933255 
116687032 
86682973 
198546344 
205175316 
48453077 
256575448 
121405988 
209738380 
40290895 
231687318 
87190227 
80875759 
75663073 
14202029 
110180406 
203886759 
211886400 
194641228 
181477365 
22527481 
200102401 
11851435 
161780021 
208643928 
112658562 
35558916 
224467460 
102224555 
42720737 
38384600 
105421450 
67671409 
33331212 
46999382 
15878313 
81784288 
211838469 
137284301 
199786307 
160393003 
20266847 
30008122 
241268762 
95929919 
209442202 
2744396 
42848266 
164360190 
197385623 
132589270 
95151311 
140519613 
52704345 
256931331 
458769 
73626546 
200753886 
224926228 
84114741 
151738263 
171574467 
189536190 
219409671 
204905678 
144799211 
235287983 
194953605 
99669269 
23867512 
137771500 
168325911 
44134358 
167779622 
152626261 
140064277 
28517052 
63634296 
91176182 
192877241 
4051508 
132029092 
31060140 
52834760 
92997076 
196255111 
53293528 
166623621 
140040585 
186483395 
250738361 
200042487 
101089451 
183306139 
162483746 
49026717 
236368990 
49066958 
243980322 
79069847 
72934469 
33047050 
155659397 
25332467 
200826671 
51317247 
165396743 
229343722 
23215182 
164836564 
73516192 
27266689 
205129295 
12839971 
245333499 
41157959 
209095081 
206890666 
207781580 
430895 
44669290 
109815169 
108737021 
145758740 
36152897 
14252356 
103049096 
15553475 
228551364 
255293057 
2886961 
209749472 
31371696 
66809997 
235081938 
232198366 
26390883 
51773909 
112837317 
49606065 
216610473 
94617148 
242104804 
164771356 
107457118 
230469892 
205929315 
224815839 
88655786 
65006123 
133510373 
133325075 
174821291 
242247393 
187347454 
119237827 
164763388 
33428139 
43054941 
44609980 
31752784 
211173952 
254359452 
63124479 
21015538 
232472978 
203586485 
47406420 
27278476 
224687441 
97012484 
152152588 
62336177 
247380928 
59955532 
78056934 
129146048 
174148486 
211136412 
217801833 
147418248 
252910424 
2422137 
65271128 
146453046 
189769590 
92772594 
54248022 
223197728 
135827535 
7121642 
163214152 
255265126 
4512682 
226338630 
19312252 
236985659 
81220343 
231950723 
172527774 
48939372 
237226846 
67711950 
