7 5 133125353
10245666 95941428 116880932 64230832 
130957238 33201487 23436375 68161850 
55406043 124345057 126363809 125083206 
24993570 103218642 118682179 68422045 
118770037 89445166 128989251 100154011 
68437986 42142713 17323739 96312155 
91327992 67098232 63157175 126602314 
129956096 74405769 119590965 122723762 19743843 
85868543 53829240 17575727 101592029 59787614 
85737576 23872719 51007318 78976032 15830571 
58522887 31591320 117034749 109466931 132883356 
73354562 105330828 99912014 124314547 129995540 
99757752 70023348 88198178 16252631 55169 
