34 46 263364202
258466714 195302639 1698527 36502503 249978318 119663730 224705190 28463158 226954009 81468955 137756898 6999449 40541080 220549507 44234678 80350252 99424623 223028818 45287160 118710256 256193604 162470388 2747962 43869305 202589737 104697308 252175509 142936603 99507971 95419106 213979607 94610482 27357542 215678133 90542953 13971657 31407628 51883940 1864782 217791605 92782862 99051648 224791053 92753909 56236952 
5661528 173104161 115091543 228690345 177821288 233801798 180949714 76927473 195979728 224819018 16153008 37312833 173060292 118519578 136820804 5115195 69134982 190861253 255266907 244243082 240834173 228668531 12286508 29353910 230533313 189508080 81566740 66220758 150934930 174320648 81887677 116026425 43490574 196979219 40782535 221311862 126846783 221732248 257669302 59462308 183187063 10458107 56205108 52313120 88407653 
193025911 16858282 116972602 79952930 8760986 97851482 57422900 237429517 69567957 46206778 204598627 259076036 127773517 7455182 106076731 261524132 48772826 222103155 1080472 245752045 262885689 222392333 68664593 180683702 216697432 87556868 59936530 186585507 143761975 112249649 11628957 32853652 129107930 88031526 112806581 137868916 185883007 170229480 71364198 255450963 216436257 12598622 210592764 40275539 242847973 
53305292 261229639 28256596 234838414 262310110 233438608 193789868 221338240 261533168 111109367 134101437 85725833 130475864 57322741 229487808 242725512 28381665 262341459 67899208 116413191 111783837 165198091 261726165 241443284 236562288 213242894 153945307 208590877 160471455 194220845 147504615 173206715 192086281 135191178 144680926 191032188 64695552 75106592 108436193 62864517 145645926 242537630 148590350 12757588 259290338 
74143923 214913067 247101971 32551147 19448072 100150959 103764951 144076130 57942889 81844032 76704183 7821580 235789338 21930857 168293035 126075949 169435471 37565515 54798027 692415 182246440 205260183 65387966 216782999 9762141 128252482 99064723 252299770 13478629 111822310 248225906 47052519 22801142 191393642 79603665 42249214 28180398 183368615 145755311 45553254 1848445 222459494 53374834 197067750 203820318 
181097836 59779496 109891587 218663350 74007491 110584001 137545587 15903471 175971966 90964384 25665611 290213 149459074 237395349 236563012 261281383 181687020 20251328 20718322 109716459 59284961 22397503 97326824 242653575 127582782 142880077 203931987 86678073 155684878 97065503 27134188 73418511 156844998 96455742 28717658 230852488 166469710 125693213 206185926 38507441 216657596 191281505 38797654 62182435 124742619 
11996463 19529583 43065436 255041960 263042074 112211862 50962718 22075375 209538685 253046261 109088124 48484527 153044013 195766196 204169405 250109515 182330351 14223713 103020279 238216061 2371339 29938532 141321568 128064551 236124458 139258977 40787912 123471728 137486598 102970346 248214346 108913028 122499928 250709749 100590785 122177799 99557408 110983471 103683141 5161858 100665529 212771264 53646384 213139509 104603225 
217245756 199884822 246363544 231469469 39540898 221215402 193270775 69479429 58602735 57971123 1669652 197861711 98759034 125141379 71984106 161159347 69421490 180897133 243089242 16197004 240917886 101902838 115754411 88537154 165015947 120916268 148632650 73852976 133992620 98407956 137886169 87874173 257722745 120885510 15409407 33899440 38166677 208680181 62808837 96769411 3287101 64478488 254061090 61476102 149049835 
22110961 182065416 177901292 162438062 161790455 194098296 139991745 223123261 46488504 187958866 84204973 126834740 32657281 158057948 220257327 90495204 255374084 44767297 84853747 112895391 19606672 78183154 110492035 228286852 140991990 166691414 191003921 164900446 157388301 211909990 10016046 179499261 130611204 187917337 78573120 251831626 118651430 177994832 211590684 124569902 102589495 32431454 210834609 94676743 149919370 
167727733 185171947 141929251 171924997 6661491 214254610 191531668 44274612 61382442 156454318 144696570 228073855 43524004 46232813 81527921 255433993 56248858 261027182 82110962 203596162 35666067 70578386 18313358 173090867 18804867 102313227 235110329 10666289 49783633 66422870 160585658 176941333 251594816 39150706 85502127 217686274 253405315 13669593 261960885 10853523 129553878 143293252 198357345 173077881 148956032 
16521064 165147671 164634857 236978213 206688601 104866817 232074247 13902784 82610142 141800911 255501820 184923368 113547038 2803906 194136968 139399875 163389563 107714098 127630488 161970237 193216224 41382527 111441317 166315784 262773379 81724807 32505459 102132397 16717950 165013307 251088428 33239013 26226744 111789051 6853023 232915344 176085835 238927269 246818127 258695976 76793946 238955744 180255141 190340983 241759650 
111027906 66376655 101214978 178171971 153437110 222615182 108023992 154249604 70692297 233769744 153658780 152417103 2911000 255791176 128565020 167924307 202945370 161804032 194151050 51370218 128087022 123132159 227456052 103650089 106586083 222787825 180444034 41607592 99108731 66850782 242797209 169566604 92657404 80647985 84374372 205524481 262693134 151828331 96409882 29451196 122233872 250068661 141298267 84574840 201925603 
6499084 211929114 141506770 168303116 102145929 192876987 33025935 225278087 116398804 96105991 27929935 35252394 235979992 69537526 134361124 262260741 48970533 263357695 91553942 89048485 43797832 256508390 88377416 195626162 89554069 117828612 13925800 35688496 259126878 57930607 237614098 2261759 229289688 115756665 129994842 68071414 4699417 122450745 252779468 80528188 218556735 17345200 115780581 191172525 46312693 
250141704 149499031 95283225 209565164 241052973 143761677 253362995 234197160 232139093 145054922 19816995 46033470 118410689 55505490 1226113 176341295 252549555 226282041 142266780 64371985 52342649 169768161 69071401 174793393 118613394 149599588 129985925 95388561 224810136 17224215 141701254 171017605 166723246 196414446 117218566 103841984 76811921 107217358 34104909 5016779 211702247 13351871 51050248 66748734 68857360 
11706328 243090028 17472680 237988368 81422574 81844664 26966814 210620702 110346032 161190174 65869894 219375587 27811897 161258454 180821520 4466079 262389675 88474922 130619292 195439919 205693487 193891243 8887637 8976610 227996152 236698585 220678857 241348022 24384630 246857558 6271148 258885127 226583383 23743827 192939260 4071722 65018459 179336042 214692424 175364490 77162013 239992285 131375875 64403877 97316504 
48833192 68869956 96341977 137308114 158919215 251211863 39067366 89446256 260099499 7473944 54078205 192863849 187582768 254856194 176678446 171076123 220557309 172199370 93725271 203731104 101774427 97796993 5385360 17746266 8555182 180749849 94908279 207977434 8191489 159312155 41929735 57024681 187612078 97701679 153762762 83167091 85549339 152260095 172613346 41714603 159734038 186121518 234578451 83952603 137043477 
147892694 255028725 94236584 16157829 44819762 257397655 117932256 142616754 262783014 95108489 110601903 139598628 149446735 14645102 147790117 4824656 56574836 164244765 192436733 113706483 14073292 235033791 199255821 166333386 103712902 200400392 22133190 249264387 171614640 65515760 122943662 15573100 16610251 176610213 31730928 61430012 170643665 109093151 163476733 129492444 204201640 233508603 5726869 49714140 248153704 
112946953 54538795 41364337 236621685 206405496 114500787 250694976 137505052 50392406 113094128 241217954 250792797 94657285 227118138 118473202 160173044 46127565 93476269 136213262 222737777 125207197 197643273 89447207 193730315 57185771 218939650 93997720 27330171 184096487 143711860 12119672 256473407 157680622 12913977 189160858 60151883 127414763 135921599 197656935 137237136 208445694 134940654 84095698 39738776 58124557 
202568900 159341788 104252122 255475136 32190847 23055664 76748098 189264088 112502871 7114211 246449858 27508286 101111930 233209997 171034740 204253757 245329668 123573913 98570177 217673612 49370568 118152027 81724173 185292166 52444759 218961308 130373658 187385412 39692804 129542401 245509969 201691671 248314156 45827856 153232572 17140801 68883519 229980670 165834856 140816357 237094880 108350479 168324643 34272575 37626241 
35425148 197956300 19591707 118429028 33162274 196695286 167799595 110744268 15055256 49157527 163189027 193446532 138961152 46640204 192569303 5139350 28785970 90326739 212883474 34043793 243559310 189454242 102927312 169605745 91924895 243743668 143336422 159705341 108134076 137038965 197331582 102989192 71631062 176353256 221418219 64223303 109684339 85283580 174967570 84169563 134441106 34222362 14251892 10038055 80862566 
166251162 237971574 69078503 256577900 146920813 103122296 196202975 73010852 165479575 102444518 164935746 145859040 205210907 20706853 213423084 38315637 218038434 53048073 109946698 90457455 233896259 133599968 200141793 55815636 4633304 20947153 190256741 38855665 257993214 159724763 119718230 160880173 93762103 148226701 113523838 240682915 210778964 5792579 9759533 112894336 108237096 174695278 218183343 9513768 154832098 
168242224 47829405 68936297 180720264 117206070 159393751 151252321 250806038 96171342 166497924 255439341 76548462 52820431 253724973 30607442 212545193 69508969 191487614 2373061 217735669 1077218 202485944 165150430 6869796 212245476 237474733 74536859 83006519 192293873 43480594 237838617 56601863 91309998 43410711 237322126 167946036 162234430 84640212 114817839 217835739 251138136 66322945 31019998 24332 56683715 
61627439 212569524 126192683 212545021 174372553 39994117 173052206 113494294 164574514 139351969 21805535 138685044 173318795 104812053 67614715 216799388 38716435 124216577 4175152 41557114 57604468 172121187 203791543 101674648 23574823 158263079 48878549 89897767 148713044 48902880 106011449 169770451 220902371 191634100 78381237 131910721 231628216 251433442 204834982 92268496 127421208 186070484 230953539 37375800 27518335 
257998221 213605155 25664737 78280563 217780306 67221850 135885031 85967258 230443360 196989646 109542080 84772204 245868194 158869814 233485248 254201041 224311231 139891496 211739209 152581128 218272732 39715696 80275109 165771939 203980645 172543604 252623114 126686927 140132941 249428881 113635229 134766959 199669833 139299965 172477490 113515905 165951783 4428286 199483162 133030940 201417931 5091008 217803144 143351890 123390789 
147354157 134188728 84337817 246675620 41993702 236918944 161014117 41139365 13259819 63421853 245120010 185803422 12110732 67872702 22002128 261539612 181507930 156769087 157275210 16873660 25312342 7426912 182825442 29740627 166340042 11922148 231158557 171431049 189155259 111146244 254251805 73145213 204764939 75225420 56456630 206188608 8210129 217470746 247327973 21469947 240322566 188513748 166703337 252433297 256386449 
188705464 210038674 133960144 41540316 103949681 150833803 66852657 70806561 29725011 96593283 237146602 41647158 64387637 104643416 230802416 134963848 54960986 13394 35794552 130186405 56470023 241983160 97826502 233370736 185376898 78726416 210329099 69956411 245429752 158828161 22408625 170771014 105502632 156368768 212311329 209452312 3268336 238593954 239688840 32993346 71823034 172901207 74640503 136210671 14180420 
1508684 230604486 28571374 1522077 3034836 158757778 17422067 204447963 216014247 250792802 85890626 31376461 157187666 115277004 236236180 52651624 137685628 103072959 117584223 253484363 11450054 23102301 256752698 250044007 262791140 249176012 58502838 172328145 60452312 154143476 145938532 21390964 121383760 174509905 22913040 83848563 29333449 40335107 247726493 245347695 250557876 29682884 236154123 144381340 144959887 
209026101 156462931 242075482 8164825 10682952 191625610 19614878 33785252 144444073 6294682 256006359 130255882 24227488 164970301 150138162 178370963 6974599 171529125 259184690 140914471 153872132 39099018 170247919 194207238 23461308 111661380 140830880 12574159 43881268 21848017 157534045 212337336 137740915 95675292 220502161 148423866 246730869 240117038 141639085 127810740 205841688 134281242 217496589 230069175 258681510 
104270548 145075935 225086076 235229640 140896423 102636345 125737570 139425408 232314231 16010573 162886716 40041376 156841452 175460874 83922644 138119436 29060685 32895777 12496149 84165944 253397937 120349982 67532611 189580741 261989067 154773318 132058226 92336074 108905704 98763198 47083349 172606220 203269100 8805223 144471657 40231288 70871535 229639194 179656696 39821563 245649767 38609177 39292907 98556984 173500018 
123215550 236676420 202560702 115541294 208602536 246156614 65004997 65588315 9754990 254585737 23643147 164528307 82709728 75409188 10069808 140902893 122492537 182676027 80807790 90727727 23213450 121039078 161599261 252852643 37331571 160850791 194568175 35370715 200143697 252555127 208870732 59995044 225867344 107497200 175536338 130535645 90289611 240541334 196123959 100044600 191192836 179197074 224002874 10538361 254606261 
234072681 151441253 113734595 112814474 191679010 204462321 95457891 8783853 62127347 44376299 5545391 222978138 198374442 40916105 119187600 187565366 249786837 138612612 109498475 93919834 10214715 240034119 143639412 250756048 132223843 243684011 138014649 48056714 163752650 107982977 39298773 134461128 218854197 112463335 206705569 147169004 53561454 261593427 155952857 75118768 42605524 161498247 34732703 240979965 202414352 
153920303 124611096 148266954 29168712 234109570 242186787 39383426 170209454 122461996 249569441 39069094 62211772 83649855 87125808 225964421 191632831 85854548 56491314 106552793 198317882 222626851 253721796 211309303 220856075 105740418 23063869 222891566 226668633 17226539 200507328 125148750 171146841 21184189 10051501 159745520 255293758 211668255 158558913 162139009 30196016 104194119 160638071 92407787 147273941 207193846 
14437973 34972537 29684191 30359254 141525329 187432040 212416072 91312891 135377141 129337913 156483276 158441009 88865276 119787706 175667547 248802572 244936455 42880154 6622558 214417923 162055641 221346284 162721975 16680320 79551058 192917990 80304406 240189128 244755744 227578347 184018771 218623684 221980851 173132929 248982938 100141978 97200767 157464775 150884836 192007875 23438485 44003909 87084681 112303761 123221583 
222182195 97742130 64223803 224492316 63794655 15277524 123183755 21776736 177999498 99294042 101327794 66983254 179598447 78152719 48374795 103242559 221601458 3634277 61859208 90800152 212047182 121431153 188000918 106147754 231745956 76074558 129586239 235179832 122589206 201319967 95037212 81407199 258492064 118690983 42535312 58922516 133968506 125149034 80699252 8033769 224443075 182027045 75017022 100107288 219609731 
82821785 162779814 137276954 45886029 224639021 228077106 257933210 42135939 112143789 60146729 10517692 188218347 149162935 245697524 47443350 87118699 36800501 88280516 82246560 155491483 90245796 100599044 248889956 215394829 181298295 256923725 135903670 59391105 28006512 195440925 238430803 70258264 94856536 112343555 116144292 15561323 36486426 110713299 17127229 148630214 170860028 250439091 32914326 16088728 192202380 80357676 
103207427 229002880 128068159 144883954 80560129 218313954 245482997 66085882 129774549 122847057 19075372 2314016 141668129 6511852 157184908 116734730 76770115 211471411 188508252 152344375 227032733 224994677 263057673 244159962 69690656 129983466 190664818 102604982 146072194 119502995 142392625 208709588 85141672 7096581 90229339 125131768 225410535 31778102 150647618 51250849 154625158 169722989 12994832 32929085 135664808 170179739 
109093782 171864891 118286947 34237831 60845063 41385446 218662475 19968501 244975375 24988928 109381935 172275990 127593909 214884096 28414782 229416501 160229481 72986421 236513082 209888787 198118189 157989382 241666888 85401604 168670198 92357812 214554560 181665029 84716864 46285134 88480565 193810645 218150024 166197479 228048475 15630884 207582924 183346747 258393554 148624064 167765642 104411286 57535851 254789519 15361147 45380600 
220841817 135020595 118367021 153420664 81545180 12550975 7475811 19277833 57382546 176146008 111635644 231367073 94446834 196352507 14288004 142357366 86228917 232438027 45190643 50913189 207498878 212203534 193689903 161958198 97463396 98091343 225799451 114429214 48946627 241160598 159809814 6424241 112816990 237606802 159844905 153792137 209587744 126750683 173069970 3606087 39532489 244135581 234973159 93409290 136553854 208691131 
235766656 222782770 137194923 240387266 233125927 40759567 148656565 122881595 202717764 205549928 180402905 165153012 56614940 229349531 102379375 175854721 235773772 215196365 109527288 91684442 105624299 55750829 218435124 238124236 18786883 217397580 178325583 213190009 6872636 51515234 158516937 242639291 233727971 32347658 179092322 203489695 73107224 23814652 22437056 235254955 229364580 202839960 137043764 245409487 168825289 239423139 
117329973 100664826 150685269 226857260 151779235 215739535 19243886 66280124 190499569 260824938 20313502 105460949 210650744 27186137 116406150 105803479 229255395 86769918 97581104 104413482 249689581 130118295 128228133 8762434 102009047 53658478 171032361 198482778 35703762 35923415 174541714 153033734 136588240 21292748 116526791 25003272 237032283 95200644 91283396 164167649 92661379 71026865 229058565 262742091 57642969 82100512 
64611335 23534161 128300397 162192438 87377610 74055743 251740700 175035710 42248144 90385544 228694188 213280505 25504119 1033747 249203919 159475801 113497449 122427957 140198516 189454207 106861196 113866596 244084819 198144591 237464212 32811963 228601423 162588542 32189851 22880189 244689053 96801185 5844317 69055216 218423590 93221926 143110958 206800087 4893434 185359102 256615598 193017589 94705372 241549685 153481303 80545088 
97091251 3614549 162403012 237289766 193068756 5900006 87792160 133219340 163474564 21322137 166031302 128711785 183910679 198221153 151591973 124665497 31658135 157436290 193720712 250081725 210088183 32897436 152947577 174411584 177686505 146198973 63494938 9027674 124384455 216976241 89572761 180905673 220590789 251975773 154831236 109725310 217305746 202053363 242944649 117416107 223375500 145611749 205557859 103351944 39898667 93785630 
228017440 30986769 210651887 117803918 17704291 116805835 110131321 130081836 250647387 24453623 235710776 50778122 33481296 56160996 4390160 82484024 237066668 184410917 30525562 128533701 253566194 207261275 67222862 233146641 61313180 250028329 74824155 226301006 90016070 74152789 16152401 14099275 105139557 226804287 131903192 82273816 39675888 201464480 212355651 26959072 225918102 184702224 77737193 218829365 240863219 41557321 
260743357 214565684 225968237 27904716 39165150 216170228 235165991 65817979 145382634 255909138 52482105 179636756 218845941 101928142 253789544 234998342 75457385 54994867 157868394 207360576 137268682 156974249 104890822 86260130 183933320 67444721 230392321 221100481 245704054 167321305 262657801 243083208 77952754 184691803 7623721 117117903 96927796 202219679 182935882 201740398 154194582 194847954 77442919 69106289 256206064 67868261 
170396 68299246 122863127 158038789 235089789 219561776 11078804 76616408 42457703 195012123 144061129 232279991 112178369 85830948 136237093 70901935 65549953 214189846 255593737 32603641 27373514 48587299 194253288 210309395 250327696 85083667 101223115 64406412 113619923 94064976 91704640 113790318 162364221 173997734 231259075 93519775 130195307 242337878 170136183 132082977 173985798 10263077 60428733 245594135 96094024 196665825 
53131867 161643976 106921436 4791370 194247616 134294950 12808636 125136701 81240142 263136331 169650336 141893224 23608508 19906056 235958199 74743116 133696374 94388185 208170817 61021214 187907960 34431890 39994889 94679940 166514866 173410654 64372984 226943599 155640586 160467007 119675189 168202421 18176748 226596625 172993790 212424363 97527372 185802425 33626830 138197481 145004521 162707133 16726503 128042996 182613188 212114669 
202786111 12375327 2568620 147592726 32826508 190476579 182024615 72821396 244586486 44605246 246232050 45595267 230978812 97938401 165492241 87289799 2776619 183668988 9952189 175770408 132729148 107479560 57638598 125785945 205107008 202643118 25128875 181263478 26751880 167172031 130013945 229537990 138977325 132582564 73196481 171803833 19124908 214651063 204055196 347191 218686277 186923043 5372425 186300886 244291412 170864665 
233020652 247068030 91169450 242972840 118904204 183328565 46518165 135972769 5180276 251625173 34681653 30309150 169524448 61433532 156911148 258968360 27607319 255318441 128186721 60233768 123188039 147311628 234314798 63879032 107088786 189636872 210232043 112461210 72003524 191159252 242755842 41659973 134293047 70561089 244062781 212627218 253889654 27216743 85235785 259069929 238271883 119917437 248809046 144432129 181350968 101785960 
99466254 168388254 53170166 227652975 188051989 135788172 71030368 159002585 199667203 137549122 44705222 105965011 209440299 116708745 256554230 188831939 117798686 86913043 259393027 57927232 36176058 209348446 85143974 121411842 164484140 19481623 241329278 109358952 163913751 159316043 170574879 222809972 23770063 223745044 146528712 211822051 96169013 217559080 107460433 255266183 51173967 111595623 57296960 260614265 187734335 50486987 
186082001 42168818 137400029 141540794 59526017 173576087 46955005 144669991 254417896 170869113 164151613 232382972 16863862 24131129 87764780 187438740 246941100 111534842 107249549 130105610 59992691 162848529 43730455 126883091 154750509 54334389 238478713 212047468 51584451 162848846 221964423 197096420 164447631 55430217 34702979 223973648 188436271 41087951 64709404 179489965 211957063 188290984 148508734 228820924 171852080 195703481 
112325429 155428977 43874121 219574977 244964554 63296779 78489271 248124976 149609837 233239780 39095162 124724348 141353013 50109581 247003161 59383201 206635968 107516557 114813418 200768914 27555970 39885486 241856864 92265373 219375450 190449725 17192154 63949949 115336414 189044233 259653430 227661843 40538976 262957518 143302585 244933497 22320062 221791856 189124239 171929898 151097401 187649368 256084213 251880381 197188916 239723171 
47899380 99890649 43305494 122142765 37295360 70861463 121458218 15788022 163126836 36899434 165667714 139748957 100849382 17639925 24858956 56568577 204731735 24827899 15591860 44100086 6397193 37911921 225321909 154951399 169271787 113055107 79236565 161991797 61001253 235855448 97780734 108900632 72381895 141086227 190473364 109677254 211947689 48567380 84895243 111710322 85466813 209992924 210889247 145746162 187062817 235748202 
161744707 128430349 260576100 136766534 131960402 226403260 174678455 93918108 77420425 40016007 166403182 116086957 202007803 227404435 88578202 36424334 32370832 160960096 177510560 222844196 230067318 126094047 230841543 51598358 197234336 12374121 261591282 144759380 158120282 185289896 117143379 15930754 9786010 73785244 152697288 101176380 259618472 23441508 195094487 73674694 63457514 57563435 189761650 2101114 21603667 14975649 
261319618 13404466 135365713 175465975 195678629 102068828 260989989 163155969 113097153 194860123 175530089 70754200 35685268 29716137 215474063 112258615 45646890 184690041 186043858 198344177 22502218 141728095 221785684 177026672 215402788 21878995 234590106 101230203 246774279 215623740 75635820 244729694 188458174 211001532 156831466 120772600 9136125 113887221 243358537 122233277 4813109 155524423 192987477 40498376 144670527 104527305 
152756990 190317417 25853143 75436646 125297391 48355360 217164740 43148841 225382032 128633294 65027835 156037903 229863496 48437911 67727409 42135113 29803402 256185582 212566612 146064836 73023947 221702736 219382024 53018281 80571811 224195132 167972672 232989255 1329305 49278996 74152357 154086295 239596412 100005500 188952908 60959569 107790827 102183413 104108409 29238624 230816706 128566211 185276527 156745968 136434090 212433903 
158311048 125667459 205255282 107513458 231162262 14915026 25281959 187180083 67933307 105853769 148011012 195335946 34908789 149340317 244614941 68491114 262856579 180277119 127926581 188445284 241236687 235717407 250058664 41410861 1591829 176941136 129407039 146298323 29752869 2476926 95368023 188063916 128144385 260053272 255007341 95942444 234398265 16925098 19758325 38967369 82208834 127199304 193733282 117117623 235969588 174984021 
145038704 235461964 91896937 9601082 119973013 29199389 204748456 66097443 30040217 165770252 243038578 159447255 48704372 9427244 121354149 103502362 156921127 249498533 59621399 148564266 41506742 30655462 165489363 20695034 29052798 247698196 147894338 222786080 60881584 79929691 93835866 205920287 11457421 185732802 215521368 90860401 174362158 156905622 156957843 163832342 59311671 96062186 19345362 67446011 105489429 140699510 
130378340 262410556 86263808 189999739 107040587 127770550 220655200 9165747 148465583 209137965 256863942 255789888 168559842 54381324 31785345 262395707 260301610 43242765 144194274 171888744 134103165 14622197 65430163 250490976 137884506 84171801 83188959 157229868 111047779 148108356 34565175 241426119 106584677 120828983 168061655 213625263 208029500 84782620 222791009 52560848 253350552 175720716 4416502 117976160 189532007 36201846 
117007664 145899383 38874578 220631906 54423924 132407710 194684070 79284054 119534483 69204374 163455854 162153410 226434241 11139431 46897563 220429383 211995517 153482239 37324131 76122937 63173267 245353630 120335524 22600073 257344446 110321873 157750756 261760947 228298032 83918561 34598590 41371462 229817943 32903135 262003367 243671834 165310844 152753202 59591685 21481125 221957575 182477506 183634534 144457581 153046904 189962064 
101522762 101678218 39510068 98276860 177801154 102683334 39696256 34772475 84713374 33676499 145094348 201894097 32073243 69458145 22448455 26101800 110829606 211696365 18434902 68898738 192003996 183745745 221651940 211025648 205226869 139675280 130138952 84927168 20768659 19821653 234319199 81721388 121499871 10465064 139428215 258730992 72578365 179124470 30139265 116721706 212800968 134663580 55251601 204304178 204121724 37130023 
189835945 11017096 208256356 208270846 79915833 136896149 128652389 260997740 43987563 29945023 137308818 174126514 74302159 117507444 193948166 45257155 158658799 11513802 15152187 34722811 6880592 47160519 213847281 259814026 123312193 122714014 131113403 178563793 63653990 31300892 175123783 253489934 42317987 120015936 157826546 122233820 216342053 23114732 119867357 260329615 12489722 216606142 130521894 86791880 70749383 61105857 
91479003 229408181 32049627 66061157 223560960 38930218 72651643 174044038 35380041 195963835 33393849 125923411 70593393 56477806 157224302 245717176 6033506 199542289 61798877 163860051 17841874 237570897 186974782 137709230 234536309 158894471 50381138 61123968 245686351 121130520 122229825 33231119 46604467 154279451 99292275 6801224 152639636 171943917 140275229 147449644 63973518 173669077 10008852 134566910 230146883 126663121 
116919883 236180388 62841207 138148728 96106204 80683080 112355422 242510953 177822278 42957497 138041221 228203415 104081464 79793337 45399700 185741256 113024455 92004166 36086472 171746697 58235357 188726107 39756380 198510585 32241516 103729897 68245428 42250367 238296806 257822278 168913488 51282455 190068431 191184662 189431182 22810432 231297710 261216571 1957182 145755785 239833 139998402 70024965 104321297 179221707 115424664 
249492520 28881959 166858798 22214790 200628656 225094154 170370864 199815003 119670505 202612380 40180697 187915932 204292714 15113300 141803975 69271967 66395754 68508203 219886597 215256903 50748602 187820104 213109272 52705783 29641654 213349104 152134152 99666618 13736166 67991656 174521249 263228686 56303583 37445812 244873443 216362206 221969934 151880104 152813006 78276236 50558249 192993702 225622135 254850963 167536969 63491875 
20188695 193362691 132000077 240075291 145255391 182748678 123961160 54430428 194884428 153602813 227209500 43084345 212699398 200375633 70505969 83286413 159670084 126809551 120732224 141179324 79807554 79337955 29695226 192050527 117044158 39683442 121680026 38732058 253964372 248646962 102223932 10788865 178645450 234224008 210294123 19966607 113038451 70891081 33827002 3988644 224493893 261036501 47072989 133259057 157477900 117578957 
216545469 53783781 244388507 73913490 194963105 20261826 112681413 184088298 212312352 229725570 223771739 30058143 5093426 173801877 15340902 107317357 144020709 153416320 37607131 90950629 173382926 150645581 121271677 207209927 154634225 41831336 164312194 161137181 175090392 58425891 15351935 128271658 112209671 219170409 161615115 3238541 198862202 10932325 187326838 107240319 240657895 107164343 137298461 205181288 17602017 112069330 
8564410 161622725 224915617 46171540 212003321 134934340 156247089 69910796 38210033 6947079 111742131 161952194 168084259 23468320 220378084 142866161 111169945 28653520 98672367 9420857 31892061 34170366 243147352 219218898 141410684 179871012 22449006 238139112 121688097 40051022 46274207 130252506 161103714 7825622 176424046 109742833 102189929 69306932 139083596 99829929 76254010 250825726 261782122 203768236 233724013 218796003 
