27 45 116632018
111905401 82975105 89741510 69487916 54708497 60655390 112388375 105802466 107765152 24780522 62754656 21209441 43854338 98129762 11254414 56151687 64305034 113398347 23453313 69959900 25180249 59038649 56629475 36307857 30256940 72764997 40016620 76446222 98309155 107753143 72744176 93582538 74096229 114378361 114963129 80697402 58401733 110719485 69867849 49534866 18867988 84515180 22636982 62722325 
17905599 33891396 70766687 82210632 30657724 94220000 104063207 7730648 105151324 112585357 44038504 18776245 68718335 35947800 47115142 2288147 27068924 71751994 47763360 53057828 69498336 46094470 17123211 79792744 108706630 86991059 12695591 79467294 6766896 35332573 25557600 24672494 21116644 48216963 58775801 3667043 25804944 46206989 11397690 14324249 42160327 7328869 101625187 62771337 
43276668 100633004 65059484 70345591 55752979 112822843 6771401 77143991 110809989 92419305 40304716 102884600 14671022 4892983 17612551 21437917 108750249 43170151 114635105 13234874 43279789 56778887 85426610 20977408 54878552 48716975 103826350 97038878 56045843 88819518 111702891 99322511 24713179 60130356 4928759 32358834 8213856 80224853 109502824 2391826 56012140 101700215 57169102 70683161 
106593197 74781652 92121077 50604103 69844478 90124163 15731652 65016942 98795726 101158261 85994349 37042259 33243217 73188680 85973812 89289060 113900873 81044684 23872228 21982034 93067715 28800986 54340867 53174247 60918515 115736366 7458748 298636 100804562 64627849 70981796 42658417 91302177 114995548 45155195 113039330 40380369 60886847 61424254 91068770 113937783 30786584 11479010 30548982 
103975264 49345497 71730717 101244118 82282857 47495620 75118827 10611229 28189281 12827675 63785475 89107795 11932022 71244223 89406430 64629260 87764747 112280901 59180352 14327581 110644431 104335546 10734893 102917475 48590374 24051822 77354226 45896139 54838405 40725911 28337796 110706344 41964083 51961188 47211120 7614921 51349483 5697928 18226150 79538763 87050297 33904300 52014540 50874994 
105148522 24788951 115504253 76281251 20437834 9945262 90608831 82974940 114280808 53236399 21153072 114763857 77288220 50399973 112552671 84019301 91125883 92783142 78093626 16457947 96637005 77197421 92597562 31354469 34788025 110823711 110893232 5206303 28095992 46275753 56081296 85137190 22957379 6846207 113311116 43395212 16791468 39180604 78262827 82964951 92417003 51308574 81096790 4965880 
101708546 28910118 88985180 76202410 5061242 2339464 44553033 101698246 31429560 20518576 16420697 66217584 83234962 10681910 71423886 63223629 8850338 79397858 100253494 31807716 86244064 96932591 27095604 54928207 88005871 57251106 21261140 15683531 108559680 102357929 20649410 93636207 14636028 61527266 5099275 88221963 15759405 1544983 73288191 47188964 90588252 41601563 113406548 57191195 
4176148 20091091 72307499 13026485 99488948 55928975 113358894 69100993 104754241 23822479 7397182 76128093 81073585 97183015 91811623 73001246 34801601 64353709 1898110 1330304 9248956 75522078 89552267 25008360 77067060 114733133 72197323 2915969 39702677 20864528 11999839 43878824 40955619 84307338 8797984 23812548 92128988 5524859 44806217 32143886 97872032 4096074 60164655 62313598 
101279088 35344259 87207519 19448670 51590643 40998304 20778973 60839598 116520382 110331239 37740633 28848099 60325029 109937956 31764068 100027705 14170465 43763906 95799204 7018759 79963919 56489863 30831307 55460888 62014722 75637523 39497450 43254735 31626272 99662104 57461008 16273341 18374344 28036508 104246704 69964987 20927487 8393658 82697260 20815850 70617573 3805875 1556625 14310583 
65636506 33320692 66230964 31699646 28977273 45398149 38718405 108941192 53780688 69549711 116294755 67688085 97079909 39160186 110942819 12074162 22190271 3664484 96872196 109089309 100225685 84486881 14314953 4521153 44773214 97012212 25337003 67283462 52710762 26893627 33486721 1715249 12106994 99717684 101939589 41084266 97008508 24025975 33393439 34157177 45468361 33056176 101845261 25916251 
24109037 48048737 106515106 46299308 3605896 38647959 38756598 103831580 6502821 4964226 108352733 3168710 53869113 85582411 70452172 106579875 64368713 103938892 60187799 28368382 38917233 45495369 69452647 19293722 21414019 54738762 5343575 66882379 39687613 107188835 44691305 63796649 107130248 103099086 61988632 110736143 25115026 52637905 97935705 100142540 57602130 41549095 103311250 111471243 
79024181 57131403 53311775 26760875 112962970 113499573 7021932 35248184 110887618 76474578 6434581 15669618 83106015 11778155 34444673 74686303 70859666 79135977 90375628 13250571 17495721 35732241 7354695 42610746 40262822 57183075 26121268 97864951 50624845 81325193 44596851 13017007 90349271 97908625 108302575 86680222 46668856 115324506 73821081 40924455 27059742 80255661 8486748 62058432 
43926492 42931420 20112717 66678833 73960073 110488344 79929403 91455793 98113260 87284097 85959214 21744063 96359848 63973157 71501690 30352674 28666331 116098540 111894375 2383583 49267823 55457607 40956480 95936678 54150095 114777560 88753808 33102512 30293879 97240555 95160943 74220370 23539957 67166335 24267184 97500029 61022660 56089262 24216479 42503902 26741340 110175692 16140640 74993863 
57516831 87642329 57239213 38075837 39001527 52501569 40459420 88269349 59851851 33308575 19466684 114001945 31454117 108220491 98997132 13640671 88829027 77526057 39753716 64261659 96585067 15913575 113654363 40975709 72002836 89763517 35372286 50636851 83307191 3405601 8998696 92716697 91047930 66237908 82685209 13417438 70632152 6512610 53579462 13851984 39821185 73046145 79746605 23167977 
16527293 62111718 36808647 57248995 91530450 76562362 4878636 71483499 92475936 70425674 64351883 116371447 43557173 51616844 50376279 78757039 55022444 59374974 6734393 29438355 77505557 89419601 111380486 100030384 47824887 220605 113882368 39538747 73266749 28889630 14599399 41686717 42894023 3300721 98935712 86317149 31755758 55707023 109693323 76124369 78025372 9305863 75863797 4950526 
60922706 9608057 35600240 115945149 68983031 42334632 97276180 98381263 83646909 43917323 81779629 83364471 44137928 30922654 6271199 69297352 59812283 20870597 110984069 54598981 24171317 93287762 24284111 7819750 100887460 85870109 83944118 62280813 95175971 43175896 67231339 39466658 52783952 54724254 107304483 73659658 48951562 87948644 55408903 84491146 83758642 20556513 51223598 11264551 
51479166 57494796 80561903 63184124 30258068 26806629 1151086 6322060 3462372 93959891 14141809 104349831 63197981 98085926 49998625 41741934 24629803 69122639 33101267 77413754 75739569 23773731 34441394 8059112 63615050 41742972 92550257 30741674 62299484 27141836 110530918 65671325 36529307 26353478 12223430 18680050 53160106 81899209 25002109 56622477 11119757 107668611 112864983 74317738 
89122518 114756284 67952347 65644996 19139580 52946289 94951425 94879148 76720020 81285494 54830935 92227745 6396447 99273867 74862094 20588606 78308378 68760994 86259930 66730360 95114471 50376035 85410409 100167253 84167920 62305193 108682405 95287676 53341785 104915370 4866071 94356978 54932311 24711093 43369955 25964566 77657382 90214056 72736390 37745383 54867531 10935306 81865803 13156654 
62101849 40095879 33745259 92302902 60749548 71897865 42401244 107756694 5641881 79704328 91291928 41702476 25377503 83342315 20358134 30611963 23518342 93748898 8336923 78450652 1827973 3599553 104415217 31378030 45706284 12412264 69123412 100573815 23347570 102881890 65623144 37342094 26345750 99368402 13012977 87095297 6526924 7306896 78219973 80693499 87011224 4772558 5763956 64281402 
88114872 94646783 94893364 111633213 23656339 55122962 25344522 25484311 58722515 81652415 56862340 104428798 94064678 77878427 40263270 69304923 16020974 57779089 106647016 42366724 40515473 71552669 81354696 115567090 78859564 111467344 79628570 1131445 116239902 37285202 65412846 87722755 15299966 43674192 34616626 38956304 50689829 59961147 16333290 61305019 24981543 25088305 994475 70938897 
54859407 41257744 23611801 70880381 99036833 82151493 65139780 91444981 37072143 29862457 42272728 67824382 93222477 5269280 20848503 92830360 42554481 86261348 15813772 9747122 81828215 50430397 596102 15886026 62284220 85454085 77191044 39158438 110542390 78185518 110097334 662454 71335938 17077117 71542834 5633428 99228609 20050595 48971084 88193427 1805728 43136487 107910484 95028204 
48405766 12126968 23119221 42852922 98388316 38932992 4492720 15477188 41256065 5088821 99887907 103540284 90542905 12339609 94591397 36345952 42417802 88056713 37008406 113753739 57026505 60443915 71279842 39623095 32387186 72143601 79709197 102717607 115280088 70987662 33006468 115578529 83114630 56125688 110324127 16763603 46951355 114816846 32240790 40100095 71798342 84021373 95533054 45709228 
96360981 73492433 33947856 22146764 44917127 22848937 87793179 101943631 83292851 110965696 93459401 67572712 66477279 56536579 53658300 17018024 79416916 38557443 15964534 45899527 94683130 9656642 14555805 93527161 76366163 46796595 16995237 31532486 14185949 112528291 77241714 62439605 21281381 63082245 84586368 66198507 85931181 55747528 3402795 4484689 50081206 48754871 23950077 68451160 
57184125 77608376 85469183 19969022 116165819 53326392 17761225 46109606 14875710 32317029 91529442 91241872 31006299 108524679 6142340 45192247 56313627 35276729 107631851 77595007 98358973 27478877 95686189 19550811 35119080 50981659 92560193 85200285 99736529 116510269 105544120 40288635 29379303 26273960 12150332 97437797 79600352 29911556 95440078 94476061 62228585 70337502 20978590 93234883 
62230162 27120929 90319806 70436464 62397657 33212314 99924146 112649305 60691190 78978316 15568097 47702946 81852650 60020966 16271212 64957160 59899216 73708008 57138470 89278518 99981967 21181477 21976972 14842976 51093033 785032 61211712 65214293 71122533 82190302 41817157 85245370 109311230 84029638 39049815 6969545 609934 22341942 2986831 13193799 53212933 87079622 60896744 18433564 
30468569 29060632 35283399 42260460 54661315 92421868 14906960 38011263 65496020 36883931 4746915 116589052 106193656 65958626 65171326 60684170 100041603 58881159 29297521 44613491 26278778 68347335 51583035 95413405 42581952 6462541 60499880 95794884 45434838 73289299 114228447 27796082 54242606 32879827 70056542 108903920 77194370 36856177 98807859 26058372 25632783 103554773 94540099 15194421 
4774056 111604101 75878590 56708335 53853241 105176111 101321825 32024694 8784103 104797535 79330775 3258731 63152751 91723330 99053614 108587589 48380610 48542719 19751652 102623216 33315221 41700869 46787793 62402267 78557045 28963633 40353314 104189828 84411081 18261394 2752230 41077813 13233476 30523495 97786147 18979392 19067587 34368629 2896762 96376384 22534145 34120212 99635114 37579571 
9211523 33949385 29535141 9484808 82492103 1179469 64000699 67700000 42880337 110788492 13470248 73330058 91644800 53823561 60887867 11316539 72084954 15532772 4287027 37211106 46056266 102073173 8083173 17016529 88334477 79504628 65285588 62761297 113624839 48288683 100340867 74729037 34130743 81768684 84213845 68515522 82948152 100107219 19583503 77721164 94263692 33053750 34419203 21169150 86877310 
47199745 101010382 110854939 14625192 105297408 99958720 60681458 90738562 108041893 29590662 14333696 70914502 94876249 77094992 19799999 95057607 60803840 94529035 12556331 25940505 62110861 81071852 60781332 45586062 100655354 21870478 91742429 17077085 8182356 64804254 55847070 7274777 49182617 1962667 21899968 37848006 101921386 82581425 80479243 45223936 112172086 94812938 68031114 42308992 55275911 
87831112 20734580 116079751 65728128 33290911 93912931 79731665 66255438 38062245 77210402 50278774 11825398 4213488 19248534 20007753 20910418 26988280 95807223 70093034 28950946 1075173 59833716 82765007 35549273 23680940 79881619 99614035 70386554 31280714 25291008 9030446 71004501 46025588 77002872 88625304 79316498 6176461 51724950 28939917 44238705 80828027 31111366 56064102 36934191 2252576 
27964530 57844608 29240855 7139735 79830317 10084476 76739601 23032014 44742158 112288873 46712954 7991758 95270889 68992183 39272471 3929879 78022628 110276971 1848142 106918176 82270257 33057315 113094636 85887882 13889907 109226016 1976567 45001273 48658099 38910757 115778542 28515304 48648040 28387378 104179732 11846338 106996547 16179990 34878352 35106686 11836845 33483981 43098444 59000409 102476163 
34263590 14822963 15759448 27908543 16671104 74570299 62071475 1621094 71032916 99852032 15511001 63626913 53721274 12404949 64177687 44524706 11551472 44585667 93172745 108463543 32133380 56911759 98828071 48313370 43682786 17302738 12042890 77166766 12293857 22935974 14903586 46557447 106283631 99187727 26358665 74847410 57126008 40322815 76468504 80051599 23542828 91979504 27046494 77264102 104384452 
43116856 5156789 67828599 87702522 50222210 59660123 71728578 107133968 110380869 71934623 34184735 79576282 35870188 63244176 91870139 58806161 30040437 90320261 48457773 12596145 46907 75197859 21614828 40369721 35034344 101666427 15805224 78906523 80605596 44962001 18551632 7090433 2011466 86380230 94792955 52233675 29408334 1782190 111260318 23157184 73716812 28813034 54626141 109586999 92057209 
29864261 3653817 73990321 3552503 4004266 86586465 72124103 79202124 60093969 64386499 114236467 45128377 80191723 28403647 9101954 77046399 46955278 16192386 79057864 16703489 62878016 83184214 114636516 16552881 77812513 89686375 90269692 58518222 27680497 35117348 102468106 9437434 38771165 59826408 12989936 42775430 98305549 37006715 5345535 41767499 101393213 71474677 86895875 16845593 99878323 
47890504 93891992 30201582 15975565 8210513 115429764 30746257 43287403 65326937 47299137 4467897 38381293 20936811 14878795 17954465 56054158 714882 27391898 46717998 60541290 108906528 89493427 110739514 97805918 46731637 35874994 82567112 1574295 6138850 51305381 101452617 5922029 97090048 83546874 21897593 105300560 82344619 52643849 100480638 31039537 99942986 56841211 21313505 72772472 71720005 
107792664 80719305 72434886 87077237 10805285 84868851 31244422 100298711 78976346 12418321 98923024 66744015 94985433 100497318 24775540 98183489 37210593 30697568 78641518 4125448 52595161 19202735 38362743 105239009 3051355 21294955 40442652 59892565 111133154 113215123 14980551 102293799 29195086 39308112 72739017 40000370 7544945 103983439 92191756 38413966 68294435 74482761 105157981 46647849 10240737 
13301502 96724013 47451329 112523764 58733512 51576776 48486906 77936247 41832194 105618590 80987601 63127149 97953918 92772841 9520960 46429698 107753391 111814758 75624783 30429484 19814432 115625152 106499122 75690546 43077566 96805764 27352963 69453002 37224402 25893487 79693738 2418579 5985482 10513048 114942342 64718993 13982500 46797229 94547915 55814693 104308495 10796173 70834517 85630394 103569013 
80355476 15428073 46583061 75538215 91052856 28905221 47245323 41938665 87297018 6303850 36908906 67470763 102181506 106361908 104695164 11442975 69423627 59006419 17428456 79936675 57316742 34040124 45811850 56006647 80480715 101626542 43683123 91276887 55829041 81206192 78213882 88077192 96634264 76689618 46983389 22947777 105594838 46121387 16779118 76259838 4317912 53688023 27098582 106499418 111942606 
83686422 1310374 64734215 26060822 87263523 96563565 35270239 73196322 25743396 91276885 37045018 79262613 86852683 80214581 18459635 51426856 110321138 58429503 99953796 70378737 57305567 6269554 59341557 103426953 91573365 18969376 107744864 97154064 114592651 97612263 92464651 33539730 50815312 40566847 11493227 89971510 89023087 46763466 46535814 114766482 21408332 35473507 77397077 108261015 115688087 
47749387 111580546 61269882 106178889 94902323 15016601 46852437 53064553 74358157 102172065 28005899 93327532 93284911 77052638 43180840 26157831 52885271 76720570 28865819 45344793 88213796 70730004 17735862 18345243 69158493 84395019 108278269 104632000 113684771 51799941 55580744 113326834 46748468 218608 54766380 93543467 15235208 53511493 29976001 41486040 39051539 9874575 86706247 84229125 86927213 
13255068 62279632 23180465 41868313 43038126 20417933 13450091 113768129 38153794 100320027 66294604 74441489 43858953 6187261 71494241 95658893 61768004 20081732 94300037 13879287 74848112 71211485 97639188 11727586 101187485 22493209 2671800 62954735 61092131 38793601 33249929 74347199 101073232 8323069 68108187 27479339 28741002 81558277 93140143 66894795 65246286 42802728 93228959 109105238 48989988 
48091182 40024789 62650668 20065589 17692807 76529954 94913700 40796967 9429800 58533961 93877127 100447702 13098437 40199843 44907815 51892037 25342448 71147689 104857944 33665516 22623857 84229958 62406517 56074810 60738082 81193988 73213771 103540810 57790928 17579666 104423473 57774785 57604454 50442122 77840374 27189936 78864752 8014731 19879578 40187227 18441368 113756704 24002910 31539804 105849223 
20803400 35324516 14559652 91951088 23550441 48225167 66467621 59673074 110631684 5910412 3779137 75193653 31016858 59212622 84877256 48596523 47004077 26020023 58093653 49338874 55753072 85283588 80096301 63767802 57055842 3651509 82209169 54180527 27654419 65641648 43397731 350494 52858839 9850058 92301582 28301955 58075225 110661878 87975028 3967566 68464965 91754165 31053894 99481822 102859462 
115931149 99971020 33231520 93843847 41432654 34463070 32964900 78608918 114559370 96732702 19032741 1578861 14202528 25105943 97757973 31736852 20396350 98108466 84595690 30246407 25670705 112897645 40214307 19700564 84240654 44181872 40058204 11255476 27128441 91432701 114114938 26427572 74771703 99239133 3639400 68097032 17070184 36604300 30073931 83522230 85229677 999347 85101090 51324880 26105290 
18119720 83061731 115026333 116228185 51025403 28640721 25266872 115815723 68855028 113492129 83424358 64929575 36918315 46572510 92058016 80243691 44055429 70378263 106908069 95187237 74017662 58373083 64150097 62514637 40339689 31040308 31112295 41339036 68034073 82437175 19337001 86153792 759563 17731315 37642634 3677641 114896729 62909505 2861345 19012414 11662292 86285703 83941989 473282 84750888 
11260662 80716972 80698992 81638924 70993023 59254210 107549261 12734087 6772288 53431880 53073775 106337289 36436850 46305486 9632019 70766700 65642486 95785810 23418939 35266476 85321120 27096579 33531187 31598606 29957924 52543600 43260897 68136302 88378264 112258872 36255171 99638925 76343826 322144 16538506 99229524 11469029 7455749 63856286 86766011 12780304 298042 76471281 1109829 115128222 
37995976 23769205 16031365 85674461 47188143 51297841 54363562 74284721 36721703 85962168 56135320 89265302 81115740 7639603 12904224 76742594 43894773 64435824 104979095 112741610 80974330 87576600 7578621 40322754 34800867 94344631 4995733 103623602 6076569 74630255 102119805 44072544 50292135 70043846 13114987 97480277 4709668 67478548 7025656 41431370 105333391 63160975 82589347 21709789 22693254 
95493570 98452382 18480702 43297376 38692134 14590294 76164381 9636715 90693608 116487134 112962275 68406220 73375542 99953858 26375464 31373778 37334321 70448008 81665913 107378166 35455670 14406847 63980509 102934217 89957196 57304554 43528266 105010847 23261882 65238054 11072082 2123434 115583111 29552783 113945503 37643226 112667770 73477865 115804634 86729359 25225656 112134890 107028254 50493873 47349405 
16771700 81867650 84683725 39112383 115426238 27322548 74568052 81725761 91303056 12762926 55050938 31975591 8183867 43429766 7130149 73421920 6394523 9253582 24265688 104472000 75091760 61908913 100507751 100462300 61081528 22497768 9055937 8477075 12894003 11442485 55826480 98190396 93310134 23878186 20670760 43997030 3093410 47131487 9090772 94396465 11787089 16034385 78264732 88495649 11356827 
85394880 45285551 17751349 46541137 21443914 5591330 73525572 83352827 57991757 57355853 96327030 80489524 18304465 56696781 93383526 29746949 112523260 26834580 74949758 88294121 116030033 2314769 91387530 115054196 79930234 21044653 78733960 47857295 99309384 50597590 59214121 19964921 95883140 76965469 18398733 695036 34449475 91924304 35940538 92441231 32648138 84160243 56298736 50952602 24225005 
101574937 32592226 20116246 80302192 107541983 60303043 79700207 61749428 35058554 78122384 93572337 7995882 40224325 24797613 107305265 90821914 84011733 79162861 21965712 112869878 97561593 91185441 99212028 72853878 79018654 75021240 57394691 46546878 83212651 60239968 22664559 20048245 92832193 42780804 100350437 35634834 54976522 15311301 97384261 90035076 93433684 26217255 98030957 85550684 51014868 
40596880 11633255 86919276 71652416 102123660 35049811 52581991 28569758 17629820 77328544 107588411 44543735 18091217 106027965 11124367 78331184 12060505 31172612 6424035 6733984 83415724 42058868 13603182 98727024 91335804 103638257 27421365 921040 36929871 112972048 3828583 29419426 76497978 42640535 101071842 13882296 77690345 37021814 42452053 47212841 114350357 101933140 91756575 84334249 43221762 
102880942 46033415 55282266 85946229 52457449 13908925 52729934 94516316 27512106 34824939 21112777 83043038 62246303 22033816 3340891 10479008 94387093 32760316 38869661 20395609 85724833 52751956 49978629 6114628 95204009 97191469 72357661 32397806 24208702 40059891 75619567 78982319 86093305 14269814 48296529 90443429 96703432 52919138 20220402 76108214 39636752 41333178 111043927 53775730 63366994 
