1911 1 92775792
78399806 
88454009 
8278065 
45404248 
75836784 
6147170 
45441703 
74642363 
54944754 
10468059 
43175964 
19636195 
24572924 
11863948 
67648710 
77071108 
61662833 
80379952 
18751779 
29519530 
54751747 
91051997 
2903996 
89987364 
23446301 
70150446 
55525431 
5367163 
38019591 
6208589 
78896891 
10003172 
1886806 
73534524 
41766988 
64083157 
79681693 
87208690 
32309296 
28210222 
84036316 
75485259 
47846416 
15833447 
73708774 
22719334 
79264123 
42595814 
89458853 
5240109 
72115344 
51434807 
3516313 
61378907 
35005946 
13322181 
25113129 
90531377 
5048912 
63132719 
83099533 
83945802 
59495458 
71345906 
64704533 
8486653 
29012839 
37970001 
82054910 
61322134 
66180223 
73315434 
30391168 
21250846 
89148880 
11324149 
30329747 
75637210 
40279531 
27012807 
80877319 
19619082 
64807181 
70753199 
67357556 
7037335 
84075380 
92470684 
83928279 
75483859 
49187178 
60611587 
66653868 
15906844 
39181701 
24942177 
24393496 
68194539 
49271745 
13672614 
23100448 
22676175 
73347615 
53491615 
43927021 
69720702 
64815763 
60616335 
38941688 
12319501 
87629142 
27043214 
18298150 
59660530 
84155980 
72015274 
53057432 
61815135 
71710165 
44209918 
44523201 
28121551 
12045713 
4760845 
30387962 
37586981 
16062589 
54781457 
92141087 
65334333 
54813638 
22465742 
88010508 
35385460 
75957356 
25521304 
91465730 
34356894 
86137638 
37631625 
33035963 
80990987 
51034406 
37693680 
34235293 
42414593 
3292729 
87292724 
90589296 
75002894 
25086418 
42336704 
89484012 
23491698 
33457116 
13455749 
61078678 
49519704 
54596773 
46803540 
8437813 
16634619 
69269281 
3672528 
38379646 
38810412 
15553399 
23429151 
59526873 
8915244 
61060775 
78922403 
76265799 
19319388 
10199859 
4084867 
48093549 
13492587 
77737158 
45907052 
74855048 
10047783 
74603323 
57922835 
19899048 
1644215 
71378583 
67337293 
51163918 
33199564 
21365040 
59601730 
36193750 
76993888 
49633825 
60932963 
9388075 
65187223 
84362114 
68914948 
60462035 
52647096 
41421126 
30311609 
58326052 
51620984 
20756043 
3376 
65113571 
5717408 
32269995 
33552394 
2124759 
14097525 
91475229 
22023806 
15741739 
70078019 
89361099 
53265225 
10501790 
17950346 
6450730 
33055107 
81303802 
56084555 
1212278 
90691876 
14855553 
85574391 
53190599 
61677155 
31805262 
1835933 
78348331 
90131313 
53456916 
6328581 
90134688 
12154262 
91181349 
15988458 
45706656 
530315 
30085983 
44406092 
8913688 
32187289 
8067886 
5498994 
85452513 
18569676 
9808908 
78262811 
51624782 
91112709 
41571573 
39196627 
89028792 
42786693 
31995225 
49443599 
11688056 
63800487 
37639099 
76395954 
47515575 
77455582 
82724535 
31234039 
89609844 
81130091 
47222496 
28900275 
68019973 
63668046 
59665934 
76933660 
3079543 
67733819 
68792222 
74891623 
72663062 
78601129 
60378641 
17871620 
63297613 
88309781 
57068246 
45910180 
24680250 
89063471 
81713346 
36368305 
60088165 
26576652 
6348034 
1187515 
11256442 
89072568 
32421553 
87225853 
63786434 
79644049 
9709903 
25390182 
50536302 
69375836 
9548050 
39975412 
44333862 
78340271 
8450811 
24221132 
50525175 
68829451 
42092751 
7406563 
50723008 
6385204 
53316742 
75403257 
81808242 
42254296 
5355337 
35480182 
55190515 
11703370 
36667697 
66446956 
87135506 
69089249 
47256584 
44505715 
42317073 
56966486 
69895897 
79212943 
33566529 
79443946 
12772130 
64259959 
51367992 
21222940 
74840658 
88252734 
76411959 
10517184 
2883504 
34359174 
16902387 
56200245 
3346206 
85070197 
84814108 
8701542 
27774586 
47228831 
6764479 
50801850 
7259562 
1124192 
13474875 
40875714 
45629907 
55791947 
5066407 
22750011 
28588665 
24992504 
88553524 
41360795 
89252462 
33505291 
48943302 
71317327 
15341800 
32579468 
81834510 
18225303 
53298209 
85096464 
60785115 
56644414 
63750436 
39182999 
51705523 
91525022 
86411829 
58470002 
49551079 
80030958 
45953761 
63025953 
28130879 
91583667 
12401676 
33197286 
7917453 
27349908 
44549357 
82830544 
55070270 
41026026 
23560042 
11237780 
5927128 
38901841 
30176815 
74121205 
43486711 
83475024 
52801444 
90631394 
33703213 
10135656 
37038600 
71768304 
8884885 
17034204 
23822081 
44795531 
4289369 
69775841 
1405260 
32420248 
54943284 
166503 
51977101 
62860736 
27516410 
3750665 
52915488 
68946248 
31136258 
62835097 
80184027 
23422953 
8961146 
3944617 
83903725 
38807424 
73779208 
30288944 
36663025 
14706629 
40424599 
73701624 
72834500 
35669051 
90735827 
3880788 
66824150 
81384764 
73656628 
54588977 
21029219 
22183687 
54755479 
59365887 
85044423 
68631456 
49476119 
31543686 
44801911 
66971944 
1602990 
18569713 
76754464 
89699495 
22514330 
67882396 
22090695 
3517745 
84530907 
58753719 
4583941 
18539282 
26039119 
77418440 
54208332 
23999153 
67658795 
14616257 
12608124 
34899199 
69205233 
19996910 
57082885 
31184919 
65722364 
49351515 
86175943 
22422690 
67254768 
24561629 
75754201 
68857758 
43131342 
59732872 
52141028 
65645671 
21199043 
74231722 
55522983 
12954158 
40209649 
60106924 
17853007 
66248767 
31109139 
72061338 
76607487 
5992142 
73037163 
75575179 
40891340 
49466603 
2796296 
5198432 
67011090 
54878228 
40909515 
60411240 
77300917 
15388490 
84972868 
60279326 
84246247 
21687985 
13595973 
29971051 
73693223 
34795016 
11426980 
36440414 
34108741 
37996196 
82906905 
51961747 
11469170 
21240251 
17606860 
74436225 
27232392 
90644022 
57235611 
54483299 
47334833 
46391474 
59681731 
7929698 
8493909 
7815453 
68340937 
72154394 
9563510 
46897580 
26017495 
80169325 
68585565 
39613467 
17364583 
49502995 
60768050 
28791562 
72302976 
2100998 
66787758 
62434088 
54062744 
64616495 
83674339 
58029172 
32636495 
4490506 
55897401 
89872105 
58973805 
89591801 
29847355 
12239311 
4745706 
24700831 
6414331 
59446210 
83214792 
15977840 
92703358 
16456494 
3371372 
68513130 
42429529 
7095522 
11599900 
10421786 
35887084 
83902876 
91658144 
89034409 
53561171 
39304663 
47234679 
30819285 
4558042 
79871174 
35309791 
46815011 
63327054 
80643163 
43631019 
79533976 
106681 
34736293 
11459015 
85656371 
1406710 
81033374 
8858418 
1334275 
4714076 
91365150 
56206972 
33503172 
5684879 
54166440 
43924957 
27931530 
31653091 
42807308 
10549714 
71573829 
82111971 
57784393 
9617322 
73029580 
44879774 
31286680 
27068798 
1790603 
19154050 
57059385 
81324579 
5620298 
91795677 
79143161 
91276668 
79561954 
67400742 
86494653 
67255797 
58474385 
71443578 
30686976 
91977556 
77128457 
71212983 
29486289 
91419554 
10090281 
58653164 
9193476 
81664110 
34348910 
66977868 
91281431 
14602698 
5441417 
16151886 
28031063 
86367379 
21665503 
85090447 
74916165 
13645368 
70469899 
47643101 
12146243 
57256061 
22268051 
85000463 
18095633 
67102003 
63668249 
48782608 
52663335 
34380481 
13579367 
82149623 
19383810 
23669647 
34386562 
28577285 
12557964 
68735472 
81914720 
90198962 
69697737 
87356136 
92710415 
84088367 
80947723 
21600125 
76403022 
49447663 
35245492 
40456696 
4314972 
33751302 
4936964 
12942590 
25975973 
23032596 
80044592 
76003789 
58174772 
26291702 
3968045 
58113706 
15665532 
23351854 
81783352 
36411662 
38288707 
80700884 
12371341 
27427634 
64483621 
68428645 
8367546 
64418244 
59741219 
75674836 
86018368 
29728016 
32346706 
14847636 
70184712 
23021245 
48598937 
61481243 
22323402 
60934477 
70873407 
88727562 
30522041 
22631954 
22243471 
34490085 
80745659 
24268571 
44201507 
56112786 
60680232 
82490213 
44037877 
59411140 
17142054 
15745706 
35063992 
11869167 
66523517 
81164778 
87544002 
59766092 
4476570 
13474484 
60973295 
61020849 
36495728 
16796440 
29726299 
45178698 
64090484 
86959273 
41130467 
1836733 
16815434 
63373937 
36326817 
83920660 
87642507 
66887891 
47257654 
41906514 
56602311 
91295530 
8541861 
60103933 
625011 
29965420 
71973099 
67148527 
4713974 
66741309 
20498395 
9190543 
80215792 
81471689 
70211391 
10295295 
84627696 
86297257 
55473992 
55942388 
80480738 
82964026 
57779120 
83655739 
53562171 
80465504 
74800607 
34788453 
54577603 
15642036 
63054535 
4763689 
521341 
71596395 
51227189 
1146352 
87921383 
30424496 
54654446 
92635356 
83525372 
61512408 
9050106 
57324939 
36567873 
65621064 
67620233 
28419776 
59142528 
16678001 
70721731 
33207041 
6866234 
35725058 
10446556 
46787972 
9774338 
71606730 
67935993 
50711508 
87248765 
38214735 
55475196 
87770105 
17035337 
13926593 
75276024 
12180927 
30710656 
37154678 
91175850 
21460235 
85026653 
7450163 
78785173 
28818733 
59430794 
39989181 
57238509 
12157098 
43026749 
21544015 
45364138 
49892983 
57269073 
42170261 
3905162 
53402978 
21001198 
71841154 
11338693 
1833738 
3639664 
53173456 
89603843 
7034569 
53459616 
72104074 
5575063 
70529839 
2842527 
3975121 
91990073 
87869180 
90560643 
64359021 
10271688 
57215645 
90707770 
67510196 
69372742 
40958726 
89054211 
8320655 
77211276 
39907059 
36850484 
67476006 
79669604 
57851681 
32900935 
91008296 
59685419 
36540599 
37765527 
42873037 
43575167 
77584711 
8560886 
49150229 
55338757 
11403413 
53125349 
40912606 
85632160 
37269768 
12495834 
3128055 
1709620 
89563171 
56997819 
57441929 
24105673 
39635805 
52122151 
8541156 
65902431 
88972634 
76017161 
52796242 
40408091 
16142304 
37388313 
7317717 
39042470 
75153839 
36550321 
82617636 
46322325 
45111206 
38992072 
8885290 
56514618 
78476989 
49797895 
35730553 
22970964 
48653296 
25218176 
11040151 
45440675 
82215994 
54841647 
69546347 
15435574 
14188005 
78087502 
81338004 
89520207 
47688439 
27718021 
37152505 
63830742 
65106333 
30829789 
10097419 
33843947 
67380109 
79074622 
80166272 
19715522 
11650469 
75411129 
62589708 
76487025 
32433231 
5544468 
6682196 
81086526 
30762643 
4081914 
33751408 
6562412 
58923560 
89657322 
21997985 
73111565 
74969032 
89695556 
56215547 
16241246 
24637784 
592259 
66431555 
76103684 
31422047 
62888541 
3531407 
6026363 
49187370 
83697678 
25741884 
47197406 
52692582 
88331591 
30908639 
85125812 
80235627 
37590834 
73436545 
18222477 
28032316 
771729 
24784889 
86955875 
90429050 
33142441 
53651215 
58981857 
30062205 
17090969 
61582670 
54699988 
4042795 
35238432 
38027880 
35464841 
5351180 
41559286 
27850771 
40898117 
18840739 
39952223 
88095523 
57892888 
21867589 
26228369 
50242907 
9327423 
50178770 
17263227 
13909468 
78211085 
4394523 
25053924 
58750736 
81183141 
58196364 
19626158 
33748773 
88258568 
23076695 
2555651 
36542332 
27119489 
37794082 
60929779 
48943898 
29504830 
88848632 
76794668 
70402946 
1273146 
10330666 
65722676 
59166033 
32198255 
91951044 
16633147 
27885245 
49354022 
33896373 
28154280 
21148882 
24650464 
53208203 
79899617 
13057812 
4988343 
85885343 
46806584 
471118 
16186245 
49362234 
23373017 
29665301 
73515884 
84302795 
78609198 
10244921 
80375634 
48987642 
80647866 
81648779 
59318307 
39954318 
48039019 
77876129 
25489137 
51031733 
92120942 
61202726 
71287674 
27499429 
82351608 
3162345 
80707632 
69475432 
16220156 
72055542 
48944550 
63026739 
58886227 
65130794 
5972749 
82259244 
2020303 
79488632 
60145814 
66989068 
76093120 
47745656 
9560485 
50324761 
22978210 
68878792 
90279078 
57376797 
40338696 
22992423 
15632737 
39683845 
84195148 
86920410 
67183274 
60130531 
76442322 
41474681 
23189739 
79022045 
20754430 
72134288 
35632560 
79640656 
44489290 
41605308 
55483675 
32869160 
14677715 
22853697 
86217795 
90770834 
70599352 
3002488 
34679370 
79937129 
58240847 
32182656 
44538133 
5803750 
41534646 
46530438 
45487595 
32954001 
27034623 
6254644 
79444100 
10701153 
34088892 
9858046 
89723197 
54843321 
81992333 
32579964 
28067752 
20065398 
60544839 
83551427 
39294125 
75222553 
13629331 
32736128 
59577162 
70588250 
22098183 
1480740 
44109154 
80339029 
20022963 
75006855 
86142778 
61557608 
28761500 
25214148 
80871176 
55796122 
17828359 
67539483 
52856842 
51917250 
77397528 
49804247 
13984778 
52973637 
68743778 
28412098 
73039034 
36512825 
19187732 
19557367 
5319153 
19176630 
38653062 
51255883 
76124447 
60751244 
39096190 
13817376 
48314480 
59119152 
88824230 
28041033 
14260535 
24809937 
53255181 
2355918 
66965627 
57443107 
56254969 
27046676 
16584565 
27236272 
76850922 
30569342 
80209908 
39178476 
45341007 
46832718 
62050868 
64528738 
66390084 
67370020 
70064935 
91402713 
12209678 
39773157 
59378164 
51305867 
53590533 
1276419 
17649226 
49638970 
29317451 
31909760 
60808475 
68932199 
20625246 
34998309 
33599514 
63239782 
62044984 
50184078 
90476053 
32479682 
67112987 
64269737 
71658157 
19678202 
18326662 
27292800 
70566507 
71076313 
1887027 
34215218 
69703233 
14096705 
73988374 
22665172 
51762139 
21162682 
23941590 
69411365 
57161220 
39618608 
87680692 
25193902 
2134583 
1889713 
60192210 
35734096 
65129494 
15820969 
72277741 
49189323 
48300650 
32974503 
20683267 
13542582 
52652704 
39009928 
40835381 
16802987 
3670016 
29081976 
51018204 
73373248 
29538248 
18590353 
3262627 
81300386 
26112603 
13563784 
44295526 
83273822 
53182391 
25559994 
15691931 
55316973 
27449706 
62243708 
77410636 
78938768 
64424244 
56912584 
35352298 
19949102 
76246655 
42395132 
19851251 
22483134 
67764627 
47046200 
39286120 
71434642 
62487743 
76663891 
38391665 
78385558 
81613812 
41654291 
53269719 
14950622 
41577642 
4789453 
5448651 
1984240 
16709014 
7500149 
43660781 
30518287 
56103424 
28295624 
16681262 
27751875 
71567776 
38393127 
34060544 
41398206 
67147826 
40271363 
63881339 
42136660 
73677130 
89527027 
7155077 
43389080 
73415125 
45546741 
28998845 
48612712 
73560599 
68628131 
63563333 
22362448 
73417583 
55371551 
10706256 
76486164 
49231267 
40726604 
14228659 
91694258 
55381795 
17269488 
26670341 
20533346 
42022183 
47090452 
61931551 
16394216 
87361814 
33037098 
44890444 
68263151 
29788332 
52045520 
5236006 
89563024 
83951829 
20594418 
31759512 
64736635 
89222549 
2547052 
73458651 
56223907 
44278171 
84164906 
39934279 
79869005 
18475285 
40522505 
78787471 
73857079 
57791992 
91817379 
1614633 
86173742 
46132038 
63546183 
88927526 
27077628 
82942848 
41042177 
81700346 
6314955 
79447264 
73295920 
82237547 
70623300 
1114545 
21221266 
28943711 
76696661 
10127885 
9626569 
40144776 
40765623 
80151042 
66438622 
27858836 
5850534 
14185334 
13870514 
66067180 
58336893 
12912100 
67681812 
38094411 
45403705 
24811771 
34246144 
58840900 
1338394 
61647888 
47765454 
7653349 
48319359 
28285581 
76250463 
12526435 
15759693 
4695936 
41470145 
92456354 
1183388 
37456281 
26184905 
41949011 
24831530 
92623526 
69807846 
17041631 
392635 
70037927 
83108810 
45089095 
69309594 
44374398 
83183505 
8297074 
69186168 
24653856 
67137974 
70524561 
86301743 
22127635 
64537477 
28204878 
36772783 
48012147 
40731312 
38892043 
39067650 
68561024 
38572604 
40251038 
13241512 
64757508 
82200048 
24432609 
50964809 
45591669 
27833807 
51357443 
9213371 
18166824 
3670746 
78522964 
48900789 
73213818 
86820037 
11670732 
5091882 
61182218 
82195293 
77753192 
69669420 
40316545 
92317637 
25978 
74688260 
26632724 
38918021 
20980117 
2417955 
77490624 
61231154 
2019034 
35831908 
37014977 
12811210 
86796716 
68966213 
40645016 
31737935 
78179583 
45171408 
35408680 
63926754 
80431764 
15846705 
44330567 
92102496 
7298154 
91872352 
67881564 
71410914 
68765980 
15422316 
57312326 
68791957 
90110575 
83945050 
1293753 
4674468 
72722572 
65143945 
52265189 
61101174 
8200060 
89280166 
73912383 
81356343 
51830154 
8141175 
20318485 
37233945 
39672150 
42086732 
87520266 
27328121 
44293005 
39075040 
26654824 
37950726 
38171600 
1760595 
16585847 
521355 
3542479 
73898173 
55672879 
80012621 
51426998 
56966632 
84687088 
31373777 
29334784 
44176485 
92474950 
23894411 
27040426 
59971109 
91610321 
78870579 
54471851 
19153014 
9688299 
1368208 
47599313 
4432773 
28696328 
91892317 
29867380 
41710720 
37067251 
54398547 
43471314 
40012665 
54919901 
47013792 
7494613 
4176556 
34250621 
58921610 
61143187 
12521484 
90295387 
76837538 
56697968 
76354112 
87091516 
83738393 
29908996 
85926044 
56192748 
84380846 
91438625 
65881046 
85749053 
46262146 
70313818 
8029157 
31738238 
86540766 
49739876 
68805488 
48163520 
435397 
16042361 
89442989 
33808757 
23536973 
843752 
54418945 
68818151 
48346506 
66940428 
66337745 
18767819 
17222172 
36275632 
13083542 
87320132 
66184628 
85369153 
50737087 
57789681 
84031986 
10201909 
37122510 
23877907 
80515726 
45151666 
55616144 
74280699 
2115749 
18005408 
16027995 
2551145 
20407336 
12695191 
22719469 
30303876 
13538942 
77138413 
6346234 
61885447 
37662617 
59043546 
67012833 
54884788 
81678746 
80096374 
49429127 
55087581 
59049302 
86525782 
6461037 
50305495 
3951898 
43583546 
60542969 
70827191 
88735211 
9742889 
38691666 
90850959 
27748296 
54719660 
79761672 
34515199 
67414850 
9705348 
64819074 
67313359 
73203329 
57524876 
22782581 
18090153 
10152197 
89795413 
59334508 
91830942 
63475562 
15987842 
54142730 
29749071 
88873191 
60603767 
66414134 
49296 
90546880 
34181310 
70876487 
86506299 
30283766 
16792360 
84581465 
44391629 
57871587 
71567344 
78906827 
32510644 
67632260 
37309677 
86183570 
48059796 
2058760 
2549926 
66149948 
12210956 
92345338 
32708663 
11266106 
63045107 
35056072 
51768403 
18385 
31153471 
5955945 
52792086 
17562334 
3727033 
73332964 
88438820 
90233331 
10840937 
91590747 
68398571 
55232566 
56686541 
33549691 
27723168 
75556752 
8406158 
65032844 
68964529 
56465953 
53451171 
71514454 
16199676 
52021695 
57443567 
35267906 
49647368 
14072449 
56683545 
8639978 
450402 
74196583 
955491 
53242487 
91758917 
4682523 
33799658 
87421944 
81275421 
44640595 
86236899 
56898199 
86232728 
36507215 
76807457 
21180103 
19288175 
85213614 
86212947 
74612271 
35263342 
46888325 
39710501 
37822585 
6134227 
4378275 
59450058 
42141162 
18450724 
23357811 
50781140 
18901125 
4778601 
51736630 
72143611 
82897085 
42778720 
92302837 
77543237 
31278348 
44167639 
57363911 
74536114 
23984142 
80230693 
58567779 
45164244 
6743075 
37365168 
38601398 
67714914 
72628510 
71849291 
14649622 
4034870 
64343085 
5387464 
63484928 
13708455 
23838187 
73202306 
50849162 
29098879 
64340474 
88945359 
87602058 
54461767 
38948286 
87129102 
25588779 
70226633 
24880516 
69312257 
51986954 
48864657 
56767157 
4138508 
1253108 
49869800 
41503676 
26214074 
24808921 
7715961 
84422932 
25818110 
11750830 
55990224 
31205573 
75235757 
56058246 
41403328 
42021838 
491183 
70502206 
13586520 
89436541 
65328471 
54407854 
35609034 
46041348 
79996632 
13059874 
70921863 
56533096 
51406396 
13370295 
6884028 
41904471 
982971 
43113395 
83408146 
13556612 
67922315 
91124106 
5203751 
80099992 
10099144 
47553542 
18529773 
71694468 
89971356 
59933100 
20940514 
90462538 
24019081 
