1135 1 546387776
423398264 
134722757 
82185385 
188917452 
258546764 
367378813 
64357122 
160942864 
299803752 
47607917 
269848909 
278738354 
356527382 
466333680 
165339404 
371050746 
141090434 
519526103 
209589512 
76665434 
475811738 
4068999 
71758937 
153404384 
286377998 
496853869 
489376495 
166334586 
171957210 
155457853 
465440715 
48967697 
328248065 
39305779 
275952605 
78474509 
406684591 
378377182 
277484828 
198168023 
425985098 
945961 
476906376 
274192160 
467279640 
133925460 
98855129 
100049753 
145131242 
308444640 
214782643 
112622659 
350581095 
286541579 
266027042 
90571316 
275075128 
209015760 
294973358 
447032337 
402541069 
252093752 
534067490 
222468813 
291399530 
301699774 
300943321 
189763800 
133689179 
32040373 
387931822 
13286501 
71053789 
356517878 
287478660 
30013108 
490443337 
424401244 
130062861 
89186802 
224525563 
344845503 
201809460 
28718881 
123066761 
467836501 
157357653 
398141888 
168531941 
452331010 
336853905 
62752689 
158036985 
362601074 
285221501 
487503970 
117913071 
77844502 
130879993 
251602249 
147952330 
10491495 
302956205 
219006118 
367009372 
82114544 
249019225 
311064932 
506515787 
379082085 
438319189 
184653574 
215607267 
131808328 
251439910 
376741484 
53257052 
408797562 
266563051 
259856448 
314740795 
95096635 
322609136 
510845235 
457697708 
99510317 
451961428 
29223002 
177354818 
74521101 
318892707 
325307147 
85012595 
75461135 
544313264 
452021966 
157575679 
246944712 
254766577 
155771145 
117706477 
184765445 
378492174 
371381199 
316573772 
83544308 
239802362 
407898279 
530409325 
506365413 
121366951 
336829800 
55074271 
482043542 
301287258 
512771979 
35166082 
244928366 
33674660 
250588355 
319449466 
352567366 
29507725 
442529516 
428028501 
65500668 
386231161 
77283859 
350512836 
132677417 
271122459 
506286768 
317442861 
103226857 
331280190 
87628856 
224838620 
62762232 
495527134 
208860168 
22739868 
108573764 
37369647 
115881594 
44229530 
338656905 
82265796 
117463067 
75264950 
154007912 
368051422 
394714415 
506575277 
435626602 
290856154 
426283457 
501127270 
168766994 
541634771 
343319785 
301444410 
266369454 
303218776 
72499494 
407663766 
126178645 
198195805 
124182065 
188940876 
185402618 
333042232 
211680743 
293976382 
370411879 
327562337 
376273367 
200748463 
447895588 
493736433 
276013412 
55515723 
353467534 
162407506 
53770680 
242706360 
491331115 
480054136 
235513309 
113710332 
475301131 
32445317 
415154741 
233350264 
335664092 
487654234 
132693709 
499910192 
177529718 
256875773 
142463292 
362932335 
81597684 
392211490 
148588396 
452009562 
211453506 
16541442 
144437704 
151028774 
1957555 
458518571 
206544496 
355425088 
74538300 
298382631 
89811127 
19481638 
232048991 
325324435 
171259425 
199029801 
395837207 
40026389 
470447520 
223180978 
19360302 
56753452 
176703394 
196890019 
313629224 
319166685 
51502034 
395226907 
203057854 
238157885 
338916149 
414511360 
254699327 
521421308 
19152357 
256656881 
433552103 
263764308 
103761648 
508090402 
15759163 
193572775 
19251720 
285875609 
10576889 
190511144 
522972865 
406414096 
268604989 
447032608 
83207297 
287965290 
541853515 
259910690 
522922765 
347162418 
70757054 
66104478 
196001548 
311882364 
304262362 
26597376 
180005947 
12573912 
1630908 
237225759 
307298248 
473250466 
539057522 
411059896 
473020547 
46496364 
96312350 
492272266 
332371972 
106889238 
174463090 
347024516 
4983013 
481135534 
285736803 
88190310 
260780503 
281202541 
386168455 
237315491 
81977182 
494992965 
341487424 
316046186 
260487552 
99362010 
380711017 
478560954 
150003377 
382341924 
169398936 
457301625 
347272069 
200136137 
360041200 
273904840 
246632501 
456353549 
257856785 
32616696 
54922466 
470387330 
379641212 
59905479 
405135087 
157057694 
148095788 
119527814 
438260235 
25943922 
394910760 
11917096 
520936886 
190010408 
366030737 
235036661 
327439873 
200353978 
205277294 
477443249 
74375581 
374676229 
426424553 
421647650 
66492046 
240077976 
149164713 
313124546 
188111204 
445088953 
345741241 
243033670 
369088507 
217062132 
302939148 
227835817 
374119826 
489102391 
385431086 
304059740 
6725992 
233954070 
354044291 
527662878 
462031933 
173687252 
254379218 
243084029 
374041229 
459656512 
212206957 
448416809 
326012420 
92243734 
361744138 
392504465 
332321709 
2588530 
159241234 
12112593 
447677483 
543049931 
255146262 
270378213 
251791742 
49765089 
536281485 
117591247 
30547159 
413392251 
421650986 
37273150 
139026000 
267374957 
56615707 
54670156 
441062208 
310994925 
335821640 
306783116 
224263660 
1640820 
246879604 
41955759 
93884553 
62235966 
434460224 
464273718 
64824495 
85381137 
476386310 
4181657 
82043291 
223212251 
312627325 
371902489 
311044795 
302521034 
489493735 
341591953 
207592964 
402824401 
416932558 
346618963 
123811581 
473548265 
401289118 
56553468 
238155413 
190722981 
363336583 
500486528 
230431256 
63828410 
34121966 
324315809 
126064375 
468582189 
280269206 
228956326 
45643006 
210267739 
233137982 
127686296 
471547445 
37444987 
499588784 
236204463 
339966020 
480762199 
69476095 
39238663 
337198823 
524476108 
385857625 
499077859 
451636596 
240758966 
9243550 
181471688 
469549402 
372580132 
173637895 
153592881 
436408541 
207759861 
515976145 
54152596 
168021729 
249857574 
321176377 
213664734 
498192768 
45994038 
341351030 
423352436 
83439024 
332619493 
151236578 
461472499 
305061371 
258780128 
500711161 
133939873 
236868460 
340181009 
86629955 
180184735 
72619654 
133940960 
399723879 
33848735 
506521091 
26973997 
187441616 
434609312 
234733857 
195097440 
526829363 
402755586 
444955014 
339685419 
108099999 
434827461 
385679456 
449451028 
349859577 
469118480 
273750201 
539163610 
384203202 
70491251 
251555962 
376594043 
204431124 
526491877 
170387275 
329128534 
198356291 
243006929 
463069494 
51692393 
276855663 
461270264 
116733846 
502364734 
387559255 
351467702 
189141854 
406068297 
245902967 
125776547 
199365939 
354002966 
14216231 
76725075 
295133673 
364075807 
545843554 
60563553 
394919097 
421726435 
169122260 
138154738 
251932701 
373553383 
118258838 
460387432 
194361596 
354682584 
195074040 
111043313 
406374977 
509997158 
63993257 
523108822 
465974116 
489619967 
366256203 
146795649 
349300488 
103838850 
272572195 
40346106 
495909271 
286788425 
117071180 
282722623 
142543912 
154594413 
381353632 
537463008 
29933072 
4088115 
129229969 
319933228 
377641497 
285556262 
272000339 
63682772 
93851069 
467074378 
174726085 
538293501 
430683760 
276786797 
6694226 
388337555 
220018987 
372950429 
535133203 
60999154 
514856734 
261317621 
101345260 
464378228 
39785725 
218416439 
238780530 
220397092 
373010852 
73746385 
211472323 
441011379 
77834499 
378769747 
252624286 
493543451 
156005688 
524624625 
10838447 
287924213 
445311226 
223631987 
279829937 
367674665 
500418783 
286524163 
247691899 
212117449 
151154271 
274504781 
273116603 
157690684 
27502081 
412529318 
113748591 
67287806 
122625436 
352529120 
287684897 
533703743 
464342961 
537224676 
428327345 
33857139 
407674102 
172631311 
527400590 
17292014 
150868159 
29918716 
305216226 
87859064 
291618158 
76725842 
493601185 
283716620 
401317460 
194905307 
495834068 
44151410 
469410088 
260630350 
201842093 
496912168 
164839347 
315590683 
55879653 
287464783 
159799483 
381632006 
274780749 
77754667 
372468905 
194787774 
111611805 
233755230 
367419084 
130692074 
289114699 
9966922 
160610789 
86010604 
135893441 
452228946 
162736446 
121174305 
227625245 
17666129 
316079612 
177071537 
61817539 
277169379 
475769342 
263659631 
265761226 
94220913 
70929994 
359708335 
381685695 
230729476 
194952564 
148146123 
346551598 
59101148 
381001352 
458163402 
330923833 
240100115 
80535156 
73650756 
250067036 
279213400 
159661359 
424027933 
223122026 
322397804 
545202237 
450747270 
378131389 
352961528 
119498486 
439948927 
121810586 
48880052 
195288237 
425639268 
181168420 
304285686 
238959826 
54533794 
26694841 
471979845 
202679916 
373246438 
531080992 
37293492 
323089520 
315617048 
277393606 
403624675 
427335259 
19140322 
174517754 
40608842 
481235710 
397639779 
401074101 
480050170 
301999273 
270885169 
324691378 
421497758 
202513775 
446501963 
470377809 
397802012 
325753454 
143225908 
193767377 
56392959 
197759701 
220462218 
528372803 
400439617 
85388335 
4745698 
475800564 
408477854 
320362746 
244873849 
303782208 
201310228 
302081626 
478299962 
279986525 
236929559 
367619420 
172740306 
208659409 
123230916 
443625474 
533350786 
36408354 
99751473 
433464972 
506786162 
535620940 
250898106 
141691750 
183000540 
307291064 
339451450 
441530213 
327343547 
193503290 
526918548 
332089244 
160983533 
427076081 
106064213 
405857382 
222537969 
345441897 
161551231 
192517610 
117108101 
436548246 
13749253 
289848406 
98819878 
175047625 
225153560 
85782887 
211455978 
324905032 
10927538 
209921819 
352205651 
261825643 
351613568 
26885870 
60796387 
144677242 
468416083 
388139933 
376247987 
487014310 
173841400 
537231520 
367702614 
317973069 
434768581 
81920262 
155094645 
87999491 
312505327 
272202745 
524547736 
326254580 
53730831 
76979837 
539369660 
278884390 
200830179 
204437861 
57401645 
211757717 
414359679 
409607295 
511650815 
257652927 
436493164 
26059425 
402330168 
396588926 
414199357 
270257834 
337215459 
79720437 
299169033 
196597753 
397693505 
187549837 
316585470 
44467829 
275549328 
82703021 
316670573 
291776743 
447025056 
370401403 
406824036 
440006939 
102898016 
61266438 
136124479 
198367116 
311091610 
42163837 
99654090 
276354649 
299816763 
27826934 
302414073 
193826610 
424415859 
208293110 
464084444 
253310998 
326081002 
216865700 
449908750 
215454186 
442482993 
258173899 
259922014 
209712000 
340876919 
30204810 
501488742 
241514198 
438673669 
361925001 
173200816 
541571684 
461258895 
309325294 
231618480 
225962728 
351489131 
331272569 
502317376 
104918117 
359099502 
296411129 
298744727 
275195041 
542771694 
254508850 
528506038 
360532375 
509442005 
470094467 
29598784 
405537221 
181880589 
289520797 
106928900 
14437188 
357793062 
100097322 
255951385 
250078954 
462022322 
429152201 
283330318 
414960896 
230157174 
514948797 
132603304 
35258528 
337901045 
126600359 
140176645 
150612771 
423011487 
476988827 
463875267 
457462860 
223177356 
445993528 
271607458 
186231584 
407767674 
339273697 
83448485 
81327942 
120474173 
228444840 
95765129 
478267235 
328542161 
389783970 
220025868 
282244163 
310615850 
541423641 
150817282 
540773023 
1664341 
283420585 
67711231 
339565386 
410020944 
207887875 
528245612 
324712110 
176556381 
445733102 
273854650 
399733736 
383406309 
37141787 
77644999 
282853662 
376415484 
199160939 
364181603 
496889656 
427605779 
498014188 
466836570 
209760163 
379477837 
178542118 
492004325 
143705910 
211645438 
134501287 
176158612 
213309779 
455989327 
243869842 
44554844 
319622494 
489825172 
26412679 
136014284 
158061232 
472145780 
409868933 
49474647 
347231768 
485078175 
127119646 
83697653 
315105882 
364348040 
447879255 
303675218 
283633498 
437573122 
262191467 
493393661 
270663182 
478801040 
477077665 
452436547 
182126158 
103258631 
120274839 
395435936 
12860182 
364144680 
439990779 
370550131 
345649532 
466403457 
544631870 
503710763 
430228916 
446180482 
6797634 
231072907 
384870881 
171984735 
352838015 
191656442 
536332774 
292396949 
533399115 
273578496 
183582295 
287270262 
258651836 
492312932 
219683525 
227409180 
398361703 
401809682 
368735267 
518636541 
288925297 
381595448 
374460900 
220595755 
243825258 
173722655 
178678891 
242069352 
131045642 
100587486 
179929513 
175910731 
331660392 
18412617 
347895465 
176178086 
210069059 
337840462 
468575035 
235147853 
103098637 
105769553 
522418114 
361750472 
89762164 
233781319 
80839332 
488123866 
127270680 
449574598 
498440086 
416195977 
322849725 
326513210 
128471411 
58354662 
538303320 
307150302 
338491469 
161028641 
407737787 
518420982 
336939371 
231077859 
536833598 
138447059 
407255944 
238582336 
514354977 
