146 8 649879395
189502630 284280575 386618028 222036598 502030230 85456833 336219114 
19394579 45086858 58542674 549622300 615911392 299774973 148301365 
275955986 272083259 362032384 49926046 497521005 246490959 163158868 
526747463 189478102 642623680 145210886 638037359 176400298 284292135 
288041203 572202444 300771353 477543832 8758160 489543917 49701034 
510788389 575000749 188074684 530182967 620087606 48771895 429925872 
586119602 150701404 380381773 14350729 224939199 92534761 516310706 
72580808 141180257 29590178 401482808 132812895 22334463 546693693 
120970858 889297 181106432 211166597 375246277 284032321 490864965 
384004436 575730774 342720536 244913429 500852127 530795219 577250933 
273214875 381721650 159451946 11609618 532423053 539833718 25960347 
107482857 434523015 344425589 632097596 377857808 374015767 383701008 
510670702 198504766 82669842 433796096 199394062 65930811 644962692 
574640339 152117668 485948262 308765379 77969047 178789402 355833345 
380975710 511739157 283204882 4311189 45735949 442656827 467954739 
380313538 134765686 296069622 289950931 371443237 640495210 272169132 
99421650 364631581 458024676 610092351 563136346 342849055 196163589 
564684945 408779865 191246885 489445888 363052069 479349683 600365803 
441021115 460293621 108474289 624151362 124307920 391679170 430617087 
170043868 636490533 248692430 550357405 573410755 544762051 190428941 
294974597 535377866 264752609 196550783 52284588 524931821 608797670 
417575471 217901480 155081863 332381020 428835881 148483285 623981444 
142008555 627832967 376622388 385184206 240401730 485096677 359456172 
364709649 29050988 140193864 336908053 15662126 191040830 39540599 
589072880 85923486 32124076 36322618 423455888 296876684 35027937 
277895012 171929110 643825607 45591087 191985126 149028074 180126643 
620821007 297511358 154228691 112950166 77619467 333005616 300288908 
318021196 168222897 9865685 32851449 197273884 602093480 171914038 
15090546 143254914 211454636 604163426 31332936 243578712 442640580 
454788823 540455395 477668517 82804440 514539041 471614728 580429458 
508678704 422797338 110676706 479620315 522463233 67059933 394725017 
600082699 400065548 45134529 70379036 370442981 507034145 103230484 
567716865 459248229 77299058 582807410 404657680 288753693 339245977 
435990615 532332404 132007162 240900043 225062941 411830215 125859019 
89722586 35720084 56409081 400555826 458517421 619119718 32451282 
133255795 36300256 427176298 83459098 238520340 274465364 153838133 
608963321 583654045 59223153 328955327 195177416 136522210 64037878 
599835095 425275903 403283855 385946314 109883448 337445553 429000893 
334946388 99396372 554859911 226823511 587150387 413423529 627379336 
197942949 382663851 9951223 331198744 221118643 239282057 414657841 
261793520 513747420 370650511 23031982 249676607 232028200 351987308 
444854022 368550410 416025185 394809721 595980849 169429644 130876639 
55984901 309029733 362032069 390931289 210580641 267012584 617754799 
147851632 30556717 397409276 345794581 215375105 407360498 27113929 
436493747 646642555 243926306 48407871 312665116 416731353 71439852 
562341722 648759553 225581696 357316348 169585104 641606881 554280605 
115686557 613191061 487311781 623705389 74495936 199464454 166911819 
285076576 268631574 134787222 235082745 101342828 334351035 383031862 
316717932 91832137 212300327 555366215 540629228 456226632 405928623 
203414949 25233127 279523011 567911207 24113284 505104707 77502697 
193698387 298986729 631783301 111539480 64452931 469215686 85365473 
138948866 18800744 252277292 226179979 89586855 189219050 461262723 
190929682 523570084 194415189 507647613 417556758 208870052 413134432 
308306590 15217288 169183659 313876075 40450414 250861207 231907887 
516597629 106086518 309410583 60416620 207227783 291314488 171956099 
271680713 562684711 59476109 212784116 383639991 311753400 438964094 
473226845 500972449 52501958 14277131 176817675 49071683 521924743 
594374432 257941734 87334317 54956163 75313558 58672512 368832238 
567797904 309533718 600740124 434516137 217774772 62425848 297087294 
425002554 353740335 469043392 46803872 68700187 528519500 61742524 
452340178 642427436 500706617 275687627 295675027 553208574 289964758 
472492701 404434793 614044037 219142274 12497131 503532890 274098436 
87810688 562205402 642930673 457763128 24014261 593791401 242399870 
43943570 6337853 539487163 468946123 162232725 160805696 317904531 
230932911 491479733 379647054 33393693 484027773 32628812 111235857 
129823404 585837385 203355151 404470641 142547319 167519792 623612914 
155044449 21173287 247831955 45009674 385533225 43037769 502772801 
211702022 636829170 547327207 255645591 445321559 239089511 74712319 
409708820 202049744 194771386 442796268 43650081 574418440 278344497 
329832390 607047251 389580353 261810331 345159778 592935503 16401576 
487707096 562609832 442169027 444906082 385937655 492155518 292070292 
121591484 535193286 144963697 135448042 324297597 494445441 391093633 
119739761 83655556 267960488 331603117 87859836 264886410 124519989 
131509916 189425454 402864486 263496843 598627242 594599375 525307173 
96062161 537655483 343863285 385923793 252540456 136152916 180950479 
638478110 430462970 275175307 562224130 315776861 222293541 47792776 
640074457 66859586 241040945 561968754 602549073 311155969 45847013 
40529514 576042379 170367001 624073361 567622369 375386023 237690808 
318524752 320106003 113118585 414586912 10036627 259136407 602665242 
262577082 197443859 585770257 53330333 627906829 211066169 615554462 
95958831 433359709 13467842 86153892 302373831 56663324 450277183 
255043508 367819292 496124195 97727558 293982275 16611800 71921524 
13879786 194152360 111766868 332404537 316412899 27039990 97112054 
326449525 286176396 501931832 391181143 483620254 437822693 444511475 
263802224 648888861 410186541 359761054 234523711 225808919 248069483 
536897541 84626779 48467270 594095586 452446071 544591464 41943748 
548582882 363357800 565899203 562462667 557510159 27786676 244987809 
26198199 54826665 144254399 352647723 341003060 646186230 545983402 
626777850 236284064 340615481 42855216 37448067 552956558 402616269 
271971777 580920014 806356 158989923 15667397 49273625 555240045 
468113467 396019625 597183792 168971491 109498030 315358137 81554762 
469162725 343144812 326542570 495360924 397971476 272951505 283788 
541129072 269258339 546267190 320182063 505542403 39157812 363037278 
542990469 394268907 115774152 617116782 325309525 568614439 578261241 
340976921 420042601 483621890 611244925 166182830 233080824 130337020 
77835396 548438960 14046318 349152658 43858913 340588888 646668118 
441830388 613540392 646951905 135234601 35073873 345494236 455416663 
342770812 186806585 168574546 38036422 581075491 86503234 5273808 
58660157 5238277 583535049 399637077 425280877 219432080 163157143 
393618244 452512903 95648699 273608176 153227004 109695017 622760833 
197085916 450283904 619549555 441070840 216099437 418776602 576305440 
53327846 566425374 183997245 396098657 103352563 352571790 236289615 
486582590 241229560 241563423 545242746 246467836 627253008 97154965 
473903250 196805692 260312107 19796635 451473132 355960806 293404810 
406854672 465655822 266286248 603940588 68214867 38110944 395132032 
86468840 259042082 123712614 139796686 175588061 307709858 338049879 
81095160 462436184 574339494 369832287 53786348 618057453 67350174 
102408720 595431065 164505138 576311969 594391293 226971782 596108603 
198139566 582932587 239634018 604994238 200863550 308074802 361209967 
71232953 148340282 558496535 157701792 407382364 32329753 99653014 
385124961 142194147 437702893 268374657 604630330 164317528 638206943 
8537282 132495585 55677722 110946002 530081186 22337396 489412507 
276747620 249309177 435641715 277041723 634396300 477430269 34311102 
185380454 135625675 395521068 58767943 86120493 304138207 18624272 
493502856 138622497 118277285 30902958 280816643 358134714 299277615 
235567578 522452241 89759699 46259396 457102362 597471352 157205397 
337304152 619808748 448772441 416206309 21393066 36689297 43368636 
5909971 514119565 77679737 643324356 451899776 473200804 52212904 
538020268 579493547 70837175 183798266 68236648 189114459 214701223 
151207828 349403710 513978837 188929942 221976555 603738536 235189337 
29199522 353485029 194549271 168658210 323414381 643321711 584864518 
344807447 30131612 430387690 152871954 346405713 508067426 146316914 
148426093 133543371 684354 488600897 63157523 71521528 22519767 
583428102 62790524 237220990 536790466 412194233 101320431 75841012 
436325324 507213503 311030349 267679382 12973674 307734156 238492129 
336388054 301176471 173477251 483350037 133462619 406019478 636221990 
479868331 264207508 132659509 430448960 199905416 133343862 269170461 
65217475 7019927 291690228 648645576 521844382 331065754 337711184 
86313756 234540721 413552195 522639079 91874829 526737080 140439066 
104848502 184591840 181085731 243391092 287922847 156717518 528895666 
421385465 562736995 515238260 53528937 177065108 450052305 483977896 
179125060 385550704 103268962 244342534 194725167 197113726 45263251 
66690153 528179479 382974434 153003908 112840804 146647234 477797523 
6870169 23504918 420391125 563752602 10251295 601476855 609298231 
298174141 108314978 488314501 69680211 21172577 155827902 123209147 
392221 408034744 409341580 179517280 143706052 512610541 423859813 
140585755 511878803 469123064 9430444 390178886 4372639 162434351 
305174226 151019872 640231873 114198932 626558722 212898140 28072138 
636810016 164495599 637370368 87259298 272810576 277960010 608973440 
96137690 433787912 534337124 96529910 191943260 293799308 78201727 
137803848 608564385 304216076 80544139 470563792 575493676 89974582 
13017819 579866315 54563469 318192044 81006791 44915946 432390975 
509720049 59968622 262617650 298805206 224464221 52263159 386064504 
299429333 330223169 147313085 395567022 566165617 31770813 294251469 
560263413 325570120 174607732 500221797 86409646 478823807 580765935 
556973437 404438088 472895053 569991255 136579544 527458521 40458441 
19740871 374529003 275003952 529460920 434497625 537621601 178386730 9082450 
392039297 366605770 308511782 72383070 513918855 506233341 440703223 347844204 
150605414 153241777 23534929 325213145 3584178 109944574 606191488 386504649 
469072548 162904717 209520306 191338944 299484260 87099431 33951921 319225131 
263782970 308955873 198806655 48401199 648732010 179347921 57483648 390891911 
348108228 168149967 265429517 14302224 24503912 56253344 362146427 627143257 
11649657 187835892 104631543 15233834 99935003 60943635 203893019 569007550 
223848352 413413324 562501030 523332611 302667291 596452951 192678346 566450261 
255529428 193639537 417005996 56536579 175141995 276644181 447428490 523250222 
444794147 62978611 339706982 271452595 571265887 51974013 50870993 582915543 
41964442 155502535 400303914 141899444 18600706 604196932 513061530 44603594 
169885398 425683164 567936205 274707225 372256719 562769087 191278090 429940683 
558563161 410438623 486477262 83825760 37203408 86180893 409230518 284152091 
149159503 99058104 555604685 522579926 603066048 408630214 257770611 645030489 
564132748 460229061 137050537 384887990 414546597 452266603 429491584 386586531 
228070372 149702930 11414361 402481627 62592621 4846987 182542915 423310318 
415285609 471174713 309290614 452489016 557355605 520675668 86761711 508669644 
421888308 444520932 183524712 375074961 5426287 243449859 172380591 569559034 
53799524 111585665 106722166 270500657 563852267 536213749 7207793 594077175 
36037283 18622153 346679407 550663835 23469139 331376858 324094758 240909285 
604706107 435539908 495552837 512182316 306336181 384469085 173127101 78345093 
179110621 356651812 255574590 184536908 600101670 427955181 556250478 456055730 
341695382 13093248 76676992 255668253 351461533 83884784 2020570 387498815 
554540868 348699976 288283255 380164543 482231370 414532549 621073827 437058081 
200193061 466747269 101515538 308683778 3491495 76797175 387028871 182602115 
433448987 444757997 169293559 185825798 24988319 527698574 641881528 366683700 
342946358 520713056 622351953 44528496 604597839 624372522 234181847 311413848 
125347639 324619638 41698995 409733545 89272791 12893427 196912230 91620389 
281795232 100582304 400304166 285286726 177379478 589487573 270043377 412983001 
384366175 241491473 400963336 409354493 571344583 195120005 126158798 66566082 
65953665 550665287 563128509 472706040 327312950 147430961 134240492 254815125 
472050598 175939486 14669274 363477926 640866844 13736040 455098314 74937217 
114318343 7677621 162378479 93852357 597165194 432421856 308989895 133806510 
476067865 60073835 543161002 199687589 255193839 471474336 266253670 321147503 
372260227 179502784 143974147 501727713 129088281 80369175 106663442 403293415 
58463197 121332715 116891945 49450646 135068754 374144795 124387862 51541633 
381822416 88920878 597427922 131262751 521342733 256538421 265069260 149685739 
118766792 158350866 349373327 373960630 431979739 615626996 497262669 154360570 
597284316 443391352 458242820 76493201 523760526 564906261 281941153 582223722 
488393513 398833097 433828904 425616803 575132429 360371303 279312973 109229986 
449292180 226861499 240492736 122910054 285554456 505561995 272595792 404321247 
466067397 621969118 128402481 50322277 389871255 427819686 6837384 139430713 
221331642 465080203 18078450 95212772 380107068 300019602 479591030 20775722 
501007236 263540539 446392525 426260269 623911841 75826102 535490254 225479162 
104842137 126103594 348389215 390396592 433820125 620985006 144838443 52162663 
395229265 75395460 102484940 587255056 305369682 109322323 76806373 526701323 
574402525 94884823 424068631 106784734 197058961 55934802 127560456 48186801 
319475340 573952980 276601606 95662322 451933618 162212464 321141483 556775754 
90470594 19651302 297292950 326445255 442790844 244285929 180762455 188140713 
121835925 283247394 577550306 427205606 194724253 4477283 106182070 571281314 
551396037 530250700 28186652 550609535 586185501 607781039 598796335 57935983 
334009160 27673083 605632236 136063382 189885546 79048861 42959740 82510677 
98700162 142407226 408955931 343645543 188847691 589718385 333940792 112838152 
25240920 261611702 540043757 22119709 68243522 448380363 593401022 421794095 
130906204 423742211 322524234 67212310 381643854 73595711 577182224 517807551 
101268793 532935064 3991537 93308875 611983924 498985209 175819551 512838623 
443546971 386930019 8759307 632394662 128923545 342700098 95353418 154164465 
406466337 437551712 176284173 276864395 38207216 571839732 48779094 169113420 
345702547 173457865 38480266 529500937 49208112 615662489 397429092 150476904 
300872694 203575166 45940315 65131760 504714911 221759866 380124919 298382486 
410844421 388884225 83052289 539767965 533738859 630439639 496086966 290325800 
220266492 474525676 567190194 258473707 396486012 418123825 427587126 544343095 
591581689 466067391 423964636 640789800 234005021 171514333 593421240 534877715 
177244035 639361554 600009474 32079550 13396561 132409534 132616572 424240981 
521293758 17823398 116284088 405153221 648263036 612371053 497633558 20804669 
239171870 217098893 279278375 635657881 635222717 56986106 332276117 379079547 
325208033 106361358 172144488 559213054 80030227 567720264 246365910 59428798 
557202423 196495988 91508347 372753520 131060058 26279455 147115106 2474420 
44102852 263399193 209782177 42486492 28045387 57536339 63291160 267217257 
76789769 144724072 55150279 514167022 3864714 387426396 45521711 329072746 
295942290 217666198 40560941 375972516 135507067 286926850 435401313 494864026 
285577374 329064196 19892687 416637431 355343650 167007792 419111850 399446502 
232561521 431048564 244087530 260606908 290739439 307378690 329978701 367529207 
452102761 385128979 231816834 455967474 122675979 277338544 587194756 220772805 
297159278 627755697 596745320 234820881 264803151 184421774 531839443 550380525 
315640506 551732130 317138560 21104761 68860526 538404947 222705799 103576584 
319574115 466793328 166338028 610313553 124292622 496316728 130117902 378549919 
231566311 164089272 636671929 156396827 441427815 573987290 377169631 540741629 
354018128 126190093 125683115 618821278 112766403 7643162 321476944 428406909 
361529828 638615504 251666206 232544891 329295592 474372004 336121474 451024243 
291285936 502459501 213612937 217733095 348896833 343730838 398437550 382617680 
507820109 385230084 341169043 101523065 111492515 68459279 642264694 465510642 
646683303 570102345 236607061 109570310 379900043 558084005 340131755 91550476 
348974650 591797960 324095366 28390846 416290568 10337444 281569625 509731041 
314951481 495182561 77584740 466002850 189034004 476022289 198741134 499008649 
13527514 539910177 600531714 577053960 410523992 395071549 194839743 209482436 
315294498 431446804 121207282 45315145 141805950 461339037 136865620 490780599 
205412138 263115522 321325981 423857243 75607502 602895605 283708888 390558982 
448198770 163448164 8836973 439387310 639470452 207578107 288516564 455152503 
549642820 41323419 382327067 112441953 436394967 577166810 321924388 101810069 
160888755 245286206 599159145 302694704 56745847 538179302 143595907 64312522 
151415428 267076424 488169764 29177467 22247170 121999256 221890985 470445939 
87601956 230727958 62108391 77193012 438306064 152779491 334500051 140224025 
194102909 518981655 252665977 630497875 248423606 376744901 534462480 409312360 
622031106 285896766 62127668 480931490 174196672 7878111 545244011 127766637 
77109071 185688916 608978035 99356240 109842708 180989624 371956715 197444663 
411717581 434065105 76792211 2298786 586844595 411292262 142522810 131068108 
82549058 197343323 563720519 330972663 574088223 250458140 90405627 348394471 
338509443 604567226 179446565 314860651 414599873 526845112 244781824 491708943 
514688564 203880463 393219719 624531271 384870087 115297038 172096538 598742204 
549362143 51043285 601040990 288481879 264490083 545718336 221704524 347039140 
93182264 587579579 28132407 469425023 188158324 118538033 167940098 328822303 
525259795 149541199 643682953 92134809 478540847 238585382 583843751 145504552 
442465844 129338611 120156427 629490467 244635649 94407501 578353276 596152328 
145450786 331669407 234754811 212095405 227508347 258613871 559134545 122845147 
196314055 587266951 592270170 186626915 507959521 562364804 515449217 185494457 
514060540 509252774 277629266 144876528 549992692 13748158 290381080 144733678 
143086769 212692043 124344749 387722417 109254081 504852561 333995349 56859403 
186642572 370904696 268954807 216305456 629518567 178209956 141305139 175953226 
115597512 83695913 164734677 425711569 448215254 30304498 611206025 114550935 
341711808 238955895 61581999 43979642 252704053 154117615 188713319 395790821 
366809658 313058067 585667774 476063738 620065165 71938264 532923140 608862273 
442842959 151998551 175288333 224636667 132363044 118748009 202744429 50115092 
4598458 367479105 475826660 452813711 199938139 239307826 369519182 343804484 
478263721 431101181 387784125 533122310 585218795 576497443 81188272 104303594 
41830651 16976650 580367331 12016420 88914913 265565612 620878693 333912408 
219718700 598321562 558549075 352081743 67190175 111414108 402196834 71788633 
478893213 228144098 326756880 480985888 467451923 46396667 174910976 97990785 
279652384 562695100 433267631 17146320 489313147 514455902 121449914 531143798 
333587088 503971781 345314754 422502000 571691930 316314051 106535013 141531234 
66910755 467238624 493612976 134100929 578652731 245930414 8044098 209821085 
276229048 136955515 40927578 545835507 183352181 17993090 643826292 265159101 
580688190 229369064 84459957 222276478 93945571 8064407 555574812 427532658 
314190725 251010171 2309800 236003259 369478758 560878744 377534492 436389512 
378237972 23422609 372644978 109165844 71507559 182843612 318986929 347736606 
319799126 162069043 243692717 305305843 180062132 39794150 570464943 110870926 
269163214 457079437 135301941 165263321 465143843 40997357 394950515 129455172 
94162064 397260314 167612967 463640822 110414199 545147458 250150938 290806707 
370724603 424950452 399972551 442232161 607794064 521114016 140089371 277713794 
33303663 185936625 583019637 15520331 27885311 305759721 126391257 297048524 
112959762 63847734 264466381 380258142 104845090 9537501 509713313 1161691 
208952351 27446885 464802512 319366550 374748879 65074054 610173256 95594087 
292179043 162420948 339980784 250093711 33655568 480070155 527807504 66959230 
468161316 263102282 82479561 496046626 568862003 11025354 143215755 483976301 
526907019 209836672 214355047 433906645 219374172 526222897 435068335 428326523 
355824318 249991451 97813677 532727733 117220042 510141469 430476356 409399084 
22683022 120577745 9613399 56338589 402802436 339575439 575331751 221084356 
404832258 459965848 67251586 125969402 273145738 12621877 609945702 150173361 
222458549 626455286 386234542 243987257 502798787 171423482 22434384 10898246 
421414932 572281992 543625978 340789510 234698603 324222939 100309198 257381624 
246955220 561956528 115874749 649757655 53807109 493361036 220962615 458639366 
105602025 90368737 584608767 180902299 102990614 346829610 133230196 127603699 
323405500 519464738 371590955 628358823 41008824 196179876 639257068 264578292 
118582472 335158188 605367802 155435611 9501731 507831536 412817234 58611487 
419908669 330846520 58489746 275870314 174328160 81606897 84630284 82084722 
