21 8 356434270
52517721 213766590 126272710 229417567 335781055 76528770 10611341 
312774540 1209126 303154055 178435051 263770975 239291193 271567310 
35476780 148850148 154853393 217789954 202223913 78759609 349642133 
41836515 17825393 206948243 277696581 21518534 341795953 157122376 
279215129 81389703 283635816 331732849 286278264 53474255 195838117 
265625049 130003024 197571429 213087290 122334121 135413186 26210043 
20792798 18270108 288899324 47391549 158242227 87318446 265181502 
4031870 157200027 249511337 36990356 175025419 91147281 314686937 
187665924 76508963 106497014 101568754 149020637 33698559 67989304 
69986603 78294786 263827421 335611651 199419781 96086551 183386642 
321753902 231499736 200718656 342546699 249769844 133183709 24625949 
42699772 220502155 289807450 37853613 12389883 174006488 74843969 
178537273 265153769 24218607 9768926 332784703 130715620 111337680 
116493042 155536151 179326983 186479644 233830936 77842105 156778996 
76816446 173928656 340165637 33258049 48994121 184450023 10492449 
289885936 317633731 35118397 323707680 172823587 324925847 5127022 
176335441 133620036 71092962 354872713 33461506 95311568 8207369 
9811939 226027188 110667020 126304980 25129068 289994002 312784623 
250081975 2523809 104251320 326898420 176452464 87982686 3722199 
216568556 263554680 14214647 141142194 215876113 49333044 108415603 
23387401 8946592 113542624 199722842 142566627 184635586 198161284 
176028133 271069125 197490624 176962043 140662042 308157643 303267022 156913081 
241717375 250739346 50560785 235363155 354990665 12146907 46503320 77661052 
15869105 263071875 332337704 21205723 38901770 191779546 70538766 147317372 
215166946 70607329 251981968 49577489 213173956 71305255 247738773 23889790 
342374379 79917098 200851832 117724123 31640471 138806555 274637203 264479817 
24233602 316319960 143408701 13911968 319588838 189912020 82694991 335457942 
87671596 58598424 347785636 126573366 241499941 53012104 273890737 91354589 
123619432 160560406 140932077 327915359 231865660 23358551 351805148 217805769 
103275649 187344681 335529891 134916119 317273207 244854795 42961665 332628780 
195862456 177492337 337662719 159017023 10970086 55045412 129162666 89763653 
113643835 111636004 216337018 355143776 164648107 124915457 81186066 288267538 
285475862 222118142 259748627 160907252 236598665 246241476 13400722 339874313 
68273859 340052584 109478133 20234767 228473108 143561769 343985519 59023266 
321054105 325213967 209162260 323146162 23825108 338324926 56475544 128590915 
84648631 263934534 118422392 249296737 32415720 199608457 181130004 309013553 
56414300 75566332 113486534 293012964 312929780 118009227 267574978 15891340 
101627540 11740812 27248078 321222620 155302580 14799326 23811615 111044386 
331135265 224095846 77756277 346082344 197108473 125353793 118238988 281757103 
32854056 227783351 174619569 56391747 62079509 346871545 8971029 118493809 
57125578 113579535 46194474 4743059 231588761 304891424 20634398 333216301 
