34 50 895925365
140288248 797519662 69125208 404104250 588215779 98296941 57083168 862122581 322163007 260428629 282189498 839624574 407715869 855700947 21889972 402747549 334841455 698326282 14782761 637811408 189509700 54521038 363717438 212523092 841916825 146467669 53981967 169874782 678523599 507299082 509370548 818811846 408893379 222862837 326990730 101183792 321159777 28440979 607673454 287689866 288869607 534230033 231389074 696585476 494005615 253279045 203407659 473214151 595972408 
218190419 215100194 785482107 813003904 223184713 642372280 758995363 369652381 340721329 573237226 152250614 848020410 186682408 615429541 5355505 409545245 46494905 646831744 730705021 74935883 358579832 122469521 8172572 892809865 894151042 704758047 135257196 251504721 12240340 252838428 491844211 770723206 112305703 25768034 332168826 335490416 668140314 195238823 349509878 653228724 412843131 146127574 249690850 599525538 761557114 255046355 653437864 452419101 5952733 
132584602 171722065 8899646 255054122 179894636 546076592 793572245 884652682 681333787 689444048 541260104 38246850 285362893 60425026 150552552 311130926 392593851 130410049 623638321 232199755 479919927 380941679 645042885 626047500 630632529 348643058 136046330 530045965 646448003 588465430 180365779 779032604 760187495 189265424 678453808 44156765 735342016 576100687 32884082 165117519 13986451 218511267 743656815 299349343 278936292 538576449 254847351 671530142 668986497 
878485671 7804531 793273505 7869067 652847416 167762721 638501595 645857555 303809051 272622194 40747274 892274480 97355054 819779878 756536609 286620477 602308320 445060456 666329574 822776088 122311619 831447093 836762539 340822885 323545624 240186516 619759176 862122072 139400948 395363952 279550286 121961254 47535564 176898425 129830320 700382979 344661146 412698996 94682250 648470196 329688271 135429524 289186392 427043324 59284036 149797636 713663800 305959437 239225173 
128435091 232810159 361536791 63956818 713939779 702359675 31869523 598493377 426193485 893991595 737894324 465924518 277616515 859855577 513460081 98882021 634052978 317917695 443543166 150826608 56967026 736380443 480514878 192396549 129641470 11632836 791973031 819731552 369663718 742299549 163031359 498098808 619476790 524568149 206422707 437491203 331002458 238292229 140059214 401563024 236358458 522320620 867487541 158342054 130617913 129389338 257224075 764670891 91674114 
345134322 19572133 148641140 185589400 144454093 881330135 315230869 696379375 421744883 779329502 170117727 268119066 46435495 312583616 887595855 215370725 163373404 73528775 190740264 401665633 753880435 236670369 282391172 380275689 208232544 85100308 510893602 337621881 342324382 24006209 73663077 687458703 43578341 222304216 517415184 728324880 207708985 477013134 528778890 273820949 360417270 343263698 541940015 51219846 300214396 177977586 266590570 463587799 251506360 
101697915 865253431 649753877 338368283 792011685 134104200 190967908 877111992 289364883 172956871 323511008 313371091 246619947 655336792 1316514 113291244 276826611 729641393 321000228 398206826 6861999 239188259 758624096 350125697 781128273 454211023 294707174 603472940 365168675 758294972 499346382 466866589 371990120 253174893 449601954 268076439 31646174 640569861 249263065 321011057 457893813 217141154 278749229 704513759 516845027 280065742 817805002 438038719 654074217 
783172312 836245545 305303297 126435205 343311357 299796075 551930559 797522379 594503248 259478133 266765688 456872855 403191596 377999359 828862974 656366488 827601312 741306494 332379744 216612889 634936640 297757882 674506702 496444875 576507110 127462177 117364536 500939934 589634261 199770337 799381232 121248289 680382963 208759163 247683493 127768954 508555238 443981133 569658414 207133120 347826347 480791184 308373056 751017943 503157624 781603111 155826147 79200652 626984239 
488205890 295813540 10362595 785963771 614687323 506807469 110912598 742149500 268539087 256219613 80225477 468309423 159675479 201473765 252767020 12801723 93524339 24903055 521356960 537505471 238928550 372857162 529698899 364086815 325597299 29158558 867244438 211275045 184984705 50519724 482626365 317557676 346333264 492988960 207596082 605387668 103871063 858801126 95978884 372410149 219095373 176204360 485086653 23137933 377678124 382220754 35939655 471202462 51490890 
557296615 112782567 290419440 574520858 286848548 654506254 4192791 316007105 270192409 215467835 500991809 320712132 342461282 818549485 311412477 835450241 670512648 20874780 43395938 277755490 116853663 60173169 496850862 293058023 545259821 519988794 315103228 31555210 555928448 786305690 83046099 757592144 543455338 17832620 436187636 830303885 316705956 84747509 250385625 586898364 300215343 395744515 11685130 287043706 318368634 863390054 226568581 633248363 528631915 
810256966 15078487 289852659 870430134 156296430 227277763 164131671 320652305 542380991 735979327 876580753 432761315 463392508 382614613 80291287 481225127 818802249 554962254 797931082 7624392 805347878 133271162 848132181 305167027 144956292 239250522 267902743 652713427 110186184 545518187 285419976 24517784 204963756 575272634 539314999 5627267 802550397 347813752 326279572 93373104 187867713 306934959 526134418 651260220 333916653 250792786 776852429 256793536 805755039 
323225227 804710374 359544633 456496389 401284272 309078742 245819762 284901875 221348566 2607823 39455140 411233834 288027798 63972924 616197589 507667513 247655004 621824856 58659626 595468755 52179062 152032729 427703550 3481102 322534228 183038404 337397754 573327014 604257914 238558372 127523769 31557776 687635827 131435484 488054164 733287180 440514225 733873925 122263689 306229872 380848829 161718829 717463705 313243708 765984199 82103011 820911220 658006284 703927866 
523937928 1916756 400474009 675970656 429620305 48322192 102579519 257025790 30087027 320273614 861283704 808937845 92164464 892841479 245015389 223599947 129337359 82377203 664114171 507578365 744933339 74418677 888427193 551019249 436249464 305745535 65445164 518352474 771023836 723451447 326354974 399036398 725368202 371196064 719374136 259063141 63885337 466320736 516088931 93972363 786594349 125814351 6984843 878758812 122730464 252000231 206433394 792360269 874669880 
514914646 404013268 723677853 233700405 40882177 23138818 669949868 346627711 88583981 292376976 221726181 812035428 263099031 265129661 641478264 278662176 88578431 544908487 342547512 199266248 165072052 80886956 89935231 290886402 87871798 613061124 57983947 880164475 463861599 494711297 503276072 623143327 2799199 331028559 856843731 43681375 354167377 275235315 34676167 87118439 211979372 796694794 3228501 119445484 165899089 289073847 42474741 794769966 833982333 
385022252 98110848 643421466 465909207 728338525 578674949 198148087 89841366 281025977 722679643 198070046 775737273 330030349 821213372 422903553 305425990 426498819 110952009 303960448 701734133 145628175 391078886 558080586 46397603 38674469 677526069 752589139 327748315 720000809 295800821 265805282 749390142 38278751 13301382 319373984 410984357 236343412 161889152 500825722 517369388 884568794 698895768 397181295 858966225 268550856 820084847 268466849 695049675 35111490 
216794378 145225524 721032111 252240345 703306110 411796795 290914813 129273895 268460568 618663127 849274704 208628471 884468408 347106562 246907221 542136871 310847627 302258659 778480282 472736778 803084381 44291386 105747289 250421865 441472680 68788148 518972720 9999243 877547443 318097029 585403179 738708902 107689635 410509924 95023881 810995744 822306719 385938694 44344273 735134368 108676455 537986058 588129920 637511945 885092620 479404222 824015897 300014881 781662881 
350937896 417118741 333188978 395229281 522866029 583610842 836701961 236021258 746950643 491068285 757935782 709414754 180546099 600719318 817104388 235423104 340110280 732174766 161804457 726048973 420886120 541305907 479092510 62946813 233510461 760971536 52114067 357281765 689062067 892421394 243019280 144074597 413614769 576208257 183670960 580847879 804186180 124447555 816869136 655211457 259882921 323246634 113067927 440429019 28040586 34246949 675852123 12517948 410788796 
482023661 738566920 831674916 667696649 862026511 894621728 545574192 727072681 591102876 6930591 164576465 231965986 249949870 848943508 645580755 470525208 136689102 330503268 23153104 801429103 791739486 678364560 165386659 219060754 791432487 250182759 787393787 470046517 30109516 799911734 880835313 156500259 286920370 816584863 824196907 253021516 459648307 118212815 624461278 695118264 125143405 433404824 31158884 19460356 386422967 321106720 134352645 167479150 295977070 
157505748 72982888 191791190 835870308 238369546 55219025 375744511 132919386 486979893 845791027 163028902 35333343 475068056 859821607 322253713 40094635 432460230 219642310 499742941 550673045 488470669 298935839 675816449 25950128 870387170 339643887 56740176 295568524 473996531 224219325 591545593 631502279 297202212 427703864 215814303 179938839 127289971 591558813 312858225 258636945 185791556 120254208 293970288 660859612 624442896 260591082 700954246 160977760 124600473 
845064269 711650804 257438223 788367189 135908970 283388350 762828993 475552856 880420972 702764599 53624021 208714932 42751908 329493381 150284225 470455772 545307683 870515511 242112824 240941130 827740817 500749768 71099768 592362106 794720055 376326461 320879636 699678218 181355341 126224477 824278690 670786691 482242363 185791548 563228515 618151332 113546979 74499224 738071269 638335033 777263822 436062371 491417046 820015730 765555752 286068352 38913218 414938069 260658497 
281026041 300246281 732766395 781775808 15713130 73570217 324937580 392039590 38816934 128690432 217762012 165041411 597336204 888548703 291650855 427494833 200218934 13876821 185408893 274718157 396315171 823743925 696349061 832377541 63602687 264806507 702007927 349671039 303719724 761313078 254696617 229112846 165633993 91537647 114963288 181347122 705400310 84267949 217753793 744217244 753250828 435515804 553625736 99028748 428139141 845276590 526523580 628358074 503520492 
356299554 547443313 3910297 284118114 347867008 480654919 347720800 612673514 286737481 341758920 560760319 692417640 596455537 789873164 502418714 332360265 549203533 328132917 141835209 633471482 545886709 530419534 135164026 85477147 188119904 234192773 157983370 677763575 760716352 786341443 825651148 221090540 82226472 473928526 149575735 430093479 58658080 141663617 687134074 885688007 127789618 351969027 682180281 724245154 245916825 288673629 160680053 439487440 261173627 
302515262 177033556 807060335 477301877 312197581 892537481 309788863 190757435 154595485 91627072 55548421 585304010 561645302 816931407 667530481 139648462 610874224 741991042 198306541 396904922 533199750 728361629 524694539 529535859 158983626 353014328 419819765 92024336 158061462 859307204 353197962 104943805 680707841 264332931 582245682 637272503 801237494 892034544 828029937 600200060 628028697 527945439 289578704 293748633 93318563 601476267 77764177 704192786 91909025 
816363164 745464789 625108774 648799428 18601044 258719267 807783053 15982453 322906114 3882024 174043915 286287952 1447067 278987719 71070428 265779998 505600482 352710012 171092126 146076742 284814584 415659267 418472521 812760022 349605053 356588235 10153219 55155954 434352411 358713086 147064978 354790210 208252509 416540833 647956719 226853553 319627182 204181488 242836005 642533295 748355958 61247001 573188328 749803025 880527167 288625837 119657657 134569365 641335849 
831042229 280646107 30225067 350776130 699118627 487352170 344748264 159781496 141872471 44271299 238500989 144952638 191336276 237658280 353205147 252244191 529982080 224425781 216238454 734163567 111628867 858771748 230961242 713168315 180401792 84838901 697770116 469027629 744789004 832339480 214438112 324272949 757352668 784955625 319416160 204913011 20749511 664164424 9061589 162621981 708435722 247562577 307574619 544139080 129587938 305146847 796383270 659570017 173939709 
116696358 142175300 825861022 619835187 373136541 643103971 800236978 457975441 89315803 17706323 306839079 566022365 232144434 275479109 427449667 121174693 594895269 632362678 141924204 363134327 641424266 844838631 175644683 533353924 256487884 364150844 662941861 206001812 264608748 426586512 24308602 25672187 568761811 850169624 289874455 45972987 241715311 734478515 148315509 331031114 752184837 99521670 1128113 88403906 375000778 72944861 749871045 73970681 349674620 
536162330 81472089 95173520 129442678 797409219 272894525 30297643 265634697 39911020 236299455 174610527 110864613 260608056 740575160 679626424 214852314 134524250 369966492 100934707 513369846 162649082 431965820 369629317 262170751 77461014 102400304 281538611 150405874 496638431 355509291 144447576 136875395 81348462 239621095 266318072 878757680 156882702 296615715 788759458 196793721 177282251 67444619 307658334 82257388 452386861 631651839 297109702 231278192 105692965 
42411490 744648037 268342046 474377309 218351988 174879879 196205404 861044739 456418489 346611277 461757804 456294861 135425934 243000280 182010404 19414111 153685434 164842718 176296812 94668230 597969258 373090532 271950480 309780958 325115947 354207867 762167818 60842420 295684650 97520644 706827831 338096139 842168680 619536959 456840529 704887750 794416837 653045932 314374205 895202407 644024291 776132008 99938984 779450224 663499369 281949388 798864334 817184802 91159187 
79235780 556220113 689128444 96693394 472537674 102984037 421809340 471112623 865151854 127018842 411164354 607039580 833846672 393627575 197649976 557458265 850468103 6612360 100316818 251955752 320986564 99593859 540347124 741485653 199532843 68239064 153426739 125849312 867103398 74686175 217008498 590706259 275273370 10211577 331766734 747811043 113195613 753576074 322998300 622714548 880594915 734162654 333828762 462883303 231864863 175845820 124416203 726700047 182458179 
765025467 623022880 147811825 508986408 267444638 533664559 352886332 335683702 687091297 478735643 847154181 406144554 695744140 186302156 681417923 705955716 518068890 177670682 463518410 20086680 500668982 730600040 4756229 879198717 708795883 112006613 755430661 884641702 236422815 230572424 711466963 645815364 853595304 503645869 258876406 225114576 141385062 611762737 205165359 472843441 194573014 156394174 523355076 534684235 342696330 308847633 344714586 505132301 130885396 
452600077 525218980 631554377 287274751 174342290 259194810 640437716 286348902 118700105 629154052 167138799 349272529 89062731 812954162 306942467 592708599 175905202 176424124 378460743 432035020 25956565 851304183 270975115 722643185 123100975 805659349 709706596 76315689 794741016 318913531 207201084 891708175 844132510 838755461 823350007 122549434 202024905 567862357 53265418 861017457 841383491 220404216 314364620 34520856 137433012 265674168 627229455 853630660 86465373 
109764832 34107396 652714384 605436096 305082510 479432204 728537070 755108940 293213434 804852758 298291673 256494047 116128476 294074482 744993638 599251018 221499123 511910154 445643005 433728562 565175571 55102178 23553769 785579786 13833879 58074624 27087432 279508046 329671160 525085173 10340500 83803073 559192568 307421966 689239168 864275077 786854169 166217954 367825733 724434684 615437793 666117405 625295812 375933351 64266521 474364085 79259003 826058091 90348873 
169269089 8228369 299891525 224371266 31782137 189545945 238205144 89856760 756925823 162080271 63895002 386085630 712713218 147698074 49352832 124209818 836937242 557994990 555431068 647522277 29895357 28307468 367034705 340379844 653603280 742968055 49013446 232041999 466594139 875071536 862683318 280230310 527666986 266649477 504601575 559449122 100562503 387173801 293672964 857488325 549254071 357567965 887941036 10409005 505266038 581660949 134618822 90644996 243730573 
690049889 738167273 813918376 718357357 749569059 258372854 120402353 240978830 307386300 352444351 707572968 826824917 859494750 91877912 102933620 770511308 240846569 662382741 515440892 628020369 600422786 121370933 821641521 62065385 113386603 832050526 211698505 695047551 70743982 302343500 583145205 405160953 684877854 145505297 767885391 182888629 48245233 888287743 423867458 895923979 885099175 235515061 471190612 493035641 867685419 574124231 11988665 752899069 340581607 
527429556 129361154 585371474 648800488 55077310 291803941 762187090 887127835 503502445 205676357 602238898 450213026 433188643 651766932 779457962 578693939 523726957 66421225 271306253 160456416 490288683 271304866 149630225 370170825 742495478 642665865 882223325 65061425 654654529 739197029 50010113 286158719 868558182 635381587 579326288 568002573 31260162 89955094 203572124 179129688 295631450 805811022 629342713 728820092 206019670 157242391 55955748 729746627 223663616 327262000 
890203042 358319380 242933948 684200349 728490204 89504060 75307930 359155245 154565484 729962459 202426908 204575597 660488259 715352172 484324265 343889182 31796461 515584426 78211357 235368585 694714113 373842807 145254241 72498542 747029980 351273910 229740933 802985727 725387618 97771630 774614809 364032377 456091009 121623391 152307360 288655847 751419897 227615289 292178173 550352462 601944829 138972163 399295140 10874805 854324334 883619404 895056433 886120794 147645546 77342424 
225564013 842359658 95552312 15185335 559225282 842582292 10826327 788966214 394009735 380581026 886737843 272699178 388980484 91270568 38689650 185654925 24293496 790109546 57637296 316471668 444536643 659582124 455443830 843831782 314824010 58209880 475892903 313955077 48405309 623538448 35664583 814261768 214339823 131216894 473814185 773565104 77873820 129007593 310973034 471883555 153955700 301785511 388949814 542936184 37423160 427639464 728591108 61716655 321823644 786228403 
378188322 410727368 194252244 833632152 3000867 509076253 891842031 478893769 823031330 584614421 206506851 858695912 147317906 420846673 93987440 621132090 298486411 712153707 394506764 253826526 288111896 548462463 199979118 321428791 195473281 237402277 749068254 28139024 299118931 174966533 458734508 677307253 230060982 652986751 615014039 233061848 266137639 255297786 711955616 733536050 839912207 22537102 340673678 91304747 87750856 79028199 356803918 30604349 791181905 751310681 
284430874 723660882 403847778 484409992 149164308 243688141 721812268 2307196 271827164 125005834 717566175 374928753 446680168 51701792 131990139 165768841 284763639 42494859 65433708 641086337 776030908 9420549 307990520 220779220 100725295 395741375 299807418 101896294 70712805 195063958 853206974 355143679 563091921 5496469 483920752 712256228 249184609 309807654 358930506 165378854 79180569 720863762 540307606 170227818 416932635 672297744 335996658 346063356 714792602 45797448 
91224327 239265226 55217996 399214846 460044445 696235738 439323302 404218945 798132031 510036107 243649984 755413640 865179785 806741904 760910108 97542253 267439849 114169351 51716988 626370354 279548204 130897557 95675832 464222891 301125374 512608467 240595270 281489114 858671822 599754953 327286561 53970783 839020179 26871638 97552710 47506340 723107375 536876011 451725284 269681123 150986752 695375267 129169397 660533618 250558888 534446586 758075870 517998736 292983018 809792858 
248443724 216898303 585057496 344119555 681121193 530549951 501095103 566083544 456406146 463841559 810205579 428059788 162179423 397667474 99298508 259732132 445173813 822405882 440975225 541266179 196161639 236329058 340716080 865623482 541229758 235642049 148511784 47747344 753640784 85861883 857540201 646451589 302760185 191039413 634938226 628248460 365956446 240107963 298406638 822362591 348316604 752979298 894789461 510496026 254721406 98162603 414595240 344262301 564935566 499937546 
885528479 405464287 736266603 870611640 19529485 25938077 210328324 168041269 73685421 68043742 253903151 35300256 358862413 201030418 766632116 97875273 829278877 236663196 337983235 772052596 703392868 330666920 629106529 702256963 841162946 528195016 444786647 4199902 872457316 113796848 504137447 862060429 519261134 884771131 481113786 538790618 14783843 691442109 351198968 88469263 403852932 605102119 664061965 762715344 806132536 534768715 504957698 383853129 415798992 487308015 
259980359 223266495 817974934 533453969 569890539 407579596 165723620 118751821 411779497 142255570 232548668 560284025 648683081 396176883 549129791 233871501 579334582 208280715 569680691 34608185 296749977 617900704 284077385 64886576 129057765 194284555 244022373 634015462 222504765 659821364 225398111 482485123 527454940 147447680 120013727 201420114 199394357 826029793 320171934 611173854 612652444 197087683 275532513 9777241 237631647 469029385 243648741 816966228 677310099 457696513 
495941494 618427157 179671852 780018878 327680815 308729616 618670514 571703187 587112159 841175278 875891632 812510270 72102118 507421207 604325031 192115844 353208402 803719387 662512718 317747417 163334957 379239796 159202181 83234552 389017037 396833827 196631018 277032859 858167136 873941117 379096454 458183265 240809990 203135387 342276777 568490804 156232084 605314373 244268625 743344242 550564285 764527339 304296228 622666402 20390262 12695893 459149327 373598663 460782362 225736679 
691346079 268484400 249343557 850548259 351718951 282727675 351456720 548349969 559760533 853990937 170732802 42931621 60615918 411542791 246067007 47259777 84108230 46666172 652574149 868669301 790010414 307213068 381638356 198381276 574246552 402028617 751369616 677762960 775627279 316226612 547866721 571047992 229078093 797210277 170037967 580797044 184012586 165861768 773514094 388140200 123927340 48321530 75438903 184543257 104231402 861798356 231803033 728632078 12539163 884377181 
345743096 802549576 835957331 727381451 645297933 158645599 233484703 500742183 836408558 113186616 461335876 132716995 328601690 690413969 34001906 498639656 19652729 758306938 664501424 793166822 790814220 432795845 485855433 866253122 617339101 234453916 476493194 493509216 67160629 489032356 126328113 412903724 40023648 66360078 244359809 685321581 765298123 122211593 830430845 350148398 775690656 40208438 482865392 208366980 730622406 161234380 351373717 394642216 23615952 660242222 
291883672 458797253 197112701 422106186 73492091 458818884 656560101 549985285 56402734 368087811 143092275 182730846 780991534 723408370 789383371 669718425 157171667 658756128 436297099 91677146 112979160 316062389 131885583 240211634 168796450 506875070 401446013 164537249 5591920 69429046 824779470 837768038 528226299 125966806 8315940 601718389 229152771 664876041 255778308 285555504 137038486 43237665 112653431 562397102 766646034 6111436 876482608 27892335 309234646 416854341 
659861927 66580887 377283812 791747510 306792520 546080261 47064296 708238532 710617509 52656216 777667578 283838696 890424253 409968511 54172583 2814828 115761534 283325353 312057950 15906924 568880856 93463517 59144588 681534286 300227700 470157703 332012804 280784942 142417119 641247449 342006365 802279045 707828335 719290176 342468271 118695490 13812153 389532567 826934021 724429662 86555864 353043315 112342992 81054751 763011825 166515574 624162025 523140441 94208008 580587056 
183414446 663088863 674050573 242559033 93064865 78352907 357083817 425077668 3504931 143868017 170399751 345511295 50221696 522595168 168876105 37057049 641290657 182688257 70956697 216666394 551485000 157512560 569709709 308195073 238567310 81163250 119077728 507096417 248670772 213285735 191758107 432085217 520741679 510175761 319011331 613806544 232895750 676095147 683251293 236400680 819963163 498018126 226279056 514551941 124687928 39522242 195976071 410345666 762502945 266932767 
627012059 62429662 424445326 841088849 370624734 307379717 26326734 134069544 814476133 274997505 347355278 650601322 351449804 868096957 805144164 670461134 230345217 142114548 94997998 17671144 22882309 19035795 160056351 789453811 177954817 284744278 828976052 373930887 695089943 339920714 640863653 70543719 402350375 169383613 15707202 772975108 121130412 582326382 11119286 39681179 501690969 2841646 334649582 853140772 515305684 243868381 272043622 745650900 30350010 367041619 
407689125 593524766 30444496 567745476 131420293 208399312 496856835 64470980 226697281 296021413 48758775 867560933 10932213 451109149 681311628 566931861 328158891 802442039 253332878 879570624 486490299 399390928 526779351 465506963 973416 146159669 353742425 273017037 536177650 28459516 640058656 47941409 621984281 670503151 260053966 753404574 523269544 756910801 462242635 749966824 697299295 511001409 365969474 352598589 66185192 151355736 23605084 38711164 598164856 817230408 
562648869 729022236 320695970 193502854 298603833 861961832 879954969 652346257 239053504 520207253 680805773 523479241 212515744 51231770 838349473 116936791 449003425 465693651 873847591 15320694 319735110 319588602 170689184 330071665 672187190 777166822 125794482 340159356 460245068 723959337 261464398 126968571 201423289 226527450 860763872 500027122 192563916 489160557 796740460 75984501 113442445 225987949 243830823 866250635 277219719 186254930 87262060 726223143 296315663 605476733 
385910919 260417854 29139969 200967184 590489518 345694241 82208641 716283999 685853596 542453708 188685052 591685075 313789360 390108340 818212524 818920313 534502543 655143522 412155505 435317638 375495104 169965031 661305586 263693009 140290300 582892386 94315020 767844806 57557246 390630682 477396173 443468164 295415617 150903224 644435347 885905134 140964546 371011069 350630849 826818141 17539411 183682982 166944932 871621218 573791322 89232091 794616165 212368499 388742694 851138751 
292053218 408604879 125178416 597725886 672297887 805761162 284692906 766612907 322047685 342250151 261318223 799443857 430085396 201100922 594714162 178595378 191080690 735678707 193973528 186078621 310938564 211512939 369761602 477883496 727501238 587920005 211482668 270559119 444655586 600225361 225772505 736708803 112904874 891243367 82876405 429569843 445446246 367569311 300257384 767493930 354186543 205942688 315379503 784271939 407043609 14168300 607234398 242491381 749847006 801207925 
72937083 164860205 657087945 442698684 287110782 488663817 134693324 498593449 759222936 223715991 202893444 629362522 64499428 856090764 624680523 147375833 34102323 174201403 159312225 334359706 586062414 513498767 184669476 5516552 46212422 591713084 19684851 653446819 478571546 413898938 558729379 551508628 223126224 319891958 98281947 510237005 452922857 773267717 112905088 856512874 101058342 856090978 589950030 705850216 460623459 858997634 497593130 494725781 677566119 301272436 
473452569 367703167 814771203 658122044 17586800 860983624 353909762 37271650 262872160 476848390 95537670 821601538 132431652 318663893 785860577 771006045 473267980 883150515 292715478 230540149 843738023 38140901 730998209 182129769 743991117 295696302 145202038 885951328 434789164 467135238 291298399 12316367 834838404 750436683 314805492 852425204 359862023 313082336 534063935 622734182 789930725 273968686 192777436 26437011 236999661 82712648 441810138 710267640 610230244 734525615 
585174870 202409984 772666516 420247713 384539752 265099349 360311096 174108871 255125311 439467342 641244108 190790791 96150790 224524229 45302108 410956282 721316514 405164131 724038617 3822165 131972947 618043976 277790851 324750383 288848068 514790511 51830112 730658205 329132785 306427437 213625537 558674736 508837420 90366687 82997084 893377172 355466035 87675261 711853124 254958427 527142602 101538949 445749218 623293392 326063177 491051325 138324308 151454325 540582537 506730006 
155276489 316922566 228848616 77434421 286040030 162063765 592224931 337870141 537089052 565724797 288664659 750714588 228474168 797502079 841081274 851763698 439320967 840914390 43513593 255248725 199947451 215023277 356787673 645696668 482683750 327217931 781115075 265375139 123039337 425772246 772105144 278315826 742694811 645320841 117328 132809475 807384605 592342259 115046697 92915373 262141690 48078438 843629960 134982939 845580516 433152950 90821271 388976117 378141974 674627311 
288591923 222456507 889650587 645379596 868153174 120776053 76672161 397709965 386151191 199711498 823482211 262330969 122394405 314618738 11726444 122511732 91795295 463478130 359221072 747134438 556393503 621362762 795212875 148465179 756345700 744868025 581618129 491534053 778211223 63834737 270235998 170877781 286291243 804253666 460624458 798811499 29104353 181663700 300596098 415255543 25742279 768445390 321953593 148136683 727431210 333680036 810940862 819226504 441525247 274236568 
314802658 642285831 539966411 214090168 790751010 44753828 603325274 476443773 536287880 485611132 184645591 450890959 300855994 115303916 359219259 761480451 558482496 32690693 47218785 503445675 447946235 72961064 20332782 769899827 761390193 747763991 747946944 320772771 315432211 833839272 239376421 630234868 580199738 779342831 844325035 119392464 468463740 196092026 595836236 108826254 681703157 424848908 204084294 86633785 540152823 563303552 492481317 202709953 595994244 539700101 
350522710 688307560 257028246 370855491 206649103 122493074 222694116 58670681 443265844 538126326 536877035 682642264 272435828 221151407 210426812 761127945 340543870 678890551 61294605 580747187 432083887 387364843 109670729 636168180 118365709 294190634 843838814 610847025 141267668 188274774 794914207 491790377 876582334 156017088 862645867 187306071 278510161 729707064 786269199 366143086 16275106 427220868 693152432 288710934 292739356 7653878 694205960 277650307 330911510 399867646 
502764575 407362478 431599570 256802385 147605293 549965278 550993018 635811188 805179384 336627768 824085961 704168225 828418144 804742929 504552394 439505728 636416082 427429636 273287426 526759915 793572722 289562532 598347864 235166870 222640547 891087219 242820747 561213588 813104607 218099338 605448315 419943816 625461816 141122519 676746200 417434190 335454878 872106300 157320012 244708896 312808702 625773054 593244202 785593927 178957700 201871231 329174289 815373781 629300866 246828797 
90575412 171315304 180758410 688923275 406482173 47766038 328452210 293670001 253346707 245631451 156136421 858795021 309942348 781598236 644284621 90763182 843399507 83814133 607236563 645086600 328523028 24119899 374934288 566134311 454080908 553891987 768005541 427622278 117707484 145748124 318818156 208282895 317063427 143943647 1280804 367912682 191709684 329733013 305949764 89423472 219731545 462086184 592585574 529673892 347759054 340944829 264804156 835525642 69126043 872040718 
584686876 42016152 540527699 603988246 608150463 98683241 261954867 124597720 526305518 24029433 270345843 845123674 232312327 231776352 93141955 233593131 244056115 825144086 207693225 550005878 558934639 427424770 116166697 255594848 61173296 108292832 240906758 325977451 47893109 310032801 302092804 276947066 352048952 486987584 880935311 64274049 585670824 787257260 188871769 756343423 811286692 103584693 349908813 147673653 335361044 87417850 25633865 579417158 16636570 233327090 
233497671 219938290 660751859 889956814 475533137 366292236 102324280 716439895 692269687 690509835 130547330 638729572 611823983 126963363 229791790 241201010 191237412 459829695 132532904 24476262 320247752 588186677 128060954 314523647 380227412 463421998 401941496 50228358 687206237 62945147 283555447 565070989 282883436 588674387 559102437 758416573 59041258 305793799 223298184 395678026 640670715 894137960 138482232 356569332 125175957 12641103 597770342 316413368 116837879 374670327 
340889629 81452712 607224086 113317665 395976358 91526132 576739662 797917853 141754489 12387615 860862999 69677018 577458604 247821070 658351404 240635675 650604724 361759743 190796555 518269989 757437768 831467270 516482583 540287081 832403683 286025621 197295265 178615741 246806071 314133143 553286068 232062781 39952937 264584788 345380445 435929294 478001 26194741 878214229 682524936 38582356 487518944 396569035 260408041 379707095 158995074 145410797 134386453 165121898 336207352 
297023523 26634301 812041703 813506105 566921381 748520020 203606361 764216646 31210396 94779513 722716870 228863545 326842293 762669806 137815414 672222738 302673735 678585861 342784560 825255045 109552513 25733997 416848623 506121548 286142037 796555718 309483703 431552834 575309252 474605600 767760185 872332775 501239900 328243604 434280596 712528363 180838258 282254038 225186725 752341100 377033550 51978229 625571726 703875843 814648035 763387139 124540297 761688851 190414716 467324856 
