21 17 922408767
834939338 207273298 246058342 51807112 418556885 7165521 882525461 677531930 770525881 650417046 529582063 93768876 91069734 845314002 143406279 794650464 
525683871 250205582 618886986 823781532 560626486 55290579 317046540 768051835 459781567 772595925 15891538 794120511 41342012 660072791 36742993 573615235 
867346088 902543988 322756233 60828091 909709508 282872926 738360021 455160508 630623858 345533316 246263269 721693591 888181203 87003433 593935287 491456306 
34542900 290413505 90162956 595169386 43037969 407209495 138146339 502819535 257396652 154037877 71865165 918481317 814110667 108608157 267021670 456381874 
708486030 287111788 517209964 393120657 267318600 30495103 848281164 897942457 376028418 791878318 697227280 39134739 878881751 66087685 530591044 913424650 
53835075 620753999 283519154 96873043 105554726 421665493 297026464 60285264 575703369 368891628 676100466 164739154 174833670 640456021 621121027 883319700 
5159042 835664877 354031589 272477641 866159979 899646638 248011330 17113516 769116188 642572495 56248254 422923057 405994065 586839298 111272826 459829139 
904927182 394791979 254036067 707815794 816457471 551062530 465434943 167085958 919954157 219126641 331825112 172379060 556916547 30537371 133289992 562075588 
563536133 184655466 531887114 507287345 161893336 477232329 524400860 628343409 197396056 580649113 748600352 300724006 864822296 859873177 760553144 847340711 
29590274 92180444 330081623 543381631 340576859 795516565 710467588 338122249 711977091 119883932 207835194 346484870 770163956 38459071 605894344 411291321 
223114536 215372690 615912551 82341757 692605019 217904643 408019051 587334960 495887642 234210635 888058966 135635056 791417697 423537228 60566999 821007971 
213051557 87982507 139314720 553628416 883499071 849782307 589084550 673067394 47257472 796919743 716886150 514755313 835378813 400371726 3637866 136084581 
313078301 316884303 838168990 83274552 232122831 323779273 367943398 728010472 255323794 30927482 863645528 124332723 151798595 621546412 642674579 364850152 
709528919 781989298 615812453 367953108 709362838 282488235 118611735 453954195 156999210 532831770 46300740 689711908 10794728 669681258 523130374 21206914 
64156793 438890596 104481466 296279624 460003754 169758749 721623981 715327547 200686230 360194627 839660270 49818710 679074925 257259967 414668861 163528962 
116840498 108072546 531482069 523537221 87894666 347427689 55082648 864636528 880259458 721126040 631939668 588388071 165732416 232661274 609594985 849631862 
368885755 411410336 843245371 828889509 581169084 339794470 319142174 479189199 699989097 236393676 529007908 153989140 190987529 641010655 317518101 307828026 
446417086 849000169 831365246 534311752 274019091 583781779 173873398 231869781 79832937 805813066 517591738 245565352 735808225 204777955 792531099 802027866 
616188290 713367702 405842493 894691259 130753405 724984666 148805576 528076387 658712228 677813483 682065526 849699756 93749256 77174859 235119014 540166342 
623508913 763818145 152069326 897528003 122525042 23276609 826731670 202357978 829089674 119248526 145257215 339823018 324026480 635122200 219442116 637548655 
123415020 322618494 609831146 254168424 125194392 758636721 479578696 783906619 211375322 858978107 408531493 305124578 633486851 340984392 845290919 334586997 
182393769 694694130 7040118 2252696 717970738 531105673 824353326 321985531 650354198 666944427 359142434 51971910 379657859 275918435 386854450 503072878 598536928 
74276828 454575188 723731319 530247434 631487769 282563057 438956642 568057109 691094549 744081219 279135192 109670174 364297256 311056074 911806595 756325271 15430078 
611393177 249221127 546535750 513337735 571206657 274481181 257873394 7940323 23786976 334865138 283858757 410641426 535271902 579729570 182252139 67438322 78386008 
409833459 396259976 360949064 848790100 41908317 749377498 367796437 18377395 556381557 732093692 26767354 243113271 263344081 42197431 854506447 512565207 588733181 
142769300 161363097 560548247 97976580 789046072 584335222 432841717 770238715 692310533 45704851 124893403 874562672 732885825 203279410 59321249 206737034 564228473 
908111348 868388003 88531090 353499017 584099283 644912646 782926594 308200523 888025916 123861907 350397953 820123595 636427113 636465019 40484128 495124095 274604498 
138460707 59095286 556273606 268636309 526667886 326175371 11675046 651561288 898071928 441894756 854840698 34984409 345965675 193994289 20686989 291944911 282525378 
71519891 573378079 5029257 854446484 881578601 893055172 675642276 6901673 488103886 86994508 643366691 225921899 582118602 615305075 61716491 338547773 249169913 
27686685 865215658 272679169 39361730 594368179 248342330 481256486 224133995 283326738 827222160 418128283 1347613 816500956 700653661 692610156 164804154 705682917 
321981759 743716640 373663207 75215267 750618312 559100978 162209774 168910122 785022876 441662262 784215196 544073252 780210034 730718994 571759937 723016925 80989395 
611121666 92310222 26665610 789712037 316444216 7326234 391859316 734572498 8673846 285951504 210151277 398617887 148089543 915834193 720599645 891806183 64422519 
795814912 417349613 623523496 655358571 283593620 183471491 174612065 145400048 727544742 32413332 573452927 74229797 452764142 654442322 685351463 242408249 681107931 
249988618 558852464 688434164 641847933 68350080 394441895 625133323 278501357 793059782 773222865 891669435 288584545 439954166 33683186 161990689 554637665 354540568 
514683146 838231284 235345944 689295210 680965218 40481918 419042427 332009377 114711715 569140454 683785584 497397063 811548702 139818634 747385680 145326284 828252797 
164158732 213676364 920028578 789292054 189511606 488013478 337440037 158772273 776598022 777394203 812198112 635922597 106956986 244329912 228196975 22779502 177009741 
614826070 703744719 217491658 111459730 733087982 29537258 377934069 494464798 224268206 267074004 634283431 668987772 412400287 237461347 833146503 323410536 235081157 
700029789 512922141 420428520 115061058 671694414 274617774 589789146 258817644 910540370 696746131 200481441 836071230 416859519 377491181 528488533 198195470 292316724 
337282148 628617337 19187868 715216216 200673368 243456073 679624105 532290684 912443844 169615625 467085916 520515465 190360046 399500958 298136486 703282187 819929477 
110531430 149901719 172138484 397654461 408719362 780012739 791734478 609200802 391009088 286185229 64283215 919497620 181714584 356599938 31704886 810331921 375787805 
444254987 708339174 316577764 201470325 15554976 3946726 68419835 482640892 524462191 258779880 882141849 519932562 39653299 476996445 327797877 189555017 346468814 
